4.498670000000000186e+02 9.381393610418305684e+01
4.492339999999999804e+02 7.424352335092844157e+01
4.486009999999999991e+02 6.530186305954150328e+01
4.479680000000000177e+02 9.145901271619146655e+01
4.473360000000000127e+02 8.864122138217346958e+01
4.467029999999999745e+02 8.407750843721230183e+01
4.460690000000000168e+02 9.957675170757478611e+01
4.454359999999999786e+02 8.980440871610655051e+01
4.448029999999999973e+02 8.701334411868040775e+01
4.441689999999999827e+02 9.461433498169623135e+01
4.435360000000000014e+02 1.039074544199649637e+02
4.429019999999999868e+02 1.217797820267593067e+02
4.422699999999999818e+02 1.051754481373928343e+02
4.416360000000000241e+02 1.186730266535020917e+02
4.410029999999999859e+02 1.175601921307863194e+02
4.403690000000000282e+02 1.070581089596914666e+02
4.397350000000000136e+02 1.068274609890460596e+02
4.391009999999999991e+02 1.040473298718098079e+02
4.384669999999999845e+02 8.429964115997462670e+01
4.378330000000000268e+02 9.004006469782376598e+01
4.371990000000000123e+02 8.308753693912986193e+01
4.365649999999999977e+02 8.880619469971212254e+01
4.359329999999999927e+02 6.926661874929295948e+01
4.352980000000000018e+02 5.736254445222073883e+01
4.346639999999999873e+02 5.640108440173541027e+01
4.340299999999999727e+02 5.878290101543457524e+01
4.333960000000000150e+02 5.865384306323495167e+01
4.327610000000000241e+02 8.015931743394699538e+01
4.321270000000000095e+02 7.250872009174652533e+01
4.314920000000000186e+02 5.992219105606485385e+01
4.308580000000000041e+02 5.400377868063176123e+01
4.302230000000000132e+02 5.965961723923322069e+01
4.295889999999999986e+02 6.858029849446170090e+01
4.289540000000000077e+02 5.692710879502777743e+01
4.283190000000000168e+02 6.417815736720000075e+01
4.276859999999999786e+02 6.404664905309418543e+01
4.270509999999999877e+02 5.492470334072359606e+01
4.264159999999999968e+02 4.584817144254775911e+01
4.257810000000000059e+02 5.467679001657546678e+01
4.251460000000000150e+02 6.103670036465625515e+01
4.245110000000000241e+02 7.302503396447168882e+01
4.238759999999999764e+02 7.366660614348749903e+01
4.232409999999999854e+02 8.074847971144602354e+01
4.226050000000000182e+02 7.093112161883277622e+01
4.219700000000000273e+02 7.237609702881928797e+01
4.213349999999999795e+02 7.461171864196838044e+01
4.206990000000000123e+02 8.560837987459022713e+01
4.200640000000000214e+02 8.621142539188089415e+01
4.194289999999999736e+02 9.554181815785079834e+01
4.187930000000000064e+02 7.710653079956762213e+01
4.181569999999999823e+02 7.297991007257535045e+01
4.175219999999999914e+02 7.754835803441656594e+01
4.168860000000000241e+02 9.467973912458334951e+01
4.162500000000000000e+02 1.031004155679767251e+02
4.156150000000000091e+02 1.044346352412484578e+02
4.149789999999999850e+02 1.073212259323205302e+02
4.143430000000000177e+02 1.101938418242676363e+02
4.137069999999999936e+02 9.905132268666504558e+01
4.130710000000000264e+02 1.151244370581317611e+02
4.124350000000000023e+02 1.226050202879315663e+02
4.117989999999999782e+02 1.285068827332503076e+02
4.111630000000000109e+02 1.235856138669376634e+02
4.105260000000000105e+02 1.186888045411263164e+02
4.098899999999999864e+02 1.222526208456863515e+02
4.092540000000000191e+02 1.051329038140297030e+02
4.086170000000000186e+02 1.064162994084498450e+02
4.079809999999999945e+02 1.130290263479277399e+02
4.073439999999999941e+02 1.082062100513724943e+02
4.067080000000000268e+02 1.034051837126777826e+02
4.060710000000000264e+02 1.152699974836782673e+02
4.054350000000000023e+02 9.839503187270328510e+01
4.047980000000000018e+02 1.004277599068799276e+02
4.041610000000000014e+02 9.718828716960780412e+01
4.035240000000000009e+02 1.044608317418951628e+02
4.028879999999999768e+02 8.851173856452247435e+01
4.022509999999999764e+02 9.576423835044123223e+01
4.016139999999999759e+02 7.916490637107365558e+01
4.009769999999999754e+02 8.046517035791362105e+01
4.003399999999999750e+02 6.323192529394331984e+01
3.997029999999999745e+02 7.639044939864818673e+01
3.990649999999999977e+02 7.178401291451763200e+01
3.984279999999999973e+02 5.764307696817453319e+01
3.977909999999999968e+02 5.384024491547359048e+01
3.971519999999999868e+02 5.223090370120765158e+01
3.965149999999999864e+02 4.115971481461872372e+01
3.958770000000000095e+02 4.689013717356821331e+01
3.952400000000000091e+02 3.078515313997058556e+01
3.946019999999999754e+02 4.231887006836986842e+01
3.939649999999999750e+02 2.991405067247693950e+01
3.933269999999999982e+02 2.839896510501362314e+01
3.926890000000000214e+02 4.489579415120421402e+01
3.920520000000000209e+02 4.191631069400181531e+01
3.914139999999999873e+02 5.471613215125176310e+01
3.907760000000000105e+02 5.529431827122031251e+01
3.901379999999999768e+02 7.370288615624346562e+01
3.895000000000000000e+02 8.990150620794196357e+01
3.888609999999999900e+02 8.118100724469199747e+01
3.882230000000000132e+02 8.310476419048531227e+01
3.875849999999999795e+02 9.138234400523180057e+01
3.869460000000000264e+02 9.891407843869073702e+01
3.863079999999999927e+02 1.078169033488035353e+02
3.856700000000000159e+02 1.131669661168217544e+02
3.850319999999999823e+02 1.191899932633512549e+02
3.843929999999999723e+02 1.077302226146009616e+02
3.837549999999999955e+02 1.144286373354368891e+02
3.831159999999999854e+02 1.106860856895907119e+02
3.824759999999999991e+02 1.090213764470181985e+02
3.818380000000000223e+02 1.046112566461404185e+02
3.811990000000000123e+02 8.711961650464972706e+01
3.805600000000000023e+02 9.654118005452893669e+01
3.799220000000000255e+02 9.218783149171984803e+01
3.792830000000000155e+02 8.169173180716884985e+01
3.786440000000000055e+02 8.831766230943551932e+01
3.780049999999999955e+02 8.127965089960670753e+01
3.773650000000000091e+02 8.381542295677699883e+01
3.767259999999999991e+02 1.086895822715754463e+02
3.760860000000000127e+02 1.063897541518535377e+02
3.754470000000000027e+02 1.283829320635061322e+02
3.748079999999999927e+02 1.267127105373360223e+02
3.741689999999999827e+02 1.331055974246534106e+02
3.735299999999999727e+02 1.401453025776239087e+02
3.728890000000000100e+02 1.418132494454465302e+02
3.722500000000000000e+02 1.307941919899669756e+02
3.716100000000000136e+02 1.477486450165505119e+02
3.709710000000000036e+02 1.354497114638851087e+02
3.703310000000000173e+02 1.298370964843929016e+02
3.696909999999999741e+02 1.255462513462766054e+02
3.690500000000000114e+02 1.285154766773288202e+02
3.684110000000000014e+02 1.216321477780142288e+02
3.677710000000000150e+02 1.187067513734626374e+02
3.671309999999999718e+02 1.131828501826771856e+02
3.664909999999999854e+02 1.298376904313989257e+02
3.658509999999999991e+02 1.197575455498638632e+02
3.652099999999999795e+02 1.194618146730805535e+02
3.645699999999999932e+02 1.340225248895508514e+02
3.639300000000000068e+02 1.311055159283424985e+02
3.632900000000000205e+02 1.294813784052738868e+02
3.626490000000000009e+02 1.323558455762591848e+02
3.620079999999999814e+02 1.288291560816639105e+02
3.613670000000000186e+02 1.265846505306730023e+02
3.607269999999999754e+02 1.173545449476943361e+02
3.600869999999999891e+02 1.208666659751250592e+02
3.594460000000000264e+02 1.091671431922676447e+02
3.588039999999999736e+02 1.006507318167985829e+02
3.581639999999999873e+02 9.725028140770494645e+01
3.575230000000000246e+02 8.946069636471547426e+01
3.568829999999999814e+02 1.005033201362539756e+02
3.562420000000000186e+02 9.712056368676201146e+01
3.556000000000000227e+02 9.875012782558717106e+01
3.549590000000000032e+02 1.034689780358086608e+02
3.543179999999999836e+02 9.327377582679491752e+01
3.536770000000000209e+02 9.613315269827863574e+01
3.530350000000000250e+02 1.100736008739075231e+02
3.523940000000000055e+02 1.134815745855804892e+02
3.517520000000000095e+02 1.131859114972159830e+02
3.511109999999999900e+02 9.145272592160121405e+01
3.504689999999999941e+02 9.915877748217323528e+01
3.498269999999999982e+02 1.019442804985858402e+02
3.491859999999999786e+02 9.985463379052822575e+01
3.485450000000000159e+02 9.778140706887940325e+01
3.479019999999999868e+02 9.569894074654021665e+01
3.472599999999999909e+02 8.942486983311387405e+01
3.466190000000000282e+02 8.798573480201712016e+01
3.459769999999999754e+02 8.535346079611503001e+01
3.453340000000000032e+02 9.290571230946913772e+01
3.446929999999999836e+02 9.743128143750917047e+01
3.440509999999999877e+02 9.360078543006946461e+01
3.434089999999999918e+02 9.216436323768961358e+01
3.427660000000000196e+02 8.600362048554546845e+01
3.421240000000000236e+02 9.817201057616925652e+01
3.414820000000000277e+02 1.008523588465070446e+02
3.408399999999999750e+02 9.998976881173334164e+01
3.401970000000000027e+02 1.049992663129239503e+02
3.395539999999999736e+02 1.058831344364345028e+02
3.389119999999999777e+02 1.026824068093386018e+02
3.382690000000000055e+02 1.053216588507408460e+02
3.376259999999999764e+02 1.195129140604129248e+02
3.369839999999999804e+02 1.284340941168359791e+02
3.363419999999999845e+02 1.229063926775753401e+02
3.356979999999999791e+02 1.151004018210105500e+02
3.350550000000000068e+02 1.130708704041304742e+02
3.344130000000000109e+02 1.076277024937553506e+02
3.337690000000000055e+02 1.090359815022129197e+02
3.331259999999999764e+02 1.115835756354937871e+02
3.324830000000000041e+02 1.265759391032103593e+02
3.318389999999999986e+02 1.194628439930296935e+02
3.311960000000000264e+02 1.287085222486740577e+02
3.305539999999999736e+02 1.244192151182549679e+02
3.299110000000000014e+02 1.319246005405327367e+02
3.292660000000000196e+02 1.365979585966034904e+02
3.286229999999999905e+02 1.440281295292987807e+02
3.279800000000000182e+02 1.414135458558533003e+02
3.273360000000000127e+02 1.371308924398209115e+02
3.266929999999999836e+02 1.240403995686111642e+02
3.260489999999999782e+02 1.214923418969467690e+02
3.254049999999999727e+02 1.184046857332351834e+02
3.247610000000000241e+02 1.246571845175650139e+02
3.241179999999999950e+02 1.199373542941866475e+02
3.234730000000000132e+02 1.228720717960469244e+02
3.228290000000000077e+02 1.230682003744102815e+02
3.221840000000000259e+02 1.330359972240736397e+02
3.215409999999999968e+02 1.337385876315894677e+02
3.208969999999999914e+02 1.446780955971634626e+02
3.202520000000000095e+02 1.507364833911633468e+02
3.196080000000000041e+02 1.497704958389073511e+02
3.189639999999999986e+02 1.541596239265294059e+02
3.183190000000000168e+02 1.606564605675822861e+02
3.176750000000000114e+02 1.506346305260343854e+02
3.170310000000000059e+02 1.348505772182560918e+02
3.163860000000000241e+02 1.344471500199374248e+02
3.157420000000000186e+02 1.309126906413817153e+02
3.150980000000000132e+02 1.226566036055147748e+02
3.144519999999999982e+02 1.202027264999745455e+02
3.138079999999999927e+02 1.162034164129063782e+02
3.131619999999999777e+02 1.137856895825933634e+02
3.125179999999999723e+02 1.103386315316286357e+02
3.118729999999999905e+02 1.115708191415935175e+02
3.112269999999999754e+02 1.298559640701529929e+02
3.105830000000000268e+02 1.217533568221783469e+02
3.099370000000000118e+02 1.183170724872058059e+02
3.092919999999999732e+02 1.195163363447142899e+02
3.086469999999999914e+02 1.161059563665688898e+02
3.080009999999999764e+02 1.264634882341919422e+02
3.073570000000000277e+02 1.321837912872113918e+02
3.067099999999999795e+02 1.338354616973855968e+02
3.060649999999999977e+02 1.314197378006771260e+02
3.054200000000000159e+02 1.305264215162216033e+02
3.047740000000000009e+02 1.296500820003322190e+02
3.041290000000000191e+02 1.287766384994524174e+02
3.034820000000000277e+02 1.423608754177032267e+02
3.028369999999999891e+02 1.508953082259300800e+02
3.021920000000000073e+02 1.573817501282721310e+02
3.015450000000000159e+02 1.524794923509385001e+02
3.008999999999999773e+02 1.421633420684643738e+02
3.002529999999999859e+02 1.560054004175838998e+02
2.996080000000000041e+02 1.496602672469749109e+02
2.989610000000000127e+02 1.423644934839343534e+02
2.983149999999999977e+02 1.546212120910175827e+02
2.976700000000000159e+02 1.478486233949995778e+02
2.970230000000000246e+02 1.483678773708859637e+02
2.963770000000000095e+02 1.387404933893439249e+02
2.957300000000000182e+02 1.354468614453963085e+02
2.950840000000000032e+02 1.393594794313231944e+02
2.944370000000000118e+02 1.288899139174875472e+02
2.937909999999999968e+02 1.327969795318118145e+02
2.931429999999999723e+02 1.552239555998405365e+02
2.924970000000000141e+02 1.542816979457108175e+02
2.918500000000000227e+02 1.467228540945562827e+02
2.912040000000000077e+02 1.439180426685511520e+02
2.905570000000000164e+02 1.505151753993006309e+02
2.899100000000000250e+02 1.589733955384493811e+02
2.892629999999999768e+02 1.715552739663689863e+02
2.886159999999999854e+02 1.789568199282397529e+02
2.879689999999999941e+02 1.839783387947042002e+02
2.873210000000000264e+02 1.843405076415562860e+02
2.866750000000000114e+02 1.819252210019651272e+02
2.860269999999999868e+02 1.914851447937207070e+02
2.853799999999999955e+02 1.945617471085170678e+02
2.847320000000000277e+02 1.921310964489246089e+02
2.840849999999999795e+02 2.011011273475299674e+02
2.834370000000000118e+02 2.050252480186339028e+02
2.827900000000000205e+02 2.138888740718103918e+02
2.821419999999999959e+02 2.213562921561686210e+02
2.814950000000000045e+02 2.247030102719550371e+02
2.808469999999999800e+02 2.329856139748388841e+02
2.801990000000000123e+02 2.250995638496322044e+02
2.795509999999999877e+02 2.199315592547791027e+02
2.789039999999999964e+02 2.223634445078211570e+02
2.782549999999999955e+02 2.220941922227866598e+02
2.776080000000000041e+02 2.222793493073447166e+02
2.769590000000000032e+02 2.189329043192481379e+02
2.763120000000000118e+02 2.230619446904744052e+02
2.756630000000000109e+02 2.188617064612218712e+02
2.750149999999999864e+02 2.225140857983836042e+02
2.743659999999999854e+02 2.409398622266912184e+02
2.737189999999999941e+02 2.548924452577677755e+02
2.730699999999999932e+02 2.584044105485219802e+02
2.724220000000000255e+02 2.545546152952085777e+02
2.717730000000000246e+02 2.485923468179621807e+02
2.711240000000000236e+02 2.439392408947967397e+02
2.704759999999999991e+02 2.363388194949488081e+02
2.698260000000000218e+02 2.402457468054838330e+02
2.691779999999999973e+02 2.479411105658321617e+02
2.685289999999999964e+02 2.357370143144422912e+02
2.678809999999999718e+02 2.324356749925057670e+02
2.672309999999999945e+02 2.283341271941701791e+02
2.665830000000000268e+02 2.330176552837383213e+02
2.659329999999999927e+02 2.489249544007658415e+02
2.652839999999999918e+02 2.555919530657639029e+02
2.646349999999999909e+02 2.663423033789790111e+02
2.639850000000000136e+02 2.592795091411771864e+02
2.633369999999999891e+02 2.559479857549252415e+02
2.626870000000000118e+02 2.624861040100865921e+02
2.620380000000000109e+02 2.563140847680787147e+02
2.613879999999999768e+02 2.664490093935855839e+02
2.607400000000000091e+02 2.607089523540050777e+02
2.600899999999999750e+02 2.489098947484696680e+02
2.594390000000000214e+02 2.549307382535699844e+02
2.587900000000000205e+02 2.496529199647806081e+02
2.581399999999999864e+02 2.500183781749526588e+02
2.574909999999999854e+02 2.475850580770063516e+02
2.568410000000000082e+02 2.590810740039689790e+02
2.561899999999999977e+02 2.677278920343193249e+02
2.555409999999999968e+02 2.624723522249709617e+02
2.548899999999999864e+02 2.678845109362433732e+02
2.542410000000000139e+02 2.673754770654853132e+02
2.535910000000000082e+02 2.582472970918803981e+02
2.529399999999999977e+02 2.581407896003501037e+02
2.522899999999999920e+02 2.615468885682163318e+02
2.516399999999999864e+02 2.695485680372769934e+02
2.509900000000000091e+02 2.574343170401118641e+02
2.503389999999999986e+02 2.580850889140867821e+02
2.496879999999999882e+02 2.637164259471753667e+02
2.490380000000000109e+02 2.647037716206218647e+02
2.483870000000000005e+02 2.725481787401814131e+02
2.477359999999999900e+02 2.795632777092803281e+02
2.470860000000000127e+02 2.759490210513401394e+02
2.464350000000000023e+02 2.840235412150387333e+02
2.457849999999999966e+02 2.717768744697390275e+02
2.451330000000000098e+02 2.779319129202718273e+02
2.444819999999999993e+02 2.724833935223826984e+02
2.438319999999999936e+02 2.678229430642664965e+02
2.431800000000000068e+02 2.642818128564002791e+02
2.425289999999999964e+02 2.633497656360718224e+02
2.418779999999999859e+02 2.734326884703999099e+02
2.412270000000000039e+02 2.801575741202447603e+02
2.405749999999999886e+02 2.733314187039458716e+02
2.399240000000000066e+02 2.847082869146010466e+02
2.392719999999999914e+02 2.836996489869520701e+02
2.386200000000000045e+02 2.888189923439332460e+02
2.379699999999999989e+02 2.870642364132684747e+02
2.373180000000000121e+02 2.946305757881929139e+02
2.366670000000000016e+02 2.935788432414702243e+02
2.360149999999999864e+02 2.928649899870422360e+02
2.353629999999999995e+02 2.981902748562580427e+02
2.347100000000000080e+02 3.087626603389612114e+02
2.340600000000000023e+02 3.065802948498819660e+02
2.334070000000000107e+02 3.047655923224846788e+02
2.327549999999999955e+02 3.158832795556282917e+02
2.321040000000000134e+02 3.241185596223462539e+02
2.314509999999999934e+02 3.218950509959113333e+02
2.307980000000000018e+02 3.296873233815386470e+02
2.301469999999999914e+02 3.284751742912087025e+02
2.294939999999999998e+02 3.238315782104519940e+02
2.288420000000000130e+02 3.168259428186620994e+02
2.281899999999999977e+02 3.275620150525332974e+02
2.275370000000000061e+02 3.354990963377948674e+02
2.268839999999999861e+02 3.396624404701248068e+02
2.262330000000000041e+02 3.467937105113344955e+02
2.255800000000000125e+02 3.562284842506414861e+02
2.249269999999999925e+02 3.552296138574162683e+02
2.242729999999999961e+02 3.565644034339240420e+02
2.236220000000000141e+02 3.638313336523036696e+02
2.229679999999999893e+02 3.654353090837329887e+02
2.223149999999999977e+02 3.676604399487993646e+02
2.216630000000000109e+02 3.620170507664578849e+02
2.210099999999999909e+02 3.557287618442261987e+02
2.203559999999999945e+02 3.491617098759119244e+02
2.197019999999999982e+02 3.458843872942907751e+02
2.190500000000000114e+02 3.468186236799564881e+02
2.183969999999999914e+02 3.461238941405251808e+02
2.177429999999999950e+02 3.444692752744005588e+02
2.170889999999999986e+02 3.460102586349701710e+02
2.164370000000000118e+02 3.399002763294387819e+02
2.157829999999999870e+02 3.442821971943348558e+02
2.151289999999999907e+02 3.404126171948585124e+02
2.144749999999999943e+02 3.485077350325800580e+02
2.138220000000000027e+02 3.480840314146771561e+02
2.131680000000000064e+02 3.482722618223514814e+02
2.125140000000000100e+02 3.496975964775503485e+02
2.118600000000000136e+02 3.436816907287911249e+02
2.112069999999999936e+02 3.497158085403136738e+02
2.105529999999999973e+02 3.464863739193396555e+02
2.098979999999999961e+02 3.435817578673344883e+02
2.092439999999999998e+02 3.385502277831669744e+02
2.085910000000000082e+02 3.375070198137561874e+02
2.079360000000000070e+02 3.358526763840628746e+02
2.072820000000000107e+02 3.336007183428545204e+02
2.066270000000000095e+02 3.259670182706007608e+02
2.059739999999999895e+02 3.306193980680037612e+02
2.053189999999999884e+02 3.289774524045967610e+02
2.046639999999999873e+02 3.249816439346656693e+02
2.040089999999999861e+02 3.248348515544165593e+02
2.033540000000000134e+02 3.237992783311736957e+02
2.027009999999999934e+02 3.143014517555338330e+02
2.020459999999999923e+02 3.106780528320755366e+02
2.013909999999999911e+02 3.036007636977788593e+02
2.007350000000000136e+02 3.092728926387647448e+02
2.000800000000000125e+02 3.059806841746852228e+02
1.994259999999999877e+02 2.992707857766012012e+02
1.987709999999999866e+02 2.983085529351332639e+02
1.981160000000000139e+02 2.953650418297864917e+02
1.974600000000000080e+02 2.986462661387225239e+02
1.968050000000000068e+02 2.920419223826568782e+02
1.961510000000000105e+02 2.899855969163930922e+02
1.954950000000000045e+02 2.957371577732001242e+02
1.948389999999999986e+02 2.892004235297533228e+02
1.941839999999999975e+02 2.852055260326006874e+02
1.935279999999999916e+02 2.870209791516888345e+02
1.928739999999999952e+02 2.896342293046342320e+02
1.922179999999999893e+02 2.878505962522766026e+02
1.915620000000000118e+02 2.942313207109286282e+02
1.909060000000000059e+02 3.032636563476291940e+02
1.902500000000000000e+02 3.065452772740066507e+02
1.895939999999999941e+02 3.011853824616260908e+02
1.889389999999999930e+02 3.076252408476016740e+02
1.882829999999999870e+02 3.121456975634968103e+02
1.876270000000000095e+02 3.171437815105511504e+02
1.869699999999999989e+02 3.147032516355818643e+02
1.863139999999999930e+02 3.133205395318635738e+02
1.856570000000000107e+02 3.072249809288296660e+02
1.850010000000000048e+02 3.027449113794511959e+02
1.843460000000000036e+02 3.060708241717984492e+02
1.836889999999999930e+02 3.111653787160371962e+02
1.830329999999999870e+02 3.159400495762112655e+02
1.823760000000000048e+02 3.181118831432656293e+02
1.817189999999999941e+02 3.151592272008283544e+02
1.810620000000000118e+02 3.294633471553367485e+02
1.804050000000000011e+02 3.398384013872214950e+02
1.797500000000000000e+02 3.435622004339717819e+02
1.790929999999999893e+02 3.520118665937408764e+02
1.784360000000000070e+02 3.516547622019814412e+02
1.777789999999999964e+02 3.547577776987599805e+02
1.771220000000000141e+02 3.555925502331987218e+02
1.764650000000000034e+02 3.566617845577072785e+02
1.758069999999999879e+02 3.586775493590564565e+02
1.751500000000000057e+02 3.548308670467861816e+02
1.744939999999999998e+02 3.572920890794827073e+02
1.738369999999999891e+02 3.640679161590869057e+02
1.731790000000000020e+02 3.678833982008990802e+02
1.725219999999999914e+02 3.730863060886208018e+02
1.718640000000000043e+02 3.798873652938332839e+02
1.712059999999999889e+02 3.849496941239146395e+02
1.705490000000000066e+02 3.887830052044790818e+02
1.698909999999999911e+02 3.904470356455271371e+02
1.692330000000000041e+02 3.883530310145354179e+02
1.685749999999999886e+02 3.857979410360555903e+02
1.679190000000000111e+02 3.894942244728497940e+02
1.672609999999999957e+02 3.869282355078830165e+02
1.666030000000000086e+02 3.937497110374312683e+02
1.659449999999999932e+02 3.870616035314444048e+02
1.652870000000000061e+02 3.786125426424839588e+02
1.646279999999999859e+02 3.785637243795440554e+02
1.639699999999999989e+02 3.823162185067075711e+02
1.633120000000000118e+02 3.884755015547054313e+02
1.626539999999999964e+02 3.885613351877557307e+02
1.619950000000000045e+02 3.830992013954467552e+02
1.613369999999999891e+02 3.809795621610114722e+02
1.606779999999999973e+02 3.749202388584897108e+02
1.600190000000000055e+02 3.747842062596291157e+02
1.593609999999999900e+02 3.768077471987859894e+02
1.587040000000000077e+02 3.766422353922608295e+02
1.580449999999999875e+02 3.783788999275664651e+02
1.573859999999999957e+02 3.760304920317967117e+02
1.567270000000000039e+02 3.779355135299040285e+02
1.560680000000000121e+02 3.755847712675075059e+02
1.554089999999999918e+02 3.755515031918573641e+02
1.547500000000000000e+02 3.765448190877146999e+02
1.540910000000000082e+02 3.741870208514212095e+02
1.534319999999999879e+02 3.739010777830767438e+02
1.527729999999999961e+02 3.733965380167230137e+02
1.521140000000000043e+02 3.702179453522198855e+02
1.514540000000000077e+02 3.692958587273091666e+02
1.507949999999999875e+02 3.683647056468042820e+02
1.501359999999999957e+02 3.799181969720423808e+02
1.494759999999999991e+02 3.833188832538129418e+02
1.488170000000000073e+02 3.842694879083450701e+02
1.481570000000000107e+02 3.915365487782494256e+02
1.474970000000000141e+02 3.904243391991388421e+02
1.468379999999999939e+02 3.940118549626938034e+02
1.461779999999999973e+02 3.955908635589345295e+02
1.455180000000000007e+02 4.015932103240196511e+02
1.448580000000000041e+02 4.030743702788194014e+02
1.441980000000000075e+02 3.945347668835598824e+02
1.435380000000000109e+02 3.980964952040652065e+02
1.428779999999999859e+02 3.998885771856258771e+02
1.422179999999999893e+02 4.050412196058479140e+02
1.415579999999999927e+02 4.063603047135389374e+02
1.408979999999999961e+02 4.067076220293788538e+02
1.402379999999999995e+02 4.066564021533648656e+02
1.395769999999999982e+02 4.058426615352523186e+02
1.389170000000000016e+02 4.105310151376182830e+02
1.382560000000000002e+02 4.209755563522407442e+02
1.375960000000000036e+02 4.267463599863563672e+02
1.369350000000000023e+02 4.313443201681418486e+02
1.362750000000000057e+02 4.326370798840019916e+02
1.356140000000000043e+02 4.381713090977711431e+02
1.349540000000000077e+02 4.430841927834798639e+02
1.342930000000000064e+02 4.528504045993237810e+02
1.336320000000000050e+02 4.622986907598683501e+02
1.329710000000000036e+02 4.677776287626282397e+02
1.323100000000000023e+02 4.709119058500567121e+02
1.316490000000000009e+02 4.806951845309142186e+02
1.309879999999999995e+02 4.833155458487904639e+02
1.303269999999999982e+02 4.846880407842618865e+02
1.296659999999999968e+02 4.939607780783801445e+02
1.290049999999999955e+02 4.973792490371733379e+02
1.283420000000000130e+02 4.973736938855293488e+02
1.276809999999999974e+02 4.985080467977261947e+02
1.270190000000000055e+02 5.040456683728384633e+02
1.263580000000000041e+02 4.984982004839021670e+02
1.256959999999999980e+02 4.913472804983085780e+02
1.250349999999999966e+02 4.923596238190288545e+02
1.243730000000000047e+02 4.913949644148933658e+02
1.237120000000000033e+02 4.886474216980055303e+02
1.230499999999999972e+02 4.890806893385704939e+02
1.223880000000000052e+02 4.874166227884577438e+02
1.217259999999999991e+02 4.783625258019216631e+02
1.210639999999999930e+02 4.673606618806508095e+02
1.204030000000000058e+02 4.660842073051937859e+02
1.197409999999999997e+02 4.623208439707683510e+02
1.190780000000000030e+02 4.501516876047210758e+02
1.184150000000000063e+02 4.461498174128070673e+02
1.177530000000000001e+02 4.391662806537547681e+02
1.170909999999999940e+02 4.299882349958849659e+02
1.164279999999999973e+02 4.210418930915412830e+02
1.157660000000000053e+02 4.167788397834212901e+02
1.151039999999999992e+02 4.112119390031296007e+02
1.144410000000000025e+02 4.026182676337298290e+02
1.137789999999999964e+02 3.945413386008860925e+02
1.131159999999999997e+02 3.921673434322884191e+02
1.124539999999999935e+02 3.875031110687597788e+02
1.117890000000000015e+02 3.824257183808462628e+02
1.111269999999999953e+02 3.807962291382132776e+02
1.104639999999999986e+02 3.750819955133826511e+02
1.098010000000000019e+02 3.701129964786778146e+02
1.091380000000000052e+02 3.640760786647302893e+02
1.084749999999999943e+02 3.609754483480288059e+02
1.078119999999999976e+02 3.499808997923249194e+02
1.071490000000000009e+02 3.433103459373342616e+02
1.064849999999999994e+02 3.280668780373338222e+02
1.058209999999999980e+02 3.151734171104166080e+02
1.051580000000000013e+02 2.992593281194531301e+02
1.044950000000000045e+02 2.938075799612759624e+02
1.038319999999999936e+02 2.816175519414320547e+02
1.031680000000000064e+02 2.708662618679674097e+02
1.025049999999999955e+02 2.608916216591857165e+02
1.018400000000000034e+02 2.565204366069038429e+02
1.011760000000000019e+02 2.494096501128228454e+02
1.005130000000000052e+02 2.508135906166708367e+02
9.984900000000000375e+01 2.501698423904279025e+02
9.918529999999999802e+01 2.483976939579072791e+02
9.852150000000000318e+01 2.457579677734818233e+02
9.785769999999999413e+01 2.515550380004237354e+02
9.719230000000000302e+01 2.587044379494496980e+02
9.652830000000000155e+01 2.653435638218082318e+02
9.586430000000000007e+01 2.704140388696361015e+02
9.520029999999999859e+01 2.773887896636979349e+02
9.453610000000000468e+01 2.876237139878105609e+02
9.387199999999999989e+01 2.976646881616117071e+02
9.320619999999999550e+01 3.039564498515095465e+02
9.254200000000000159e+01 3.112337225407637220e+02
9.187760000000000105e+01 3.113163117303713534e+02
9.121320000000000050e+01 3.135023706119727080e+02
9.054879999999999995e+01 3.130443419659833353e+02
8.988280000000000314e+01 3.186510318272973450e+02
8.921819999999999595e+01 3.188492233610077164e+02
8.855360000000000298e+01 3.162807302180509055e+02
8.788890000000000668e+01 3.134976461056645007e+02
8.722419999999999618e+01 3.184339785951423778e+02
8.655939999999999657e+01 3.220719197545008115e+02
8.589300000000000068e+01 3.276199490689040772e+02
8.522809999999999775e+01 3.288406785091921165e+02
8.456319999999999482e+01 3.323754505167443085e+02
8.389820000000000277e+01 3.310856327549448679e+02
8.323160000000000025e+01 3.333303260629861597e+02
8.256650000000000489e+01 3.334704684109489676e+02
8.190130000000000621e+01 3.363581129683864219e+02
8.123609999999999332e+01 3.365694304851176639e+02
8.057080000000000553e+01 3.315325586141699432e+02
7.990389999999999304e+01 3.317783184396357115e+02
7.923850000000000193e+01 3.337955509792855651e+02
7.857299999999999329e+01 3.367724799526089896e+02
7.790749999999999886e+01 3.382227012916726494e+02
7.724039999999999395e+01 3.380053862164830321e+02
7.657479999999999620e+01 3.394921502016892418e+02
7.590909999999999513e+01 3.352067064078907492e+02
7.524339999999999407e+01 3.366701159907671013e+02
7.457760000000000389e+01 3.360704295428720343e+02
7.391020000000000323e+01 3.297118203704631014e+02
7.324429999999999552e+01 3.266912146756602624e+02
7.257829999999999870e+01 3.195702109877962585e+02
7.191230000000000189e+01 3.147779110571635783e+02
7.124469999999999459e+01 3.129191209648143968e+02
7.057850000000000534e+01 3.089333840385860412e+02
6.991230000000000189e+01 3.096582826488633486e+02
6.924609999999999843e+01 3.040036309343522021e+02
6.857829999999999870e+01 3.020146756423554280e+02
6.791190000000000282e+01 2.993583935739412141e+02
6.724550000000000693e+01 2.951704216393391107e+02
6.657750000000000057e+01 2.925891288268352923e+02
6.591100000000000136e+01 2.872617786709801635e+02
6.524439999999999884e+01 2.847802944311488886e+02
6.457769999999999300e+01 2.806768248042180289e+02
6.390950000000000131e+01 2.756026647176159372e+02
6.324269999999999925e+01 2.729131302768271325e+02
6.257589999999999719e+01 2.716255384594728639e+02
6.190899999999999892e+01 2.697887428278252173e+02
6.124060000000000059e+01 2.669823141492895502e+02
6.057359999999999900e+01 2.647471272062616094e+02
5.990659999999999741e+01 2.627109001710131224e+02
5.923799999999999955e+01 2.565177448490674692e+02
5.857079999999999842e+01 2.499336101306105036e+02
5.790359999999999729e+01 2.478692316162548366e+02
5.723629999999999995e+01 2.437649821571580731e+02
5.656750000000000256e+01 2.379537451755292352e+02
5.590010000000000190e+01 2.357050050196307893e+02
5.523270000000000124e+01 2.316914509456295264e+02
5.456360000000000099e+01 2.289824778397382943e+02
5.389609999999999701e+01 2.272193050697360377e+02
5.322849999999999682e+01 2.271711459573366767e+02
5.255930000000000035e+01 2.282724112517847743e+02
5.189159999999999684e+01 2.232151298861873556e+02
5.122379999999999711e+01 2.216786585840819157e+02
5.055440000000000111e+01 2.194509662953755083e+02
4.988660000000000139e+01 2.158173413930164486e+02
4.921860000000000213e+01 2.119774690413331655e+02
4.854910000000000281e+01 2.084916969718229325e+02
4.788100000000000023e+01 2.070322281656529810e+02
4.721289999999999765e+01 2.041062960917956275e+02
4.654319999999999879e+01 1.998830221683686261e+02
4.587500000000000000e+01 1.976680898216976914e+02
4.520669999999999789e+01 1.922469163987327079e+02
4.453679999999999950e+01 1.891082580908718001e+02
4.386840000000000117e+01 1.863405417785990608e+02
4.320000000000000284e+01 1.855612600319009857e+02
4.252989999999999782e+01 1.816198602113699678e+02
4.186129999999999995e+01 1.772422965186250110e+02
4.119270000000000209e+01 1.715424374265139988e+02
4.052250000000000085e+01 1.681187405355615283e+02
3.985379999999999967e+01 1.656393710077045398e+02
3.918500000000000227e+01 1.639563554789786508e+02
3.851460000000000150e+01 1.609909548435861950e+02
3.784570000000000078e+01 1.576921257756479520e+02
3.717519999999999669e+01 1.535144966590883939e+02
3.650619999999999976e+01 1.498113250534023848e+02
3.583709999999999951e+01 1.474511993611207288e+02
3.516640000000000299e+01 1.449087967898890099e+02
3.449719999999999942e+01 1.410698590780046402e+02
3.382800000000000296e+01 1.382345488017779758e+02
3.315709999999999980e+01 1.341528409570319127e+02
3.248780000000000001e+01 1.288111462043347331e+02
3.181680000000000064e+01 1.253386530703041046e+02
3.114730000000000132e+01 1.226861374409245542e+02
3.047779999999999845e+01 1.207568675338891921e+02
2.980669999999999931e+01 1.154548159826149600e+02
2.913700000000000045e+01 1.126180014862311651e+02
2.846730000000000160e+01 1.101773635656511203e+02
2.779599999999999937e+01 1.057181693740883048e+02
2.712620000000000076e+01 1.024273591916792299e+02
2.645479999999999876e+01 9.952411898151868286e+01
2.578490000000000038e+01 9.606942307670965420e+01
2.511329999999999885e+01 9.164115228955726877e+01
2.444330000000000069e+01 8.710890766545657016e+01
2.377319999999999922e+01 8.445189701542294358e+01
2.310150000000000148e+01 7.973377008355333828e+01
2.243130000000000024e+01 7.604209282248338297e+01
2.175949999999999918e+01 7.242566140105917327e+01
2.108909999999999840e+01 6.857357220180837487e+01
2.041870000000000118e+01 6.539643544228106009e+01
1.974680000000000035e+01 6.107007112560191331e+01
1.907629999999999981e+01 5.779373053248254877e+01
1.840419999999999945e+01 5.480060739391054625e+01
1.773349999999999937e+01 5.137427428156222931e+01
1.706129999999999924e+01 4.913060356175034116e+01
1.639059999999999917e+01 4.584626634695692360e+01
1.571979999999999933e+01 4.321346411188267211e+01
1.504739999999999966e+01 4.110655828509256082e+01
1.437650000000000006e+01 3.869486317251261909e+01
1.370410000000000039e+01 3.690836236947542659e+01
1.303299999999999947e+01 3.443428196126271956e+01
1.236040000000000028e+01 3.231112563466117393e+01
1.168929999999999936e+01 3.016663119052548225e+01
1.101660000000000039e+01 2.866799237195932193e+01
1.034529999999999994e+01 2.815348242315770477e+01
9.672489999999999810e+00 2.725134561629100816e+01
9.001129999999999853e+00 2.631872033599857374e+01
8.329710000000000392e+00 2.508576979753840064e+01
7.656710000000000349e+00 2.444299414700148532e+01
6.985170000000000101e+00 2.542333499403488517e+01
6.312050000000000161e+00 2.590195578016009392e+01
5.640399999999999636e+00 2.586241938187065870e+01
4.967170000000000307e+00 2.481663232129386643e+01
4.295410000000000394e+00 2.296956133284784585e+01
3.622059999999999835e+00 2.063816177050231815e+01
2.950180000000000025e+00 1.777498209288488340e+01
2.276720000000000077e+00 1.455351789122431683e+01
1.604729999999999990e+00 1.069257174872583604e+01
9.311519999999999797e-01 6.238587400942694927e+00
2.590439999999999965e-01 1.734308418905372351e+00
