4.498670000000000186e+02 8.541480631238820820e+01
4.492339999999999804e+02 6.758831747176938620e+01
4.486009999999999991e+02 5.944060847586952434e+01
4.479680000000000177e+02 8.323619685989082484e+01
4.473360000000000127e+02 8.066071168816306169e+01
4.467029999999999745e+02 7.649750654357586654e+01
4.460690000000000168e+02 9.058574247151473458e+01
4.454359999999999786e+02 8.168490353239236867e+01
4.448029999999999973e+02 7.913529640465645798e+01
4.441689999999999827e+02 8.603556198329901861e+01
4.435360000000000014e+02 9.447228458968531584e+01
4.429019999999999868e+02 1.107052365272630539e+02
4.422699999999999818e+02 9.559822908808919806e+01
4.416360000000000241e+02 1.078508276912959758e+02
4.410029999999999859e+02 1.068244861559320071e+02
4.403690000000000282e+02 9.726821860334131031e+01
4.397350000000000136e+02 9.704495411172915453e+01
4.391009999999999991e+02 9.450617318995217886e+01
4.384669999999999845e+02 7.655953849095755004e+01
4.378330000000000268e+02 8.176092202737797265e+01
4.371990000000000123e+02 7.543737995392598350e+01
4.365649999999999977e+02 8.061765831874183164e+01
4.359329999999999927e+02 6.287203699900142340e+01
4.352980000000000018e+02 5.206042675440463796e+01
4.346639999999999873e+02 5.118061906612827272e+01
4.340299999999999727e+02 5.333412141036964726e+01
4.333960000000000150e+02 5.320942216706654193e+01
4.327610000000000241e+02 7.270627372754913154e+01
4.321270000000000095e+02 6.575809604046446566e+01
4.314920000000000186e+02 5.433650525920375429e+01
4.308580000000000041e+02 4.896327295120977396e+01
4.302230000000000132e+02 5.408285178648561953e+01
4.295889999999999986e+02 6.215989273826178163e+01
4.289540000000000077e+02 5.159111766707695779e+01
4.283190000000000168e+02 5.815339581266038493e+01
4.276859999999999786e+02 5.802586191964244478e+01
4.270509999999999877e+02 4.975498207234279135e+01
4.264159999999999968e+02 4.152762085153241856e+01
4.257810000000000059e+02 4.951603126458297766e+01
4.251460000000000150e+02 5.526698080132607771e+01
4.245110000000000241e+02 6.611138534022467184e+01
4.238759999999999764e+02 6.668243781599663578e+01
4.232409999999999854e+02 7.308170340170605073e+01
4.226050000000000182e+02 6.418771093942839912e+01
4.219700000000000273e+02 6.548561260431652897e+01
4.213349999999999795e+02 6.749833193207743420e+01
4.206990000000000123e+02 7.743441626022618607e+01
4.200640000000000214e+02 7.796838499433222580e+01
4.194289999999999736e+02 8.639337238578747247e+01
4.187930000000000064e+02 6.971405894703187300e+01
4.181569999999999823e+02 6.597360699766429093e+01
4.175219999999999914e+02 7.009278632680863552e+01
4.168860000000000241e+02 8.556330303103717938e+01
4.162500000000000000e+02 9.315889614516275685e+01
4.156150000000000091e+02 9.435041158354545132e+01
4.149789999999999850e+02 9.694372011631141106e+01
4.143430000000000177e+02 9.952361760380568967e+01
4.137069999999999936e+02 8.944725007288842278e+01
4.130710000000000264e+02 1.039455525270333993e+02
4.124350000000000023e+02 1.106828844661012852e+02
4.117989999999999782e+02 1.159932568604133962e+02
4.111630000000000109e+02 1.115347136212069756e+02
4.105260000000000105e+02 1.070995276658721167e+02
4.098899999999999864e+02 1.102986535706072431e+02
4.092540000000000191e+02 9.483940091038094522e+01
4.086170000000000186e+02 9.598261898927056279e+01
4.079809999999999945e+02 1.019313249873176233e+02
4.073439999999999941e+02 9.756752520823658870e+01
4.067080000000000268e+02 9.322468920400504544e+01
4.060710000000000264e+02 1.039050637683960758e+02
4.054350000000000023e+02 8.868121033161696687e+01
4.047980000000000018e+02 9.049942620814823613e+01
4.041610000000000014e+02 8.756707570757602355e+01
4.035240000000000009e+02 9.410497497472428563e+01
4.028879999999999768e+02 7.972568273944563089e+01
4.022509999999999764e+02 8.624470082362667256e+01
4.016139999999999759e+02 7.128545316930244269e+01
4.009769999999999754e+02 7.244514547102417623e+01
4.003399999999999750e+02 5.692194052978328500e+01
3.997029999999999745e+02 6.875576424677970522e+01
3.990649999999999977e+02 6.460009532198215254e+01
3.984279999999999973e+02 5.186738226808540730e+01
3.977909999999999968e+02 4.843847474991599711e+01
3.971519999999999868e+02 4.698349616186008149e+01
3.965149999999999864e+02 3.701995412436402688e+01
3.958770000000000095e+02 4.216679779946698403e+01
3.952400000000000091e+02 2.768156877584210562e+01
3.946019999999999754e+02 3.804472707909340556e+01
3.939649999999999750e+02 2.689009623645445046e+01
3.933269999999999982e+02 2.552445913105944797e+01
3.926890000000000214e+02 4.034229218407612905e+01
3.920520000000000209e+02 3.765948219156027221e+01
3.914139999999999873e+02 4.915021468612509636e+01
3.907760000000000105e+02 4.966178644761185268e+01
3.901379999999999768e+02 6.618316477333289072e+01
3.895000000000000000e+02 8.071535947186795568e+01
3.888609999999999900e+02 7.287498703527123212e+01
3.882230000000000132e+02 7.459011010779470041e+01
3.875849999999999795e+02 8.200623350831732239e+01
3.869460000000000264e+02 8.875081823205093201e+01
3.863079999999999927e+02 9.672323714198202538e+01
3.856700000000000159e+02 1.015065893051570356e+02
3.850319999999999823e+02 1.068919140809775001e+02
3.843929999999999723e+02 9.659978328762383626e+01
3.837549999999999955e+02 1.025896210659796566e+02
3.831159999999999854e+02 9.921873016518338773e+01
3.824759999999999991e+02 9.771104635578002728e+01
3.818380000000000223e+02 9.374379291029526939e+01
3.811990000000000123e+02 7.805767967421974163e+01
3.805600000000000023e+02 8.648494269284201152e+01
3.799220000000000255e+02 8.257215048480790642e+01
3.792830000000000155e+02 7.315974192529517950e+01
3.786440000000000055e+02 7.908062448404861300e+01
3.780049999999999955e+02 7.276746843085587102e+01
3.773650000000000091e+02 7.502549593008768625e+01
3.767259999999999991e+02 9.727399982639569487e+01
3.760860000000000127e+02 9.520052897830751704e+01
3.754470000000000027e+02 1.148611825677418636e+02
3.748079999999999927e+02 1.133487141908227755e+02
3.741689999999999827e+02 1.190479544942833883e+02
3.735299999999999727e+02 1.253237238275505234e+02
3.728890000000000100e+02 1.267946925661424871e+02
3.722500000000000000e+02 1.169240864499426209e+02
3.716100000000000136e+02 1.320585821858338420e+02
3.709710000000000036e+02 1.210465317944133545e+02
3.703310000000000173e+02 1.160121070721250476e+02
3.696909999999999741e+02 1.121600795038077649e+02
3.690500000000000114e+02 1.147938934689590980e+02
3.684110000000000014e+02 1.086280865956898509e+02
3.677710000000000150e+02 1.059982810862762506e+02
3.671309999999999718e+02 1.010494798093846356e+02
3.664909999999999854e+02 1.158992429863610880e+02
3.658509999999999991e+02 1.068841103488659030e+02
3.652099999999999795e+02 1.066026868960567811e+02
3.645699999999999932e+02 1.195758526131156714e+02
3.639300000000000068e+02 1.169541737748292007e+02
3.632900000000000205e+02 1.154864149189409943e+02
3.626490000000000009e+02 1.180306316403950717e+02
3.620079999999999814e+02 1.148668129126880757e+02
3.613670000000000186e+02 1.128469999456187196e+02
3.607269999999999754e+02 1.046016639342312402e+02
3.600869999999999891e+02 1.077141696989613138e+02
3.594460000000000264e+02 9.727209730773907381e+01
3.588039999999999736e+02 8.966910878928000272e+01
3.581639999999999873e+02 8.662545305859745781e+01
3.575230000000000246e+02 7.967401899246932828e+01
3.568829999999999814e+02 8.949315264955913563e+01
3.562420000000000186e+02 8.646671566248137708e+01
3.556000000000000227e+02 8.790274237981829231e+01
3.549590000000000032e+02 9.208762443953483512e+01
3.543179999999999836e+02 8.300044269842898359e+01
3.536770000000000209e+02 8.553040911893300802e+01
3.530350000000000250e+02 9.791620657821246709e+01
3.523940000000000055e+02 1.009306840735493722e+02
3.517520000000000095e+02 1.006507860582580349e+02
3.511109999999999900e+02 8.131171761121970576e+01
3.504689999999999941e+02 8.814799239312736745e+01
3.498269999999999982e+02 9.060874820636558979e+01
3.491859999999999786e+02 8.873656494727887889e+01
3.485450000000000159e+02 8.687958295005901732e+01
3.479019999999999868e+02 8.501495711377779685e+01
3.472599999999999909e+02 7.942815434726645663e+01
3.466190000000000282e+02 7.813671569365072855e+01
3.459769999999999754e+02 7.578633972321777890e+01
3.453340000000000032e+02 8.247759644233936172e+01
3.446929999999999836e+02 8.648025107428823333e+01
3.440509999999999877e+02 8.306629382919955162e+01
3.434089999999999918e+02 8.177763138574427160e+01
3.427660000000000196e+02 7.629842246929636929e+01
3.421240000000000236e+02 8.707809262347605284e+01
3.414820000000000277e+02 8.944008721217760183e+01
3.408399999999999750e+02 8.865992507033598713e+01
3.401970000000000027e+02 9.308554573143358368e+01
3.395539999999999736e+02 9.385291465527315324e+01
3.389119999999999777e+02 9.100030906572250444e+01
3.382690000000000055e+02 9.332306084285471570e+01
3.376259999999999764e+02 1.058786845303047386e+02
3.369839999999999804e+02 1.137621237276149770e+02
3.363419999999999845e+02 1.088472532652968994e+02
3.356979999999999791e+02 1.019167586417726596e+02
3.350550000000000068e+02 1.001023831279205609e+02
3.344130000000000109e+02 9.526718696112043006e+01
3.337690000000000055e+02 9.649684875702990894e+01
3.331259999999999764e+02 9.873415788467781340e+01
3.324830000000000041e+02 1.119799368264827990e+02
3.318389999999999986e+02 1.056688477020665147e+02
3.311960000000000264e+02 1.138267080643065157e+02
3.305539999999999736e+02 1.100142677060455441e+02
3.299110000000000014e+02 1.166299904949755160e+02
3.292660000000000196e+02 1.207401384751758968e+02
3.286229999999999905e+02 1.272851342170873181e+02
3.279800000000000182e+02 1.249525993479422112e+02
3.273360000000000127e+02 1.211472329663234717e+02
3.266929999999999836e+02 1.095636488019283945e+02
3.260489999999999782e+02 1.072941046644929202e+02
3.254049999999999727e+02 1.045489036557643630e+02
3.247610000000000241e+02 1.100500085317390386e+02
3.241179999999999950e+02 1.058646662237310494e+02
3.234730000000000132e+02 1.084356571925347197e+02
3.228290000000000077e+02 1.085894380688980618e+02
3.221840000000000259e+02 1.173632754928695050e+02
3.215409999999999968e+02 1.179620953003199162e+02
3.208969999999999914e+02 1.275880180522167251e+02
3.202520000000000095e+02 1.329068177397997204e+02
3.196080000000000041e+02 1.320315251534267134e+02
3.189639999999999986e+02 1.358763661367962072e+02
3.183190000000000168e+02 1.415771042282487429e+02
3.176750000000000114e+02 1.327219270159403379e+02
3.170310000000000059e+02 1.187939612650782664e+02
3.163860000000000241e+02 1.184172703609339692e+02
3.157420000000000186e+02 1.152835912603162711e+02
3.150980000000000132e+02 1.079939831025905050e+02
3.144519999999999982e+02 1.058143949375490678e+02
3.138079999999999927e+02 1.022754851239648985e+02
3.131619999999999777e+02 1.001294808346120249e+02
3.125179999999999723e+02 9.707869440814305051e+01
3.118729999999999905e+02 9.814495342843265746e+01
3.112269999999999754e+02 1.142082893806159092e+02
3.105830000000000268e+02 1.070628798966768471e+02
3.099370000000000118e+02 1.040223681660978770e+02
3.092919999999999732e+02 1.050575565516796246e+02
3.086469999999999914e+02 1.020412636430055784e+02
3.080009999999999764e+02 1.111234197300367299e+02
3.073570000000000277e+02 1.161284623276478953e+02
3.067099999999999795e+02 1.175578849714538450e+02
3.060649999999999977e+02 1.154149018932813675e+02
3.054200000000000159e+02 1.146093857257003208e+02
3.047740000000000009e+02 1.138190088112261975e+02
3.041290000000000191e+02 1.130314696655981663e+02
3.034820000000000277e+02 1.249312993031076928e+02
3.028369999999999891e+02 1.323962031905867036e+02
3.021920000000000073e+02 1.380617968538415141e+02
3.015450000000000159e+02 1.337366956580474096e+02
3.008999999999999773e+02 1.246658467040056451e+02
3.002529999999999859e+02 1.367784333772611092e+02
2.996080000000000041e+02 1.311911769733452218e+02
2.989610000000000127e+02 1.247727429948013906e+02
2.983149999999999977e+02 1.354893740390907908e+02
2.976700000000000159e+02 1.295308898048924391e+02
2.970230000000000246e+02 1.299615426732436276e+02
2.963770000000000095e+02 1.215061196346162404e+02
2.957300000000000182e+02 1.185995379050952323e+02
2.950840000000000032e+02 1.220025653876225107e+02
2.944370000000000118e+02 1.128161195517036930e+02
2.937909999999999968e+02 1.162140395634421992e+02
2.931429999999999723e+02 1.358142234120182934e+02
2.924970000000000141e+02 1.349644715758587097e+02
2.918500000000000227e+02 1.283280900014785288e+02
2.912040000000000077e+02 1.258513143609959428e+02
2.905570000000000164e+02 1.315952634478384766e+02
2.899100000000000250e+02 1.389638030733186724e+02
2.892629999999999768e+02 1.499333635351554506e+02
2.886159999999999854e+02 1.563722858255576114e+02
2.879689999999999941e+02 1.607295143733788905e+02
2.873210000000000264e+02 1.610153172222803448e+02
2.866750000000000114e+02 1.588755716688637847e+02
2.860269999999999868e+02 1.671922239969105703e+02
2.853799999999999955e+02 1.698461218168407072e+02
2.847320000000000277e+02 1.676922925613939412e+02
2.840849999999999795e+02 1.754876921592405665e+02
2.834370000000000118e+02 1.788777287870517227e+02
2.827900000000000205e+02 1.865751150127656501e+02
2.821419999999999959e+02 1.930518031564735963e+02
2.814950000000000045e+02 1.959329893618990752e+02
2.808469999999999800e+02 2.031159680341996818e+02
2.801990000000000123e+02 1.962033478185379352e+02
2.795509999999999877e+02 1.916619626223010471e+02
2.789039999999999964e+02 1.937439398859131927e+02
2.782549999999999955e+02 1.934719686826499014e+02
2.776080000000000041e+02 1.935959334817589479e+02
2.769590000000000032e+02 1.906444679016055090e+02
2.763120000000000118e+02 1.942023946913076031e+02
2.756630000000000109e+02 1.905086870802725514e+02
2.750149999999999864e+02 1.936502875789806524e+02
2.743659999999999854e+02 2.096448481466980809e+02
2.737189999999999941e+02 2.217419150658229796e+02
2.730699999999999932e+02 2.247532747805090878e+02
2.724220000000000255e+02 2.213617660105807659e+02
2.717730000000000246e+02 2.161348328348905738e+02
2.711240000000000236e+02 2.120478765655691404e+02
2.704759999999999991e+02 2.054010763157615997e+02
2.698260000000000218e+02 2.087555446413856828e+02
2.691779999999999973e+02 2.153999355266043381e+02
2.685289999999999964e+02 2.047575562532689730e+02
2.678809999999999718e+02 2.018505026162517595e+02
2.672309999999999945e+02 1.982496564282910470e+02
2.665830000000000268e+02 2.022762400375764571e+02
2.659329999999999927e+02 2.160420073798173064e+02
2.652839999999999918e+02 2.217844161646450232e+02
2.646349999999999909e+02 2.310669828941256014e+02
2.639850000000000136e+02 2.248951515550710099e+02
2.633369999999999891e+02 2.219615979322702515e+02
2.626870000000000118e+02 2.275862611916969627e+02
2.620380000000000109e+02 2.221908581464133761e+02
2.613879999999999768e+02 2.309304190703190613e+02
2.607400000000000091e+02 2.259107512207988862e+02
2.600899999999999750e+02 2.156437433911367805e+02
2.594390000000000214e+02 2.208156820526899935e+02
2.587900000000000205e+02 2.162010855299642742e+02
2.581399999999999864e+02 2.164742655729278340e+02
2.574909999999999854e+02 2.143245978564419261e+02
2.568410000000000082e+02 2.242311238450986650e+02
2.561899999999999977e+02 2.316681422260109855e+02
2.555409999999999968e+02 2.270749845766850115e+02
2.548899999999999864e+02 2.317105072852661465e+02
2.542410000000000139e+02 2.312237396225039561e+02
2.535910000000000082e+02 2.232849011019497141e+02
2.529399999999999977e+02 2.231477252195614369e+02
2.522899999999999920e+02 2.260463993848449604e+02
2.516399999999999864e+02 2.329147886369144942e+02
2.509900000000000091e+02 2.224021087566458164e+02
2.503389999999999986e+02 2.229190787327067369e+02
2.496879999999999882e+02 2.277367654484876880e+02
2.490380000000000109e+02 2.285429887223419883e+02
2.483870000000000005e+02 2.352677861312882897e+02
2.477359999999999900e+02 2.412740701268864996e+02
2.470860000000000127e+02 2.381063733379509699e+02
2.464350000000000023e+02 2.450234440559622726e+02
2.457849999999999966e+02 2.344107091342471563e+02
2.451330000000000098e+02 2.396703001963200279e+02
2.444819999999999993e+02 2.349237967654503905e+02
2.438319999999999936e+02 2.308585410453253814e+02
2.431800000000000068e+02 2.277593686649637164e+02
2.425289999999999964e+02 2.269095069471222530e+02
2.418779999999999859e+02 2.355486441275661775e+02
2.412270000000000039e+02 2.412920219982051435e+02
2.405749999999999886e+02 2.353643305692065724e+02
2.399240000000000066e+02 2.451101682812812612e+02
2.392719999999999914e+02 2.441913030594923839e+02
2.386200000000000045e+02 2.485461795328322694e+02
2.379699999999999989e+02 2.469850747525508439e+02
2.373180000000000121e+02 2.534423281101740031e+02
2.366670000000000016e+02 2.524852571405993444e+02
2.360149999999999864e+02 2.518189577792814760e+02
2.353629999999999995e+02 2.563444510858465719e+02
2.347100000000000080e+02 2.653776695371470851e+02
2.340600000000000023e+02 2.634471798596841836e+02
2.334070000000000107e+02 2.618330393518186838e+02
2.327549999999999955e+02 2.713277180795570871e+02
2.321040000000000134e+02 2.783431516567841300e+02
2.314509999999999934e+02 2.763756997446147352e+02
2.307980000000000018e+02 2.830065349323011219e+02
2.301469999999999914e+02 2.819069317618546506e+02
2.294939999999999998e+02 2.778632217871452781e+02
2.288420000000000130e+02 2.717949354978695737e+02
2.281899999999999977e+02 2.809457897733871050e+02
2.275370000000000061e+02 2.876924973945564261e+02
2.268839999999999861e+02 2.912009981824329543e+02
2.262330000000000041e+02 2.972520405471384493e+02
2.255800000000000125e+02 3.052742486161926081e+02
2.249269999999999925e+02 3.043537326609809384e+02
2.242729999999999961e+02 3.054324152656401452e+02
2.236220000000000141e+02 3.115911878290186792e+02
2.229679999999999893e+02 3.128981933593536269e+02
2.223149999999999977e+02 3.147363969479789034e+02
2.216630000000000109e+02 3.098394786747631429e+02
2.210099999999999909e+02 3.043926361581868036e+02
2.203559999999999945e+02 2.987094586814147306e+02
2.197019999999999982e+02 2.958423788541604154e+02
2.190500000000000114e+02 2.965780686581219925e+02
2.183969999999999914e+02 2.959205889732748460e+02
2.177429999999999950e+02 2.944427372859692582e+02
2.170889999999999986e+02 2.956963367223165733e+02
2.164370000000000118e+02 2.904125599195465952e+02
2.157829999999999870e+02 2.940930933933815936e+02
2.151289999999999907e+02 2.907249517523628697e+02
2.144749999999999943e+02 2.975741628232549942e+02
2.138220000000000027e+02 2.971482668239569307e+02
2.131680000000000064e+02 2.972446469160154265e+02
2.125140000000000100e+02 2.983965137568364980e+02
2.118600000000000136e+02 2.931996427829304821e+02
2.112069999999999936e+02 2.982827490716938428e+02
2.105529999999999973e+02 2.954641171415906342e+02
2.098979999999999961e+02 2.929234566186858046e+02
2.092439999999999998e+02 2.885710157709274313e+02
2.085910000000000082e+02 2.876192483812282603e+02
2.079360000000000070e+02 2.861469436628545395e+02
2.072820000000000107e+02 2.841662477811281633e+02
2.066270000000000095e+02 2.776030470277993913e+02
2.059739999999999895e+02 2.815036109353771963e+02
2.053189999999999884e+02 2.800441761740254947e+02
2.046639999999999873e+02 2.765820261187992628e+02
2.040089999999999861e+02 2.763963465698220716e+02
2.033540000000000134e+02 2.754545997060773743e+02
2.027009999999999934e+02 2.673162344250351339e+02
2.020459999999999923e+02 2.641762929823609625e+02
2.013909999999999911e+02 2.581014273538270345e+02
2.007350000000000136e+02 2.628652829213114615e+02
2.000800000000000125e+02 2.600096157731898074e+02
1.994259999999999877e+02 2.542516920694020541e+02
1.987709999999999866e+02 2.533780701196180019e+02
1.981160000000000139e+02 2.508222955850373808e+02
1.974600000000000080e+02 2.535522744198433145e+02
1.968050000000000068e+02 2.478901181075056570e+02
1.961510000000000105e+02 2.460900251073655340e+02
1.954950000000000045e+02 2.509149367555595234e+02
1.948389999999999986e+02 2.453142059168442586e+02
1.941839999999999975e+02 2.418715963658396220e+02
1.935279999999999916e+02 2.433567445094224126e+02
1.928739999999999952e+02 2.455175980192857708e+02
1.922179999999999893e+02 2.439509718385510553e+02
1.915620000000000118e+02 2.493025717871197457e+02
1.909060000000000059e+02 2.568978839525998978e+02
1.902500000000000000e+02 2.596193696622233347e+02
1.895939999999999941e+02 2.550226126360011563e+02
1.889389999999999930e+02 2.604167840484527119e+02
1.882829999999999870e+02 2.641839002873044819e+02
1.876270000000000095e+02 2.683533871378101594e+02
1.869699999999999989e+02 2.662280786448775416e+02
1.863139999999999930e+02 2.649984146648325805e+02
1.856570000000000107e+02 2.597840841912073415e+02
1.850010000000000048e+02 2.559378396507484297e+02
1.843460000000000036e+02 2.586908963541376920e+02
1.836889999999999930e+02 2.629369516868684400e+02
1.830329999999999870e+02 2.669108545343151491e+02
1.823760000000000048e+02 2.686843898101519699e+02
1.817189999999999941e+02 2.661298145550005643e+02
1.810620000000000118e+02 2.781449880814172388e+02
1.804050000000000011e+02 2.868383248822868268e+02
1.797500000000000000e+02 2.899151982362291164e+02
1.790929999999999893e+02 2.969773579801637879e+02
1.784360000000000070e+02 2.966080735625924945e+02
1.777789999999999964e+02 2.991566649618761176e+02
1.771220000000000141e+02 2.997917169319924255e+02
1.764650000000000034e+02 3.006240146801816309e+02
1.758069999999999879e+02 3.022533623249059929e+02
1.751500000000000057e+02 2.989429458422740709e+02
1.744939999999999998e+02 3.009471768006532670e+02
1.738369999999999891e+02 3.065836149752610140e+02
1.731790000000000020e+02 3.097249288796664359e+02
1.725219999999999914e+02 3.140326192691977667e+02
1.718640000000000043e+02 3.196829812675744051e+02
1.712059999999999889e+02 3.238678056528450497e+02
1.705490000000000066e+02 3.270169554435055943e+02
1.698909999999999911e+02 3.283402264881538031e+02
1.692330000000000041e+02 3.265032891067399987e+02
1.685749999999999886e+02 3.242795556164258528e+02
1.679190000000000111e+02 3.273102764999658234e+02
1.672609999999999957e+02 3.250780483699213050e+02
1.666030000000000086e+02 3.307317507267171663e+02
1.659449999999999932e+02 3.250380247584487847e+02
1.652870000000000061e+02 3.178684542979161165e+02
1.646279999999999859e+02 3.177528488128839967e+02
1.639699999999999989e+02 3.208272317035915080e+02
1.633120000000000118e+02 3.259192878597951335e+02
1.626539999999999964e+02 3.259146530626184699e+02
1.619950000000000045e+02 3.212574588745931123e+02
1.613369999999999891e+02 3.194047327751025023e+02
1.606779999999999973e+02 3.142505369664764316e+02
1.600190000000000055e+02 3.140622556291341425e+02
1.593609999999999900e+02 3.156833268632944396e+02
1.587040000000000077e+02 3.154701501635536260e+02
1.580449999999999875e+02 3.168496025192162620e+02
1.573859999999999957e+02 3.148083602076294483e+02
1.567270000000000039e+02 3.163280447347155473e+02
1.560680000000000121e+02 3.142857602325258881e+02
1.554089999999999918e+02 3.141831204650640075e+02
1.547500000000000000e+02 3.149390588238469491e+02
1.540910000000000082e+02 3.128923903702835787e+02
1.534319999999999879e+02 3.125786509698079954e+02
1.527729999999999961e+02 3.120822706061603071e+02
1.521140000000000043e+02 3.093516333082343976e+02
1.514540000000000077e+02 3.085071564122049494e+02
1.507949999999999875e+02 3.076555345752309449e+02
1.501359999999999957e+02 3.172287365034820255e+02
1.494759999999999991e+02 3.199912908089608550e+02
1.488170000000000073e+02 3.207077398513811772e+02
1.481570000000000107e+02 3.266939814657929446e+02
1.474970000000000141e+02 3.256874019971842245e+02
1.468379999999999939e+02 3.286008152511392382e+02
1.461779999999999973e+02 3.298379535348212244e+02
1.455180000000000007e+02 3.347615955236050809e+02
1.448580000000000041e+02 3.359149066510451576e+02
1.441980000000000075e+02 3.287185168911466917e+02
1.435380000000000109e+02 3.316055944818753005e+02
1.428779999999999859e+02 3.330174651838410682e+02
1.422179999999999893e+02 3.372264464446904526e+02
1.415579999999999927e+02 3.382423625437876353e+02
1.408979999999999961e+02 3.384490161297870259e+02
1.402379999999999995e+02 3.383239026987860143e+02
1.395769999999999982e+02 3.375643941855965977e+02
1.389170000000000016e+02 3.413805664497353405e+02
1.382560000000000002e+02 3.499800505382545452e+02
1.375960000000000036e+02 3.546907926317807096e+02
1.369350000000000023e+02 3.584244253167479428e+02
1.362750000000000057e+02 3.594104963500866461e+02
1.356140000000000043e+02 3.639185306026855642e+02
1.349540000000000077e+02 3.679084555776613570e+02
1.342930000000000064e+02 3.759250470145912004e+02
1.336320000000000050e+02 3.836737244892561307e+02
1.329710000000000036e+02 3.881250324797678672e+02
1.323100000000000023e+02 3.906291040751485752e+02
1.316490000000000009e+02 3.986458853264716140e+02
1.309879999999999995e+02 4.007197966743297570e+02
1.303269999999999982e+02 4.017582103532959650e+02
1.296659999999999968e+02 4.093428491974933650e+02
1.290049999999999955e+02 4.120734310019479381e+02
1.283420000000000130e+02 4.119661739228881743e+02
1.276809999999999974e+02 4.128030838854961644e+02
1.270190000000000055e+02 4.172846181692216305e+02
1.263580000000000041e+02 4.125892613648384213e+02
1.256959999999999980e+02 4.065691844094665726e+02
1.250349999999999966e+02 4.073051823579268671e+02
1.243730000000000047e+02 4.064054755571735313e+02
1.237120000000000033e+02 4.040321025569624567e+02
1.230499999999999972e+02 4.042889856423705623e+02
1.223880000000000052e+02 4.028123414129311755e+02
1.217259999999999991e+02 3.952305883250759848e+02
1.210639999999999930e+02 3.860436619949945793e+02
1.204030000000000058e+02 3.848925910221607296e+02
1.197409999999999997e+02 3.816886735887882196e+02
1.190780000000000030e+02 3.715481365721474276e+02
1.184150000000000063e+02 3.681520208934239236e+02
1.177530000000000001e+02 3.622978846163132403e+02
1.170909999999999940e+02 3.546366651131983190e+02
1.164279999999999973e+02 3.471701303898425977e+02
1.157660000000000053e+02 3.435680131775085897e+02
1.151039999999999992e+02 3.388930799450352538e+02
1.144410000000000025e+02 3.317264743459996339e+02
1.137789999999999964e+02 3.249891813727970771e+02
1.131159999999999997e+02 3.229514546361353382e+02
1.124539999999999935e+02 3.190292614188096536e+02
1.117890000000000015e+02 3.147685402861868056e+02
1.111269999999999953e+02 3.133474376597415016e+02
1.104639999999999986e+02 3.085664909485807925e+02
1.098010000000000019e+02 3.044008118695078338e+02
1.091380000000000052e+02 2.993590877606757203e+02
1.084749999999999943e+02 2.967335644950781557e+02
1.078119999999999976e+02 2.876219411866694031e+02
1.071490000000000009e+02 2.820675253655238066e+02
1.064849999999999994e+02 2.694740246643365822e+02
1.058209999999999980e+02 2.588167110446525498e+02
1.051580000000000013e+02 2.456850572904531020e+02
1.044950000000000045e+02 2.411471622605712355e+02
1.038319999999999936e+02 2.310824491358298189e+02
1.031680000000000064e+02 2.222030213711267663e+02
1.025049999999999955e+02 2.139651509406712648e+02
1.018400000000000034e+02 2.103256495900170648e+02
1.011760000000000019e+02 2.044424051219440912e+02
1.005130000000000052e+02 2.055399298542298538e+02
9.984900000000000375e+01 2.049591244510441754e+02
9.918529999999999802e+01 2.034543535855075902e+02
9.852150000000000318e+01 2.012398805988250672e+02
9.785769999999999413e+01 2.059331489028799638e+02
9.719230000000000302e+01 2.117305504044401232e+02
9.652830000000000155e+01 2.171074659033484693e+02
9.586430000000000007e+01 2.211983614871787438e+02
9.520029999999999859e+01 2.268443280515193408e+02
9.453610000000000468e+01 2.351526573027024654e+02
9.387199999999999989e+01 2.432980469302922870e+02
9.320619999999999550e+01 2.483753062273078456e+02
9.254200000000000159e+01 2.542550635308272433e+02
9.187760000000000105e+01 2.542556854407521030e+02
9.121320000000000050e+01 2.559736945093317786e+02
9.054879999999999995e+01 2.555324116036042028e+02
8.988280000000000314e+01 2.600403031672225325e+02
8.921819999999999595e+01 2.601333752365782743e+02
8.855360000000000298e+01 2.579697240220653498e+02
8.788890000000000668e+01 2.556321446832299102e+02
8.722419999999999618e+01 2.595885854047319867e+02
8.655939999999999657e+01 2.624846726423800192e+02
8.589300000000000068e+01 2.669352499916456622e+02
8.522809999999999775e+01 2.678587351619177639e+02
8.456319999999999482e+01 2.706660500270898524e+02
8.389820000000000277e+01 2.695439938288511712e+02
8.323160000000000025e+01 2.712990179346942341e+02
8.256650000000000489e+01 2.713407456296687315e+02
8.190130000000000621e+01 2.736173558154138732e+02
8.123609999999999332e+01 2.737161442724191147e+02
8.057080000000000553e+01 2.695478379047331714e+02
7.990389999999999304e+01 2.696753008804171259e+02
7.923850000000000193e+01 2.712422651242642360e+02
7.857299999999999329e+01 2.735879299696911744e+02
7.790749999999999886e+01 2.746923191978074783e+02
7.724039999999999395e+01 2.744419084956377901e+02
7.657479999999999620e+01 2.755749527046178287e+02
7.590909999999999513e+01 2.720231145648467646e+02
7.524339999999999407e+01 2.731370687706591980e+02
7.457760000000000389e+01 2.725770150785223791e+02
7.391020000000000323e+01 2.673473896075049083e+02
7.324429999999999552e+01 2.648265517937733193e+02
7.257829999999999870e+01 2.589839799252131911e+02
7.191230000000000189e+01 2.550311807458304827e+02
7.124469999999999459e+01 2.534563336269573597e+02
7.057850000000000534e+01 2.501601090160772003e+02
6.991230000000000189e+01 2.506789975419684993e+02
6.924609999999999843e+01 2.460344870342973991e+02
6.857829999999999870e+01 2.443581437431769245e+02
6.791190000000000282e+01 2.421429955098419100e+02
6.724550000000000693e+01 2.386903776357386562e+02
6.657750000000000057e+01 2.365382965825567112e+02
6.591100000000000136e+01 2.321680785931534103e+02
6.524439999999999884e+01 2.300995851974052471e+02
6.457769999999999300e+01 2.267219575154622646e+02
6.390950000000000131e+01 2.225620946790961909e+02
6.324269999999999925e+01 2.203297311767746010e+02
6.257589999999999719e+01 2.192300299239096546e+02
6.190899999999999892e+01 2.176877126875440069e+02
6.124060000000000059e+01 2.153638794409395700e+02
6.057359999999999900e+01 2.135020501166091549e+02
5.990659999999999741e+01 2.118015814914383839e+02
5.923799999999999955e+01 2.067514055712938159e+02
5.857079999999999842e+01 2.013890349363725818e+02
5.790359999999999729e+01 1.996704221790280656e+02
5.723629999999999995e+01 1.963099368452997169e+02
5.656750000000000256e+01 1.915768370895520150e+02
5.590010000000000190e+01 1.897137731549497630e+02
5.523270000000000124e+01 1.864316222782744603e+02
5.456360000000000099e+01 1.842005431246464582e+02
5.389609999999999701e+01 1.827313837244949752e+02
5.322849999999999682e+01 1.826418103855216657e+02
5.255930000000000035e+01 1.834759615098104746e+02
5.189159999999999684e+01 1.793611200666709919e+02
5.122379999999999711e+01 1.780767983896797375e+02
5.055440000000000111e+01 1.762379106837971676e+02
4.988660000000000139e+01 1.732713493088385235e+02
4.921860000000000213e+01 1.701408356962143102e+02
4.854910000000000281e+01 1.672960472286907532e+02
4.788100000000000023e+01 1.660783631585514115e+02
4.721289999999999765e+01 1.636852677111627372e+02
4.654319999999999879e+01 1.602532347185838546e+02
4.587500000000000000e+01 1.584328791602324031e+02
4.520669999999999789e+01 1.540443922017618377e+02
4.453679999999999950e+01 1.514866429056442598e+02
4.386840000000000117e+01 1.492274441427161946e+02
4.320000000000000284e+01 1.485614158074978377e+02
4.252989999999999782e+01 1.453647281337787831e+02
4.186129999999999995e+01 1.418208984669044241e+02
4.119270000000000209e+01 1.372212943504354996e+02
4.052250000000000085e+01 1.344443959225506831e+02
3.985379999999999967e+01 1.324240746775371349e+02
3.918500000000000227e+01 1.310413298331914120e+02
3.851460000000000150e+01 1.286345961994558422e+02
3.784570000000000078e+01 1.259629342624618999e+02
3.717519999999999669e+01 1.225908943316785127e+02
3.650619999999999976e+01 1.195995894496876986e+02
3.583709999999999951e+01 1.176818346751998092e+02
3.516640000000000299e+01 1.156196225608118766e+02
3.449719999999999942e+01 1.125244492727189538e+02
3.382800000000000296e+01 1.102313196280480696e+02
3.315709999999999980e+01 1.069457726431336084e+02
3.248780000000000001e+01 1.026579878868884066e+02
3.181680000000000064e+01 9.986180817904508444e+01
3.114730000000000132e+01 9.772038103116214813e+01
3.047779999999999845e+01 9.615605363328587885e+01
2.980669999999999931e+01 9.190764553136047255e+01
2.913700000000000045e+01 8.962358324865573422e+01
2.846730000000000160e+01 8.765599976117910330e+01
2.779599999999999937e+01 8.408399311792726394e+01
2.712620000000000076e+01 8.144308952306647598e+01
2.645479999999999876e+01 7.911170790276220544e+01
2.578490000000000038e+01 7.634347841257061873e+01
2.511329999999999885e+01 7.280333030155914287e+01
2.444330000000000069e+01 6.918268567344031794e+01
2.377319999999999922e+01 6.705300172613449661e+01
2.310150000000000148e+01 6.328849075444708205e+01
2.243130000000000024e+01 6.034068998022107166e+01
2.175949999999999918e+01 5.745423472734918136e+01
2.108909999999999840e+01 5.438258946902573854e+01
2.041870000000000118e+01 5.184783073092681605e+01
1.974680000000000035e+01 4.840363889892810789e+01
1.907629999999999981e+01 4.579346475993699528e+01
1.840419999999999945e+01 4.340911337604719478e+01
1.773349999999999937e+01 4.068311538254148019e+01
1.706129999999999924e+01 3.889493946580971340e+01
1.639059999999999917e+01 3.628421442808105013e+01
1.571979999999999933e+01 3.419049751312316943e+01
1.504739999999999966e+01 3.251393936731496837e+01
1.437650000000000006e+01 3.059737254800572614e+01
1.370410000000000039e+01 2.917611694625708907e+01
1.303299999999999947e+01 2.721233770122396223e+01
1.236040000000000028e+01 2.552693013401348665e+01
1.168929999999999936e+01 2.382567334035754669e+01
1.101660000000000039e+01 2.263534018923065361e+01
1.034529999999999994e+01 2.222251840697210667e+01
9.672489999999999810e+00 2.150404467259335561e+01
9.001129999999999853e+00 2.076195214708689463e+01
8.329710000000000392e+00 1.978344736310720364e+01
7.656710000000000349e+00 1.927079226330448947e+01
6.985170000000000101e+00 2.003771970561540527e+01
6.312050000000000161e+00 2.040885328677450872e+01
5.640399999999999636e+00 2.037162581234949243e+01
4.967170000000000307e+00 1.954202393711533858e+01
4.295410000000000394e+00 1.808213759915130581e+01
3.622059999999999835e+00 1.624194572522870317e+01
2.950180000000000025e+00 1.398448193056263733e+01
2.276720000000000077e+00 1.144655891130496350e+01
1.604729999999999990e+00 8.407349385026391175e+00
9.311519999999999797e-01 4.903800372521049056e+00
2.590439999999999965e-01 1.362832969116195558e+00
