4.498670000000000186e+02 7.239700607362078699e+01
4.492339999999999804e+02 5.726299454131043376e+01
4.486009999999999991e+02 5.033773489513215793e+01
4.479680000000000177e+02 7.045130107877544390e+01
4.473360000000000127e+02 6.823953857912850651e+01
4.467029999999999745e+02 6.468735050216078264e+01
4.460690000000000168e+02 7.656191742667155609e+01
4.454359999999999786e+02 6.900725335503051383e+01
4.448029999999999973e+02 6.682172688782536341e+01
4.441689999999999827e+02 7.261236631951287279e+01
4.435360000000000014e+02 7.969327923181757001e+01
4.429019999999999868e+02 9.333963475089035455e+01
4.422699999999999818e+02 8.056498521629175968e+01
4.416360000000000241e+02 9.084510811683459508e+01
4.410029999999999859e+02 8.993687944376780763e+01
4.403690000000000282e+02 8.185230458566414313e+01
4.397350000000000136e+02 8.162437149575539763e+01
4.391009999999999991e+02 7.945018066050977268e+01
4.384669999999999845e+02 6.433308766228890363e+01
4.378330000000000268e+02 6.866900756979443088e+01
4.371990000000000123e+02 6.332744405897553008e+01
4.365649999999999977e+02 6.764162459743093336e+01
4.359329999999999927e+02 5.272856673339689593e+01
4.352980000000000018e+02 4.364131969605479355e+01
4.346639999999999873e+02 4.288242088528230767e+01
4.340299999999999727e+02 4.466374782121071974e+01
4.333960000000000150e+02 4.453681392998795729e+01
4.327610000000000241e+02 6.082073324889918808e+01
4.321270000000000095e+02 5.498151390794632221e+01
4.314920000000000186e+02 4.541049947151900312e+01
4.308580000000000041e+02 4.090013759688254424e+01
4.302230000000000132e+02 4.515220900164919726e+01
4.295889999999999986e+02 5.186706130865368891e+01
4.289540000000000077e+02 4.302801777421775142e+01
4.283190000000000168e+02 4.847446658310962420e+01
4.276859999999999786e+02 4.834309537389383138e+01
4.270509999999999877e+02 4.143237527639811191e+01
4.264159999999999968e+02 3.456501118674741235e+01
4.257810000000000059e+02 4.119022564159138966e+01
4.251460000000000150e+02 4.594864917382823677e+01
4.245110000000000241e+02 5.493334780419966989e+01
4.238759999999999764e+02 5.537839324873030478e+01
4.232409999999999854e+02 6.065950362458209355e+01
4.226050000000000182e+02 5.325023142731051706e+01
4.219700000000000273e+02 5.429769841623382121e+01
4.213349999999999795e+02 5.593619321260599264e+01
4.206990000000000123e+02 6.413403001752136845e+01
4.200640000000000214e+02 6.454136790482573360e+01
4.194289999999999736e+02 7.147555433424683713e+01
4.187930000000000064e+02 5.764715474229528525e+01
4.181569999999999823e+02 5.452500877476239083e+01
4.175219999999999914e+02 5.789703611160507535e+01
4.168860000000000241e+02 7.063449910693259426e+01
4.162500000000000000e+02 7.686152106397200612e+01
4.156150000000000091e+02 7.780155670758777831e+01
4.149789999999999850e+02 7.989544714372256351e+01
4.143430000000000177e+02 8.197581369412351648e+01
4.137069999999999936e+02 7.363621011433934882e+01
4.130710000000000264e+02 8.552211026042026276e+01
4.124350000000000023e+02 9.101356028260784115e+01
4.117989999999999782e+02 9.532609572314702007e+01
4.111630000000000109e+02 9.161072769763418933e+01
4.105260000000000105e+02 8.791846070399076041e+01
4.098899999999999864e+02 9.049295846315048664e+01
4.092540000000000191e+02 7.776695898355364989e+01
4.086170000000000186e+02 7.865927642183909541e+01
4.079809999999999945e+02 8.348583949777247426e+01
4.073439999999999941e+02 7.986625726991096030e+01
4.067080000000000268e+02 7.626789291128146431e+01
4.060710000000000264e+02 8.495514858807668190e+01
4.054350000000000023e+02 7.246742769750812840e+01
4.047980000000000018e+02 7.390995574552989922e+01
4.041610000000000014e+02 7.147376075596542933e+01
4.035240000000000009e+02 7.676430757642417291e+01
4.028879999999999768e+02 6.499826231133118881e+01
4.022509999999999764e+02 7.027072213516598254e+01
4.016139999999999759e+02 5.804980708198264239e+01
4.009769999999999754e+02 5.895904030124081885e+01
4.003399999999999750e+02 4.630043255739284547e+01
3.997029999999999745e+02 5.589043256559758532e+01
3.990649999999999977e+02 5.248158155824459925e+01
3.984279999999999973e+02 4.211435584894273632e+01
3.977909999999999968e+02 3.930728684169992704e+01
3.971519999999999868e+02 3.810384251456166993e+01
3.965149999999999864e+02 3.000754615620153487e+01
3.958770000000000095e+02 3.415713435998304703e+01
3.952400000000000091e+02 2.241355976986285015e+01
3.946019999999999754e+02 3.078153302692156856e+01
3.939649999999999750e+02 2.174637476749193254e+01
3.933269999999999982e+02 2.062982280643019806e+01
3.926890000000000214e+02 3.257959199319523691e+01
3.920520000000000209e+02 3.039494158848352612e+01
3.914139999999999873e+02 3.964108919666053055e+01
3.907760000000000105e+02 4.002861577793198933e+01
3.901379999999999768e+02 5.330823943326830516e+01
3.895000000000000000e+02 6.497023975752227898e+01
3.888609999999999900e+02 5.862341532616196105e+01
3.882230000000000132e+02 5.996502188840526060e+01
3.875849999999999795e+02 6.588424315794621577e+01
3.869460000000000264e+02 7.125665598890040542e+01
3.863079999999999927e+02 7.760717018382391075e+01
3.856700000000000159e+02 8.139261388716145973e+01
3.850319999999999823e+02 8.565534090344615947e+01
3.843929999999999723e+02 7.735923662249038557e+01
3.837549999999999955e+02 8.210241539578379388e+01
3.831159999999999854e+02 7.935365364646456499e+01
3.824759999999999991e+02 7.809717650981336590e+01
3.818380000000000223e+02 7.487800538378894544e+01
3.811990000000000123e+02 6.230979559423729341e+01
3.805600000000000023e+02 6.899046708882893597e+01
3.799220000000000255e+02 6.582643464971781100e+01
3.792830000000000155e+02 5.828566334761830348e+01
3.786440000000000055e+02 6.296022568947788756e+01
3.780049999999999955e+02 5.789643070921422918e+01
3.773650000000000091e+02 5.965287988960879773e+01
3.767259999999999991e+02 7.728784962465044828e+01
3.760860000000000127e+02 7.558991184027509291e+01
3.754470000000000027e+02 9.113712519329898498e+01
3.748079999999999927e+02 8.987661200450783383e+01
3.741689999999999827e+02 9.433133585831735957e+01
3.735299999999999727e+02 9.923626244404691477e+01
3.728890000000000100e+02 1.003324379523559458e+02
3.722500000000000000e+02 9.245959416264544473e+01
3.716100000000000136e+02 1.043544977356953751e+02
3.709710000000000036e+02 9.558789821885859794e+01
3.703310000000000173e+02 9.154962030045653876e+01
3.696909999999999741e+02 8.844899827674468895e+01
3.690500000000000114e+02 9.046287822323962757e+01
3.684110000000000014e+02 8.554505725393633497e+01
3.677710000000000150e+02 8.341608560608038658e+01
3.671309999999999718e+02 7.946643184861024167e+01
3.664909999999999854e+02 9.107887484323370586e+01
3.658509999999999991e+02 8.393605524672619822e+01
3.652099999999999795e+02 8.365584829131526590e+01
3.645699999999999932e+02 9.376866386816990939e+01
3.639300000000000068e+02 9.164784700636812431e+01
3.632900000000000205e+02 9.043328802792476040e+01
3.626490000000000009e+02 9.235913074719631766e+01
3.620079999999999814e+02 8.981914074364581779e+01
3.613670000000000186e+02 8.817635390895009095e+01
3.607269999999999754e+02 8.167539721527542440e+01
3.600869999999999891e+02 8.404449716705212836e+01
3.594460000000000264e+02 7.584284366569411873e+01
3.588039999999999736e+02 6.986454744904078495e+01
3.581639999999999873e+02 6.744415906219822432e+01
3.575230000000000246e+02 6.198727661628947772e+01
3.568829999999999814e+02 6.957416321941921922e+01
3.562420000000000186e+02 6.717203713943662535e+01
3.556000000000000227e+02 6.823676211625500798e+01
3.549590000000000032e+02 7.143174239584985230e+01
3.543179999999999836e+02 6.433591877541780946e+01
3.536770000000000209e+02 6.624705695632094660e+01
3.530350000000000250e+02 7.578188040608671372e+01
3.523940000000000055e+02 7.805581203183470507e+01
3.517520000000000095e+02 7.778052753630132088e+01
3.511109999999999900e+02 6.279020541760758078e+01
3.504689999999999941e+02 6.801661437718250625e+01
3.498269999999999982e+02 6.986173121917634887e+01
3.491859999999999786e+02 6.836615554663569583e+01
3.485450000000000159e+02 6.688436775882837537e+01
3.479019999999999868e+02 6.539862013029738819e+01
3.472599999999999909e+02 6.105439898230149254e+01
3.466190000000000282e+02 6.001539818622961064e+01
3.459769999999999754e+02 5.816517982690416488e+01
3.453340000000000032e+02 6.325027964441888884e+01
3.446929999999999836e+02 6.626752308766455712e+01
3.440509999999999877e+02 6.360196688391124553e+01
3.434089999999999918e+02 6.256614576793285920e+01
3.427660000000000196e+02 5.832867199365279731e+01
3.421240000000000236e+02 6.651532366182324552e+01
3.414820000000000277e+02 6.826499366366769550e+01
3.408399999999999750e+02 6.761570083091739036e+01
3.401970000000000027e+02 7.093350350515289904e+01
3.395539999999999736e+02 7.146073448227637925e+01
3.389119999999999777e+02 6.923330975865984271e+01
3.382690000000000055e+02 7.094282464995049509e+01
3.376259999999999764e+02 8.042078337821219236e+01
3.369839999999999804e+02 8.633777031866347329e+01
3.363419999999999845e+02 8.254088800548836957e+01
3.356979999999999791e+02 7.722269199571898923e+01
3.350550000000000068e+02 7.578586542632024248e+01
3.344130000000000109e+02 7.206642942485872538e+01
3.337690000000000055e+02 7.293611520099311463e+01
3.331259999999999764e+02 7.456509861993521326e+01
3.324830000000000041e+02 8.449679209798661361e+01
3.318389999999999986e+02 7.966863986137991560e+01
3.311960000000000264e+02 8.574667229889219300e+01
3.305539999999999736e+02 8.280566542829517118e+01
3.299110000000000014e+02 8.771071463590766371e+01
3.292660000000000196e+02 9.072448200276114960e+01
3.286229999999999905e+02 9.556087821274941518e+01
3.279800000000000182e+02 9.373021585487039431e+01
3.273360000000000127e+02 9.079848295441730954e+01
3.266929999999999836e+02 8.204752093825705117e+01
3.260489999999999782e+02 8.027918351523504725e+01
3.254049999999999727e+02 7.815806944557104430e+01
3.247610000000000241e+02 8.219893961323600706e+01
3.241179999999999950e+02 7.900477641514733307e+01
3.234730000000000132e+02 8.085275147982594035e+01
3.228290000000000077e+02 8.089679305618771821e+01
3.221840000000000259e+02 8.735568820514733090e+01
3.215409999999999968e+02 8.772442324357375298e+01
3.208969999999999914e+02 9.479854869144078577e+01
3.202520000000000095e+02 9.866269094090047531e+01
3.196080000000000041e+02 9.792617525363156972e+01
3.189639999999999986e+02 1.006880110053852064e+02
3.183190000000000168e+02 1.048183346165980083e+02
3.176750000000000114e+02 9.817507694864868029e+01
3.170310000000000059e+02 8.779474309236613294e+01
3.163860000000000241e+02 8.743752570648301514e+01
3.157420000000000186e+02 8.504711112780614712e+01
3.150980000000000132e+02 7.959792999807379488e+01
3.144519999999999982e+02 7.792060454176242956e+01
3.138079999999999927e+02 7.524631831478133392e+01
3.131619999999999777e+02 7.360014172469537641e+01
3.125179999999999723e+02 7.129255888315508116e+01
3.118729999999999905e+02 7.200911054302795833e+01
3.112269999999999754e+02 8.371563558143472505e+01
3.105830000000000268e+02 7.840600423301255262e+01
3.099370000000000118e+02 7.610868653068000356e+01
3.092919999999999732e+02 7.679431219323052460e+01
3.086469999999999914e+02 7.451999587112007362e+01
3.080009999999999764e+02 8.107547413474047460e+01
3.073570000000000277e+02 8.464706876092937193e+01
3.067099999999999795e+02 8.560770521111628284e+01
3.060649999999999977e+02 8.396772146616503107e+01
3.054200000000000159e+02 8.330253031239769257e+01
3.047740000000000009e+02 8.264915134037009636e+01
3.041290000000000191e+02 8.199887878731688318e+01
3.034820000000000277e+02 9.054339558206717697e+01
3.028369999999999891e+02 9.586064414153234736e+01
3.021920000000000073e+02 9.986588540865822949e+01
3.015450000000000159e+02 9.664372476690832059e+01
3.008999999999999773e+02 9.000193028881106727e+01
3.002529999999999859e+02 9.864910269228496986e+01
2.996080000000000041e+02 9.452732654044413607e+01
2.989610000000000127e+02 8.981472213132722970e+01
2.983149999999999977e+02 9.743193738198191056e+01
2.976700000000000159e+02 9.305567163523747354e+01
2.970230000000000246e+02 9.327234836364725368e+01
2.963770000000000095e+02 8.711790160449130838e+01
2.957300000000000182e+02 8.494922996250120661e+01
2.950840000000000032e+02 8.729901170018848688e+01
2.944370000000000118e+02 8.064524321301863097e+01
2.937909999999999968e+02 8.299028175647792693e+01
2.931429999999999723e+02 9.688719383426014531e+01
2.924970000000000141e+02 9.618352507775334459e+01
2.918500000000000227e+02 9.136145456044208402e+01
2.912040000000000077e+02 8.950700187417167797e+01
2.905570000000000164e+02 9.349587453449748864e+01
2.899100000000000250e+02 9.862910420615730800e+01
2.892629999999999768e+02 1.063042813068304042e+02
2.886159999999999854e+02 1.107545102392206644e+02
2.879689999999999941e+02 1.137222976584748722e+02
2.873210000000000264e+02 1.138057990211930104e+02
2.866750000000000114e+02 1.121765496173982513e+02
2.860269999999999868e+02 1.179243789741960029e+02
2.853799999999999955e+02 1.196702803310235765e+02
2.847320000000000277e+02 1.180282016926069986e+02
2.840849999999999795e+02 1.233839349005625081e+02
2.834370000000000118e+02 1.256337346737314107e+02
2.827900000000000205e+02 1.309001969106394085e+02
2.821419999999999959e+02 1.352991797793561091e+02
2.814950000000000045e+02 1.371713658038569861e+02
2.808469999999999800e+02 1.420469013256966946e+02
2.801990000000000123e+02 1.370649913371944990e+02
2.795509999999999877e+02 1.337478191926890645e+02
2.789039999999999964e+02 1.350540956822010514e+02
2.782549999999999955e+02 1.347174876025566164e+02
2.776080000000000041e+02 1.346568224077525144e+02
2.769590000000000032e+02 1.324585767099029852e+02
2.763120000000000118e+02 1.347823849806876240e+02
2.756630000000000109e+02 1.320730500549740896e+02
2.750149999999999864e+02 1.341024077758641226e+02
2.743659999999999854e+02 1.450165425993146187e+02
2.737189999999999941e+02 1.532134319141775052e+02
2.730699999999999932e+02 1.551204097164809355e+02
2.724220000000000255e+02 1.526087315253168128e+02
2.717730000000000246e+02 1.488378392359828979e+02
2.711240000000000236e+02 1.458588167756101086e+02
2.704759999999999991e+02 1.411273657646182187e+02
2.698260000000000218e+02 1.432688816296266907e+02
2.691779999999999973e+02 1.476604928404814245e+02
2.685289999999999964e+02 1.402050207563129334e+02
2.678809999999999718e+02 1.380564000009064785e+02
2.672309999999999945e+02 1.354376000209663005e+02
2.665830000000000268e+02 1.380290889484243735e+02
2.659329999999999927e+02 1.472510856697747386e+02
2.652839999999999918e+02 1.509893214533849459e+02
2.646349999999999909e+02 1.571252784016671171e+02
2.639850000000000136e+02 1.527497913340509399e+02
2.633369999999999891e+02 1.505810640186863623e+02
2.626870000000000118e+02 1.542149121373261380e+02
2.620380000000000109e+02 1.503816350025193458e+02
2.613879999999999768e+02 1.561111800828784624e+02
2.607400000000000091e+02 1.525371274427724870e+02
2.600899999999999750e+02 1.454316052925597091e+02
2.594390000000000214e+02 1.487410366587286319e+02
2.587900000000000205e+02 1.454584321713979307e+02
2.581399999999999864e+02 1.454669742732596376e+02
2.574909999999999854e+02 1.438489591226225173e+02
2.568410000000000082e+02 1.503153147753314158e+02
2.561899999999999977e+02 1.551115699638502576e+02
2.555409999999999968e+02 1.518514862819542373e+02
2.548899999999999864e+02 1.547615349940830924e+02
2.542410000000000139e+02 1.542473869209079282e+02
2.535910000000000082e+02 1.487685783448035295e+02
2.529399999999999977e+02 1.484934810886349794e+02
2.522899999999999920e+02 1.502361251857733464e+02
2.516399999999999864e+02 1.546085775478265703e+02
2.509900000000000091e+02 1.474468309258191425e+02
2.503389999999999986e+02 1.476046402611424355e+02
2.496879999999999882e+02 1.506051921003244729e+02
2.490380000000000109e+02 1.509483344924195762e+02
2.483870000000000005e+02 1.551934237203522002e+02
2.477359999999999900e+02 1.589535817527250288e+02
2.470860000000000127e+02 1.566677418256357726e+02
2.464350000000000023e+02 1.610132053634839906e+02
2.457849999999999966e+02 1.538429180129016345e+02
2.451330000000000098e+02 1.570924777588713539e+02
2.444819999999999993e+02 1.537833975148060688e+02
2.438319999999999936e+02 1.509276170042516299e+02
2.431800000000000068e+02 1.487084922806911607e+02
2.425289999999999964e+02 1.479611900720535687e+02
2.418779999999999859e+02 1.533940517727548922e+02
2.412270000000000039e+02 1.569286530344568291e+02
2.405749999999999886e+02 1.528726746996920554e+02
2.399240000000000066e+02 1.589929838921810017e+02
2.392719999999999914e+02 1.581876801872658405e+02
2.386200000000000045e+02 1.607951995633830506e+02
2.379699999999999989e+02 1.595734981399874926e+02
2.373180000000000121e+02 1.635268001973251728e+02
2.366670000000000016e+02 1.626916727599464139e+02
2.360149999999999864e+02 1.620445758940269627e+02
2.353629999999999995e+02 1.647344672294125871e+02
2.347100000000000080e+02 1.703084945433545556e+02
2.340600000000000023e+02 1.688412997498661809e+02
2.334070000000000107e+02 1.675784636744567422e+02
2.327549999999999955e+02 1.734182024277289145e+02
2.321040000000000134e+02 1.776589629109102191e+02
2.314509999999999934e+02 1.761608993509564698e+02
2.307980000000000018e+02 1.801385630621284122e+02
2.301469999999999914e+02 1.791913757255398991e+02
2.294939999999999998e+02 1.763762253284230610e+02
2.288420000000000130e+02 1.722848858930465212e+02
2.281899999999999977e+02 1.778370034387884289e+02
2.275370000000000061e+02 1.818525179773425009e+02
2.268839999999999861e+02 1.838117068528491700e+02
2.262330000000000041e+02 1.873675980634517657e+02
2.255800000000000125e+02 1.921521567540291073e+02
2.249269999999999925e+02 1.913012627148681588e+02
2.242729999999999961e+02 1.917058869393459872e+02
2.236220000000000141e+02 1.952932434797596670e+02
2.229679999999999893e+02 1.958314133602848415e+02
2.223149999999999977e+02 1.966991609216987911e+02
2.216630000000000109e+02 1.933605847240621358e+02
2.210099999999999909e+02 1.896872497084818576e+02
2.203559999999999945e+02 1.858758142049823903e+02
2.197019999999999982e+02 1.838239385440491560e+02
2.190500000000000114e+02 1.840128792157741771e+02
2.183969999999999914e+02 1.833365415436782087e+02
2.177429999999999950e+02 1.821530581235070372e+02
2.170889999999999986e+02 1.826590374202407361e+02
2.164370000000000118e+02 1.791309533030809575e+02
2.157829999999999870e+02 1.811321406307505129e+02
2.151289999999999907e+02 1.787915276059991925e+02
2.144749999999999943e+02 1.827305163880170369e+02
2.138220000000000027e+02 1.821963913157172499e+02
2.131680000000000064e+02 1.819819333503386076e+02
2.125140000000000100e+02 1.824120598605140060e+02
2.118600000000000136e+02 1.789646288294087242e+02
2.112069999999999936e+02 1.817917439276317282e+02
2.105529999999999973e+02 1.798003351595239110e+02
2.098979999999999961e+02 1.779821954316577717e+02
2.092439999999999998e+02 1.750696503167770004e+02
2.085910000000000082e+02 1.742250430941025741e+02
2.079360000000000070e+02 1.730661594112155512e+02
2.072820000000000107e+02 1.716030249445840070e+02
2.066270000000000095e+02 1.673799046318405885e+02
2.059739999999999895e+02 1.694684683345471683e+02
2.053189999999999884e+02 1.683269187944061400e+02
2.046639999999999873e+02 1.659858749504707305e+02
2.040089999999999861e+02 1.656140883160644819e+02
2.033540000000000134e+02 1.647899646963018085e+02
2.027009999999999934e+02 1.596696506525296684e+02
2.020459999999999923e+02 1.575442634980969956e+02
2.013909999999999911e+02 1.536770466380435778e+02
2.007350000000000136e+02 1.562635054573472360e+02
2.000800000000000125e+02 1.543188728332622475e+02
1.994259999999999877e+02 1.506600038898785954e+02
1.987709999999999866e+02 1.499008166823651038e+02
1.981160000000000139e+02 1.481494240736280688e+02
1.974600000000000080e+02 1.495190323056779107e+02
1.968050000000000068e+02 1.459429089623933180e+02
1.961510000000000105e+02 1.446475802422924914e+02
1.954950000000000045e+02 1.472421302808545818e+02
1.948389999999999986e+02 1.437194284169212324e+02
1.941839999999999975e+02 1.414697439019121248e+02
1.935279999999999916e+02 1.421033207708675263e+02
1.928739999999999952e+02 1.431283090092337318e+02
1.922179999999999893e+02 1.419787990043606101e+02
1.915620000000000118e+02 1.448514545223356151e+02
1.909060000000000059e+02 1.490147940615497362e+02
1.902500000000000000e+02 1.503408255463866965e+02
1.895939999999999941e+02 1.474306947573064406e+02
1.889389999999999930e+02 1.502953646542532056e+02
1.882829999999999870e+02 1.522113886807664187e+02
1.876270000000000095e+02 1.543511230390438129e+02
1.869699999999999989e+02 1.528676558125707459e+02
1.863139999999999930e+02 1.519017763130369758e+02
1.856570000000000107e+02 1.486575175199377554e+02
1.850010000000000048e+02 1.462050424296611482e+02
1.843460000000000036e+02 1.475233634991686813e+02
1.836889999999999930e+02 1.496850409944059948e+02
1.830329999999999870e+02 1.516837357043694681e+02
1.823760000000000048e+02 1.524256134146858415e+02
1.817189999999999941e+02 1.507126896900747113e+02
1.810620000000000118e+02 1.572406577713359752e+02
1.804050000000000011e+02 1.618699006569446226e+02
1.797500000000000000e+02 1.633185957793569969e+02
1.790929999999999893e+02 1.670008979219505818e+02
1.784360000000000070e+02 1.664973795675697374e+02
1.777789999999999964e+02 1.676291540540092058e+02
1.771220000000000141e+02 1.676851908466125565e+02
1.764650000000000034e+02 1.678497089517663881e+02
1.758069999999999879e+02 1.684559304135747482e+02
1.751500000000000057e+02 1.663109504324064005e+02
1.744939999999999998e+02 1.671239415121114860e+02
1.738369999999999891e+02 1.699453965806574445e+02
1.731790000000000020e+02 1.713741309787043861e+02
1.725219999999999914e+02 1.734407934799274926e+02
1.718640000000000043e+02 1.762380660402819217e+02
1.712059999999999889e+02 1.782171004769159879e+02
1.705490000000000066e+02 1.796189378302240414e+02
1.698909999999999911e+02 1.800125018014145724e+02
1.692330000000000041e+02 1.786736859428962134e+02
1.685749999999999886e+02 1.771269550933931214e+02
1.679190000000000111e+02 1.784499907461943735e+02
1.672609999999999957e+02 1.769015792488095542e+02
1.666030000000000086e+02 1.796405058209466858e+02
1.659449999999999932e+02 1.762158636713007525e+02
1.652870000000000061e+02 1.720039209634340409e+02
1.646279999999999859e+02 1.716154371595906980e+02
1.639699999999999989e+02 1.729468686881563713e+02
1.633120000000000118e+02 1.753571753881148254e+02
1.626539999999999964e+02 1.750197884913770849e+02
1.619950000000000045e+02 1.721879553830571012e+02
1.613369999999999891e+02 1.708660569727080656e+02
1.606779999999999973e+02 1.677844814315522797e+02
1.600190000000000055e+02 1.673593678259204012e+02
1.593609999999999900e+02 1.678970656566509945e+02
1.587040000000000077e+02 1.674579557394040989e+02
1.580449999999999875e+02 1.678616720858230451e+02
1.573859999999999957e+02 1.664535854104935595e+02
1.567270000000000039e+02 1.669284538040329551e+02
1.560680000000000121e+02 1.655239359861163848e+02
1.554089999999999918e+02 1.651428262519271470e+02
1.547500000000000000e+02 1.652119830717911384e+02
1.540910000000000082e+02 1.638120201302674843e+02
1.534319999999999879e+02 1.633214225992687432e+02
1.527729999999999961e+02 1.627359292333362362e+02
1.521140000000000043e+02 1.609884868471760058e+02
1.514540000000000077e+02 1.602255149127111054e+02
1.507949999999999875e+02 1.594607948719067565e+02
1.501359999999999957e+02 1.640896856115692515e+02
1.494759999999999991e+02 1.651820807755729277e+02
1.488170000000000073e+02 1.652148441343697414e+02
1.481570000000000107e+02 1.679543921026755982e+02
1.474970000000000141e+02 1.670934914654715726e+02
1.468379999999999939e+02 1.682418643058683188e+02
1.461779999999999973e+02 1.685268159750764596e+02
1.455180000000000007e+02 1.706884524922892297e+02
1.448580000000000041e+02 1.709210082546060505e+02
1.441980000000000075e+02 1.669113029211505648e+02
1.435380000000000109e+02 1.680256838389269660e+02
1.428779999999999859e+02 1.683877452709804459e+02
1.422179999999999893e+02 1.701578286541189300e+02
1.415579999999999927e+02 1.703109687115046711e+02
1.408979999999999961e+02 1.700550518610929771e+02
1.402379999999999995e+02 1.696320648622194938e+02
1.395769999999999982e+02 1.688911186401247448e+02
1.389170000000000016e+02 1.704364060522832744e+02
1.382560000000000002e+02 1.743556103071707923e+02
1.375960000000000036e+02 1.763236184075686026e+02
1.369350000000000023e+02 1.777960128765863317e+02
1.362750000000000057e+02 1.779007690585990247e+02
1.356140000000000043e+02 1.797420070013039037e+02
1.349540000000000077e+02 1.813185522488863910e+02
1.342930000000000064e+02 1.848657535080091918e+02
1.336320000000000050e+02 1.882639888065123159e+02
1.329710000000000036e+02 1.900308943103535171e+02
1.323100000000000023e+02 1.908366655230905167e+02
1.316490000000000009e+02 1.943238975462955409e+02
1.309879999999999995e+02 1.949031486699167601e+02
1.303269999999999982e+02 1.949751207416842647e+02
1.296659999999999968e+02 1.982143195924207930e+02
1.290049999999999955e+02 1.990917093037452901e+02
1.283420000000000130e+02 1.985935804626800518e+02
1.276809999999999974e+02 1.985508579320039360e+02
1.270190000000000055e+02 2.002543665313255303e+02
1.263580000000000041e+02 1.975546521283395975e+02
1.256959999999999980e+02 1.942313166043414014e+02
1.250349999999999966e+02 1.941416123439824730e+02
1.243730000000000047e+02 1.932715222848725318e+02
1.237120000000000033e+02 1.917045905381498301e+02
1.230499999999999972e+02 1.913870006946874867e+02
1.223880000000000052e+02 1.902498747645859964e+02
1.217259999999999991e+02 1.862389783676723027e+02
1.210639999999999930e+02 1.814897380587572968e+02
1.204030000000000058e+02 1.805299211316592789e+02
1.197409999999999997e+02 1.786111557372394145e+02
1.190780000000000030e+02 1.734602224770166004e+02
1.184150000000000063e+02 1.714724545841433496e+02
1.177530000000000001e+02 1.683503691466181351e+02
1.170909999999999940e+02 1.644031697414085613e+02
1.164279999999999973e+02 1.605619855149919886e+02
1.157660000000000053e+02 1.585204896942383357e+02
1.151039999999999992e+02 1.559928959234325134e+02
1.144410000000000025e+02 1.523306600777401911e+02
1.137789999999999964e+02 1.488811761654707766e+02
1.131159999999999997e+02 1.475934572902170032e+02
1.124539999999999935e+02 1.454514575396021314e+02
1.117890000000000015e+02 1.431623807794363756e+02
1.111269999999999953e+02 1.421724395083395791e+02
1.104639999999999986e+02 1.396642768415088085e+02
1.098010000000000019e+02 1.374442882209663424e+02
1.091380000000000052e+02 1.348387549805564731e+02
1.084749999999999943e+02 1.333298076176404265e+02
1.078119999999999976e+02 1.289194021391177500e+02
1.071490000000000009e+02 1.261193928736586543e+02
1.064849999999999994e+02 1.201915876833257499e+02
1.058209999999999980e+02 1.151528749080143541e+02
1.051580000000000013e+02 1.090398879236647787e+02
1.044950000000000045e+02 1.067601920252057539e+02
1.038319999999999936e+02 1.020498056896862096e+02
1.031680000000000064e+02 9.788327952232572216e+01
1.025049999999999955e+02 9.401854788083826975e+01
1.018400000000000034e+02 9.218662216569185830e+01
1.011760000000000019e+02 8.938212687695960312e+01
1.005130000000000052e+02 8.963503158497194079e+01
9.984900000000000375e+01 8.915509881934971759e+01
9.918529999999999802e+01 8.827562972547953279e+01
9.852150000000000318e+01 8.709227935852274527e+01
9.785769999999999413e+01 8.889550042571127619e+01
9.719230000000000302e+01 9.116310547584591006e+01
9.652830000000000155e+01 9.323774509421680534e+01
9.586430000000000007e+01 9.474960380048071329e+01
9.520029999999999859e+01 9.691671986437160058e+01
9.453610000000000468e+01 1.002056784367592002e+02
9.387199999999999989e+01 1.034069830962004062e+02
9.320619999999999550e+01 1.052889355162924119e+02
9.254200000000000159e+01 1.074995359307046527e+02
9.187760000000000105e+01 1.072178985409807126e+02
9.121320000000000050e+01 1.076585084593966286e+02
9.054879999999999995e+01 1.071895513875993089e+02
8.988280000000000314e+01 1.087913399106788717e+02
8.921819999999999595e+01 1.085416786594316676e+02
8.855360000000000298e+01 1.073527096988958363e+02
8.788890000000000668e+01 1.060963027436993400e+02
8.722419999999999618e+01 1.074502229263129465e+02
8.655939999999999657e+01 1.083575994817177701e+02
8.589300000000000068e+01 1.098977975749746889e+02
8.522809999999999775e+01 1.099806320765030705e+02
8.456319999999999482e+01 1.108327841086497330e+02
8.389820000000000277e+01 1.100740817720101319e+02
8.323160000000000025e+01 1.104888350326122719e+02
8.256650000000000489e+01 1.102045526511970905e+02
8.190130000000000621e+01 1.108253268786466350e+02
8.123609999999999332e+01 1.105614157338389134e+02
8.057080000000000553e+01 1.085784671403237667e+02
7.990389999999999304e+01 1.083296565906452855e+02
7.923850000000000193e+01 1.086579010646807433e+02
7.857299999999999329e+01 1.092937198615663164e+02
7.790749999999999886e+01 1.094298937165431056e+02
7.724039999999999395e+01 1.090247308766095955e+02
7.657479999999999620e+01 1.091688905604849396e+02
7.590909999999999513e+01 1.074598871974996968e+02
7.524339999999999407e+01 1.075967473412188298e+02
7.457760000000000389e+01 1.070735824101489868e+02
7.391020000000000323e+01 1.047219506121597306e+02
7.324429999999999552e+01 1.034406748456301415e+02
7.257829999999999870e+01 1.008712801583526897e+02
7.191230000000000189e+01 9.904883431027630536e+01
7.124469999999999459e+01 9.815542382047880210e+01
7.057850000000000534e+01 9.660147001806413414e+01
6.991230000000000189e+01 9.652385175324285171e+01
6.924609999999999843e+01 9.446278850484789302e+01
6.857829999999999870e+01 9.354771646138411256e+01
6.791190000000000282e+01 9.243134576695155147e+01
6.724550000000000693e+01 9.084898367957238463e+01
6.657750000000000057e+01 8.976726814357796513e+01
6.591100000000000136e+01 8.785169526524916250e+01
6.524439999999999884e+01 8.681423178780498517e+01
6.457769999999999300e+01 8.528894311492720703e+01
6.390950000000000131e+01 8.347727981908461459e+01
6.324269999999999925e+01 8.239623474584914220e+01
6.257589999999999719e+01 8.174253103775774321e+01
6.190899999999999892e+01 8.092677935509304632e+01
6.124060000000000059e+01 7.982434097241772974e+01
6.057359999999999900e+01 7.889836690580538914e+01
5.990659999999999741e+01 7.803605629611527661e+01
5.923799999999999955e+01 7.594663819340779298e+01
5.857079999999999842e+01 7.375463422514759770e+01
5.790359999999999729e+01 7.290494538751913467e+01
5.723629999999999995e+01 7.146146371951780907e+01
5.656750000000000256e+01 6.952689269498375779e+01
5.590010000000000190e+01 6.864169930960389365e+01
5.523270000000000124e+01 6.724885199050972062e+01
5.456360000000000099e+01 6.624078843329583322e+01
5.389609999999999701e+01 6.551138236960341032e+01
5.322849999999999682e+01 6.527834812447699164e+01
5.255930000000000035e+01 6.537426031308962138e+01
5.189159999999999684e+01 6.371104291231694106e+01
5.122379999999999711e+01 6.305923211583931476e+01
5.055440000000000111e+01 6.221413276816116422e+01
4.988660000000000139e+01 6.097682650298324347e+01
4.921860000000000213e+01 5.968857363718257147e+01
4.854910000000000281e+01 5.850681115921236852e+01
4.788100000000000023e+01 5.789901637629876063e+01
4.721289999999999765e+01 5.688553466246357004e+01
4.654319999999999879e+01 5.551708080388758759e+01
4.587500000000000000e+01 5.471320827292652211e+01
4.520669999999999789e+01 5.302937634266921663e+01
4.453679999999999950e+01 5.198305424792629736e+01
4.386840000000000117e+01 5.104493150008268287e+01
4.320000000000000284e+01 5.065505664452618362e+01
4.252989999999999782e+01 4.940626763369632357e+01
4.186129999999999995e+01 4.804732615284325448e+01
4.119270000000000209e+01 4.633970184695615302e+01
4.052250000000000085e+01 4.525537042014889977e+01
3.985379999999999967e+01 4.443136579717209855e+01
3.918500000000000227e+01 4.382506454572141052e+01
3.851460000000000150e+01 4.288021581665879012e+01
3.784570000000000078e+01 4.185300257196132634e+01
3.717519999999999669e+01 4.059943871991765718e+01
3.650619999999999976e+01 3.947927363618448027e+01
3.583709999999999951e+01 3.871887230962343551e+01
3.516640000000000299e+01 3.791506262976258057e+01
3.449719999999999942e+01 3.677850215259985589e+01
3.382800000000000296e+01 3.591000465648608042e+01
3.315709999999999980e+01 3.472405850622516255e+01
3.248780000000000001e+01 3.322126980008174257e+01
3.181680000000000064e+01 3.220861773795154193e+01
3.114730000000000132e+01 3.141279854803568483e+01
3.047779999999999845e+01 3.080656833100065128e+01
2.980669999999999931e+01 2.934656404434182875e+01
2.913700000000000045e+01 2.852107902079545099e+01
2.846730000000000160e+01 2.780095863087698760e+01
2.779599999999999937e+01 2.657782259624998389e+01
2.712620000000000076e+01 2.565593377678673903e+01
2.645479999999999876e+01 2.483675024965325306e+01
2.578490000000000038e+01 2.388616092447706052e+01
2.511329999999999885e+01 2.270069222005090737e+01
2.444330000000000069e+01 2.149803995697511994e+01
2.377319999999999922e+01 2.076486075642808160e+01
2.310150000000000148e+01 1.953163218714121285e+01
2.243130000000000024e+01 1.855780645873089085e+01
2.175949999999999918e+01 1.760896907444454129e+01
2.108909999999999840e+01 1.660990283560503045e+01
2.041870000000000118e+01 1.578081388643515837e+01
1.974680000000000035e+01 1.468122086680758898e+01
1.907629999999999981e+01 1.384115236162469209e+01
1.840419999999999945e+01 1.307455836112930392e+01
1.773349999999999937e+01 1.221061988727674041e+01
1.706129999999999924e+01 1.163285633212825410e+01
1.639059999999999917e+01 1.081387829145583979e+01
1.571979999999999933e+01 1.015396196804121765e+01
1.504739999999999966e+01 9.621847863195293726e+00
1.437650000000000006e+01 9.022607501559654963e+00
1.370410000000000039e+01 8.572883238001418604e+00
1.303299999999999947e+01 7.967406958948303419e+00
1.236040000000000028e+01 7.447219663488167107e+00
1.168929999999999936e+01 6.926043776862427670e+00
1.101660000000000039e+01 6.556370127005508586e+00
1.034529999999999994e+01 6.413637277724641983e+00
9.672489999999999810e+00 6.183855711952514156e+00
9.001129999999999853e+00 5.948880693860520985e+00
8.329710000000000392e+00 5.647985437822095278e+00
7.656710000000000349e+00 5.481601887173535914e+00
6.985170000000000101e+00 5.678979531088931942e+00
6.312050000000000161e+00 5.762994462350903291e+00
5.640399999999999636e+00 5.731435185252339970e+00
4.967170000000000307e+00 5.477834001960071753e+00
4.295410000000000394e+00 5.049997811686504967e+00
3.622059999999999835e+00 4.519333784062945725e+00
2.950180000000000025e+00 3.876839873136536774e+00
2.276720000000000077e+00 3.161507547400253415e+00
1.604729999999999990e+00 2.313483961172947634e+00
9.311519999999999797e-01 1.344378529575265713e+00
2.590439999999999965e-01 3.722313146320341826e-01
