6.869719999999999800e+02 -7.740698443836131759e-03
6.863600000000000136e+02 1.378905560141551780e-02
6.857469999999999573e+02 1.830117994523357966e-02
6.851349999999999909e+02 3.531651381324756728e-02
6.845230000000000246e+02 3.184589000404707687e-02
6.839120000000000346e+02 3.878393545328815556e-02
6.832989999999999782e+02 2.489626352727217912e-02
6.826870000000000118e+02 5.959737035223281604e-02
6.820739999999999554e+02 -2.368274634507367554e-02
6.814610000000000127e+02 -2.785213828799219804e-02
6.808490000000000464e+02 -4.448624666575676234e-02
6.802359999999999900e+02 1.293459978215580211e-03
6.796230000000000473e+02 3.041855674298461765e-02
6.790099999999999909e+02 5.418050465721757809e-03
6.783980000000000246e+02 -1.957200164702256259e-02
6.777859999999999445e+02 -5.687096073984943684e-02
6.771730000000000018e+02 -1.533872383480770415e-02
6.765599999999999454e+02 -7.044983252720246093e-03
6.759470000000000027e+02 -5.281376254978645962e-02
6.753339999999999463e+02 5.119372002575032360e-02
6.747210000000000036e+02 -7.359146334184189786e-02
6.741079999999999472e+02 -4.031223393701372643e-02
6.734940000000000282e+02 1.135728693651282678e-01
6.728809999999999718e+02 1.260656565873074508e-01
6.722680000000000291e+02 1.094248828904886145e-01
6.716539999999999964e+02 3.454810308422374965e-02
6.710410000000000537e+02 -2.884096358146293060e-03
6.704270000000000209e+02 9.583698625264260376e-03
6.698150000000000546e+02 -6.524758839387789777e-02
6.692010000000000218e+02 5.120558480097591597e-02
6.685879999999999654e+02 8.445434955654521070e-02
6.679740000000000464e+02 1.372301220406107504e-02
6.673600000000000136e+02 2.622440250826553812e-02
6.667459999999999809e+02 5.533075601411408667e-02
6.661330000000000382e+02 5.118904629976385456e-02
6.655190000000000055e+02 3.039795521734733191e-02
6.649049999999999727e+02 -2.856304788909964313e-03
6.642910000000000537e+02 -3.609961848848103338e-02
6.636770000000000209e+02 -9.846175227938697150e-02
6.630629999999999882e+02 -1.691350437982541421e-01
6.624479999999999791e+02 -2.190266171729099987e-01
6.618339999999999463e+02 -1.940860489241535980e-01
6.612200000000000273e+02 -2.148745550067607257e-01
6.606059999999999945e+02 -2.439577351890947488e-01
6.599909999999999854e+02 -2.023913962611088857e-01
6.593769999999999527e+02 -1.899153469476838885e-01
6.587619999999999436e+02 -9.016120917248914013e-02
6.581480000000000246e+02 -6.937634518415143614e-02
6.575330000000000155e+02 -5.274902530015861818e-02
6.569189999999999827e+02 2.621120851984457684e-02
6.563039999999999736e+02 9.586156071167710804e-03
6.556889999999999645e+02 5.529229118022614686e-02
6.550750000000000455e+02 1.010226430945619508e-01
6.544600000000000364e+02 1.093220625232392829e-01
6.538450000000000273e+02 1.591857117221991691e-01
6.532300000000000182e+02 1.300928207350044163e-01
6.526150000000000091e+02 7.608764148975689923e-02
6.520000000000000000e+02 8.855996606124981463e-02
6.513849999999999909e+02 1.134608930485082184e-01
6.507699999999999818e+02 1.383872598757471262e-01
6.501549999999999727e+02 4.283992173756032140e-02
6.495389999999999873e+02 5.464205788617609340e-03
6.489239999999999782e+02 -1.531785939807147126e-02
6.483089999999999691e+02 -2.363530063268777862e-02
6.476929999999999836e+02 -8.594069702217956019e-02
6.470779999999999745e+02 2.621668266389221708e-02
6.464629999999999654e+02 1.376260144909697593e-02
6.458469999999999800e+02 -2.367734163172987086e-02
6.452319999999999709e+02 -4.863558039493275781e-02
6.446159999999999854e+02 5.519987515261828848e-02
6.439990000000000236e+02 1.134382610869498209e-01
6.433830000000000382e+02 5.526834166391093178e-02
6.427670000000000528e+02 -1.949354842473135369e-02
6.421520000000000437e+02 4.281434400573894128e-02
6.415359999999999445e+02 -3.607786876874575360e-02
6.409199999999999591e+02 -6.928264648112843205e-02
6.403039999999999736e+02 -9.421561564604175043e-02
6.396879999999999882e+02 -1.191291548194532701e-01
6.390720000000000027e+02 -1.191345606114628530e-01
6.384560000000000173e+02 -1.025390232565100007e-01
6.378400000000000318e+02 -6.102138937562614357e-02
6.372229999999999563e+02 1.263873919304744952e-03
6.366069999999999709e+02 -1.950565499319613372e-02
6.359909999999999854e+02 -3.193410934186652339e-02
6.353730000000000473e+02 2.203200558498616402e-02
6.347569999999999482e+02 -3.194116054125502313e-02
6.341399999999999864e+02 -2.778859544530194389e-02
6.335240000000000009e+02 -4.852724122653952199e-02
6.329070000000000391e+02 -9.833311023324572964e-02
6.322899999999999636e+02 9.566036814563284862e-03
6.316739999999999782e+02 1.368996154324736945e-02
6.310570000000000164e+02 3.856855740585429793e-02
6.304400000000000546e+02 8.837770885816287336e-02
6.298220000000000027e+02 9.263336168538632842e-02
6.292050000000000409e+02 1.299502048698052969e-01
6.285879999999999654e+02 1.506897579857230107e-01
6.279710000000000036e+02 1.174823477813309175e-01
6.273540000000000418e+02 1.963601740383211502e-01
6.267369999999999663e+02 3.451789270270931576e-02
6.261200000000000045e+02 2.207586113465633687e-02
6.255030000000000427e+02 5.522030375753361753e-02
6.248840000000000146e+02 -3.608450279590803833e-02
6.242670000000000528e+02 -5.266393325968397182e-02
6.236499999999999773e+02 -9.000771674809424083e-02
6.230320000000000391e+02 -1.065755573872554512e-01
6.224149999999999636e+02 -1.231424037725822734e-01
6.217980000000000018e+02 -2.227263031136623439e-01
6.211799999999999500e+02 -1.231528998951941789e-01
6.205610000000000355e+02 -8.995829912497868563e-02
6.199429999999999836e+02 -1.895162479377777431e-01
6.193260000000000218e+02 -1.687943684397760213e-01
6.187079999999999700e+02 -1.687982301546108732e-01
6.180900000000000318e+02 -5.683224510294919429e-02
6.174719999999999800e+02 -3.196800626629733855e-02
6.168529999999999518e+02 5.464482431470764172e-03
6.162350000000000136e+02 2.202041102866898747e-02
6.156169999999999618e+02 1.372403134181028952e-02
6.149990000000000236e+02 -5.264008810967794189e-02
6.143809999999999718e+02 2.200049716151825097e-02
6.137630000000000337e+02 8.010934920811003945e-02
6.131430000000000291e+02 1.090936124452802913e-01
6.125249999999999773e+02 9.667549516417202338e-02
6.119070000000000391e+02 1.298135698313830910e-01
6.112889999999999873e+02 9.248683679198536900e-02
6.106699999999999591e+02 8.010617003593321905e-02
6.100510000000000446e+02 3.028032834919141408e-02
6.094320000000000164e+02 6.760777156179215153e-02
6.088139999999999645e+02 9.599850931124757208e-03
6.081950000000000500e+02 8.421593369475069424e-02
6.075760000000000218e+02 4.276905428028686396e-02
6.069560000000000173e+02 7.596339526725591484e-02
6.063379999999999654e+02 3.032854219289876987e-02
6.057190000000000509e+02 8.002404077981442598e-02
6.051000000000000227e+02 9.661344130122227758e-02
6.044809999999999945e+02 1.505121745673209388e-01
6.038609999999999900e+02 1.256258347143172638e-01
6.032419999999999618e+02 1.836657461345360398e-01
6.026230000000000473e+02 1.546436545303189747e-01
6.020040000000000191e+02 1.298221322751534068e-01
6.013830000000000382e+02 9.560539801469652640e-03
6.007640000000000100e+02 1.372298965517682046e-02
6.001449999999999818e+02 -4.014075887136506204e-02
5.995249999999999773e+02 -6.964959962526883451e-03
5.989049999999999727e+02 -7.747423461410612999e-02
5.982849999999999682e+02 -2.357766404844711602e-02
5.976660000000000537e+02 -9.815473370699476230e-02
5.970460000000000491e+02 -1.479254333007966327e-01
5.964249999999999545e+02 -1.230213996041200630e-01
5.958060000000000400e+02 -7.330069386406026788e-02
5.951860000000000355e+02 -1.064480481259587469e-01
5.945670000000000073e+02 -8.571798987741284515e-02
5.939450000000000500e+02 -8.571536332987399198e-02
5.933260000000000218e+02 -1.942858822273559743e-02
5.927060000000000173e+02 -5.260038233657484547e-02
5.920860000000000127e+02 9.538268857004074397e-03
5.914650000000000318e+02 1.785964752618431073e-02
5.908450000000000273e+02 9.573476255452047570e-03
5.902250000000000227e+02 -6.083458241335502892e-02
5.896029999999999518e+02 -3.602209889059599518e-02
5.889829999999999472e+02 -2.770929191956111870e-02
5.883630000000000564e+02 3.027488405952811004e-02
5.877419999999999618e+02 5.920657989390284981e-02
5.871209999999999809e+02 2.613992260892826491e-02
5.865000000000000000e+02 -1.528906837781849465e-02
5.858799999999999955e+02 5.375659578940480271e-03
5.852580000000000382e+02 -4.013815197715370903e-02
5.846380000000000337e+02 -2.845141908317676965e-03
5.840170000000000528e+02 -2.348057804452197486e-02
5.833949999999999818e+02 8.409526747085313558e-02
5.827740000000000009e+02 -4.012428024000163490e-02
5.821539999999999964e+02 -2.777149691577219387e-02
5.815320000000000391e+02 -1.939939121749110693e-02
5.809109999999999445e+02 3.853635470712502009e-02
5.802899999999999636e+02 9.514827137998347131e-03
5.796680000000000064e+02 3.438451608769728385e-02
5.790470000000000255e+02 -1.113409438189940162e-02
5.784260000000000446e+02 2.205101179032867287e-02
5.778049999999999500e+02 -1.269858968510473862e-01
5.771820000000000164e+02 -9.806445912816007249e-02
5.765610000000000355e+02 -1.891032253990203305e-01
5.759379999999999882e+02 -2.057190195736122718e-01
5.753170000000000073e+02 -2.512128923861445262e-01
5.746960000000000264e+02 -2.305702143510663382e-01
5.740729999999999791e+02 -7.315944038500646340e-02
5.734519999999999982e+02 -3.184514164275604325e-02
5.728300000000000409e+02 -2.959696414850266927e-03
5.722069999999999936e+02 7.582433320394879606e-02
5.715860000000000127e+02 7.576836153901093940e-02
5.709640000000000555e+02 7.164516096765602415e-02
5.703410000000000082e+02 6.745964029618543856e-02
5.697190000000000509e+02 5.926997332885168557e-02
5.690979999999999563e+02 3.451845064961455573e-02
5.684740000000000464e+02 -3.595762729814126757e-02
5.678529999999999518e+02 -2.767137955863521390e-02
5.672290000000000418e+02 -8.146416002933751233e-02
5.666069999999999709e+02 -8.147057903744374385e-02
5.659850000000000136e+02 -4.841994999884749462e-02
5.653619999999999663e+02 1.313036360119322231e-03
5.647400000000000091e+02 1.369856786319614828e-02
5.641169999999999618e+02 2.199961528366381133e-02
5.634940000000000282e+02 1.277171799339390373e-03
5.628719999999999573e+02 -4.421283075378670824e-02
5.622480000000000473e+02 -6.987866956693302399e-03
5.616250000000000000e+02 7.159404212284832536e-02
5.610030000000000427e+02 1.831305940114963116e-01
5.603790000000000191e+02 1.708581649714385753e-01
5.597569999999999482e+02 1.294349254980763086e-01
5.591330000000000382e+02 1.956921972691156308e-01
5.585099999999999909e+02 2.122040322840750559e-01
5.578859999999999673e+02 1.914725244767222778e-01
5.572630000000000337e+02 2.742475150769866921e-01
5.566399999999999864e+02 1.916482171519256483e-01
5.560159999999999627e+02 1.832369432646145935e-01
5.553930000000000291e+02 2.608093253625668601e-02
5.547690000000000055e+02 1.368283465323255101e-02
5.541459999999999582e+02 -6.958251790826906064e-03
5.535209999999999582e+02 -6.993759604041265357e-03
5.528980000000000246e+02 1.781657709007423984e-02
5.522749999999999773e+02 6.745257956071640248e-02
5.516509999999999536e+02 8.397166703222243289e-02
5.510270000000000437e+02 1.128846951723655317e-01
5.504030000000000200e+02 1.129258258105132057e-01
5.497789999999999964e+02 1.789830233714916063e-01
5.491549999999999727e+02 1.873173704629433611e-01
5.485309999999999491e+02 2.121251655207566089e-01
5.479059999999999491e+02 2.492976514069057126e-01
5.472830000000000155e+02 2.162279339733006733e-01
5.466589999999999918e+02 2.369344825121440512e-01
5.460339999999999918e+02 2.451407120474542733e-01
5.454099999999999682e+02 2.905834048264442915e-01
5.447849999999999682e+02 2.658010379814902402e-01
5.441609999999999445e+02 1.913859501801490892e-01
5.435359999999999445e+02 2.451100690331964871e-01
5.429120000000000346e+02 2.410230140701934420e-01
5.422870000000000346e+02 1.417651477194871723e-01
5.416630000000000109e+02 1.748937039699391405e-01
5.410370000000000346e+02 1.913560111725979285e-01
5.404130000000000109e+02 8.392447381408804641e-02
5.397880000000000109e+02 1.004510818782672482e-01
5.391630000000000109e+02 5.498503278323245425e-02
5.385380000000000109e+02 5.498330979914551470e-02
5.379139999999999873e+02 6.322758274938723722e-02
5.372880000000000109e+02 4.672520446523932558e-02
5.366630000000000109e+02 8.806712730882693130e-02
5.360370000000000346e+02 1.004321866227064486e-01
5.354130000000000109e+02 8.387666202942846427e-02
5.347870000000000346e+02 1.210822492282321305e-01
5.341620000000000346e+02 1.292872006276479524e-01
5.335359999999999445e+02 1.665157889712693129e-01
5.329109999999999445e+02 1.541268332667576346e-01
5.322849999999999682e+02 1.458515574023415418e-01
5.316599999999999682e+02 1.706485634472519053e-01
5.310339999999999918e+02 2.325649195636071143e-01
5.304089999999999918e+02 2.820773792804288083e-01
5.297830000000000155e+02 3.110158234319377879e-01
5.291580000000000155e+02 3.811018594136361681e-01
5.285309999999999491e+02 3.316282719094466036e-01
5.279049999999999727e+02 3.440697991843915116e-01
5.272799999999999727e+02 4.142195237878252834e-01
5.266530000000000200e+02 4.348543732725069222e-01
5.260280000000000200e+02 4.638003846173487932e-01
5.254009999999999536e+02 4.265504824114101368e-01
5.247759999999999536e+02 3.192493688409038244e-01
5.241490000000000009e+02 3.728636020429725861e-01
5.235230000000000246e+02 2.985042949625131281e-01
5.228959999999999582e+02 3.810976707020780063e-01
5.222709999999999582e+02 4.388157464803166818e-01
5.216440000000000055e+02 4.429839222478667571e-01
5.210159999999999627e+02 3.769420644956296140e-01
5.203909999999999627e+02 3.934433105305750744e-01
5.197630000000000337e+02 4.181908366115748010e-01
5.191380000000000337e+02 4.512731420933784876e-01
5.185099999999999909e+02 3.933970645806770250e-01
5.178840000000000146e+02 3.645705597597438952e-01
5.172569999999999482e+02 3.232203315526340770e-01
5.166299999999999955e+02 2.241323205950453978e-01
5.160030000000000427e+02 2.901452723089646413e-01
5.153759999999999764e+02 3.479441391810358941e-01
5.147500000000000000e+02 3.355429047484924654e-01
5.141219999999999573e+02 3.355233449608757690e-01
5.134940000000000282e+02 3.520468136861410469e-01
5.128680000000000518e+02 3.231219409563290679e-01
5.122400000000000091e+02 3.932814119098895778e-01
5.116139999999999759e+02 4.015040427538354995e-01
5.109859999999999900e+02 3.561374097971961583e-01
5.103580000000000041e+02 2.735488291349169043e-01
5.097309999999999945e+02 2.653504149144471080e-01
5.091030000000000086e+02 2.199211313642906451e-01
5.084759999999999991e+02 2.364351619711159980e-01
5.078480000000000132e+02 2.776575705882161627e-01
5.072200000000000273e+02 3.024375909206455382e-01
5.065930000000000177e+02 2.693445679550746097e-01
5.059649999999999750e+02 2.281367363214809596e-01
5.053360000000000127e+02 2.900065793219541166e-01
5.047090000000000032e+02 3.271313629284082203e-01
5.040810000000000173e+02 2.405074112976060552e-01
5.034519999999999982e+02 2.775422868714007563e-01
5.028249999999999886e+02 2.199135601806521956e-01
5.021960000000000264e+02 1.291144419619825734e-01
5.015690000000000168e+02 5.495215057807804199e-02
5.009399999999999977e+02 1.299886923769697552e-03
5.003109999999999786e+02 -1.111696082557027225e-02
4.996840000000000259e+02 -3.166514402027830605e-02
4.990550000000000068e+02 1.362670973481063148e-02
4.984259999999999877e+02 9.614471254378274823e-02
4.977980000000000018e+02 8.369079942879041611e-02
4.971689999999999827e+02 9.608513950193095510e-02
4.965400000000000205e+02 1.208663989236162112e-01
4.959119999999999777e+02 2.073689369030611573e-01
4.952830000000000155e+02 2.032927014125342491e-01
4.946539999999999964e+02 1.785220568356320203e-01
4.940260000000000105e+02 2.610519659687858818e-01
4.933969999999999914e+02 1.785373596013688224e-01
4.927669999999999959e+02 1.455515630694229900e-01
4.921390000000000100e+02 2.073558687467023376e-01
4.915099999999999909e+02 2.320827074859320993e-01
4.908799999999999955e+02 2.321019757582428455e-01
4.902500000000000000e+02 1.579166716618234101e-01
4.896220000000000141e+02 2.609044501577465480e-01
4.889920000000000186e+02 3.227485488259311253e-01
4.883629999999999995e+02 2.155680865172951155e-01
4.877339999999999804e+02 2.032591306319752877e-01
4.871039999999999850e+02 2.320662482801446602e-01
4.864739999999999895e+02 2.114350518610592367e-01
4.858460000000000036e+02 1.084463670170542349e-01
4.852160000000000082e+02 1.001921345203288238e-01
4.845860000000000127e+02 1.454909282901533651e-01
4.839549999999999841e+02 6.720261607433236639e-02
4.833269999999999982e+02 1.577808705625470542e-01
4.826960000000000264e+02 2.155058150263194361e-01
4.820659999999999741e+02 2.814497813156818795e-01
4.814370000000000118e+02 2.195854018784299810e-01
4.808070000000000164e+02 2.813694043883637752e-01
4.801759999999999877e+02 4.008720111070303016e-01
4.795459999999999923e+02 4.544245304290172593e-01
4.789169999999999732e+02 4.543921346066517319e-01
4.782860000000000014e+02 4.297051699951683346e-01
4.776549999999999727e+02 3.472690411462766580e-01
4.770249999999999773e+02 3.802025752470009623e-01
4.763949999999999818e+02 3.349072614561759420e-01
4.757640000000000100e+02 4.996272095190384954e-01
4.751329999999999814e+02 4.625418584492425600e-01
4.745020000000000095e+02 4.790460882170353152e-01
4.738729999999999905e+02 3.883605767869952596e-01
4.732420000000000186e+02 3.595458895373601638e-01
4.726109999999999900e+02 4.377814396034597766e-01
4.719800000000000182e+02 4.665675857099534918e-01
4.713500000000000227e+02 4.583965718793536759e-01
4.707189999999999941e+02 4.748354623719216461e-01
4.700869999999999891e+02 3.718410310002074892e-01
4.694560000000000173e+02 2.524184273920923594e-01
4.688249999999999886e+02 1.535998025788253563e-01
4.681949999999999932e+02 2.894759637209271541e-01
4.675629999999999882e+02 3.717929376498708138e-01
4.669309999999999832e+02 3.306190481363901479e-01
4.663000000000000114e+02 2.606203661871684951e-01
4.656700000000000159e+02 3.140681969152522846e-01
4.650380000000000109e+02 3.428658387637608662e-01
4.644060000000000059e+02 3.017426640998237541e-01
4.637740000000000009e+02 4.087683417573590439e-01
4.631419999999999959e+02 4.704725066940558253e-01
4.625120000000000005e+02 4.827790388571369662e-01
4.618799999999999955e+02 4.210321642886316051e-01
4.612479999999999905e+02 4.087153268804275541e-01
4.606159999999999854e+02 4.745449949761748054e-01
4.599839999999999804e+02 4.663072630039969968e-01
4.593519999999999754e+02 4.127998721194817144e-01
4.587210000000000036e+02 4.909690241023370039e-01
4.580880000000000223e+02 4.498187779943896847e-01
4.574560000000000173e+02 4.251048474682777578e-01
4.568240000000000123e+02 3.510221643008094028e-01
4.561909999999999741e+02 3.715758617048117718e-01
4.555600000000000023e+02 3.716348939356556302e-01
4.549279999999999973e+02 4.250406756414096821e-01
4.542950000000000159e+02 4.044281604948447018e-01
4.536619999999999777e+02 3.550704303830314323e-01
4.530299999999999727e+02 3.262688265505705454e-01
4.523969999999999914e+02 4.044330640784464248e-01
4.517660000000000196e+02 3.756139734014244946e-01
4.511329999999999814e+02 4.167212685646415338e-01
4.505000000000000000e+02 4.167076752192384603e-01
4.498670000000000186e+02 4.372791639569576505e-01
4.492339999999999804e+02 3.467627750453232127e-01
4.486009999999999991e+02 3.056283946534357754e-01
4.479680000000000177e+02 4.290013442777880215e-01
4.473360000000000127e+02 4.166574632524972510e-01
4.467029999999999745e+02 3.960354817592650067e-01
4.460690000000000168e+02 4.700592407071637613e-01
4.454359999999999786e+02 4.248150126033160001e-01
4.448029999999999973e+02 4.124817290678123305e-01
4.441689999999999827e+02 4.494785126243597273e-01
4.435360000000000014e+02 4.946882532842800662e-01
4.429019999999999868e+02 5.810326179722923312e-01
4.422699999999999818e+02 5.028618413679902810e-01
4.416360000000000241e+02 5.686239420860491611e-01
4.410029999999999859e+02 5.644937579215230095e-01
4.403690000000000282e+02 5.151556572349144103e-01
4.397350000000000136e+02 5.151476502634810828e-01
4.391009999999999991e+02 5.028149880179547671e-01
4.384669999999999845e+02 4.082356471007573817e-01
4.378330000000000268e+02 4.369808520107585914e-01
4.371990000000000123e+02 4.040980928978230580e-01
4.365649999999999977e+02 4.328504195899507967e-01
4.359329999999999927e+02 3.383124401510634871e-01
4.352980000000000018e+02 2.807561640574188777e-01
4.346639999999999873e+02 2.766455907954057936e-01
4.340299999999999727e+02 2.889579239928137255e-01
4.333960000000000150e+02 2.889484335394989500e-01
4.327610000000000241e+02 3.957944541499973656e-01
4.321270000000000095e+02 3.587853369540799364e-01
4.314920000000000186e+02 2.971301624316842749e-01
4.308580000000000041e+02 2.683544377573169326e-01
4.302230000000000132e+02 2.971194878597617217e-01
4.295889999999999986e+02 3.423103917604911062e-01
4.289540000000000077e+02 2.847462563015682457e-01
4.283190000000000168e+02 3.217345566308001392e-01
4.276859999999999786e+02 3.217772329258629105e-01
4.270509999999999877e+02 2.765364103524822204e-01
4.264159999999999968e+02 2.313251889790635396e-01
4.257810000000000059e+02 2.765004296416197493e-01
4.251460000000000150e+02 3.093569480244103831e-01
4.245110000000000241e+02 3.709589079018350555e-01
4.238759999999999764e+02 3.750457304905101541e-01
4.232409999999999854e+02 4.120212812655272838e-01
4.226050000000000182e+02 3.627157143146286788e-01
4.219700000000000273e+02 3.709276655524718636e-01
4.213349999999999795e+02 3.832375915648089659e-01
4.206990000000000123e+02 4.407176171137888732e-01
4.200640000000000214e+02 4.448101796039130584e-01
4.194289999999999736e+02 4.940615496796657014e-01
4.187930000000000064e+02 3.995965669751631033e-01
4.181569999999999823e+02 3.790497799006043445e-01
4.175219999999999914e+02 4.036855767843485210e-01
4.168860000000000241e+02 4.939961554039146718e-01
4.162500000000000000e+02 5.391491401332548783e-01
4.156150000000000091e+02 5.473525130431946550e-01
4.149789999999999850e+02 5.637496382345009716e-01
4.143430000000000177e+02 5.801456724898770290e-01
4.137069999999999936e+02 5.226458002175257134e-01
4.130710000000000264e+02 6.088465779666679678e-01
4.124350000000000023e+02 6.498812679980841001e-01
4.117989999999999782e+02 6.827113948787002506e-01
4.111630000000000109e+02 6.580485877421979879e-01
4.105260000000000105e+02 6.334051115004097898e-01
4.098899999999999864e+02 6.539088063151673458e-01
4.092540000000000191e+02 5.635990866523407083e-01
4.086170000000000186e+02 5.717808217214919164e-01
4.079809999999999945e+02 6.087026408765850993e-01
4.073439999999999941e+02 5.840560092738215081e-01
4.067080000000000268e+02 5.594110422600145904e-01
4.060710000000000264e+02 6.250406897971223508e-01
4.054350000000000023e+02 5.347410460178096958e-01
4.047980000000000018e+02 5.470436628533044132e-01
4.041610000000000014e+02 5.306105894792593203e-01
4.035240000000000009e+02 5.716375634130421712e-01
4.028879999999999768e+02 4.854551405779037876e-01
4.022509999999999764e+02 5.264542923693794618e-01
4.016139999999999759e+02 4.361847732668379107e-01
4.009769999999999754e+02 4.443762990749046682e-01
4.003399999999999750e+02 3.499860461612068208e-01
3.997029999999999745e+02 4.238240197915194019e-01
3.990649999999999977e+02 3.991852779195439460e-01
3.984279999999999973e+02 3.212690699481828838e-01
3.977909999999999968e+02 3.007643370965890073e-01
3.971519999999999868e+02 2.924523895837645160e-01
3.965149999999999864e+02 2.309735533162229348e-01
3.958770000000000095e+02 2.637635990568359956e-01
3.952400000000000091e+02 1.735329359604924349e-01
3.946019999999999754e+02 2.391537192565835190e-01
3.939649999999999750e+02 1.694109531751433750e-01
3.933269999999999982e+02 1.612025100576549852e-01
3.926890000000000214e+02 2.555170126144326592e-01
3.920520000000000209e+02 2.391128786256790928e-01
3.914139999999999873e+02 3.129047245594789306e-01
3.907760000000000105e+02 3.169596573807482165e-01
3.901379999999999768e+02 4.235229897293279477e-01
3.895000000000000000e+02 5.178571975821862905e-01
3.888609999999999900e+02 4.687232674292360346e-01
3.882230000000000132e+02 4.809730033754445189e-01
3.875849999999999795e+02 5.301498442487941887e-01
3.869460000000000264e+02 5.752233401479969199e-01
3.863079999999999927e+02 6.285024448663880658e-01
3.856700000000000159e+02 6.612704229882582219e-01
3.850319999999999823e+02 6.981357993557280039e-01
3.843929999999999723e+02 6.325120704083949663e-01
3.837549999999999955e+02 6.734575442521878452e-01
3.831159999999999854e+02 6.529920866449780981e-01
3.824759999999999991e+02 6.447188782560816511e-01
3.818380000000000223e+02 6.201214626690081388e-01
3.811990000000000123e+02 5.176577973379203890e-01
3.805600000000000023e+02 5.750390022401566936e-01
3.799220000000000255e+02 5.504286896993429989e-01
3.792830000000000155e+02 4.889258969909486829e-01
3.786440000000000055e+02 5.298739685498271568e-01
3.780049999999999955e+02 4.888221704149965374e-01
3.773650000000000091e+02 5.053036826993445585e-01
3.767259999999999991e+02 6.568967458163844642e-01
3.760860000000000127e+02 6.445638700846854086e-01
3.754470000000000027e+02 7.797341808065569868e-01
3.748079999999999927e+02 7.714688668134869198e-01
3.741689999999999827e+02 8.123800310343720632e-01
3.735299999999999727e+02 8.574474927415733916e-01
3.728890000000000100e+02 8.697890682622775316e-01
3.722500000000000000e+02 8.041660265259529261e-01
3.716100000000000136e+02 9.106619887321623086e-01
3.709710000000000036e+02 8.369019429966967349e-01
3.703310000000000173e+02 8.041995688243227525e-01
3.696909999999999741e+02 7.795415715780426025e-01
3.690500000000000114e+02 7.999605320658645935e-01
3.684110000000000014e+02 7.589822583351113483e-01
3.677710000000000150e+02 7.425642503180435172e-01
3.671309999999999718e+02 7.097644117340228265e-01
3.664909999999999854e+02 8.162524108235800213e-01
3.658509999999999991e+02 7.547487080065969911e-01
3.652099999999999795e+02 7.547673456433622308e-01
3.645699999999999932e+02 8.488955337926530342e-01
3.639300000000000068e+02 8.324954699489565124e-01
3.632900000000000205e+02 8.242420927591455060e-01
3.626490000000000009e+02 8.446614093572549775e-01
3.620079999999999814e+02 8.242215312159056895e-01
3.613670000000000186e+02 8.119012569696981707e-01
3.607269999999999754e+02 7.545882628617462951e-01
3.600869999999999891e+02 7.791367673341370592e-01
3.594460000000000264e+02 7.054878166148861318e-01
3.588039999999999736e+02 6.520924205086302550e-01
3.581639999999999873e+02 6.316544006851690929e-01
3.575230000000000246e+02 5.825268067846534059e-01
3.568829999999999814e+02 6.561106850730263895e-01
3.562420000000000186e+02 6.356391978931911213e-01
3.556000000000000227e+02 6.479591369566134462e-01
3.549590000000000032e+02 6.806641752443981508e-01
3.543179999999999836e+02 6.151537407252698486e-01
3.536770000000000209e+02 6.356410907953342626e-01
3.530350000000000250e+02 7.297067873681775119e-01
3.523940000000000055e+02 7.542371749688605576e-01
3.517520000000000095e+02 7.542114600669379554e-01
3.511109999999999900e+02 6.109390656935496100e-01
3.504689999999999941e+02 6.641422857613578090e-01
3.498269999999999982e+02 6.845706867886828251e-01
3.491859999999999786e+02 6.722718464576189490e-01
3.485450000000000159e+02 6.600180257975519771e-01
3.479019999999999868e+02 6.476412473930397429e-01
3.472599999999999909e+02 6.067491140040585096e-01
3.466190000000000282e+02 5.985370290381947234e-01
3.459769999999999754e+02 5.821431851354552656e-01
3.453340000000000032e+02 6.353239592546573444e-01
3.446929999999999836e+02 6.680203462013180049e-01
3.440509999999999877e+02 6.434355147121716412e-01
3.434089999999999918e+02 6.352235228226794650e-01
3.427660000000000196e+02 5.943150199703697290e-01
3.421240000000000236e+02 6.802087175323724422e-01
3.414820000000000277e+02 7.006274333275832600e-01
3.408399999999999750e+02 6.964692764365221223e-01
3.401970000000000027e+02 7.333073540198392637e-01
3.395539999999999736e+02 7.414440401028281613e-01
3.389119999999999777e+02 7.209353208307609506e-01
3.382690000000000055e+02 7.414374063479433064e-01
3.376259999999999764e+02 8.436008659261382547e-01
3.369839999999999804e+02 9.089988853602708474e-01
3.363419999999999845e+02 8.721928694248114455e-01
3.356979999999999791e+02 8.189806862941727550e-01
3.350550000000000068e+02 8.066951283054208943e-01
3.344130000000000109e+02 7.699140479989694530e-01
3.337690000000000055e+02 7.820912019752629396e-01
3.331259999999999764e+02 8.025237053113850605e-01
3.324830000000000041e+02 9.128245468524291972e-01
3.318389999999999986e+02 8.638512198689198840e-01
3.311960000000000264e+02 9.332366870435869766e-01
3.305539999999999736e+02 9.045725625212258647e-01
3.299110000000000014e+02 9.617507387117442130e-01
3.292660000000000196e+02 9.985403545786841750e-01
3.286229999999999905e+02 1.055729003759368512e+00
3.279800000000000182e+02 1.039387972487964440e+00
3.273360000000000127e+02 1.010663195386649393e+00
3.266929999999999836e+02 9.166730774707468887e-01
3.260489999999999782e+02 9.003031387619614412e-01
3.254049999999999727e+02 8.798300162894963083e-01
3.247610000000000241e+02 9.288466439051678014e-01
3.241179999999999950e+02 8.961325232836984123e-01
3.234730000000000132e+02 9.206012923402178139e-01
3.228290000000000077e+02 9.246203210161263453e-01
3.221840000000000259e+02 1.002291966350151498e+00
3.215409999999999968e+02 1.010376094955221626e+00
3.208969999999999914e+02 1.096069599577433662e+00
3.202520000000000095e+02 1.145155054434087383e+00
3.196080000000000041e+02 1.140986009162141324e+00
3.189639999999999986e+02 1.177704956951903581e+00
3.183190000000000168e+02 1.230779342797458931e+00
3.176750000000000114e+02 1.157225191724913005e+00
3.170310000000000059e+02 1.038857805028502446e+00
3.163860000000000241e+02 1.038663042283993088e+00
3.157420000000000186e+02 1.014199317095306530e+00
3.150980000000000132e+02 9.529071520879892621e-01
3.144519999999999982e+02 9.364841550974198903e-01
3.138079999999999927e+02 9.078806222710487095e-01
3.131619999999999777e+02 8.915132349683274615e-01
3.125179999999999723e+02 8.669529527604362684e-01
3.118729999999999905e+02 8.791298606728543685e-01
3.112269999999999754e+02 1.026151056175190757e+00
3.105830000000000268e+02 9.648556510275071441e-01
3.099370000000000118e+02 9.403049239061291864e-01
3.092919999999999732e+02 9.525569395677465634e-01
3.086469999999999914e+02 9.280260164686435775e-01
3.080009999999999764e+02 1.013733329190710020e+00
3.073570000000000277e+02 1.062637629950470508e+00
3.067099999999999795e+02 1.079027828506402775e+00
3.060649999999999977e+02 1.062607811116838441e+00
3.054200000000000159e+02 1.058435734025932939e+00
3.047740000000000009e+02 1.054378498613888215e+00
3.041290000000000191e+02 1.050312777419673438e+00
3.034820000000000277e+02 1.164506062978727385e+00
3.028369999999999891e+02 1.237918580311160532e+00
3.021920000000000073e+02 1.294902776174370329e+00
3.015450000000000159e+02 1.258239454156141246e+00
3.008999999999999773e+02 1.176534932390092214e+00
3.002529999999999859e+02 1.294899617559927663e+00
2.996080000000000041e+02 1.245873862785709330e+00
2.989610000000000127e+02 1.188627986511093582e+00
2.983149999999999977e+02 1.294781860296959852e+00
2.976700000000000159e+02 1.241715894948550281e+00
2.970230000000000246e+02 1.249771678803102137e+00
2.963770000000000095e+02 1.172132282430806027e+00
2.957300000000000182e+02 1.147707445472372356e+00
2.950840000000000032e+02 1.184378535819543998e+00
2.944370000000000118e+02 1.098660253948303911e+00
2.937909999999999968e+02 1.135348099356836782e+00
2.931429999999999723e+02 1.331092280150079077e+00
2.924970000000000141e+02 1.326975186926411254e+00
2.918500000000000227e+02 1.265748362218972023e+00
2.912040000000000077e+02 1.245282022559314417e+00
2.905570000000000164e+02 1.306300047111035312e+00
2.899100000000000250e+02 1.383884682339742378e+00
2.892629999999999768e+02 1.497943227075918537e+00
2.886159999999999854e+02 1.567314518975270632e+00
2.879689999999999941e+02 1.616191920692866546e+00
2.873210000000000264e+02 1.624309403826200260e+00
2.866750000000000114e+02 1.607904798444840910e+00
2.860269999999999868e+02 1.697581896726113371e+00
2.853799999999999955e+02 1.730136418887006089e+00
2.847320000000000277e+02 1.713764838633862864e+00
2.840849999999999795e+02 1.799289624461763104e+00
2.834370000000000118e+02 1.840053507669622501e+00
2.827900000000000205e+02 1.925523802510155758e+00
2.821419999999999959e+02 1.998915071218821948e+00
2.814950000000000045e+02 2.035414606292021311e+00
2.808469999999999800e+02 2.116994556000093564e+00
2.801990000000000123e+02 2.051692809878034485e+00
2.795509999999999877e+02 2.010828611504808183e+00
2.789039999999999964e+02 2.039398604907946222e+00
2.782549999999999955e+02 2.043306191815073447e+00
2.776080000000000041e+02 2.051404292535223828e+00
2.769590000000000032e+02 2.026867247472120326e+00
2.763120000000000118e+02 2.071577526599701624e+00
2.756630000000000109e+02 2.038978085252996841e+00
2.750149999999999864e+02 2.079547467216345424e+00
2.743659999999999854e+02 2.258889278821577751e+00
2.737189999999999941e+02 2.397263509301911899e+00
2.730699999999999932e+02 2.438018237633710061e+00
2.724220000000000255e+02 2.409328220111811802e+00
2.717730000000000246e+02 2.360397879641286334e+00
2.711240000000000236e+02 2.323615863658564873e+00
2.704759999999999991e+02 2.258411472274314047e+00
2.698260000000000218e+02 2.303123704707629393e+00
2.691779999999999973e+02 2.384527811058558378e+00
2.685289999999999964e+02 2.274451048051433499e+00
2.678809999999999718e+02 2.249821335952642887e+00
2.672309999999999945e+02 2.217274200170392451e+00
2.665830000000000268e+02 2.270074736928534342e+00
2.659329999999999927e+02 2.432936222517524616e+00
2.652839999999999918e+02 2.506224220906680511e+00
2.646349999999999909e+02 2.620151626830252933e+00
2.639850000000000136e+02 2.559006060069735522e+00
2.633369999999999891e+02 2.534372265164634985e+00
2.626870000000000118e+02 2.607646082046228386e+00
2.620380000000000109e+02 2.554688078604385737e+00
2.613879999999999768e+02 2.664459248511398037e+00
2.607400000000000091e+02 2.615637050218328152e+00
2.600899999999999750e+02 2.505514383773815190e+00
2.594390000000000214e+02 2.574642331678250962e+00
2.587900000000000205e+02 2.529697983918149262e+00
2.581399999999999864e+02 2.541832438352672252e+00
2.574909999999999854e+02 2.525473245973086645e+00
2.568410000000000082e+02 2.651574519854440481e+00
2.561899999999999977e+02 2.749263720556687662e+00
2.555409999999999968e+02 2.704321052561488692e+00
2.548899999999999864e+02 2.769379895577731343e+00
2.542410000000000139e+02 2.773414136650195427e+00
2.535910000000000082e+02 2.687767150005011541e+00
2.529399999999999977e+02 2.695760025853223052e+00
2.522899999999999920e+02 2.740589289850945409e+00
2.516399999999999864e+02 2.834031198798407480e+00
2.509900000000000091e+02 2.715867522178109450e+00
2.503389999999999986e+02 2.732033493966651960e+00
2.496879999999999882e+02 2.801204130390933855e+00
2.490380000000000109e+02 2.821321537552991199e+00
2.483870000000000005e+02 2.914919464591238185e+00
2.477359999999999900e+02 3.000248643969666507e+00
2.470860000000000127e+02 2.971665119380858755e+00
2.464350000000000023e+02 3.069202561773663351e+00
2.457849999999999966e+02 2.947021305966313509e+00
2.451330000000000098e+02 3.024251805139476001e+00
2.444819999999999993e+02 2.975283435022168188e+00
2.438319999999999936e+02 2.934578979514659736e+00
2.431800000000000068e+02 2.905915576601292738e+00
2.425289999999999964e+02 2.905811804346778437e+00
2.418779999999999859e+02 3.027665922640631280e+00
2.412270000000000039e+02 3.113048254134124004e+00
2.405749999999999886e+02 3.047920714251104446e+00
2.399240000000000066e+02 3.186010068448886567e+00
2.392719999999999914e+02 3.185983863839239483e+00
2.386200000000000045e+02 3.255007902604479586e+00
2.379699999999999989e+02 3.246721909629534775e+00
2.373180000000000121e+02 3.344200217629629712e+00
2.366670000000000016e+02 3.344168429862420577e+00
2.360149999999999864e+02 3.348001289667741798e+00
2.353629999999999995e+02 3.421135261389660176e+00
2.347100000000000080e+02 3.555218719084773049e+00
2.340600000000000023e+02 3.542795692807670704e+00
2.334070000000000107e+02 3.534588545666703219e+00
2.327549999999999955e+02 3.676821057821370253e+00
2.321040000000000134e+02 3.786374972016158580e+00
2.314509999999999934e+02 3.774120351143257501e+00
2.307980000000000018e+02 3.879623057056055035e+00
2.301469999999999914e+02 3.879484011005067678e+00
2.294939999999999998e+02 3.838690277416486829e+00
2.288420000000000130e+02 3.769451490640364000e+00
2.281899999999999977e+02 3.911551824765104435e+00
2.275370000000000061e+02 4.021156929295713667e+00
2.268839999999999861e+02 4.086155012390653596e+00
2.262330000000000041e+02 4.187406258963108918e+00
2.255800000000000125e+02 4.317356145409156909e+00
2.249269999999999925e+02 4.321326549001479833e+00
2.242729999999999961e+02 4.353825175495686928e+00
2.236220000000000141e+02 4.459177653370470118e+00
2.229679999999999893e+02 4.495706525476536264e+00
2.223149999999999977e+02 4.540132399676713781e+00
2.216630000000000109e+02 4.487308090121797655e+00
2.210099999999999909e+02 4.426061854957169750e+00
2.203559999999999945e+02 4.360870473073053866e+00
2.197019999999999982e+02 4.336403813122425177e+00
2.190500000000000114e+02 4.364680457057647622e+00
2.183969999999999914e+02 4.372596229055464967e+00
2.177429999999999950e+02 4.368401758452529648e+00
2.170889999999999986e+02 4.404833980445800989e+00
2.164370000000000118e+02 4.343693922967571730e+00
2.157829999999999870e+02 4.416711801683640637e+00
2.151289999999999907e+02 4.384001819811403244e+00
2.144749999999999943e+02 4.505704912622566560e+00
2.138220000000000027e+02 4.517736659250961573e+00
2.131680000000000064e+02 4.537838136260446298e+00
2.125140000000000100e+02 4.574254759173553175e+00
2.118600000000000136e+02 4.513211028773149280e+00
2.112069999999999936e+02 4.610502038310504425e+00
2.105529999999999973e+02 4.585950501607768182e+00
2.098979999999999961e+02 4.565522877231836141e+00
2.092439999999999998e+02 4.516504148544208341e+00
2.085910000000000082e+02 4.520462884060687969e+00
2.079360000000000070e+02 4.516264543989660929e+00
2.072820000000000107e+02 4.503910766532629673e+00
2.066270000000000095e+02 4.418507448445821773e+00
2.059739999999999895e+02 4.499550351430375628e+00
2.053189999999999884e+02 4.495265542785165103e+00
2.046639999999999873e+02 4.458624980430759166e+00
2.040089999999999861e+02 4.474684242480382323e+00
2.033540000000000134e+02 4.478554872348719407e+00
2.027009999999999934e+02 4.364851947117434072e+00
2.020459999999999923e+02 4.332166584913606400e+00
2.013909999999999911e+02 4.250826831928521621e+00
2.007350000000000136e+02 4.348069580313284277e+00
2.000800000000000125e+02 4.319508468938029644e+00
1.994259999999999877e+02 4.242210556022969925e+00
1.987709999999999866e+02 4.246088403586126603e+00
1.981160000000000139e+02 4.221653743726306196e+00
1.974600000000000080e+02 4.286361299652344137e+00
1.968050000000000068e+02 4.209075470212495951e+00
1.961510000000000105e+02 4.196915153720023994e+00
1.954950000000000045e+02 4.298162763960551302e+00
1.948389999999999986e+02 4.220884609131353216e+00
1.941839999999999975e+02 4.180155950110411744e+00
1.935279999999999916e+02 4.224607791570852200e+00
1.928739999999999952e+02 4.281149531893730931e+00
1.922179999999999893e+02 4.272931697255176076e+00
1.915620000000000118e+02 4.386333609028692848e+00
1.909060000000000059e+02 4.540382271852475782e+00
1.902500000000000000e+02 4.609257388802555866e+00
1.895939999999999941e+02 4.548198415845360110e+00
1.889389999999999930e+02 4.665516220786088297e+00
1.882829999999999870e+02 4.754616062374377172e+00
1.876270000000000095e+02 4.851768796578080689e+00
1.869699999999999989e+02 4.835472791886035182e+00
1.863139999999999930e+02 4.835295923219490533e+00
1.856570000000000107e+02 4.762066146188954185e+00
1.850010000000000048e+02 4.713279527372373323e+00
1.843460000000000036e+02 4.786066975860728157e+00
1.836889999999999930e+02 4.887313141473855538e+00
1.830329999999999870e+02 4.984348269613565030e+00
1.823760000000000048e+02 5.041002958939401424e+00
1.817189999999999941e+02 5.016560100973315173e+00
1.810620000000000118e+02 5.267791239590723151e+00
1.804050000000000011e+02 5.458144565762022005e+00
1.797500000000000000e+02 5.542794539949374766e+00
1.790929999999999893e+02 5.704841538845720983e+00
1.784360000000000070e+02 5.724945476610643347e+00
1.777789999999999964e+02 5.801783230104597067e+00
1.771220000000000141e+02 5.842018839643666084e+00
1.764650000000000034e+02 5.886453753800195088e+00
1.758069999999999879e+02 5.946993280698960938e+00
1.751500000000000057e+02 5.910357390045633430e+00
1.744939999999999998e+02 5.978858152943817394e+00
1.738369999999999891e+02 6.120532954719479335e+00
1.731790000000000020e+02 6.213529139561617676e+00
1.725219999999999914e+02 6.330851779374358834e+00
1.718640000000000043e+02 6.476523658334899736e+00
1.712059999999999889e+02 6.593739988251521744e+00
1.705490000000000066e+02 6.690818602458056041e+00
1.698909999999999911e+02 6.751307991794365471e+00
1.692330000000000041e+02 6.747033491373527703e+00
1.685749999999999886e+02 6.734620872105898215e+00
1.679190000000000111e+02 6.831592643610134630e+00
1.672609999999999957e+02 6.819177707085812834e+00
1.666030000000000086e+02 6.972838184387539329e+00
1.659449999999999932e+02 6.887534223130202804e+00
1.652870000000000061e+02 6.769863977749439599e+00
1.646279999999999859e+02 6.801984992608915093e+00
1.639699999999999989e+02 6.902956102554092865e+00
1.633120000000000118e+02 7.048536338714570526e+00
1.626539999999999964e+02 7.084755289271615908e+00
1.619950000000000045e+02 7.019672575277631665e+00
1.613369999999999891e+02 7.015389376629721063e+00
1.606779999999999973e+02 6.938155502796754526e+00
1.600190000000000055e+02 6.970261579698852294e+00
1.593609999999999900e+02 7.042949002376670542e+00
1.587040000000000077e+02 7.075136962296804555e+00
1.580449999999999875e+02 7.143616644520729864e+00
1.573859999999999957e+02 7.135218697782597985e+00
1.567270000000000039e+02 7.207801168949743875e+00
1.560680000000000121e+02 7.199488794244166989e+00
1.554089999999999918e+02 7.235686360587662236e+00
1.547500000000000000e+02 7.292080173936701826e+00
1.540910000000000082e+02 7.283765417468337056e+00
1.534319999999999879e+02 7.315846203326246133e+00
1.527729999999999961e+02 7.343902685446530576e+00
1.521140000000000043e+02 7.319325038619492574e+00
1.514540000000000077e+02 7.339335645670784558e+00
1.507949999999999875e+02 7.359257695966955559e+00
1.501359999999999957e+02 7.630070180422485748e+00
1.494759999999999991e+02 7.739143267376016766e+00
1.488170000000000073e+02 7.799519962122903216e+00
1.481570000000000107e+02 7.989431884640607606e+00
1.474970000000000141e+02 8.009412725227303298e+00
1.468379999999999939e+02 8.126409300741894270e+00
1.461779999999999973e+02 8.203018169297632056e+00
1.455180000000000007e+02 8.372610659392718091e+00
1.448580000000000041e+02 8.449204517606084153e+00
1.441980000000000075e+02 8.315358592844390273e+00
1.435380000000000109e+02 8.436428354639708971e+00
1.428779999999999859e+02 8.521050302321704351e+00
1.422179999999999893e+02 8.678540599288179891e+00
1.415579999999999927e+02 8.755108433359664488e+00
1.408979999999999961e+02 8.811399890197735729e+00
1.402379999999999995e+02 8.859561665660100616e+00
1.395769999999999982e+02 8.891556425544905551e+00
1.389170000000000016e+02 9.044984453181202255e+00
1.382560000000000002e+02 9.327693546897403820e+00
1.375960000000000036e+02 9.509309985544822652e+00
1.369350000000000023e+02 9.666715269794423193e+00
1.362750000000000057e+02 9.751259006907844196e+00
1.356140000000000043e+02 9.932925830498936293e+00
1.349540000000000077e+02 1.010235140960596389e+01
1.342930000000000064e+02 1.038504445970357892e+01
1.336320000000000050e+02 1.066361141412681945e+01
1.329710000000000036e+02 1.085325132725755459e+01
1.323100000000000023e+02 1.099030379943102353e+01
1.316490000000000009e+02 1.128497214955036121e+01
1.309879999999999995e+02 1.141387685237132565e+01
1.303269999999999982e+02 1.151456711793262677e+01
1.296659999999999968e+02 1.180516582978951057e+01
1.290049999999999955e+02 1.195839700948883078e+01
1.283420000000000130e+02 1.203076507267712181e+01
1.276809999999999974e+02 1.213141673046771807e+01
1.270190000000000055e+02 1.234110353873504806e+01
1.263580000000000041e+02 1.228005367921587876e+01
1.256959999999999980e+02 1.217850128958641953e+01
1.250349999999999966e+02 1.227904459775043122e+01
1.243730000000000047e+02 1.233122004859072796e+01
1.237120000000000033e+02 1.233878787852356851e+01
1.230499999999999972e+02 1.242726750694094129e+01
1.223880000000000052e+02 1.246310951729741845e+01
1.217259999999999991e+02 1.230911818150014980e+01
1.210639999999999930e+02 1.210259869441944325e+01
1.204030000000000058e+02 1.214665280135764114e+01
1.197409999999999997e+02 1.212603679428356251e+01
1.190780000000000030e+02 1.188324414531663997e+01
1.184150000000000063e+02 1.185417431088700546e+01
1.177530000000000001e+02 1.174474197163758049e+01
1.170909999999999940e+02 1.157467525465716207e+01
1.164279999999999973e+02 1.140863419546871960e+01
1.157660000000000053e+02 1.136789554346735898e+01
1.151039999999999992e+02 1.129069122118997193e+01
1.144410000000000025e+02 1.112877974272741533e+01
1.137789999999999964e+02 1.097883275404304904e+01
1.131159999999999997e+02 1.098661847478770603e+01
1.124539999999999935e+02 1.092967770298841934e+01
1.117890000000000015e+02 1.086043997208115997e+01
1.111269999999999953e+02 1.088837878127128000e+01
1.104639999999999986e+02 1.079908771964468350e+01
1.098010000000000019e+02 1.073003816989605319e+01
1.091380000000000052e+02 1.062872385863476232e+01
1.084749999999999943e+02 1.061218778014328379e+01
1.078119999999999976e+02 1.036158304307487654e+01
1.071490000000000009e+02 1.023622501763882475e+01
1.064849999999999994e+02 9.851622120390777226e+00
1.058209999999999980e+02 9.532447838765959247e+00
1.051580000000000013e+02 9.116423298909952067e+00
1.044950000000000045e+02 9.015283431038973561e+00
1.038319999999999936e+02 8.704285970161151909e+00
1.031680000000000064e+02 8.433504342875279391e+00
1.025049999999999955e+02 8.182882895594110195e+00
1.018400000000000034e+02 8.105679677297070285e+00
1.011760000000000019e+02 7.939911599247632346e+00
1.005130000000000052e+02 8.044567093156716808e+00
9.984900000000000375e+01 8.084621387686917515e+00
9.918529999999999802e+01 8.088411499902505852e+00
9.852150000000000318e+01 8.063698885932975458e+00
9.785769999999999413e+01 8.317463511354976191e+00
9.719230000000000302e+01 8.620277092915095807e+00
9.652830000000000155e+01 8.910431061738432135e+00
9.586430000000000007e+01 9.151933310756263040e+00
9.520029999999999859e+01 9.462088580876475419e+00
9.453610000000000468e+01 9.889166257175402208e+00
9.387199999999999989e+01 1.031621143446167466e+01
9.320619999999999550e+01 1.061922767732202999e+01
9.254200000000000159e+01 1.096151882018307688e+01
9.187760000000000105e+01 1.105380792349927432e+01
9.121320000000000050e+01 1.122276132929879999e+01
9.054879999999999995e+01 1.129891546330981633e+01
8.988280000000000314e+01 1.159713147101665776e+01
8.921819999999999595e+01 1.170149101068223452e+01
8.855360000000000298e+01 1.170505236945567695e+01
8.788890000000000668e+01 1.170051205801927630e+01
8.722419999999999618e+01 1.198629860372492040e+01
8.655939999999999657e+01 1.222755336177763219e+01
8.589300000000000068e+01 1.254622040554402496e+01
8.522809999999999775e+01 1.270286418244281279e+01
8.456319999999999482e+01 1.295225036138712937e+01
8.389820000000000277e+01 1.301620255877299037e+01
8.323160000000000025e+01 1.322157741990712232e+01
8.256650000000000489e+01 1.334595002987005330e+01
8.190130000000000621e+01 1.358334289415535956e+01
8.123609999999999332e+01 1.371579000967472339e+01
8.057080000000000553e+01 1.363463568882053778e+01
7.990389999999999304e+01 1.377133557291545429e+01
7.923850000000000193e+01 1.398429653889690982e+01
7.857299999999999329e+01 1.424164335929333980e+01
7.790749999999999886e+01 1.443846359640151533e+01
7.724039999999999395e+01 1.456727597123954432e+01
7.657479999999999620e+01 1.477216429458160363e+01
7.590909999999999513e+01 1.472720296064880685e+01
7.524339999999999407e+01 1.493616032438094621e+01
7.457760000000000389e+01 1.505657830576022427e+01
7.391020000000000323e+01 1.491891171155603502e+01
7.324429999999999552e+01 1.493043781030690553e+01
7.257829999999999870e+01 1.475266516952813411e+01
7.191230000000000189e+01 1.467960320073563985e+01
7.124469999999999459e+01 1.474335135643237926e+01
7.057850000000000534e+01 1.470658368102568936e+01
6.991230000000000189e+01 1.489537462045159444e+01
6.924609999999999843e+01 1.477776517264435441e+01
6.857829999999999870e+01 1.483784451541441207e+01
6.791190000000000282e+01 1.486546557783341882e+01
6.724550000000000693e+01 1.481651853645209904e+01
6.657750000000000057e+01 1.484813882067880719e+01
6.591100000000000136e+01 1.473890490422089705e+01
6.524439999999999884e+01 1.477461552266947642e+01
6.457769999999999300e+01 1.472576573367178376e+01
6.390950000000000131e+01 1.462437640516867532e+01
6.324269999999999925e+01 1.464799562322485826e+01
6.257589999999999719e+01 1.474798414848649131e+01
6.190899999999999892e+01 1.481987026679760078e+01
6.124060000000000059e+01 1.483965050769996630e+01
6.057359999999999900e+01 1.489134943727888505e+01
5.990659999999999741e+01 1.495530699300793387e+01
5.923799999999999955e+01 1.478140491748288454e+01
5.857079999999999842e+01 1.457968915502804386e+01
5.790359999999999729e+01 1.463956366278507382e+01
5.723629999999999995e+01 1.457865095089256080e+01
5.656750000000000256e+01 1.441287623891619596e+01
5.590010000000000190e+01 1.446066370113031319e+01
5.523270000000000124e+01 1.439967754762708552e+01
5.456360000000000099e+01 1.441937759493976756e+01
5.389609999999999701e+01 1.449915256134726071e+01
5.322849999999999682e+01 1.469167739726753830e+01
5.255930000000000035e+01 1.496494643707657879e+01
5.189159999999999684e+01 1.483562514004286470e+01
5.122379999999999711e+01 1.493962328782732563e+01
5.055440000000000111e+01 1.499945511709381485e+01
4.988660000000000139e+01 1.496262923601467065e+01
4.921860000000000213e+01 1.490990027466060042e+01
4.854910000000000281e+01 1.488098803483334898e+01
4.788100000000000023e+01 1.499713066899749059e+01
4.721289999999999765e+01 1.500854257391570812e+01
4.654319999999999879e+01 1.492357718010948808e+01
4.587500000000000000e+01 1.498730398885594184e+01
4.520669999999999789e+01 1.480571886183158270e+01
4.453679999999999950e+01 1.479706220441522113e+01
4.386840000000000117e+01 1.481664631221859629e+01
4.320000000000000284e+01 1.499714100260984395e+01
4.252989999999999782e+01 1.492401069845011108e+01
4.186129999999999995e+01 1.481092295628642930e+01
4.119270000000000209e+01 1.458108316432406149e+01
4.052250000000000085e+01 1.454020667448628146e+01
3.985379999999999967e+01 1.457994871953143168e+01
3.918500000000000227e+01 1.469204633181643516e+01
3.851460000000000150e+01 1.469138684305236886e+01
3.784570000000000078e+01 1.465859086755039975e+01
3.717519999999999669e+01 1.454145951926672176e+01
3.650619999999999976e+01 1.446446399608857192e+01
3.583709999999999951e+01 1.451618369751327720e+01
3.516640000000000299e+01 1.455183154767508746e+01
3.449719999999999942e+01 1.445487047921619173e+01
3.382800000000000296e+01 1.445830193706003719e+01
3.315709999999999980e+01 1.432896096355727344e+01
3.248780000000000001e+01 1.405523043477723277e+01
3.181680000000000064e+01 1.397809869114742831e+01
3.114730000000000132e+01 1.398970897804672298e+01
3.047779999999999845e+01 1.408562179411494419e+01
2.980669999999999931e+01 1.378355205343183876e+01
2.913700000000000045e+01 1.376704011651964521e+01
2.846730000000000160e+01 1.379870956603132193e+01
2.779599999999999937e+01 1.357298998951465130e+01
2.712620000000000076e+01 1.348808589305576433e+01
2.645479999999999876e+01 1.345127482314144629e+01
2.578490000000000038e+01 1.333444028515904378e+01
2.511329999999999885e+01 1.307249351608574983e+01
2.444330000000000069e+01 1.277880291885650443e+01
2.377319999999999922e+01 1.275044428469292868e+01
2.310150000000000148e+01 1.240003104232908271e+01
2.243130000000000024e+01 1.219092510065729051e+01
2.175949999999999918e+01 1.198114008331344493e+01
2.108909999999999840e+01 1.171575036407531023e+01
2.041870000000000118e+01 1.155086148698688220e+01
1.974680000000000035e+01 1.116446822314450493e+01
1.907629999999999981e+01 1.094738191362956847e+01
1.840419999999999945e+01 1.076987417773262834e+01
1.773349999999999937e+01 1.048844650667389011e+01
1.706129999999999924e+01 1.043563512888696110e+01
1.639059999999999917e+01 1.014626148564952857e+01
1.571979999999999933e+01 9.981305013659126146e+00
1.504739999999999966e+01 9.928519411781723036e+00
1.437650000000000006e+01 9.791601164889135234e+00
1.370410000000000039e+01 9.807261989971994609e+00
1.303299999999999947e+01 9.630288362348444764e+00
1.236040000000000028e+01 9.537455375040019945e+00
1.168929999999999936e+01 9.424770164055850330e+00
1.101660000000000039e+01 9.512682477034283934e+00
1.034529999999999994e+01 9.957785343502221664e+00
9.672489999999999810e+00 1.031917136429295212e+01
9.001129999999999853e+00 1.071972373586235960e+01
8.329710000000000392e+00 1.105183100640057248e+01
7.656710000000000349e+00 1.172657162661819008e+01
6.985170000000000101e+00 1.338246891451448306e+01
6.312050000000000161e+00 1.510308494964770354e+01
5.640399999999999636e+00 1.689214246490606897e+01
4.967170000000000307e+00 1.842392877225401193e+01
4.295410000000000394e+00 1.973870089778179704e+01
3.622059999999999835e+00 2.105276041148816901e+01
2.950180000000000025e+00 2.228315663789465617e+01
2.276720000000000077e+00 2.366453361477225670e+01
1.604729999999999990e+00 2.469121651691671460e+01
9.311519999999999797e-01 2.485144835554533671e+01
2.590439999999999965e-01 2.485774710999916337e+01
