4.498670000000000186e+02 1.657862131439846110e+02
4.492339999999999804e+02 1.312505172951655084e+02
4.486009999999999991e+02 1.154882371713445224e+02
4.479680000000000177e+02 1.618307491744045308e+02
4.473360000000000127e+02 1.569106967724821118e+02
4.467029999999999745e+02 1.488939766998796017e+02
4.460690000000000168e+02 1.764236604838636708e+02
4.454359999999999786e+02 1.591743979986484305e+02
4.448029999999999973e+02 1.542923529363034731e+02
4.441689999999999827e+02 1.678454551370734009e+02
4.435360000000000014e+02 1.844138086252338269e+02
4.429019999999999868e+02 2.162321623014244665e+02
4.422699999999999818e+02 1.868249166999223121e+02
4.416360000000000241e+02 2.108959605878625325e+02
4.410029999999999859e+02 2.090078084971749206e+02
4.403690000000000282e+02 1.904153423997113919e+02
4.397350000000000136e+02 1.900869465568733290e+02
4.391009999999999991e+02 1.852190126635475167e+02
4.384669999999999845e+02 1.501236827175419535e+02
4.378330000000000268e+02 1.604179928185878339e+02
4.371990000000000123e+02 1.480925466490903375e+02
4.365649999999999977e+02 1.583560816814487282e+02
4.359329999999999927e+02 1.235596749485187189e+02
4.352980000000000018e+02 1.023634748541760473e+02
4.346639999999999873e+02 1.006908169232217460e+02
4.340299999999999727e+02 1.049899278251218391e+02
4.333960000000000150e+02 1.048048177896980491e+02
4.327610000000000241e+02 1.433061658623997516e+02
4.321270000000000095e+02 1.296818060314412548e+02
4.314920000000000186e+02 1.072116712953793041e+02
4.308580000000000041e+02 9.666130217360760923e+01
4.302230000000000132e+02 1.068347456180416373e+02
4.295889999999999986e+02 1.228678337534016691e+02
4.289540000000000077e+02 1.020289561368673219e+02
4.283190000000000168e+02 1.150793102741637313e+02
4.276859999999999786e+02 1.148934758962216875e+02
4.270509999999999877e+02 9.856796353639683161e+01
4.264159999999999968e+02 8.230974692356491573e+01
4.257810000000000059e+02 9.820886254499816914e+01
4.251460000000000150e+02 1.096842476099168806e+02
4.245110000000000241e+02 1.312915720880327797e+02
4.238759999999999764e+02 1.325034507449252601e+02
4.232409999999999854e+02 1.453084810893757606e+02
4.226050000000000182e+02 1.276941031081964866e+02
4.219700000000000273e+02 1.303533702441922912e+02
4.213349999999999795e+02 1.344399678676775238e+02
4.206990000000000123e+02 1.543272553270963954e+02
4.200640000000000214e+02 1.554830356924999535e+02
4.194289999999999736e+02 1.723899400635512507e+02
4.187930000000000064e+02 1.391815289904213557e+02
4.181569999999999823e+02 1.317892130130892383e+02
4.175219999999999914e+02 1.401029140315927748e+02
4.168860000000000241e+02 1.711362408505996484e+02
4.162500000000000000e+02 1.864422299629599706e+02
4.156150000000000091e+02 1.889389049082008967e+02
4.149789999999999850e+02 1.942481503795837909e+02
4.143430000000000177e+02 1.995368073912262048e+02
4.137069999999999936e+02 1.794364611674687637e+02
4.130710000000000264e+02 2.086515702903811587e+02
4.124350000000000023e+02 2.223101983068333993e+02
4.117989999999999782e+02 2.331167186968479825e+02
4.111630000000000109e+02 2.242878139601515670e+02
4.105260000000000105e+02 2.154956400167888262e+02
4.098899999999999864e+02 2.220660504019967618e+02
4.092540000000000191e+02 1.910494971303845091e+02
4.086170000000000186e+02 1.934684701105356339e+02
4.079809999999999945e+02 2.055843180105250099e+02
4.073439999999999941e+02 1.968989165347497874e+02
4.067080000000000268e+02 1.882453053566231063e+02
4.060710000000000264e+02 2.099423851529655565e+02
4.054350000000000023e+02 1.792833271351431961e+02
4.047980000000000018e+02 1.830698096211483801e+02
4.041610000000000014e+02 1.772430200044776427e+02
4.035240000000000009e+02 1.905939105587985694e+02
4.028879999999999768e+02 1.615615737629224498e+02
4.022509999999999764e+02 1.748808194389755215e+02
4.016139999999999759e+02 1.446273017273437347e+02
4.009769999999999754e+02 1.470694498048658829e+02
4.003399999999999750e+02 1.156168197382801139e+02
3.997029999999999745e+02 1.397461374236284826e+02
3.990649999999999977e+02 1.313766793357767710e+02
3.984279999999999973e+02 1.055378061922699544e+02
3.977909999999999968e+02 9.861769878268528089e+01
3.971519999999999868e+02 9.571234200127062763e+01
3.965149999999999864e+02 7.545200364475950039e+01
3.958770000000000095e+02 8.600007346152516163e+01
3.952400000000000091e+02 5.647711234457284490e+01
3.946019999999999754e+02 7.768335613592400080e+01
3.939649999999999750e+02 5.492797254424398545e+01
3.933269999999999982e+02 5.216811289667463569e+01
3.926890000000000214e+02 8.252797901310094630e+01
3.920520000000000209e+02 7.708399039042271284e+01
3.914139999999999873e+02 1.006781444637640561e+02
3.907760000000000105e+02 1.017886750252049524e+02
3.901379999999999768e+02 1.357482908127469727e+02
3.895000000000000000e+02 1.656657125086533142e+02
3.888609999999999900e+02 1.496613687958310095e+02
3.882230000000000132e+02 1.532785668453323922e+02
3.875849999999999795e+02 1.686257918329069412e+02
3.869460000000000264e+02 1.826100012866610030e+02
3.863079999999999927e+02 1.991397002292239051e+02
3.856700000000000159e+02 2.091184964908764528e+02
3.850319999999999823e+02 2.203507431899821256e+02
3.843929999999999723e+02 1.992530609953784335e+02
3.837549999999999955e+02 2.117410475122484570e+02
3.831159999999999854e+02 2.049088148337436053e+02
3.824759999999999991e+02 2.019194369534037889e+02
3.818380000000000223e+02 1.938391331623526241e+02
3.811990000000000123e+02 1.614972230264657753e+02
3.805600000000000023e+02 1.790480643341329881e+02
3.799220000000000255e+02 1.710514925277474561e+02
3.792830000000000155e+02 1.516427417912233580e+02
3.786440000000000055e+02 1.640204196142570936e+02
3.780049999999999955e+02 1.510169361108438011e+02
3.773650000000000091e+02 1.558013689317970716e+02
3.767259999999999991e+02 2.021413709079308205e+02
3.760860000000000127e+02 1.979551337043232877e+02
3.754470000000000027e+02 2.389937132839902745e+02
3.748079999999999927e+02 2.359932825297779289e+02
3.741689999999999827e+02 2.480159186611124085e+02
3.735299999999999727e+02 2.612556329776897428e+02
3.728890000000000100e+02 2.644883210747155431e+02
3.722500000000000000e+02 2.440481308710066628e+02
3.716100000000000136e+02 2.758154373358073599e+02
3.709710000000000036e+02 2.529709190656142539e+02
3.703310000000000173e+02 2.426002618632395240e+02
3.696909999999999741e+02 2.346911404964672840e+02
3.690500000000000114e+02 2.403545746912777474e+02
3.684110000000000014e+02 2.275854684827390599e+02
3.677710000000000150e+02 2.222147354613552750e+02
3.671309999999999718e+02 2.119717751951801006e+02
3.664909999999999854e+02 2.432814013428699127e+02
3.658509999999999991e+02 2.244965204547062854e+02
3.652099999999999795e+02 2.240470282648759337e+02
3.645699999999999932e+02 2.514764893499057052e+02
3.639300000000000068e+02 2.461176955892100580e+02
3.632900000000000205e+02 2.431823664187425322e+02
3.626490000000000009e+02 2.486984151789191344e+02
3.620079999999999814e+02 2.421847306242659386e+02
3.613670000000000186e+02 2.380767289418793951e+02
3.607269999999999754e+02 2.208186032501915292e+02
3.600869999999999891e+02 2.275349593162156339e+02
3.594460000000000264e+02 2.056042947137516990e+02
3.588039999999999736e+02 1.896518294525886859e+02
3.581639999999999873e+02 1.833298583863783051e+02
3.575230000000000246e+02 1.687227445988974068e+02
3.568829999999999814e+02 1.896421224602179620e+02
3.562420000000000186e+02 1.833447771071379293e+02
3.556000000000000227e+02 1.865098869227345517e+02
3.549590000000000032e+02 1.955162851968625546e+02
3.543179999999999836e+02 1.763319299606418156e+02
3.536770000000000209e+02 1.818245299240321060e+02
3.530350000000000250e+02 2.082943006271269155e+02
3.523940000000000055e+02 2.148460484874382530e+02
3.517520000000000095e+02 2.143881053594720640e+02
3.511109999999999900e+02 1.732995432816425136e+02
3.504689999999999941e+02 1.879941038501453363e+02
3.498269999999999982e+02 1.933679867403367894e+02
3.491859999999999786e+02 1.894938994903920673e+02
3.485450000000000159e+02 1.856473164908636306e+02
3.479019999999999868e+02 1.817797986896011651e+02
3.472599999999999909e+02 1.699414766180730680e+02
3.466190000000000282e+02 1.672858897472317778e+02
3.459769999999999754e+02 1.623579364560364979e+02
3.453340000000000032e+02 1.768108974082034308e+02
3.446929999999999836e+02 1.855136136516978524e+02
3.440509999999999877e+02 1.783044313640710357e+02
3.434089999999999918e+02 1.756518424763014821e+02
3.427660000000000196e+02 1.639872159115807335e+02
3.421240000000000236e+02 1.872830812109127976e+02
3.414820000000000277e+02 1.924895393739439555e+02
3.408399999999999750e+02 1.909346269309214676e+02
3.401970000000000027e+02 2.005984130737685120e+02
3.395539999999999736e+02 2.023847115576430724e+02
3.389119999999999777e+02 1.963604710914943610e+02
3.382690000000000055e+02 2.015054035592278296e+02
3.376259999999999764e+02 2.287707644887144056e+02
3.369839999999999804e+02 2.459682354205515935e+02
3.363419999999999845e+02 2.354943182792708001e+02
3.356979999999999791e+02 2.206427113674000111e+02
3.350550000000000068e+02 2.168565585938867741e+02
3.344130000000000109e+02 2.065156446196484410e+02
3.337690000000000055e+02 2.093197082154960640e+02
3.331259999999999764e+02 2.143148711313086494e+02
3.324830000000000041e+02 2.432318053429129066e+02
3.318389999999999986e+02 2.296731075819188561e+02
3.311960000000000264e+02 2.475706423715174935e+02
3.305539999999999736e+02 2.394353391902986345e+02
3.299110000000000014e+02 2.540039496696729486e+02
3.292660000000000196e+02 2.631311929738559456e+02
3.286229999999999905e+02 2.775805817903768116e+02
3.279800000000000182e+02 2.726738077612493498e+02
3.273360000000000127e+02 2.645442075471504495e+02
3.266929999999999836e+02 2.394049390425753359e+02
3.260489999999999782e+02 2.346010681852437472e+02
3.254049999999999727e+02 2.287499238597218323e+02
3.247610000000000241e+02 2.409485842305365395e+02
3.241179999999999950e+02 2.319379599530912230e+02
3.234730000000000132e+02 2.377304228748631658e+02
3.228290000000000077e+02 2.382266339462693736e+02
3.221840000000000259e+02 2.576502476225653595e+02
3.215409999999999968e+02 2.591379907045938467e+02
3.208969999999999914e+02 2.804747119751354489e+02
3.202520000000000095e+02 2.923644766089424252e+02
3.196080000000000041e+02 2.906334940648892484e+02
3.189639999999999986e+02 2.992986288769537850e+02
3.183190000000000168e+02 3.120670063257113611e+02
3.176750000000000114e+02 2.927425389153161746e+02
3.170310000000000059e+02 2.621942448823122618e+02
3.163860000000000241e+02 2.615388594378281937e+02
3.157420000000000186e+02 2.547882504706675206e+02
3.150980000000000132e+02 2.388360573607732817e+02
3.144519999999999982e+02 2.341733339268035934e+02
3.138079999999999927e+02 2.264930825221406963e+02
3.131619999999999777e+02 2.218901508404323124e+02
3.125179999999999723e+02 2.152738299453893944e+02
3.118729999999999905e+02 2.177861126357221053e+02
3.112269999999999754e+02 2.536089629446455547e+02
3.105830000000000268e+02 2.379008032238042745e+02
3.099370000000000118e+02 2.313007515815274360e+02
3.092919999999999732e+02 2.337616336817379192e+02
3.086469999999999914e+02 2.272034994474351492e+02
3.080009999999999764e+02 2.475974519177263176e+02
3.073570000000000277e+02 2.589268408174539786e+02
3.067099999999999795e+02 2.622935586128156160e+02
3.060649999999999977e+02 2.576871207826712862e+02
3.054200000000000159e+02 2.560630182667682675e+02
3.047740000000000009e+02 2.544708291639875029e+02
3.041290000000000191e+02 2.528825520718864084e+02
3.034820000000000277e+02 2.797011837266763337e+02
3.028369999999999891e+02 2.966188580459967170e+02
3.021920000000000073e+02 3.095253185540917116e+02
3.015450000000000159e+02 3.000337714384037895e+02
3.008999999999999773e+02 2.798730995742251935e+02
3.002529999999999859e+02 3.072804849666677001e+02
2.996080000000000041e+02 2.949294252374034500e+02
2.989610000000000127e+02 2.806919347520010888e+02
2.983149999999999977e+02 3.050133084582071774e+02
2.976700000000000159e+02 2.917988030647532582e+02
2.970230000000000246e+02 2.929713809614108868e+02
2.963770000000000095e+02 2.740972732062769524e+02
2.957300000000000182e+02 2.677248523436531968e+02
2.950840000000000032e+02 2.755982285260096205e+02
2.944370000000000118e+02 2.550205190935509449e+02
2.937909999999999968e+02 2.628844689580213299e+02
2.931429999999999723e+02 3.074408186433043966e+02
2.924970000000000141e+02 3.057289111073324079e+02
2.918500000000000227e+02 2.908962019012481051e+02
2.912040000000000077e+02 2.854792880042200522e+02
2.905570000000000164e+02 2.987181241180365419e+02
2.899100000000000250e+02 3.156661738607600682e+02
2.892629999999999768e+02 3.408244052628493250e+02
2.886159999999999854e+02 3.557106062294491835e+02
2.879689999999999941e+02 3.658784683950182171e+02
2.873210000000000264e+02 3.667855729079236653e+02
2.866750000000000114e+02 3.621635083577505725e+02
2.860269999999999868e+02 3.813904747870789720e+02
2.853799999999999955e+02 3.877162026950238101e+02
2.847320000000000277e+02 3.830677402884118123e+02
2.840849999999999795e+02 4.011577763847664642e+02
2.834370000000000118e+02 4.091952572174081979e+02
2.827900000000000205e+02 4.271046755910685988e+02
2.821419999999999959e+02 4.422431600645775802e+02
2.814950000000000045e+02 4.491594846434688861e+02
2.808469999999999800e+02 4.659552086911641595e+02
2.801990000000000123e+02 4.504137232885391313e+02
2.795509999999999877e+02 4.402980730368397531e+02
2.789039999999999964e+02 4.453951537747360021e+02
2.782549999999999955e+02 4.450847269571111156e+02
2.776080000000000041e+02 4.456844616016532541e+02
2.769590000000000032e+02 4.392004205555774661e+02
2.763120000000000118e+02 4.477140876941112992e+02
2.756630000000000109e+02 4.395098034419523856e+02
2.750149999999999864e+02 4.470750344394698459e+02
2.743659999999999854e+02 4.843480366322003192e+02
2.737189999999999941e+02 5.126614515819876488e+02
2.730699999999999932e+02 5.199940415235238333e+02
2.724220000000000255e+02 5.125112268348906355e+02
2.717730000000000246e+02 5.007655264335166407e+02
2.711240000000000236e+02 4.916463534309255010e+02
2.704759999999999991e+02 4.765738525704593940e+02
2.698260000000000218e+02 4.847040969229955749e+02
2.691779999999999973e+02 5.004896474377226809e+02
2.685289999999999964e+02 4.761005608468440755e+02
2.678809999999999718e+02 4.696762395089297684e+02
2.672309999999999945e+02 4.616281304611024439e+02
2.665830000000000268e+02 4.713420238729680705e+02
2.659329999999999927e+02 5.037828928641285415e+02
2.652839999999999918e+02 5.175457439545308489e+02
2.646349999999999909e+02 5.395959655284229939e+02
2.639850000000000136e+02 5.255607375028869228e+02
2.633369999999999891e+02 5.190776167877063472e+02
2.626870000000000118e+02 5.326161435271826576e+02
2.620380000000000109e+02 5.203634228751583350e+02
2.613879999999999768e+02 5.412231141122495046e+02
2.607400000000000091e+02 5.298395991592007022e+02
2.600899999999999750e+02 5.061243445075754153e+02
2.594390000000000214e+02 5.186396232783437199e+02
2.587900000000000205e+02 5.081677920845279459e+02
2.581399999999999864e+02 5.091788182582998843e+02
2.574909999999999854e+02 5.044873739346101615e+02
2.568410000000000082e+02 5.281904750836657740e+02
2.561899999999999977e+02 5.461069724609458262e+02
2.555409999999999968e+02 5.356675901590438116e+02
2.548899999999999864e+02 5.470016984038404644e+02
2.542410000000000139e+02 5.462493557322853803e+02
2.535910000000000082e+02 5.278777276103836584e+02
2.529399999999999977e+02 5.279386787568676027e+02
2.522899999999999920e+02 5.351872082426208408e+02
2.516399999999999864e+02 5.518524100080489916e+02
2.509900000000000091e+02 5.273280653830795472e+02
2.503389999999999986e+02 5.289410131348482764e+02
2.496879999999999882e+02 5.407690988567635486e+02
2.490380000000000109e+02 5.430810283022115073e+02
2.483870000000000005e+02 5.594722217739948746e+02
2.477359999999999900e+02 5.741774924992580509e+02
2.470860000000000127e+02 5.670545422155469169e+02
2.464350000000000023e+02 5.839577498762316736e+02
2.457849999999999966e+02 5.590739803559754364e+02
2.451330000000000098e+02 5.720405732366840539e+02
2.444819999999999993e+02 5.611244223234044739e+02
2.438319999999999936e+02 5.518200079582946955e+02
2.431800000000000068e+02 5.448141573783969989e+02
2.425289999999999964e+02 5.431820775414232685e+02
2.418779999999999859e+02 5.642806299925717894e+02
2.412270000000000039e+02 5.784677996652538923e+02
2.405749999999999886e+02 5.646745095735770974e+02
2.399240000000000066e+02 5.884931000720054044e+02
2.392719999999999914e+02 5.867221519318342189e+02
2.386200000000000045e+02 5.976299089482295130e+02
2.379699999999999989e+02 5.943162468775572052e+02
2.373180000000000121e+02 6.103087594068015278e+02
2.366670000000000016e+02 6.084559566274492681e+02
2.360149999999999864e+02 6.073023521973159404e+02
2.353629999999999995e+02 6.186778006716095888e+02
2.347100000000000080e+02 6.409587953418871393e+02
2.340600000000000023e+02 6.367695850919825489e+02
2.334070000000000107e+02 6.333415361287565020e+02
2.327549999999999955e+02 6.567997826919455520e+02
2.321040000000000134e+02 6.742861041747905801e+02
2.314509999999999934e+02 6.700218559275817825e+02
2.307980000000000018e+02 6.866126843369130484e+02
2.301469999999999914e+02 6.844568615194976928e+02
2.294939999999999998e+02 6.751455331928970054e+02
2.288420000000000130e+02 6.608962426846003382e+02
2.281899999999999977e+02 6.836617653667243530e+02
2.275370000000000061e+02 7.006073434841313201e+02
2.268839999999999861e+02 7.096862842807513516e+02
2.262330000000000041e+02 7.249785699589643855e+02
2.255800000000000125e+02 7.451069124598917597e+02
2.249269999999999925e+02 7.434211072702605634e+02
2.242729999999999961e+02 7.466207525354541303e+02
2.236220000000000141e+02 7.622505747439556671e+02
2.229679999999999893e+02 7.660282679134879800e+02
2.223149999999999977e+02 7.711122649450871904e+02
2.216630000000000109e+02 7.596887309760638800e+02
2.210099999999999909e+02 7.468993161465577941e+02
2.203559999999999945e+02 7.335109459125029616e+02
2.197019999999999982e+02 7.270229090883087792e+02
2.190500000000000114e+02 7.293840306411600523e+02
2.183969999999999914e+02 7.283205570293609981e+02
2.177429999999999950e+02 7.252355635251511785e+02
2.170889999999999986e+02 7.288789967518724779e+02
2.164370000000000118e+02 7.163990238704204785e+02
2.157829999999999870e+02 7.260328398119527264e+02
2.151289999999999907e+02 7.182662051633202509e+02
2.144749999999999943e+02 7.357509525968803246e+02
2.138220000000000027e+02 7.352594649761132359e+02
2.131680000000000064e+02 7.360614008618181288e+02
2.125140000000000100e+02 7.394803117570893392e+02
2.118600000000000136e+02 7.271584725356046874e+02
2.112069999999999936e+02 7.403324875767465301e+02
2.105529999999999973e+02 7.338998079088947861e+02
2.098979999999999961e+02 7.281490626316157204e+02
2.092439999999999998e+02 7.178812158526488929e+02
2.085910000000000082e+02 7.160633986943072387e+02
2.079360000000000070e+02 7.129474400407524399e+02
2.072820000000000107e+02 7.085580924985598585e+02
2.066270000000000095e+02 6.927272030098112054e+02
2.059739999999999895e+02 7.030024677933187149e+02
2.053189999999999884e+02 6.998987795703565098e+02
2.046639999999999873e+02 6.917809080233694203e+02
2.040089999999999861e+02 6.918521137086456747e+02
2.033540000000000134e+02 6.900293261130613018e+02
2.027009999999999934e+02 6.701594783780225271e+02
2.020459999999999923e+02 6.628015946713379662e+02
2.013909999999999911e+02 6.480626900672879174e+02
2.007350000000000136e+02 6.605386266841105680e+02
2.000800000000000125e+02 6.538708717905838057e+02
1.994259999999999877e+02 6.398873833297610645e+02
1.987709999999999866e+02 6.381854698232776855e+02
1.981160000000000139e+02 6.322405364475901024e+02
1.974600000000000080e+02 6.396216271858710343e+02
1.968050000000000068e+02 6.258257223335355093e+02
1.961510000000000105e+02 6.217656931658407302e+02
1.954950000000000045e+02 6.344531394335746199e+02
1.948389999999999986e+02 6.207768691243214789e+02
1.941839999999999975e+02 6.125440890722676386e+02
1.935279999999999916e+02 6.167890276416368351e+02
1.928739999999999952e+02 6.227530910089303688e+02
1.922179999999999893e+02 6.192654337418026671e+02
1.915620000000000118e+02 6.333485639466483690e+02
1.909060000000000059e+02 6.531586270676783670e+02
1.902500000000000000e+02 6.605979856967019259e+02
1.895939999999999941e+02 6.494124786472981441e+02
1.889389999999999930e+02 6.636713111267137037e+02
1.882829999999999870e+02 6.738034041374480694e+02
1.876270000000000095e+02 6.849785420985180053e+02
1.869699999999999989e+02 6.800912173767586637e+02
1.863139999999999930e+02 6.774851399337336488e+02
1.856570000000000107e+02 6.646802104719932913e+02
1.850010000000000048e+02 6.553574011007123090e+02
1.843460000000000036e+02 6.629312261406538482e+02
1.836889999999999930e+02 6.743478022528432803e+02
1.830329999999999870e+02 6.850830747587380074e+02
1.823760000000000048e+02 6.901837818232809241e+02
1.817189999999999941e+02 6.841654702706276794e+02
1.810620000000000118e+02 7.156245000366055820e+02
1.804050000000000011e+02 7.385799279720157529e+02
1.797500000000000000e+02 7.470962587234174634e+02
1.790929999999999893e+02 7.659063022286183013e+02
1.784360000000000070e+02 7.655646854861181509e+02
1.777789999999999964e+02 7.727599310977527693e+02
1.771220000000000141e+02 7.750195944211532151e+02
1.764650000000000034e+02 7.777931460530821823e+02
1.758069999999999879e+02 7.826359122727048998e+02
1.751500000000000057e+02 7.746840751488693968e+02
1.744939999999999998e+02 7.805023546767577045e+02
1.738369999999999891e+02 7.957587595964340608e+02
1.731790000000000020e+02 8.045589169290633436e+02
1.725219999999999914e+02 8.164045307100311675e+02
1.718640000000000043e+02 8.317636377493971622e+02
1.712059999999999889e+02 8.433311448677493445e+02
1.705490000000000066e+02 8.522171010595678808e+02
1.698909999999999911e+02 8.563560803134371326e+02
1.692330000000000041e+02 8.522525321345567590e+02
1.685749999999999886e+02 8.471317953066984501e+02
1.679190000000000111e+02 8.557385284694078109e+02
1.672609999999999957e+02 8.505899409891761707e+02
1.666030000000000086e+02 8.660842784030862731e+02
1.659449999999999932e+02 8.518633857928301722e+02
1.652870000000000061e+02 8.337482019093645249e+02
1.646279999999999859e+02 8.341221589459456709e+02
1.639699999999999989e+02 8.428765560849637950e+02
1.633120000000000118e+02 8.569503585461048942e+02
1.626539999999999964e+02 8.576348170566026283e+02
1.619950000000000045e+02 8.460679994925147867e+02
1.613369999999999891e+02 8.418732861561400114e+02
1.606779999999999973e+02 8.289634894751339971e+02
1.600190000000000055e+02 8.291431771235247652e+02
1.593609999999999900e+02 8.341028586026734502e+02
1.587040000000000077e+02 8.342189534469171122e+02
1.580449999999999875e+02 8.385522656591033410e+02
1.573859999999999957e+02 8.338319626542645437e+02
1.567270000000000039e+02 8.385436146456270308e+02
1.560680000000000121e+02 8.338126100446900182e+02
1.554089999999999918e+02 8.342240541209527009e+02
1.547500000000000000e+02 8.369177160981770385e+02
1.540910000000000082e+02 8.321617661047031334e+02
1.534319999999999879e+02 8.320106643906522095e+02
1.527729999999999961e+02 8.313726565041947651e+02
1.521140000000000043e+02 8.247764955168898950e+02
1.514540000000000077e+02 8.232034452375304454e+02
1.507949999999999875e+02 8.216075895432818470e+02
1.501359999999999957e+02 8.478726063379009474e+02
1.494759999999999991e+02 8.559633337533073245e+02
1.488170000000000073e+02 8.585883597679180639e+02
1.481570000000000107e+02 8.753388259433567100e+02
1.474970000000000141e+02 8.733645204940739859e+02
1.468379999999999939e+02 8.819065463494702044e+02
1.461779999999999973e+02 8.859610670862573443e+02
1.455180000000000007e+02 8.999327770756160589e+02
1.448580000000000041e+02 9.037832318737921469e+02
1.441980000000000075e+02 8.851558330988149237e+02
1.435380000000000109e+02 8.936727521907522487e+02
1.428779999999999859e+02 8.982246694734950552e+02
1.422179999999999893e+02 9.103349465206636069e+02
1.415579999999999927e+02 9.138383122677308847e+02
1.408979999999999961e+02 9.151591228560586160e+02
1.402379999999999995e+02 9.155841559669867138e+02
1.395769999999999982e+02 9.142926394934772816e+02
1.389170000000000016e+02 9.254015209744590038e+02
1.382560000000000002e+02 9.495075843732871590e+02
1.375960000000000036e+02 9.630933536405010500e+02
1.369350000000000023e+02 9.740475501911747642e+02
1.362750000000000057e+02 9.775456192324510312e+02
1.356140000000000043e+02 9.906381306112758693e+02
1.349540000000000077e+02 1.002339648448761295e+03
1.342930000000000064e+02 1.025041745044041818e+03
1.336320000000000050e+02 1.047050739006340336e+03
1.329710000000000036e+02 1.060090338363526143e+03
1.323100000000000023e+02 1.067828671556462723e+03
1.316490000000000009e+02 1.090662471495887075e+03
1.309879999999999995e+02 1.097261440885724596e+03
1.303269999999999982e+02 1.101033521595142247e+03
1.296659999999999968e+02 1.122767437543313918e+03
1.290049999999999955e+02 1.131212491931731620e+03
1.283420000000000130e+02 1.131877489524048087e+03
1.276809999999999974e+02 1.135136880778171189e+03
1.270190000000000055e+02 1.148433822328622000e+03
1.263580000000000041e+02 1.136473607994368194e+03
1.256959999999999980e+02 1.120842289222126055e+03
1.250349999999999966e+02 1.123824258563957073e+03
1.243730000000000047e+02 1.122295469178059648e+03
1.237120000000000033e+02 1.116689386026961984e+03
1.230499999999999972e+02 1.118350994166663440e+03
1.223880000000000052e+02 1.115215784142788834e+03
1.217259999999999991e+02 1.095157929192920164e+03
1.210639999999999930e+02 1.070613972804292644e+03
1.204030000000000058e+02 1.068331753404119354e+03
1.197409999999999997e+02 1.060343875976273694e+03
1.190780000000000030e+02 1.033056556252057817e+03
1.184150000000000063e+02 1.024490939946019580e+03
1.177530000000000001e+02 1.009063020402948951e+03
1.170909999999999940e+02 9.885710605494822403e+02
1.164279999999999973e+02 9.685882247444243376e+02
1.157660000000000053e+02 9.593606346248333239e+02
1.151039999999999992e+02 9.471187445664552342e+02
1.144410000000000025e+02 9.278871831504452530e+02
1.137789999999999964e+02 9.098230748694022623e+02
1.131159999999999997e+02 9.048971267311584370e+02
1.124539999999999935e+02 8.946765214569128375e+02
1.117890000000000015e+02 8.834914114597072512e+02
1.111269999999999953e+02 8.802606184359452755e+02
1.104639999999999986e+02 8.675783918914256674e+02
1.098010000000000019e+02 8.566055288956480354e+02
1.091380000000000052e+02 8.431461039405592146e+02
1.084749999999999943e+02 8.364744874843769367e+02
1.078119999999999976e+02 8.114910578530616476e+02
1.071490000000000009e+02 7.965093074359427874e+02
1.064849999999999994e+02 7.616076631897178686e+02
1.058209999999999980e+02 7.321222807104419417e+02
1.051580000000000013e+02 6.955791026296094515e+02
1.044950000000000045e+02 6.833244577262094026e+02
1.038319999999999936e+02 6.553733989170772247e+02
1.031680000000000064e+02 6.307390021762754486e+02
1.025049999999999955e+02 6.078834685636097674e+02
1.018400000000000034e+02 5.980654186901343792e+02
1.011760000000000019e+02 5.818434553554596960e+02
1.005130000000000052e+02 5.854774053206203916e+02
9.984900000000000375e+01 5.843333677044543037e+02
9.918529999999999802e+01 5.805504153877114959e+02
9.852150000000000318e+01 5.747338736177739520e+02
9.785769999999999413e+01 5.886530609702446100e+02
9.719230000000000302e+01 6.057567760657407234e+02
9.652830000000000155e+01 6.216852014455422477e+02
9.586430000000000007e+01 6.339556430896441270e+02
9.520029999999999859e+01 6.507083657802010066e+02
9.453610000000000468e+01 6.751345077015731704e+02
9.387199999999999989e+01 6.991351664882384966e+02
9.320619999999999550e+01 7.143551057526185559e+02
9.254200000000000159e+01 7.319103793786320011e+02
9.187760000000000105e+01 7.325574658194002495e+02
9.121320000000000050e+01 7.381581101116553327e+02
9.054879999999999995e+01 7.375360757559635658e+02
8.988280000000000314e+01 7.512119285424101918e+02
8.921819999999999595e+01 7.521452790478257384e+02
8.855360000000000298e+01 7.465491874669224899e+02
8.788890000000000668e+01 7.404393385178187827e+02
8.722419999999999618e+01 7.525656280886299783e+02
8.655939999999999657e+01 7.616365473422201831e+02
8.589300000000000068e+01 7.752397112380650697e+02
8.522809999999999775e+01 7.786126167682164123e+02
8.456319999999999482e+01 7.874722277194664457e+02
8.389820000000000277e+01 7.849051252924106166e+02
8.323160000000000025e+01 7.907205492804367850e+02
8.256650000000000489e+01 7.915465337022463927e+02
8.190130000000000621e+01 7.988993642615371300e+02
8.123609999999999332e+01 7.999006341607293962e+02
8.057080000000000553e+01 7.884222636338316761e+02
7.990389999999999304e+01 7.895013666651477706e+02
7.923850000000000193e+01 7.947987494616569393e+02
7.857299999999999329e+01 8.023893777299704198e+02
7.790749999999999886e+01 8.063496444683362370e+02
7.724039999999999395e+01 8.063379754610259624e+02
7.657479999999999620e+01 8.103929064056632114e+02
7.590909999999999513e+01 8.006654877768349934e+02
7.524339999999999407e+01 8.046661113772959197e+02
7.457760000000000389e+01 8.037376957178810244e+02
7.391020000000000323e+01 7.890275691554992363e+02
7.324429999999999552e+01 7.822909617905289679e+02
7.257829999999999870e+01 7.657208556300595319e+02
7.191230000000000189e+01 7.547131891609599279e+02
7.124469999999999459e+01 7.507306355594386105e+02
7.057850000000000534e+01 7.416359389752381048e+02
6.991230000000000189e+01 7.438454730964075452e+02
6.924609999999999843e+01 7.307232926147519265e+02
6.857829999999999870e+01 7.264023480341078312e+02
6.791190000000000282e+01 7.204688429016022155e+02
6.724550000000000693e+01 7.108390808082290278e+02
6.657750000000000057e+01 7.050698953802758524e+02
6.591100000000000136e+01 6.926707417503379247e+02
6.524439999999999884e+01 6.871225063260787920e+02
6.457769999999999300e+01 6.776511783448725055e+02
6.390950000000000131e+01 6.658236386657091543e+02
6.324269999999999925e+01 6.597448163467240647e+02
6.257589999999999719e+01 6.570494901930514970e+02
6.190899999999999892e+01 6.530213981525467943e+02
6.124060000000000059e+01 6.466405562591622811e+02
6.057359999999999900e+01 6.416351334520559249e+02
5.990659999999999741e+01 6.371057955391620453e+02
5.923799999999999955e+01 6.224840130826385121e+02
5.857079999999999842e+01 6.068932862730837314e+02
5.790359999999999729e+01 6.022646820467672342e+02
5.723629999999999995e+01 5.926705534195543805e+02
5.656750000000000256e+01 5.789120269662039391e+02
5.590010000000000190e+01 5.738078113379123124e+02
5.523270000000000124e+01 5.643979116103339493e+02
5.456360000000000099e+01 5.581568457201501587e+02
5.389609999999999701e+01 5.542138147967173154e+02
5.322849999999999682e+01 5.544515793627411995e+02
5.255930000000000035e+01 5.574976668468898424e+02
5.189159999999999684e+01 5.454963302332704416e+02
5.122379999999999711e+01 5.420894081920122289e+02
5.055440000000000111e+01 5.369874908038481180e+02
4.988660000000000139e+01 5.284356331846887542e+02
4.921860000000000213e+01 5.193675007375754831e+02
4.854910000000000281e+01 5.111565429108121066e+02
4.788100000000000023e+01 5.079053777822176130e+02
4.721289999999999765e+01 5.010500022695018743e+02
4.654319999999999879e+01 4.909996421415198142e+02
4.587500000000000000e+01 4.858721390661817736e+02
4.520669999999999789e+01 4.728518516988713145e+02
4.453679999999999950e+01 4.654331957391426613e+02
4.386840000000000117e+01 4.589177856499653103e+02
4.320000000000000284e+01 4.572942249002589392e+02
4.252989999999999782e+01 4.478714695636660394e+02
4.186129999999999995e+01 4.373595265347328791e+02
4.119270000000000209e+01 4.235689063959503642e+02
4.052250000000000085e+01 4.153849646259829456e+02
3.985379999999999967e+01 4.095245177711252040e+02
3.918500000000000227e+01 4.056266605175418931e+02
3.851460000000000150e+01 3.985496217529830005e+02
3.784570000000000078e+01 3.906367760679764274e+02
3.717519999999999669e+01 3.805357850555784012e+02
3.650619999999999976e+01 3.715979188474773878e+02
3.583709999999999951e+01 3.659819642662121737e+02
3.516640000000000299e+01 3.599064999529819033e+02
3.449719999999999942e+01 3.506002407609943248e+02
3.382800000000000296e+01 3.437777722946256063e+02
3.315709999999999980e+01 3.338451794252630975e+02
3.248780000000000001e+01 3.207614322100563413e+02
3.181680000000000064e+01 3.123187929194783123e+02
3.114730000000000132e+01 3.059091900604387320e+02
3.047779999999999845e+01 3.012957329453971056e+02
2.980669999999999931e+01 2.882557642626631491e+02
2.913700000000000045e+01 2.813573195348146783e+02
2.846730000000000160e+01 2.754402452650208488e+02
2.779599999999999937e+01 2.644661003364932412e+02
2.712620000000000076e+01 2.564019172357466232e+02
2.645479999999999876e+01 2.492983451052576243e+02
2.578490000000000038e+01 2.408027695568452486e+02
2.511329999999999885e+01 2.298544379563692246e+02
2.444330000000000069e+01 2.186303379441446282e+02
2.377319999999999922e+01 2.121011722899054632e+02
2.310150000000000148e+01 2.003837296845137246e+02
2.243130000000000024e+01 1.912318721534038559e+02
2.175949999999999918e+01 1.822575689652278470e+02
2.108909999999999840e+01 1.726777114170362495e+02
2.041870000000000118e+01 1.647859525299699897e+02
1.974680000000000035e+01 1.539862017294878740e+02
1.907629999999999981e+01 1.458213150727766845e+02
1.840419999999999945e+01 1.383609088808769911e+02
1.773349999999999937e+01 1.297958984875771478e+02
1.706129999999999924e+01 1.242097044698929125e+02
1.639059999999999917e+01 1.159831546558067714e+02
1.571979999999999933e+01 1.093950837750631706e+02
1.504739999999999966e+01 1.041306375191093139e+02
1.437650000000000006e+01 9.808641455316613644e+01
1.370410000000000039e+01 9.362015413112025897e+01
1.303299999999999947e+01 8.740254764227341866e+01
1.236040000000000028e+01 8.206811995905904666e+01
1.168929999999999936e+01 7.667221910424642317e+01
1.101660000000000039e+01 7.291188227786867060e+01
1.034529999999999994e+01 7.165108288578207407e+01
9.672489999999999810e+00 6.940150922244987441e+01
9.001129999999999853e+00 6.707112487705141746e+01
8.329710000000000392e+00 6.397174991121204357e+01
7.656710000000000349e+00 6.237437010119919023e+01
6.985170000000000101e+00 6.491949612792761570e+01
6.312050000000000161e+00 6.618608979773750889e+01
5.640399999999999636e+00 6.612935326196551955e+01
4.967170000000000307e+00 6.349793795725194201e+01
4.295410000000000394e+00 5.881126920752033271e+01
3.622059999999999835e+00 5.287747945930134819e+01
2.950180000000000025e+00 4.557222811909477400e+01
2.276720000000000077e+00 3.733801851890819279e+01
1.604729999999999990e+00 2.745093242284482216e+01
9.311519999999999797e-01 1.602704929039868631e+01
2.590439999999999965e-01 4.458466584795401033e+00
