4.498670000000000186e+02 2.208189911157670338e+02
4.492339999999999804e+02 1.748351155265322916e+02
4.486009999999999991e+02 1.538533621632505231e+02
4.479680000000000177e+02 2.156176681392085186e+02
4.473360000000000127e+02 2.090838031248560469e+02
4.467029999999999745e+02 1.984216554241426991e+02
4.460690000000000168e+02 2.351353084792553432e+02
4.454359999999999786e+02 2.121667904639275548e+02
4.448029999999999973e+02 2.056805566744104681e+02
4.441689999999999827e+02 2.237719693563756493e+02
4.435360000000000014e+02 2.458876817373136987e+02
4.429019999999999868e+02 2.883446237187764041e+02
4.422699999999999818e+02 2.491547308451869753e+02
4.416360000000000241e+02 2.812873476804887787e+02
4.410029999999999859e+02 2.787980335028079821e+02
4.403690000000000282e+02 2.540229778299581653e+02
4.397350000000000136e+02 2.536114360829937766e+02
4.391009999999999991e+02 2.471423334648723085e+02
4.384669999999999845e+02 2.003327533890582970e+02
4.378330000000000268e+02 2.140931889398666499e+02
4.371990000000000123e+02 1.976636212598303644e+02
4.365649999999999977e+02 2.113855862162648975e+02
4.359329999999999927e+02 1.649516706407885920e+02
4.352980000000000018e+02 1.366673953220202691e+02
4.346639999999999873e+02 1.344481505918336950e+02
4.340299999999999727e+02 1.402037510002971885e+02
4.333960000000000150e+02 1.399712477884740167e+02
4.327610000000000241e+02 1.914154204729798892e+02
4.321270000000000095e+02 1.732344504104295311e+02
4.314920000000000186e+02 1.432311708069798897e+02
4.308580000000000041e+02 1.291487966943003585e+02
4.302230000000000132e+02 1.427576400348575021e+02
4.295889999999999986e+02 1.642006549257125130e+02
4.289540000000000077e+02 1.363641847150004764e+02
4.283190000000000168e+02 1.538238533461977227e+02
4.276859999999999786e+02 1.535915903401986782e+02
4.270509999999999877e+02 1.317798026513868592e+02
4.264159999999999968e+02 1.100534038423532195e+02
4.257810000000000059e+02 1.313274012710013778e+02
4.251460000000000150e+02 1.466892766413377842e+02
4.245110000000000241e+02 1.756070078141308954e+02
4.238759999999999764e+02 1.772467601049984012e+02
4.232409999999999854e+02 1.943972834789948365e+02
4.226050000000000182e+02 1.708491825460754114e+02
4.219700000000000273e+02 1.744258244121605799e+02
4.213349999999999795e+02 1.799134494175654311e+02
4.206990000000000123e+02 2.065508795181440007e+02
4.200640000000000214e+02 2.081198686030662088e+02
4.194289999999999736e+02 2.307759216015262211e+02
4.187930000000000064e+02 1.863381084645897090e+02
4.181569999999999823e+02 1.764593568074720338e+02
4.175219999999999914e+02 1.876115107595459506e+02
4.168860000000000241e+02 2.291947278483029891e+02
4.162500000000000000e+02 2.497207250857752285e+02
4.156150000000000091e+02 2.530917323777834440e+02
4.149789999999999850e+02 2.602316088273132095e+02
4.143430000000000177e+02 2.673454193643604526e+02
4.137069999999999936e+02 2.404389077805264492e+02
4.130710000000000264e+02 2.796175270097582484e+02
4.124350000000000023e+02 2.979540103380026039e+02
4.117989999999999782e+02 3.124712887673626938e+02
4.111630000000000109e+02 3.006685604766299207e+02
4.105260000000000105e+02 2.889126220075864353e+02
4.098899999999999864e+02 2.977534824534964741e+02
4.092540000000000191e+02 2.561913502033501686e+02
4.086170000000000186e+02 2.594629091696656360e+02
4.079809999999999945e+02 2.757416015443003516e+02
4.073439999999999941e+02 2.641199995729288617e+02
4.067080000000000268e+02 2.525385302642032741e+02
4.060710000000000264e+02 2.816772206492688042e+02
4.054350000000000023e+02 2.405665382698076940e+02
4.047980000000000018e+02 2.456737744118886440e+02
4.041610000000000014e+02 2.378795132680458551e+02
4.035240000000000009e+02 2.558259406582398299e+02
4.028879999999999768e+02 2.168787563026671990e+02
4.022509999999999764e+02 2.347842933868238617e+02
4.016139999999999759e+02 1.941868601376026788e+02
4.009769999999999754e+02 1.974871538334169827e+02
4.003399999999999750e+02 1.552666190931211077e+02
3.997029999999999745e+02 1.876929905344658209e+02
3.990649999999999977e+02 1.764703224754829023e+02
3.984279999999999973e+02 1.417758249532641628e+02
3.977909999999999968e+02 1.324931611405600620e+02
3.971519999999999868e+02 1.286033526929610673e+02
3.965149999999999864e+02 1.013895073805846039e+02
3.958770000000000095e+02 1.155773554397950846e+02
3.952400000000000091e+02 7.590567871543017020e+01
3.946019999999999754e+02 1.044218463773489987e+02
3.939649999999999750e+02 7.383923671687941237e+01
3.933269999999999982e+02 7.013625120503688493e+01
3.926890000000000214e+02 1.109703602803014206e+02
3.920520000000000209e+02 1.036606729826838205e+02
3.914139999999999873e+02 1.354069865958704213e+02
3.907760000000000105e+02 1.369154359766438631e+02
3.901379999999999768e+02 1.826171499473944664e+02
3.895000000000000000e+02 2.228900205216887684e+02
3.888609999999999900e+02 2.013782623200928583e+02
3.882230000000000132e+02 2.062678621220927937e+02
3.875849999999999795e+02 2.269461009888816818e+02
3.869460000000000264e+02 2.457941425398523450e+02
3.863079999999999927e+02 2.680729537522572059e+02
3.856700000000000159e+02 2.815367812807052132e+02
3.850319999999999823e+02 2.966912769796521161e+02
3.843929999999999723e+02 2.683123977243986360e+02
3.837549999999999955e+02 2.851599563763070933e+02
3.831159999999999854e+02 2.759882533502625961e+02
3.824759999999999991e+02 2.719912283610806867e+02
3.818380000000000223e+02 2.611346567197509216e+02
3.811990000000000123e+02 2.175865428842330402e+02
3.805600000000000023e+02 2.412600430410390686e+02
3.799220000000000255e+02 2.305094864569618096e+02
3.792830000000000155e+02 2.043752867226653507e+02
3.786440000000000055e+02 2.210818930818467152e+02
3.780049999999999955e+02 2.035759251510303045e+02
3.773650000000000091e+02 2.100485877546455526e+02
3.767259999999999991e+02 2.725555863305366415e+02
3.760860000000000127e+02 2.669399026967128634e+02
3.754470000000000027e+02 3.223167158832434893e+02
3.748079999999999927e+02 3.183046174609903005e+02
3.741689999999999827e+02 3.345573411810822790e+02
3.735299999999999727e+02 3.524555774735330260e+02
3.728890000000000100e+02 3.568557035065938408e+02
3.722500000000000000e+02 3.293122301458521974e+02
3.716100000000000136e+02 3.722198595305396793e+02
3.709710000000000036e+02 3.414269491720011729e+02
3.703310000000000173e+02 3.274652626919012732e+02
3.696909999999999741e+02 3.168236117513108638e+02
3.690500000000000114e+02 3.245046198629445939e+02
3.684110000000000014e+02 3.072978881439316865e+02
3.677710000000000150e+02 3.000785197255266894e+02
3.671309999999999718e+02 2.862772225936125778e+02
3.664909999999999854e+02 3.285993724148531783e+02
3.658509999999999991e+02 3.032590741922197708e+02
3.652099999999999795e+02 3.026849217458135968e+02
3.645699999999999932e+02 3.397799409997821272e+02
3.639300000000000068e+02 3.325755557538784046e+02
3.632900000000000205e+02 3.286448433271548311e+02
3.626490000000000009e+02 3.361363636287276790e+02
3.620079999999999814e+02 3.273681526563780722e+02
3.613670000000000186e+02 3.218503036540970470e+02
3.607269999999999754e+02 2.985514343992546742e+02
3.600869999999999891e+02 3.076659736512942800e+02
3.594460000000000264e+02 2.780415858274551510e+02
3.588039999999999736e+02 2.564963019839948970e+02
3.581639999999999873e+02 2.479729280249723047e+02
3.575230000000000246e+02 2.282395901126547813e+02
3.568829999999999814e+02 2.565674092423021193e+02
3.562420000000000186e+02 2.480746207129472225e+02
3.556000000000000227e+02 2.523850380512785421e+02
3.549590000000000032e+02 2.646019243630237838e+02
3.543179999999999836e+02 2.386641257689581721e+02
3.536770000000000209e+02 2.461256000122500893e+02
3.530350000000000250e+02 2.819884746909596629e+02
3.523940000000000055e+02 2.908904233267715540e+02
3.517520000000000095e+02 2.903023030195952856e+02
3.511109999999999900e+02 2.346885584797580577e+02
3.504689999999999941e+02 2.546172066704244514e+02
3.498269999999999982e+02 2.619246098110851335e+02
3.491859999999999786e+02 2.567050570213130527e+02
3.485450000000000159e+02 2.515216261320489934e+02
3.479019999999999868e+02 2.463087769785003616e+02
3.472599999999999909e+02 2.302928683286719433e+02
3.466190000000000282e+02 2.267190232203087135e+02
3.459769999999999754e+02 2.200642908092328867e+02
3.453340000000000032e+02 2.396814372194628504e+02
3.446929999999999836e+02 2.515067811313739412e+02
3.440509999999999877e+02 2.417594132833108347e+02
3.434089999999999918e+02 2.381889864310235225e+02
3.427660000000000196e+02 2.223954565626658564e+02
3.421240000000000236e+02 2.540179629547222930e+02
3.414820000000000277e+02 2.611087151782138562e+02
3.408399999999999750e+02 2.590280539068131134e+02
3.401970000000000027e+02 2.721687951662851788e+02
3.395539999999999736e+02 2.746228918853238952e+02
3.389119999999999777e+02 2.664776080833504466e+02
3.382690000000000055e+02 2.734902185970428832e+02
3.376259999999999764e+02 3.105312297039210989e+02
3.369839999999999804e+02 3.339124651245998052e+02
3.363419999999999845e+02 3.197287092065387242e+02
3.356979999999999791e+02 2.995975611087641823e+02
3.350550000000000068e+02 2.944890905142001429e+02
3.344130000000000109e+02 2.804769106809376353e+02
3.337690000000000055e+02 2.843169244813388445e+02
3.331259999999999764e+02 2.911343097912047710e+02
3.324830000000000041e+02 3.304540525106946234e+02
3.318389999999999986e+02 3.120675030462028303e+02
3.311960000000000264e+02 3.364237017776637799e+02
3.305539999999999736e+02 3.254044724022599553e+02
3.299110000000000014e+02 3.452427833973544011e+02
3.292660000000000196e+02 3.576887205238236902e+02
3.286229999999999905e+02 3.773729605206194151e+02
3.279800000000000182e+02 3.707432514426358239e+02
3.273360000000000127e+02 3.597296127244718491e+02
3.266929999999999836e+02 3.255804847799703907e+02
3.260489999999999782e+02 3.190828363081772636e+02
3.254049999999999727e+02 3.111591456448376221e+02
3.247610000000000241e+02 3.277894588453684150e+02
3.241179999999999950e+02 3.155661499111723742e+02
3.234730000000000132e+02 3.234835063276638607e+02
3.228290000000000077e+02 3.241949095200193369e+02
3.221840000000000259e+02 3.506677192677876178e+02
3.215409999999999968e+02 3.527319431221318382e+02
3.208969999999999914e+02 3.818182213696700842e+02
3.202520000000000095e+02 3.980489636485809228e+02
3.196080000000000041e+02 3.957364396304760135e+02
3.189639999999999986e+02 4.075809691258751286e+02
3.183190000000000168e+02 4.250166989996536699e+02
3.176750000000000114e+02 3.987420425955719452e+02
3.170310000000000059e+02 3.571716374630012751e+02
3.163860000000000241e+02 3.563187589344310027e+02
3.157420000000000186e+02 3.471604355687920247e+02
3.150980000000000132e+02 3.254608184203543146e+02
3.144519999999999982e+02 3.191426497728775189e+02
3.138079999999999927e+02 3.087099682821950069e+02
3.131619999999999777e+02 3.024700180357577324e+02
3.125179999999999723e+02 2.934836355651699478e+02
3.118729999999999905e+02 2.969420695645313799e+02
3.112269999999999754e+02 3.458251300910418990e+02
3.105830000000000268e+02 3.244411647938172223e+02
3.099370000000000118e+02 3.154755313463490438e+02
3.092919999999999732e+02 3.188678941938237585e+02
3.086469999999999914e+02 3.099567595397919035e+02
3.080009999999999764e+02 3.378174186946419582e+02
3.073570000000000277e+02 3.533150463793451763e+02
3.067099999999999795e+02 3.579495468957533149e+02
3.060649999999999977e+02 3.517026337447875335e+02
3.054200000000000159e+02 3.495252852759173834e+02
3.047740000000000009e+02 3.473910805593478699e+02
3.041290000000000191e+02 3.452616811319808789e+02
3.034820000000000277e+02 3.819212111588534526e+02
3.028369999999999891e+02 4.050677271798774086e+02
3.021920000000000073e+02 4.227409682521960121e+02
3.015450000000000159e+02 4.098238003521241808e+02
3.008999999999999773e+02 3.823284478382389580e+02
3.002529999999999859e+02 4.198172769187795552e+02
2.996080000000000041e+02 4.029880039419595050e+02
2.989610000000000127e+02 3.835771415553735437e+02
2.983149999999999977e+02 4.168610546571367763e+02
2.976700000000000159e+02 3.988455385737054826e+02
2.970230000000000246e+02 4.004936767504150907e+02
2.963770000000000095e+02 3.747345931482760761e+02
2.957300000000000182e+02 3.660638061191118027e+02
2.950840000000000032e+02 3.768720507821149113e+02
2.944370000000000118e+02 3.487716928700838253e+02
2.937909999999999968e+02 3.595675474169584049e+02
2.931429999999999723e+02 4.205597222997579365e+02
2.924970000000000141e+02 4.182652953892400092e+02
2.918500000000000227e+02 3.980176244426342578e+02
2.912040000000000077e+02 3.906501107728485067e+02
2.905570000000000164e+02 4.088129018380877824e+02
2.899100000000000250e+02 4.320567601634464268e+02
2.892629999999999768e+02 4.665447563562044024e+02
2.886159999999999854e+02 4.869777020915034313e+02
2.879689999999999941e+02 5.009549371512865150e+02
2.873210000000000264e+02 5.022541486437620506e+02
2.866750000000000114e+02 4.959812109911100038e+02
2.860269999999999868e+02 5.223723391467036663e+02
2.853799999999999955e+02 5.310969394378435027e+02
2.847320000000000277e+02 5.247891823461283138e+02
2.840849999999999795e+02 5.496347915094318068e+02
2.834370000000000118e+02 5.607112070151905527e+02
2.827900000000000205e+02 5.853190606561665845e+02
2.821419999999999959e+02 6.061347764493028762e+02
2.814950000000000045e+02 6.156845087904217735e+02
2.808469999999999800e+02 6.387804011606527865e+02
2.801990000000000123e+02 6.175447996740113012e+02
2.795509999999999877e+02 6.037444406744823482e+02
2.789039999999999964e+02 6.108034097679017123e+02
2.782549999999999955e+02 6.104475710787469325e+02
2.776080000000000041e+02 6.113399164954262233e+02
2.769590000000000032e+02 6.025147444430149335e+02
2.763120000000000118e+02 6.142644535200031441e+02
2.756630000000000109e+02 6.030771449624701290e+02
2.750149999999999864e+02 6.135281670871016786e+02
2.743659999999999854e+02 6.647552604725544825e+02
2.737189999999999941e+02 7.036955267409890666e+02
2.730699999999999932e+02 7.138424461033761190e+02
2.724220000000000255e+02 7.036506258427216380e+02
2.717730000000000246e+02 6.876031631725792295e+02
2.711240000000000236e+02 6.751589717071742598e+02
2.704759999999999991e+02 6.545353251312106977e+02
2.698260000000000218e+02 6.657782448404124125e+02
2.691779999999999973e+02 6.875399807837169419e+02
2.685289999999999964e+02 6.541106934966717290e+02
2.678809999999999718e+02 6.453583445993057239e+02
2.672309999999999945e+02 6.343727790507024338e+02
2.665830000000000268e+02 6.477961970258393194e+02
2.659329999999999927e+02 6.924620199283108377e+02
2.652839999999999918e+02 7.114614281377929501e+02
2.646349999999999909e+02 7.418591420024547460e+02
2.639850000000000136e+02 7.226460691524919184e+02
2.633369999999999891e+02 7.138137610850743613e+02
2.626870000000000118e+02 7.325160331738325112e+02
2.620380000000000109e+02 7.157469660899317887e+02
2.613879999999999768e+02 7.445251276925606589e+02
2.607400000000000091e+02 7.289493280140071647e+02
2.600899999999999750e+02 6.964021889721514071e+02
2.594390000000000214e+02 7.137053067853431685e+02
2.587900000000000205e+02 6.993754568832373479e+02
2.581399999999999864e+02 7.008478983811404532e+02
2.574909999999999854e+02 6.944705522286260475e+02
2.568410000000000082e+02 7.271842850386617556e+02
2.561899999999999977e+02 7.519380541174543851e+02
2.555409999999999968e+02 7.376490793227678751e+02
2.548899999999999864e+02 7.533443082440941225e+02
2.542410000000000139e+02 7.523950945710246287e+02
2.535910000000000082e+02 7.271742802432876260e+02
2.529399999999999977e+02 7.273425911738166860e+02
2.522899999999999920e+02 7.374143995267671698e+02
2.516399999999999864e+02 7.604650425434497265e+02
2.509900000000000091e+02 7.267538888402884822e+02
2.503389999999999986e+02 7.290614752206228104e+02
2.496879999999999882e+02 7.454513111464353869e+02
2.490380000000000109e+02 7.487251620585514047e+02
2.483870000000000005e+02 7.714128745229239712e+02
2.477359999999999900e+02 7.917809951125137786e+02
2.470860000000000127e+02 7.820492527121823514e+02
2.464350000000000023e+02 8.054550109189310660e+02
2.457849999999999966e+02 7.712220343097461637e+02
2.451330000000000098e+02 7.892010507228462757e+02
2.444819999999999993e+02 7.742308331147708031e+02
2.438319999999999936e+02 7.614811327412284072e+02
2.431800000000000068e+02 7.519010342392558641e+02
2.425289999999999964e+02 7.497358728221159936e+02
2.418779999999999859e+02 7.789484408365088939e+02
2.412270000000000039e+02 7.986259820872768387e+02
2.405749999999999886e+02 7.796739790361007181e+02
2.399240000000000066e+02 8.126564467291472056e+02
2.392719999999999914e+02 8.103055229907167814e+02
2.386200000000000045e+02 8.254664368266562633e+02
2.379699999999999989e+02 8.209850802928161784e+02
2.373180000000000121e+02 8.431757272982574705e+02
2.366670000000000016e+02 8.407140732066836790e+02
2.360149999999999864e+02 8.392182221290710231e+02
2.353629999999999995e+02 8.550378083875962147e+02
2.347100000000000080e+02 8.859350374191686797e+02
2.340600000000000023e+02 8.802473357924151287e+02
2.334070000000000107e+02 8.756111241543244432e+02
2.327549999999999955e+02 9.081492742357202133e+02
2.321040000000000134e+02 9.324365626022743072e+02
2.314509999999999934e+02 9.266484053374141467e+02
2.307980000000000018e+02 9.497052874730798067e+02
2.301469999999999914e+02 9.468341678037131715e+02
2.294939999999999998e+02 9.340630389761197421e+02
2.288420000000000130e+02 9.144562546318876457e+02
2.281899999999999977e+02 9.460671483131569630e+02
2.275370000000000061e+02 9.696308797184857440e+02
2.268839999999999861e+02 9.823115058685522172e+02
2.262330000000000041e+02 1.003596020094205301e+03
2.255800000000000125e+02 1.031581339549925815e+03
2.249269999999999925e+02 1.029368420746498714e+03
2.242729999999999961e+02 1.033920591080816394e+03
2.236220000000000141e+02 1.055688709841478612e+03
2.229679999999999893e+02 1.061045759038196138e+03
2.223149999999999977e+02 1.068213513681867653e+03
2.216630000000000109e+02 1.052512271670370183e+03
2.210099999999999909e+02 1.034914946245130977e+03
2.203559999999999945e+02 1.016483651414523024e+03
2.197019999999999982e+02 1.007611534441094932e+03
2.190500000000000114e+02 1.011002905726995664e+03
2.183969999999999914e+02 1.009647841534537520e+03
2.177429999999999950e+02 1.005489941121342554e+03
2.170889999999999986e+02 1.010660732484675464e+03
2.164370000000000118e+02 9.934729946852285138e+02
2.157829999999999870e+02 1.006951862246035034e+03
2.151289999999999907e+02 9.962978650130754659e+02
2.144749999999999943e+02 1.020671556679641640e+03
2.138220000000000027e+02 1.020110212383894918e+03
2.131680000000000064e+02 1.021343673021556924e+03
2.125140000000000100e+02 1.026209150501965269e+03
2.118600000000000136e+02 1.009228974821690485e+03
2.112069999999999936e+02 1.027634873632905510e+03
2.105529999999999973e+02 1.018826467417305253e+03
2.098979999999999961e+02 1.010962976840611418e+03
2.092439999999999998e+02 9.968251312200538905e+02
2.085910000000000082e+02 9.944186400780947679e+02
2.079360000000000070e+02 9.902089637174548216e+02
2.072820000000000107e+02 9.842293026998374899e+02
2.066270000000000095e+02 9.623534662779990185e+02
2.059739999999999895e+02 9.767438927498031944e+02
2.053189999999999884e+02 9.725472308947058764e+02
2.046639999999999873e+02 9.613812440660194625e+02
2.040089999999999861e+02 9.615945468864839540e+02
2.033540000000000134e+02 9.591751572539070594e+02
2.027009999999999934e+02 9.316654433324824822e+02
2.020459999999999923e+02 9.215460207776623065e+02
2.013909999999999911e+02 9.011605052392850439e+02
2.007350000000000136e+02 9.186184944352577304e+02
2.000800000000000125e+02 9.094538349613977744e+02
1.994259999999999877e+02 8.901102947022865237e+02
1.987709999999999866e+02 8.878486400958615832e+02
1.981160000000000139e+02 8.796828026699214433e+02
1.974600000000000080e+02 8.900589833957335486e+02
1.968050000000000068e+02 8.709651883387801945e+02
1.961510000000000105e+02 8.654178577463630972e+02
1.954950000000000045e+02 8.831827759548535823e+02
1.948389999999999986e+02 8.642480820963024826e+02
1.941839999999999975e+02 8.528881159886387877e+02
1.935279999999999916e+02 8.589013799446137227e+02
1.928739999999999952e+02 8.673100231983190724e+02
1.922179999999999893e+02 8.625559216119758048e+02
1.915620000000000118e+02 8.822775690887106066e+02
1.909060000000000059e+02 9.099827735049250350e+02
1.902500000000000000e+02 9.204575689198543387e+02
1.895939999999999941e+02 9.049803175585286681e+02
1.889389999999999930e+02 9.249612581040536270e+02
1.882829999999999870e+02 9.391949962568490946e+02
1.876270000000000095e+02 9.548862119781886122e+02
1.869699999999999989e+02 9.481869023930814819e+02
1.863139999999999930e+02 9.446667506532996867e+02
1.856570000000000107e+02 9.269231657411888818e+02
1.850010000000000048e+02 9.140317275158440680e+02
1.843460000000000036e+02 9.247058419001320999e+02
1.836889999999999930e+02 9.407436967588172365e+02
1.830329999999999870e+02 9.558346819204513167e+02
1.823760000000000048e+02 9.630671010354653845e+02
1.817189999999999941e+02 9.547841070340517717e+02
1.810620000000000118e+02 9.988070056546571323e+02
1.804050000000000011e+02 1.030970441744061873e+03
1.797500000000000000e+02 1.042983468287040751e+03
1.790929999999999893e+02 1.069372106184588802e+03
1.784360000000000070e+02 1.069023897955113171e+03
1.777789999999999964e+02 1.079201302740299525e+03
1.771220000000000141e+02 1.082487510114480983e+03
1.764650000000000034e+02 1.086492375539856084e+03
1.758069999999999879e+02 1.093389251770896863e+03
1.751500000000000057e+02 1.082410557181956847e+03
1.744939999999999998e+02 1.090671423832246774e+03
1.738369999999999891e+02 1.112124947207600826e+03
1.731790000000000020e+02 1.124559721466989686e+03
1.725219999999999914e+02 1.141254580184173165e+03
1.718640000000000043e+02 1.162865836891055778e+03
1.712059999999999889e+02 1.179180748566337115e+03
1.705490000000000066e+02 1.191749484470111611e+03
1.698909999999999911e+02 1.197682448710962490e+03
1.692330000000000041e+02 1.192087599704924969e+03
1.685749999999999886e+02 1.185068445549739636e+03
1.679190000000000111e+02 1.197253173849110908e+03
1.672609999999999957e+02 1.190194014448118196e+03
1.666030000000000086e+02 1.212021519828016835e+03
1.659449999999999932e+02 1.192264869479736490e+03
1.652870000000000061e+02 1.167052332720938693e+03
1.646279999999999859e+02 1.167717610938131202e+03
1.639699999999999989e+02 1.180116396000024451e+03
1.633120000000000118e+02 1.199966867021835697e+03
1.626539999999999964e+02 1.201071063470547188e+03
1.619950000000000045e+02 1.185016378991360398e+03
1.613369999999999891e+02 1.179284367618074384e+03
1.606779999999999973e+02 1.161341706744474550e+03
1.600190000000000055e+02 1.161734787086483038e+03
1.593609999999999900e+02 1.168825980389712413e+03
1.587040000000000077e+02 1.169130548166366907e+03
1.580449999999999875e+02 1.175346671199514276e+03
1.573859999999999957e+02 1.168872849598958283e+03
1.567270000000000039e+02 1.175620918470920287e+03
1.560680000000000121e+02 1.169130584135251183e+03
1.554089999999999918e+02 1.169850073813471909e+03
1.547500000000000000e+02 1.173770560063138419e+03
1.540910000000000082e+02 1.167242691002444644e+03
1.534319999999999879e+02 1.167173107331864685e+03
1.527729999999999961e+02 1.166420390697948278e+03
1.521140000000000043e+02 1.157307140717162383e+03
1.514540000000000077e+02 1.155241092466893861e+03
1.507949999999999875e+02 1.153142335374289360e+03
1.501359999999999957e+02 1.190151261695205221e+03
1.494759999999999991e+02 1.201655187993895424e+03
1.488170000000000073e+02 1.205487667388917089e+03
1.481570000000000107e+02 1.229156417952093534e+03
1.474970000000000141e+02 1.226534242814664367e+03
1.468379999999999939e+02 1.238681974169724981e+03
1.461779999999999973e+02 1.244529212280674983e+03
1.455180000000000007e+02 1.264310544900880132e+03
1.448580000000000041e+02 1.269875668532172085e+03
1.441980000000000075e+02 1.243855336032311243e+03
1.435380000000000109e+02 1.255977674533916797e+03
1.428779999999999859e+02 1.262529849294342512e+03
1.422179999999999893e+02 1.279708889689964508e+03
1.415579999999999927e+02 1.284791430825850966e+03
1.408979999999999961e+02 1.286806337970014511e+03
1.402379999999999995e+02 1.287562048040173067e+03
1.395769999999999982e+02 1.285903961430971094e+03
1.389170000000000016e+02 1.301687935527975469e+03
1.382560000000000002e+02 1.335760440692647990e+03
1.375960000000000036e+02 1.355039368423589622e+03
1.369350000000000023e+02 1.370620314881057993e+03
1.362750000000000057e+02 1.375711738218388518e+03
1.356140000000000043e+02 1.394308761937215650e+03
1.349540000000000077e+02 1.410952077299557686e+03
1.342930000000000064e+02 1.443086779694661573e+03
1.336320000000000050e+02 1.474253531182933330e+03
1.329710000000000036e+02 1.492797445927775243e+03
1.323100000000000023e+02 1.503879886515956059e+03
1.316490000000000009e+02 1.536227499923089908e+03
1.309879999999999995e+02 1.545713053888143577e+03
1.303269999999999982e+02 1.551218233025615291e+03
1.296659999999999968e+02 1.582033944669893799e+03
1.290049999999999955e+02 1.594130288926829735e+03
1.283420000000000130e+02 1.595265033974640801e+03
1.276809999999999974e+02 1.600056478254484546e+03
1.270190000000000055e+02 1.618999853133975648e+03
1.263580000000000041e+02 1.602336996868291862e+03
1.256959999999999980e+02 1.580493727476967933e+03
1.250349999999999966e+02 1.584894574611628059e+03
1.243730000000000047e+02 1.582934648675558719e+03
1.237120000000000033e+02 1.575222449615044525e+03
1.230499999999999972e+02 1.577761887628882960e+03
1.223880000000000052e+02 1.573533809883819913e+03
1.217259999999999991e+02 1.545424391682372971e+03
1.210639999999999930e+02 1.510976697225693897e+03
1.204030000000000058e+02 1.507942543367030112e+03
1.197409999999999997e+02 1.496853433077913905e+03
1.190780000000000030e+02 1.458514029149219368e+03
1.184150000000000063e+02 1.446600564707175181e+03
1.177530000000000001e+02 1.424992965956223998e+03
1.170909999999999940e+02 1.396227710426675458e+03
1.164279999999999973e+02 1.368174747700746138e+03
1.157660000000000053e+02 1.355308762403509945e+03
1.151039999999999992e+02 1.338180696954762425e+03
1.144410000000000025e+02 1.311171709150936977e+03
1.137789999999999964e+02 1.285805676576070482e+03
1.131159999999999997e+02 1.279003421595348527e+03
1.124539999999999935e+02 1.264714708640073013e+03
1.117890000000000015e+02 1.249059566591058228e+03
1.111269999999999953e+02 1.244646884573770194e+03
1.104639999999999986e+02 1.226867780737054318e+03
1.098010000000000019e+02 1.211501827665402288e+03
1.091380000000000052e+02 1.192614854368695433e+03
1.084749999999999943e+02 1.183325636442050836e+03
1.078119999999999976e+02 1.148125866889275358e+03
1.071490000000000009e+02 1.127069848435036192e+03
1.064849999999999994e+02 1.077818326872788020e+03
1.058209999999999980e+02 1.036220506121904009e+03
1.051580000000000013e+02 9.846214705427164517e+02
1.044950000000000045e+02 9.673953774607489322e+02
1.038319999999999936e+02 9.279404459355803283e+02
1.031680000000000064e+02 8.931724775446476770e+02
1.025049999999999955e+02 8.609149725683752195e+02
1.018400000000000034e+02 8.471164286464455699e+02
1.011760000000000019e+02 8.242424330668460470e+02
1.005130000000000052e+02 8.294941565584239243e+02
9.984900000000000375e+01 8.279771275460429933e+02
9.918529999999999802e+01 8.227199670766322015e+02
9.852150000000000318e+01 8.145792697983586095e+02
9.785769999999999413e+01 8.344118889440097746e+02
9.719230000000000302e+01 8.587643840581079075e+02
9.652830000000000155e+01 8.814563969893923741e+02
9.586430000000000007e+01 8.989669850152594108e+02
9.520029999999999859e+01 9.228388011577108045e+02
9.453610000000000468e+01 9.576005527715361723e+02
9.387199999999999989e+01 9.917674635004747188e+02
9.320619999999999550e+01 1.013485705838522904e+03
9.254200000000000159e+01 1.038522787321773876e+03
9.187760000000000105e+01 1.039571776920102138e+03
9.121320000000000050e+01 1.047651536514474628e+03
9.054879999999999995e+01 1.046900505410735605e+03
8.988280000000000314e+01 1.066447453839815807e+03
8.921819999999999595e+01 1.067907036158805568e+03
8.855360000000000298e+01 1.060095216735460781e+03
8.788890000000000668e+01 1.051551838096795564e+03
8.722419999999999618e+01 1.068908107336486182e+03
8.655939999999999657e+01 1.081928534659621846e+03
8.589300000000000068e+01 1.101391619169505475e+03
8.522809999999999775e+01 1.106323223182794891e+03
8.456319999999999482e+01 1.119053095537776926e+03
8.389820000000000277e+01 1.115545982537639020e+03
8.323160000000000025e+01 1.123953529908995506e+03
8.256650000000000489e+01 1.125269855952082708e+03
8.190130000000000621e+01 1.135866367674783305e+03
8.123609999999999332e+01 1.137433839859295176e+03
8.057080000000000553e+01 1.121253810744804241e+03
7.990389999999999304e+01 1.122930932428105052e+03
7.923850000000000193e+01 1.130608728611479364e+03
7.857299999999999329e+01 1.141551090328531700e+03
7.790749999999999886e+01 1.147330701176906359e+03
7.724039999999999395e+01 1.147459870319857146e+03
7.657479999999999620e+01 1.153376482913710106e+03
7.590909999999999513e+01 1.139676646210313947e+03
7.524339999999999407e+01 1.145516517328465625e+03
7.457760000000000389e+01 1.144340065518431857e+03
7.391020000000000323e+01 1.123539124937607767e+03
7.324429999999999552e+01 1.114087976822298060e+03
7.257829999999999870e+01 1.090628433913632989e+03
7.191230000000000189e+01 1.075086636286520388e+03
7.124469999999999459e+01 1.069549770547945627e+03
7.057850000000000534e+01 1.056727127330503890e+03
6.991230000000000189e+01 1.060010254803438556e+03
6.924609999999999843e+01 1.041443098013928193e+03
6.857829999999999870e+01 1.035416881157650778e+03
6.791190000000000282e+01 1.027090019738052888e+03
6.724550000000000693e+01 1.013491042263327699e+03
6.657750000000000057e+01 1.005393916169513659e+03
6.591100000000000136e+01 9.878392320385795529e+02
6.524439999999999884e+01 9.800516738552040579e+02
6.457769999999999300e+01 9.666658825378985966e+02
6.390950000000000131e+01 9.499154048854876464e+02
6.324269999999999925e+01 9.413630306426664447e+02
6.257589999999999719e+01 9.376368839520256415e+02
6.190899999999999892e+01 9.320076593746337039e+02
6.124060000000000059e+01 9.230189409549882384e+02
6.057359999999999900e+01 9.159912250724537444e+02
5.990659999999999741e+01 9.096414676959332155e+02
5.923799999999999955e+01 8.888788033825509274e+02
5.857079999999999842e+01 8.667268082693952920e+02
5.790359999999999729e+01 8.602265994649219465e+02
5.723629999999999995e+01 8.466314794866294733e+02
5.656750000000000256e+01 8.270835038852069374e+02
5.590010000000000190e+01 8.198962019998457436e+02
5.523270000000000124e+01 8.065540136631348105e+02
5.456360000000000099e+01 7.977376944977777384e+02
5.389609999999999701e+01 7.922037388582850781e+02
5.322849999999999682e+01 7.926452754427110676e+02
5.255930000000000035e+01 7.971024888095255392e+02
5.189159999999999684e+01 7.800432344522838548e+02
5.122379999999999711e+01 7.752709767289327374e+02
5.055440000000000111e+01 7.680733228019798844e+02
4.988660000000000139e+01 7.559383721626568331e+02
4.921860000000000213e+01 7.430617049332549868e+02
4.854910000000000281e+01 7.314084729309312252e+02
4.788100000000000023e+01 7.268498930022417426e+02
4.721289999999999765e+01 7.171315896810907589e+02
4.654319999999999879e+01 7.028375713784221261e+02
4.587500000000000000e+01 6.955873797364381517e+02
4.520669999999999789e+01 6.770343534789061550e+02
4.453679999999999950e+01 6.664982854631502960e+02
4.386840000000000117e+01 6.572529292365846914e+02
4.320000000000000284e+01 6.550121232036760830e+02
4.252989999999999782e+01 6.415982103791862983e+02
4.186129999999999995e+01 6.266201377401110904e+02
4.119270000000000209e+01 6.069401217746498105e+02
4.052250000000000085e+01 5.952901877390748950e+02
3.985379999999999967e+01 5.869673258317742466e+02
3.918500000000000227e+01 5.814556619360995455e+02
3.851460000000000150e+01 5.713848860933123888e+02
3.784570000000000078e+01 5.601129270377180092e+02
3.717519999999999669e+01 5.457003571847301373e+02
3.650619999999999976e+01 5.329520817193523499e+02
3.583709999999999951e+01 5.249654929271065384e+02
3.516640000000000299e+01 5.163177965075119573e+02
3.449719999999999942e+01 5.030322471786262213e+02
3.382800000000000296e+01 4.933074115357248957e+02
3.315709999999999980e+01 4.791167319453620053e+02
3.248780000000000001e+01 4.603992680323274271e+02
3.181680000000000064e+01 4.483395143341090829e+02
3.114730000000000132e+01 4.391953516093804524e+02
3.047779999999999845e+01 4.326278977331010083e+02
2.980669999999999931e+01 4.139577305906272500e+02
2.913700000000000045e+01 4.041034723532155795e+02
2.846730000000000160e+01 3.956563541519810769e+02
2.779599999999999937e+01 3.799419768718946102e+02
2.712620000000000076e+01 3.684045185518501739e+02
2.645479999999999876e+01 3.582445895455908840e+02
2.578490000000000038e+01 3.460813286256666288e+02
2.511329999999999885e+01 3.303894573708218445e+02
2.444330000000000069e+01 3.142969633879262119e+02
2.377319999999999922e+01 3.049504917884611359e+02
2.310150000000000148e+01 2.881412014721819901e+02
2.243130000000000024e+01 2.750171121418268854e+02
2.175949999999999918e+01 2.621450705851408429e+02
2.108909999999999840e+01 2.483985058924220937e+02
2.041870000000000118e+01 2.370770285422282200e+02
1.974680000000000035e+01 2.215683944228684368e+02
1.907629999999999981e+01 2.098474219193598742e+02
1.840419999999999945e+01 1.991373891977187043e+02
1.773349999999999937e+01 1.868344820639387649e+02
1.706129999999999924e+01 1.788168390996463870e+02
1.639059999999999917e+01 1.669953920936982001e+02
1.571979999999999933e+01 1.575302982042718156e+02
1.504739999999999966e+01 1.499690694969739297e+02
1.437650000000000006e+01 1.412826351586273290e+02
1.370410000000000039e+01 1.348671540644108120e+02
1.303299999999999947e+01 1.259266732600166989e+02
1.236040000000000028e+01 1.182565132620629811e+02
1.168929999999999936e+01 1.104957182904055770e+02
1.101660000000000039e+01 1.050903237319012788e+02
1.034529999999999994e+01 1.032866318774012768e+02
9.672489999999999810e+00 1.000569680756214126e+02
9.001129999999999853e+00 9.670990859838099141e+01
8.329710000000000392e+00 9.225301797508038248e+01
7.656710000000000349e+00 8.996128839675257893e+01
6.985170000000000101e+00 9.364438063350272046e+01
6.312050000000000161e+00 9.548398139796238127e+01
5.640399999999999636e+00 9.541467125321028675e+01
4.967170000000000307e+00 9.163000683802229673e+01
4.295410000000000394e+00 8.487811736320395539e+01
3.622059999999999835e+00 7.632435885897228900e+01
2.950180000000000025e+00 6.578847191913712322e+01
2.276720000000000077e+00 5.390860182440898996e+01
1.604729999999999990e+00 3.963885004905152698e+01
9.311519999999999797e-01 2.314593860539682524e+01
2.590439999999999965e-01 6.439674330286382364e+00
