4.498670000000000186e+02 7.472340636503462008e+01
4.492339999999999804e+02 5.911145681448715550e+01
4.486009999999999991e+02 5.197021565715719049e+01
4.479680000000000177e+02 7.274822229198252899e+01
4.473360000000000127e+02 7.047504531512674930e+01
4.467029999999999745e+02 6.681663410609951370e+01
4.460690000000000168e+02 7.909480528588909465e+01
4.454359999999999786e+02 7.130102675278151025e+01
4.448029999999999973e+02 6.905354809394694371e+01
4.441689999999999827e+02 7.504960944445544158e+01
4.435360000000000014e+02 8.238143152664214597e+01
4.429019999999999868e+02 9.650384909397827471e+01
4.422699999999999818e+02 8.330900335562178327e+01
4.416360000000000241e+02 9.395463819766513325e+01
4.410029999999999859e+02 9.303022898591241585e+01
4.403690000000000282e+02 8.468102753652927106e+01
4.397350000000000136e+02 8.445891671097393782e+01
4.391009999999999991e+02 8.222255891737083289e+01
4.384669999999999845e+02 6.658836301557259674e+01
4.378330000000000268e+02 7.108816325920396650e+01
4.371990000000000123e+02 6.556905512579241702e+01
4.365649999999999977e+02 7.004776397462471493e+01
4.359329999999999927e+02 5.461271818141608492e+01
4.352980000000000018e+02 4.520788812547377233e+01
4.346639999999999873e+02 4.442918569166255338e+01
4.340299999999999727e+02 4.628270949826611513e+01
4.333960000000000150e+02 4.615901604580266593e+01
4.327610000000000241e+02 6.304782636081829139e+01
4.321270000000000095e+02 5.700431774128010431e+01
4.314920000000000186e+02 4.708884606298953912e+01
4.308580000000000041e+02 4.241886633787350291e+01
4.302230000000000132e+02 4.683727310033417268e+01
4.295889999999999986e+02 5.381253195242501164e+01
4.289540000000000077e+02 4.464934553036150788e+01
4.283190000000000168e+02 5.031025627569712810e+01
4.276859999999999786e+02 5.018278850950954961e+01
4.270509999999999877e+02 4.301637277835813222e+01
4.264159999999999968e+02 3.589245113811409027e+01
4.257810000000000059e+02 4.278032466139135437e+01
4.251460000000000150e+02 4.773139169780521485e+01
4.245110000000000241e+02 5.707559037288742587e+01
4.238759999999999764e+02 5.754852623634411657e+01
4.232409999999999854e+02 6.304841921810602656e+01
4.226050000000000182e+02 5.535724506455841976e+01
4.219700000000000273e+02 5.645667070618961247e+01
4.213349999999999795e+02 5.817122385360665504e+01
4.206990000000000123e+02 6.670951184661988975e+01
4.200640000000000214e+02 6.714583966814029736e+01
4.194289999999999736e+02 7.437417534062475966e+01
4.187930000000000064e+02 5.999584729696126573e+01
4.181569999999999823e+02 5.675717990042144834e+01
4.175219999999999914e+02 6.027895929787856488e+01
4.168860000000000241e+02 7.355521738443542290e+01
4.162500000000000000e+02 8.005545735666299834e+01
4.156150000000000091e+02 8.105032181844750028e+01
4.149789999999999850e+02 8.324798097566164756e+01
4.143430000000000177e+02 8.543247921998778338e+01
4.137069999999999936e+02 7.675607479411226564e+01
4.130710000000000264e+02 8.916366750181423129e+01
4.124350000000000023e+02 9.490800814455442946e+01
4.117989999999999782e+02 9.942508430126235908e+01
4.111630000000000109e+02 9.556904637667911118e+01
4.105260000000000105e+02 9.173567482186862776e+01
4.098899999999999864e+02 9.444117943119522351e+01
4.092540000000000191e+02 8.117609055588867761e+01
4.086170000000000186e+02 8.212438927675353284e+01
4.079809999999999945e+02 8.718166644164627144e+01
4.073439999999999941e+02 8.341898747483777754e+01
4.067080000000000268e+02 7.967696540460467247e+01
4.060710000000000264e+02 8.877138139448334186e+01
4.054350000000000023e+02 7.573816265060074215e+01
4.047980000000000018e+02 7.726213687943955222e+01
4.041610000000000014e+02 7.473118136473112827e+01
4.035240000000000009e+02 8.028012893643624182e+01
4.028879999999999768e+02 6.798927936274910167e+01
4.022509999999999764e+02 7.352037303416742020e+01
4.016139999999999759e+02 6.074692601873825737e+01
4.009769999999999754e+02 6.171182219571019800e+01
4.003399999999999750e+02 4.847214351477547467e+01
3.997029999999999745e+02 5.852533946453931435e+01
3.990649999999999977e+02 5.496770995153465833e+01
3.984279999999999973e+02 4.411856308098717250e+01
3.977909999999999968e+02 4.118685598695416417e+01
3.971519999999999868e+02 3.993470751843157274e+01
3.965149999999999864e+02 3.145583676134890538e+01
3.958770000000000095e+02 3.581415653352888029e+01
3.952400000000000091e+02 2.350522775867792546e+01
3.946019999999999754e+02 3.228915754983854924e+01
3.939649999999999750e+02 2.281585223882111535e+01
3.933269999999999982e+02 2.164921198834246141e+01
3.926890000000000214e+02 3.419897341570853655e+01
3.920520000000000209e+02 3.191292553230163165e+01
3.914139999999999873e+02 4.163138940153301348e+01
3.907760000000000105e+02 4.204823119932706987e+01
3.901379999999999768e+02 5.601196209279070359e+01
3.895000000000000000e+02 6.828217556527009435e+01
3.888609999999999900e+02 6.162617160087550872e+01
3.882230000000000132e+02 6.305157977294989990e+01
3.875849999999999795e+02 6.929234021174289637e+01
3.869460000000000264e+02 7.496094130639393427e+01
3.863079999999999927e+02 8.166156457977352545e+01
3.856700000000000159e+02 8.566569520173680985e+01
3.850319999999999823e+02 9.017434560421536105e+01
3.843929999999999723e+02 8.146026169516719051e+01
3.837549999999999955e+02 8.647634157236102226e+01
3.831159999999999854e+02 8.360174482050159384e+01
3.824759999999999991e+02 8.229846076061109272e+01
3.818380000000000223e+02 7.892568599380567207e+01
3.811990000000000123e+02 6.569408818694492425e+01
3.805600000000000023e+02 7.275626980070200034e+01
3.799220000000000255e+02 6.943696508542896595e+01
3.792830000000000155e+02 6.149791354743517502e+01
3.786440000000000055e+02 6.644732367900846270e+01
3.780049999999999955e+02 6.111853753295505243e+01
3.773650000000000091e+02 6.298910849312927240e+01
3.767259999999999991e+02 8.163237424064402603e+01
3.760860000000000127e+02 7.985976477095454129e+01
3.754470000000000027e+02 9.631099417014912945e+01
3.748079999999999927e+02 9.500386081775765490e+01
3.741689999999999827e+02 9.973920520740799134e+01
3.735299999999999727e+02 1.049533255284401747e+02
3.728890000000000100e+02 1.061410701418726745e+02
3.722500000000000000e+02 9.783841400750002038e+01
3.716100000000000136e+02 1.104554418812217449e+02
3.709710000000000036e+02 1.012034281632295176e+02
3.703310000000000173e+02 9.695416030402884644e+01
3.696909999999999741e+02 9.369600001115328780e+01
3.690500000000000114e+02 9.585576928693544119e+01
3.684110000000000014e+02 9.066958290186398983e+01
3.677710000000000150e+02 8.843750601813304968e+01
3.671309999999999718e+02 8.427341186829799824e+01
3.664909999999999854e+02 9.661574312257502584e+01
3.658509999999999991e+02 8.906348680065187295e+01
3.652099999999999795e+02 8.879125012107542148e+01
3.645699999999999932e+02 9.955344342738452212e+01
3.639300000000000068e+02 9.732944471191706270e+01
3.632900000000000205e+02 9.606704037181832234e+01
3.626490000000000009e+02 9.814117655661928552e+01
3.620079999999999814e+02 9.546970585668479714e+01
3.613670000000000186e+02 9.375075825151759545e+01
3.607269999999999754e+02 8.686391842063109436e+01
3.600869999999999891e+02 8.940978313951734435e+01
3.594460000000000264e+02 8.070803592726051079e+01
3.588039999999999736e+02 7.436805331248193340e+01
3.581639999999999873e+02 7.181286147459816505e+01
3.575230000000000246e+02 6.602198934367399374e+01
3.568829999999999814e+02 7.412527349837607460e+01
3.562420000000000186e+02 7.158749295273570112e+01
3.556000000000000227e+02 7.274431779894125327e+01
3.549590000000000032e+02 7.617366538242787044e+01
3.543179999999999836e+02 6.862747165711702735e+01
3.536770000000000209e+02 7.068788608698473297e+01
3.530350000000000250e+02 8.088729006165431201e+01
3.523940000000000055e+02 8.334033143894336604e+01
3.517520000000000095e+02 8.307230047701204967e+01
3.511109999999999900e+02 6.708251766610366928e+01
3.504689999999999941e+02 7.268932421156713986e+01
3.498269999999999982e+02 7.468488992105385194e+01
3.491859999999999786e+02 7.310917789602754624e+01
3.485450000000000159e+02 7.154731259033124502e+01
3.479019999999999868e+02 6.998037936078122812e+01
3.472599999999999909e+02 6.535264672363425120e+01
3.466190000000000282e+02 6.426120026234414695e+01
3.459769999999999754e+02 6.230023676442310432e+01
3.453340000000000032e+02 6.776926420665949991e+01
3.446929999999999836e+02 7.102547598631741721e+01
3.440509999999999877e+02 6.819087568632713214e+01
3.434089999999999918e+02 6.710247560458152805e+01
3.427660000000000196e+02 6.257839531165981128e+01
3.421240000000000236e+02 7.138577932643875101e+01
3.414820000000000277e+02 7.328823335331026101e+01
3.408399999999999750e+02 7.261560717036563517e+01
3.401970000000000027e+02 7.620473883263721859e+01
3.395539999999999736e+02 7.679733368194438015e+01
3.389119999999999777e+02 7.442890313264794599e+01
3.382690000000000055e+02 7.629301171034464346e+01
3.376259999999999764e+02 8.651604405506500939e+01
3.369839999999999804e+02 9.291390312152933006e+01
3.363419999999999845e+02 8.885860743754946611e+01
3.356979999999999791e+02 8.316231723605940829e+01
3.350550000000000068e+02 8.164363421983715341e+01
3.344130000000000109e+02 7.766395528707164431e+01
3.337690000000000055e+02 7.862917980376451510e+01
3.331259999999999764e+02 8.041405544237822767e+01
3.324830000000000041e+02 9.115786421860934752e+01
3.318389999999999986e+02 8.597990617573269390e+01
3.311960000000000264e+02 9.257313264708970735e+01
3.305539999999999736e+02 8.943030249938905740e+01
3.299110000000000014e+02 9.476251689813956602e+01
3.292660000000000196e+02 9.805473542239737128e+01
3.286229999999999905e+02 1.033200959906698273e+02
3.279800000000000182e+02 1.013782178750867047e+02
3.273360000000000127e+02 9.824372047653933748e+01
3.266929999999999836e+02 8.880803988657896753e+01
3.260489999999999782e+02 8.692656322549383674e+01
3.254049999999999727e+02 8.466166047281345186e+01
3.247610000000000241e+02 8.907268270332187399e+01
3.241179999999999950e+02 8.564383477655373156e+01
3.234730000000000132e+02 8.768074889199480992e+01
3.228290000000000077e+02 8.776221664588400984e+01
3.221840000000000259e+02 9.480614004286516661e+01
3.215409999999999968e+02 9.524319175086894518e+01
3.208969999999999914e+02 1.029639731750239662e+02
3.202520000000000095e+02 1.072030706355535585e+02
3.196080000000000041e+02 1.064445950699875567e+02
3.189639999999999986e+02 1.094899765100412594e+02
3.183190000000000168e+02 1.140267698986166778e+02
3.176750000000000114e+02 1.068422389738212104e+02
3.170310000000000059e+02 9.558340071577300989e+01
3.163860000000000241e+02 9.523280803022207408e+01
3.157420000000000186e+02 9.266660054825528903e+01
3.150980000000000132e+02 8.676419672144363915e+01
3.144519999999999982e+02 8.497051078512029676e+01
3.138079999999999927e+02 8.208774479268139146e+01
3.131619999999999777e+02 8.032494448102403339e+01
3.125179999999999723e+02 7.783855617008846650e+01
3.118729999999999905e+02 7.865360465442118709e+01
3.112269999999999754e+02 9.147907909434682949e+01
3.105830000000000268e+02 8.571272118638853499e+01
3.099370000000000118e+02 8.323632078292391157e+01
3.092919999999999732e+02 8.402172173243096154e+01
3.086469999999999914e+02 8.156791962377918992e+01
3.080009999999999764e+02 8.878163277329014136e+01
3.073570000000000277e+02 9.273254036465880290e+01
3.067099999999999795e+02 9.382550336414885805e+01
3.060649999999999977e+02 9.206785594620500035e+01
3.054200000000000159e+02 9.137817613112949289e+01
3.047740000000000009e+02 9.070108165153666846e+01
3.041290000000000191e+02 9.002690414574699673e+01
3.034820000000000277e+02 9.945224129961157189e+01
3.028369999999999891e+02 1.053394656385843007e+02
3.021920000000000073e+02 1.097896773814836280e+02
3.015450000000000159e+02 1.062948180075430002e+02
3.008999999999999773e+02 9.903393848544615707e+01
3.002529999999999859e+02 1.085982668080785487e+02
2.996080000000000041e+02 1.041077582262498851e+02
2.989610000000000127e+02 9.896247818871513857e+01
2.983149999999999977e+02 1.074049050884199943e+02
2.976700000000000159e+02 1.026276051434450949e+02
2.970230000000000246e+02 1.029141285135851689e+02
2.963770000000000095e+02 9.616782818825363677e+01
2.957300000000000182e+02 9.381752699509647186e+01
2.950840000000000032e+02 9.645780659336328711e+01
2.944370000000000118e+02 8.914765229960769943e+01
2.937909999999999968e+02 9.178332388771983119e+01
2.931429999999999723e+02 1.072041665747745895e+02
2.924970000000000141e+02 1.064762261531186311e+02
2.918500000000000227e+02 1.011864279883601370e+02
2.912040000000000077e+02 9.918011256473668880e+01
2.905570000000000164e+02 1.036502943817831550e+02
2.899100000000000250e+02 1.093943089373013891e+02
2.892629999999999768e+02 1.179649852596107991e+02
2.886159999999999854e+02 1.229637180029393591e+02
2.879689999999999941e+02 1.263208841744895068e+02
2.873210000000000264e+02 1.264762189006154216e+02
2.866750000000000114e+02 1.247273296143804799e+02
2.860269999999999868e+02 1.311839122143978500e+02
2.853799999999999955e+02 1.331928599773292774e+02
2.847320000000000277e+02 1.314313811115911790e+02
2.840849999999999795e+02 1.374648989190569353e+02
2.834370000000000118e+02 1.400426800946535479e+02
2.827900000000000205e+02 1.459876970178344777e+02
2.821419999999999959e+02 1.509712215576450660e+02
2.814950000000000045e+02 1.531390558696100470e+02
2.808469999999999800e+02 1.586643293615422010e+02
2.801990000000000123e+02 1.531790742459249657e+02
2.795509999999999877e+02 1.495498801348443862e+02
2.789039999999999964e+02 1.510895998652135006e+02
2.782549999999999955e+02 1.507925315626089855e+02
2.776080000000000041e+02 1.508042535959789916e+02
2.769590000000000032e+02 1.484213080319710230e+02
2.763120000000000118e+02 1.511057161417413965e+02
2.756630000000000109e+02 1.481477011163062230e+02
2.750149999999999864e+02 1.505051164517413724e+02
2.743659999999999854e+02 1.628426672646961038e+02
2.737189999999999941e+02 1.721406857756200282e+02
2.730699999999999932e+02 1.743785432918358822e+02
2.724220000000000255e+02 1.716490210578060953e+02
2.717730000000000246e+02 1.674998761423414066e+02
2.711240000000000236e+02 1.642381712433218865e+02
2.704759999999999991e+02 1.589986710093565705e+02
2.698260000000000218e+02 1.615017508982552954e+02
2.691779999999999973e+02 1.665456292223436492e+02
2.685289999999999964e+02 1.582255962439408847e+02
2.678809999999999718e+02 1.558888308143110635e+02
2.672309999999999945e+02 1.530187982900904444e+02
2.665830000000000268e+02 1.560356874922168231e+02
2.659329999999999927e+02 1.665566136060490692e+02
2.652839999999999918e+02 1.708834476120808574e+02
2.646349999999999909e+02 1.779309231065357153e+02
2.639850000000000136e+02 1.730766592327357785e+02
2.633369999999999891e+02 1.707187380309547393e+02
2.626870000000000118e+02 1.749413141986924245e+02
2.620380000000000109e+02 1.706932273826550670e+02
2.613879999999999768e+02 1.773017557009948746e+02
2.607400000000000091e+02 1.733452451049229808e+02
2.600899999999999750e+02 1.653690388777731073e+02
2.594390000000000214e+02 1.692339221733007548e+02
2.587900000000000205e+02 1.655985972558873414e+02
2.581399999999999864e+02 1.657085985554637944e+02
2.574909999999999854e+02 1.639648990598126090e+02
2.568410000000000082e+02 1.714403262223947024e+02
2.561899999999999977e+02 1.770194473273733138e+02
2.555409999999999968e+02 1.734054491165232150e+02
2.548899999999999864e+02 1.768381551043639774e+02
2.542410000000000139e+02 1.763600282988035985e+02
2.535910000000000082e+02 1.702018390511415475e+02
2.529399999999999977e+02 1.699937760588650235e+02
2.522899999999999920e+02 1.720970762210116618e+02
2.516399999999999864e+02 1.772178755028319301e+02
2.509900000000000091e+02 1.691160068734774313e+02
2.503389999999999986e+02 1.694051761578644175e+02
2.496879999999999882e+02 1.729598822220548868e+02
2.490380000000000109e+02 1.734655143589063186e+02
2.483870000000000005e+02 1.784593850315461623e+02
2.477359999999999900e+02 1.829021583747302486e+02
2.470860000000000127e+02 1.803893869794977434e+02
2.464350000000000023e+02 1.855144759555090843e+02
2.457849999999999966e+02 1.773694774089654231e+02
2.451330000000000098e+02 1.812360267063685342e+02
2.444819999999999993e+02 1.775361462659709275e+02
2.438319999999999936e+02 1.743552642691821006e+02
2.431800000000000068e+02 1.719068991073362440e+02
2.425289999999999964e+02 1.711580915942214176e+02
2.418779999999999859e+02 1.775627471967504221e+02
2.412270000000000039e+02 1.817776301349410346e+02
2.405749999999999886e+02 1.772001960617776888e+02
2.399240000000000066e+02 1.844207711906274199e+02
2.392719999999999914e+02 1.836129964320260228e+02
2.386200000000000045e+02 1.867687435575860775e+02
2.379699999999999989e+02 1.854779974928249260e+02
2.373180000000000121e+02 1.902057218123450184e+02
2.366670000000000016e+02 1.893666732736730580e+02
2.360149999999999864e+02 1.887461445864789198e+02
2.353629999999999995e+02 1.920148923678347899e+02
2.347100000000000080e+02 1.986531774392889815e+02
2.340600000000000023e+02 1.970816608314126768e+02
2.334070000000000107e+02 1.957477631956041648e+02
2.327549999999999955e+02 2.027148436636304609e+02
2.321040000000000134e+02 2.078217625974909026e+02
2.314509999999999934e+02 2.062189140243480665e+02
2.307980000000000018e+02 2.110290922035754306e+02
2.301469999999999914e+02 2.100726733003168079e+02
2.294939999999999998e+02 2.069243351416751580e+02
2.288420000000000130e+02 2.022733073121162874e+02
2.281899999999999977e+02 2.089465457181071031e+02
2.275370000000000061e+02 2.138236967818567678e+02
2.268839999999999861e+02 2.162889926479187750e+02
2.262330000000000041e+02 2.206383062455680886e+02
2.255800000000000125e+02 2.264432012732765429e+02
2.249269999999999925e+02 2.256111865618828176e+02
2.242729999999999961e+02 2.262606136277993585e+02
2.236220000000000141e+02 2.306701729184024146e+02
2.229679999999999893e+02 2.314835360374502784e+02
2.223149999999999977e+02 2.326883792606207351e+02
2.216630000000000109e+02 2.289155638394715595e+02
2.210099999999999909e+02 2.247411543750687883e+02
2.203559999999999945e+02 2.203973560249640968e+02
2.197019999999999982e+02 2.181353699176452778e+02
2.190500000000000114e+02 2.185310999383750072e+02
2.183969999999999914e+02 2.178998828858986769e+02
2.177429999999999950e+02 2.166652738889507646e+02
2.170889999999999986e+02 2.174404864647455042e+02
2.164370000000000118e+02 2.134108556320736625e+02
2.157829999999999870e+02 2.159686786572937081e+02
2.151289999999999907e+02 2.133500993160705548e+02
2.144749999999999943e+02 2.182274598713844398e+02
2.138220000000000027e+02 2.177665817325221553e+02
2.131680000000000064e+02 2.176882157155019399e+02
2.125140000000000100e+02 2.183820246467361699e+02
2.118600000000000136e+02 2.144314919419377929e+02
2.112069999999999936e+02 2.179991268900534749e+02
2.105529999999999973e+02 2.157904277960452646e+02
2.098979999999999961e+02 2.137870464258240304e+02
2.092439999999999998e+02 2.104649343890043269e+02
2.085910000000000082e+02 2.096257205517627824e+02
2.079360000000000070e+02 2.084077549957069380e+02
2.072820000000000107e+02 2.068213368985122145e+02
2.066270000000000095e+02 2.019037403404522024e+02
2.059739999999999895e+02 2.045979638237352560e+02
2.053189999999999884e+02 2.033948044924247256e+02
2.046639999999999873e+02 2.007394744819274592e+02
2.040089999999999861e+02 2.004637972901817307e+02
2.033540000000000134e+02 1.996402006924724617e+02
2.027009999999999934e+02 1.936057942094076623e+02
2.020459999999999923e+02 1.911966116763603338e+02
2.013909999999999911e+02 1.866679240685841137e+02
2.007350000000000136e+02 1.899782536697874207e+02
2.000800000000000125e+02 1.877810433440151314e+02
1.994259999999999877e+02 1.834923441298555247e+02
1.987709999999999866e+02 1.827315774336199468e+02
1.981160000000000139e+02 1.807593378941576816e+02
1.974600000000000080e+02 1.825958177036143013e+02
1.968050000000000068e+02 1.783904589509965604e+02
1.961510000000000105e+02 1.769681975819118804e+02
1.954950000000000045e+02 1.803078630424910784e+02
1.948389999999999986e+02 1.761561498226361380e+02
1.941839999999999975e+02 1.735588453788577965e+02
1.935279999999999916e+02 1.744981071083031736e+02
1.928739999999999952e+02 1.759202284328166570e+02
1.922179999999999893e+02 1.746707653625066996e+02
1.915620000000000118e+02 1.783725419878807941e+02
1.909060000000000059e+02 1.836727303694312354e+02
1.902500000000000000e+02 1.854828947180036209e+02
1.895939999999999941e+02 1.820656005021751298e+02
1.889389999999999930e+02 1.857804583780748828e+02
1.882829999999999870e+02 1.883294783936393912e+02
1.876270000000000095e+02 1.911610299023034827e+02
1.869699999999999989e+02 1.895071985773749930e+02
1.863139999999999930e+02 1.884927227734580981e+02
1.856570000000000107e+02 1.846470840961894737e+02
1.850010000000000048e+02 1.817786531805419372e+02
1.843460000000000036e+02 1.835978508134529363e+02
1.836889999999999930e+02 1.864723834761281864e+02
1.830329999999999870e+02 1.891496461488216028e+02
1.823760000000000048e+02 1.902642440627028009e+02
1.817189999999999941e+02 1.883143246501494161e+02
1.810620000000000118e+02 1.966685545909064672e+02
1.804050000000000011e+02 2.026629391255139865e+02
1.797500000000000000e+02 2.046832384174115873e+02
1.790929999999999893e+02 2.095111132628620396e+02
1.784360000000000070e+02 2.090926835182785339e+02
1.777789999999999964e+02 2.107298304803102553e+02
1.771220000000000141e+02 2.110172369041820559e+02
1.764650000000000034e+02 2.114425383654743484e+02
1.758069999999999879e+02 2.124267103907725414e+02
1.751500000000000057e+02 2.099402403874532865e+02
1.744939999999999998e+02 2.111868117178884461e+02
1.738369999999999891e+02 2.149776941161655373e+02
1.731790000000000020e+02 2.170139104824677077e+02
1.725219999999999914e+02 2.198634411738888161e+02
1.718640000000000043e+02 2.236472206212689287e+02
1.712059999999999889e+02 2.264002867153057821e+02
1.705490000000000066e+02 2.284255284028686503e+02
1.698909999999999911e+02 2.291725538643099753e+02
1.692330000000000041e+02 2.277139999561238994e+02
1.685749999999999886e+02 2.259877173999849731e+02
1.679190000000000111e+02 2.279230743696232366e+02
1.672609999999999957e+02 2.261925189553913924e+02
1.666030000000000086e+02 2.299469283045174279e+02
1.659449999999999932e+02 2.258118739472581353e+02
1.652870000000000061e+02 2.206583608088802464e+02
1.646279999999999859e+02 2.204050043385054778e+02
1.639699999999999989e+02 2.223627832082013072e+02
1.633120000000000118e+02 2.257143552860198099e+02
1.626539999999999964e+02 2.255333733428369385e+02
1.619950000000000045e+02 2.221350008524819373e+02
1.613369999999999891e+02 2.206794138233550200e+02
1.606779999999999973e+02 2.169462761139056113e+02
1.600190000000000055e+02 2.166441047767170289e+02
1.593609999999999900e+02 2.175893410500169409e+02
1.587040000000000077e+02 2.172696600446222419e+02
1.580449999999999875e+02 2.180455029186764762e+02
1.573859999999999957e+02 2.164675974055644474e+02
1.567270000000000039e+02 2.173383235323023541e+02
1.560680000000000121e+02 2.157619293085491847e+02
1.554089999999999918e+02 2.155181301561228793e+02
1.547500000000000000e+02 2.158627577038561469e+02
1.540910000000000082e+02 2.142870504214090772e+02
1.534319999999999879e+02 2.138992815520022930e+02
1.527729999999999961e+02 2.133868307555881643e+02
1.521140000000000043e+02 2.113483739063598819e+02
1.514540000000000077e+02 2.106000822556236471e+02
1.507949999999999875e+02 2.098479667762358361e+02
1.501359999999999957e+02 2.162013422809809526e+02
1.494759999999999991e+02 2.179058720699165406e+02
1.488170000000000073e+02 2.182152670434281845e+02
1.481570000000000107e+02 2.221060863135629972e+02
1.474970000000000141e+02 2.212399343465271784e+02
1.468379999999999939e+02 2.230356426131438923e+02
1.461779999999999973e+02 2.236908633202019701e+02
1.455180000000000007e+02 2.268425589841148167e+02
1.448580000000000041e+02 2.274358795266608979e+02
1.441980000000000075e+02 2.223792617321103080e+02
1.435380000000000109e+02 2.241462692500759886e+02
1.428779999999999859e+02 2.249135748895579923e+02
1.422179999999999893e+02 2.275666448222348492e+02
1.415579999999999927e+02 2.280619244809943496e+02
1.408979999999999961e+02 2.280107208583044951e+02
1.402379999999999995e+02 2.277358108907349958e+02
1.395769999999999982e+02 2.270339340784265687e+02
1.389170000000000016e+02 2.294078491168043854e+02
1.382560000000000002e+02 2.349886246777770111e+02
1.375960000000000036e+02 2.379510271945599982e+02
1.369350000000000023e+02 2.402526865219305137e+02
1.362750000000000057e+02 2.407101538058888082e+02
1.356140000000000043e+02 2.435227776899997707e+02
1.349540000000000077e+02 2.459840336572037529e+02
1.342930000000000064e+02 2.511301772307035378e+02
1.336320000000000050e+02 2.560882167498941158e+02
1.329710000000000036e+02 2.588383062067869105e+02
1.323100000000000023e+02 2.602856830619721222e+02
1.316490000000000009e+02 2.654000830105366617e+02
1.309879999999999995e+02 2.665521256427949766e+02
1.303269999999999982e+02 2.670134301579926728e+02
1.296659999999999968e+02 2.718202648792585023e+02
1.290049999999999955e+02 2.733977823553566964e+02
1.283420000000000130e+02 2.730901170608639745e+02
1.276809999999999974e+02 2.734084414163476708e+02
1.270190000000000055e+02 2.761370542208042593e+02
1.263580000000000041e+02 2.727932731085956561e+02
1.256959999999999980e+02 2.685792523337138391e+02
1.250349999999999966e+02 2.688314383990063448e+02
1.243730000000000047e+02 2.680036013215325283e+02
1.237120000000000033e+02 2.662060344975243424e+02
1.230499999999999972e+02 2.661421410291780489e+02
1.223880000000000052e+02 2.649376208681666185e+02
1.217259999999999991e+02 2.597227692697638872e+02
1.210639999999999930e+02 2.534626265791773676e+02
1.204030000000000058e+02 2.524846101204288971e+02
1.197409999999999997e+02 2.501619944964264164e+02
1.190780000000000030e+02 2.433003720040654514e+02
1.184150000000000063e+02 2.408628180995630714e+02
1.177530000000000001e+02 2.368226699462835825e+02
1.170909999999999940e+02 2.316089996413042229e+02
1.164279999999999973e+02 2.265308059413999899e+02
1.157660000000000053e+02 2.239807270784078810e+02
1.151039999999999992e+02 2.207359359700628261e+02
1.144410000000000025e+02 2.158746971231608143e+02
1.137789999999999964e+02 2.113010920148770992e+02
1.131159999999999997e+02 2.097876878568085885e+02
1.124539999999999935e+02 2.070537960590005468e+02
1.117890000000000015e+02 2.041040128154608624e+02
1.111269999999999953e+02 2.029995128240896065e+02
1.104639999999999986e+02 1.997216315678850833e+02
1.098010000000000019e+02 1.968470946197185754e+02
1.091380000000000052e+02 1.934113296824862971e+02
1.084749999999999943e+02 1.915409831570850372e+02
1.078119999999999976e+02 1.854907192604994179e+02
1.071490000000000009e+02 1.817429934008300165e+02
1.064849999999999994e+02 1.734702154143402879e+02
1.058209999999999980e+02 1.664573909027854199e+02
1.051580000000000013e+02 1.578673676107109429e+02
1.044950000000000045e+02 1.548095337711775130e+02
1.038319999999999936e+02 1.482122310060600512e+02
1.031680000000000064e+02 1.423860124129854512e+02
1.025049999999999955e+02 1.369811062812489979e+02
1.018400000000000034e+02 1.345265700962139022e+02
1.011760000000000019e+02 1.306426910812195956e+02
1.005130000000000052e+02 1.312224832395668841e+02
9.984900000000000375e+01 1.307302438999221863e+02
9.918529999999999802e+01 1.296498951397677786e+02
9.852150000000000318e+01 1.281194158205144049e+02
9.785769999999999413e+01 1.309850930761319887e+02
9.719230000000000302e+01 1.345464374207137155e+02
9.652830000000000155e+01 1.378341268957106251e+02
9.586430000000000007e+01 1.402996772897922142e+02
9.520029999999999859e+01 1.437456684527760160e+02
9.453610000000000468e+01 1.488702651934107735e+02
9.387199999999999989e+01 1.538818447026042975e+02
9.320619999999999550e+01 1.569445763793619619e+02
9.254200000000000159e+01 1.605081088157890861e+02
9.187760000000000105e+01 1.603566414016746933e+02
9.121320000000000050e+01 1.612871755838710612e+02
9.054879999999999995e+01 1.608563278617299090e+02
8.988280000000000314e+01 1.635380032132201222e+02
8.921819999999999595e+01 1.634407499375001294e+02
8.855360000000000298e+01 1.619267822454578152e+02
8.788890000000000668e+01 1.603062273763523820e+02
8.722419999999999618e+01 1.626315023495684500e+02
8.655939999999999657e+01 1.642882558400997652e+02
8.589300000000000068e+01 1.669130539482729603e+02
8.522809999999999775e+01 1.673294558006627994e+02
8.456319999999999482e+01 1.689203179687647207e+02
8.389820000000000277e+01 1.680578063474065971e+02
8.323160000000000025e+01 1.689882279600614936e+02
8.256650000000000489e+01 1.688506729517016538e+02
8.190130000000000621e+01 1.701023108005252311e+02
8.123609999999999332e+01 1.699985403358311373e+02
8.057080000000000553e+01 1.672469647647909596e+02
7.990389999999999304e+01 1.671627111212611965e+02
7.923850000000000193e+01 1.679699965510232005e+02
7.857299999999999329e+01 1.692570147419805835e+02
7.790749999999999886e+01 1.697739456335315253e+02
7.724039999999999395e+01 1.694525489682311843e+02
7.657479999999999620e+01 1.699850974649781676e+02
7.590909999999999513e+01 1.676292317161253038e+02
7.524339999999999407e+01 1.681499222820968953e+02
7.457760000000000389e+01 1.676396214326820200e+02
7.391020000000000323e+01 1.642605375091935116e+02
7.324429999999999552e+01 1.625507301682787045e+02
7.257829999999999870e+01 1.588070518762949632e+02
7.191230000000000189e+01 1.562280300824328378e+02
7.124469999999999459e+01 1.551085965379109837e+02
7.057850000000000534e+01 1.529389592306685302e+02
6.991230000000000189e+01 1.531033256475136568e+02
6.924609999999999843e+01 1.501166138756908879e+02
6.857829999999999870e+01 1.489443089854383970e+02
6.791190000000000282e+01 1.474462092878952433e+02
6.724550000000000693e+01 1.451979902901119601e+02
6.657750000000000057e+01 1.437438976864570179e+02
6.591100000000000136e+01 1.409461176465007668e+02
6.524439999999999884e+01 1.395495120997608751e+02
6.457769999999999300e+01 1.373622105212904501e+02
6.390950000000000131e+01 1.347052362099566665e+02
6.324269999999999925e+01 1.332190043344004380e+02
6.257589999999999719e+01 1.324195892399901879e+02
6.190899999999999892e+01 1.313543686518993923e+02
6.124060000000000059e+01 1.298195987121746668e+02
6.057359999999999900e+01 1.285661086386323575e+02
5.990659999999999741e+01 1.274119153215961688e+02
5.923799999999999955e+01 1.242464845281630090e+02
5.857079999999999842e+01 1.209000691130469249e+02
5.790359999999999729e+01 1.197453815809953142e+02
5.723629999999999995e+01 1.176091114413052594e+02
5.656750000000000256e+01 1.146551931365373633e+02
5.590010000000000190e+01 1.134231784965256367e+02
5.523270000000000124e+01 1.113458806593965846e+02
5.456360000000000099e+01 1.098993860515906391e+02
5.389609999999999701e+01 1.089099798095953275e+02
5.322849999999999682e+01 1.087437070273072095e+02
5.255930000000000035e+01 1.091266251822659257e+02
5.189159999999999684e+01 1.065683006280592053e+02
5.122379999999999711e+01 1.056949930004553266e+02
5.055440000000000111e+01 1.044941634564118260e+02
4.988660000000000139e+01 1.026279267897283063e+02
4.921860000000000213e+01 1.006682866139084069e+02
4.854910000000000281e+01 9.888113006850251452e+01
4.788100000000000023e+01 9.805836494267498438e+01
4.721289999999999765e+01 9.654380937965186149e+01
4.654319999999999879e+01 9.441982360254731077e+01
4.587500000000000000e+01 9.324885999979768769e+01
4.520669999999999789e+01 9.057020389049233700e+01
4.453679999999999950e+01 8.897196510664589653e+01
4.386840000000000117e+01 8.755224557396047658e+01
4.320000000000000284e+01 8.706901359915538308e+01
4.252989999999999782e+01 8.510477719977585309e+01
4.186129999999999995e+01 8.294168100205799021e+01
4.119270000000000209e+01 8.016618561335600646e+01
4.052250000000000085e+01 7.845988192700554009e+01
3.985379999999999967e+01 7.719825199935978333e+01
3.918500000000000227e+01 7.631038008476507173e+01
3.851460000000000150e+01 7.482835609229169904e+01
3.784570000000000078e+01 7.319555006745864034e+01
3.717519999999999669e+01 7.115933573408071311e+01
3.650619999999999976e+01 6.934824707466781035e+01
3.583709999999999951e+01 6.816266360694761772e+01
3.516640000000000299e+01 6.689570247876666542e+01
3.449719999999999942e+01 6.503446644912995112e+01
3.382800000000000296e+01 6.364011970643322513e+01
3.315709999999999980e+01 6.167613025619800737e+01
3.248780000000000001e+01 5.913904529671537347e+01
3.181680000000000064e+01 5.746548470435418210e+01
3.114730000000000132e+01 5.617191491153191407e+01
3.047779999999999845e+01 5.521237420619463165e+01
2.980669999999999931e+01 5.271516836796935479e+01
2.913700000000000045e+01 5.134883283198485060e+01
2.846730000000000160e+01 5.016646987845829386e+01
2.779599999999999937e+01 4.806923482946319837e+01
2.712620000000000076e+01 4.650829528673068580e+01
2.645479999999999876e+01 4.512709756850018294e+01
2.578490000000000038e+01 4.350002521297351166e+01
2.511329999999999885e+01 4.143696695438823241e+01
2.444330000000000069e+01 3.933270296671454958e+01
2.377319999999999922e+01 3.807968324225805645e+01
2.310150000000000148e+01 3.590186516124331462e+01
2.243130000000000024e+01 3.419164716090523370e+01
2.175949999999999918e+01 3.251976979369079146e+01
2.108909999999999840e+01 3.074690251222682846e+01
2.041870000000000118e+01 2.928110068411782763e+01
1.974680000000000035e+01 2.730540458288045613e+01
1.907629999999999981e+01 2.580406313827901954e+01
1.840419999999999945e+01 2.443304720828905729e+01
1.773349999999999937e+01 2.287302085957064790e+01
1.706129999999999924e+01 2.184303641596838119e+01
1.639059999999999917e+01 2.035396109527746589e+01
1.571979999999999933e+01 1.915786281189165763e+01
1.504739999999999966e+01 1.819783292350868820e+01
1.437650000000000006e+01 1.710579268650087670e+01
1.370410000000000039e+01 1.629271927946841458e+01
1.303299999999999947e+01 1.517887219238874330e+01
1.236040000000000028e+01 1.422256497129560771e+01
1.168929999999999936e+01 1.325960759234997788e+01
1.101660000000000039e+01 1.258277759362446702e+01
1.034529999999999994e+01 1.233918960167728329e+01
9.672489999999999810e+00 1.192657532352012950e+01
9.001129999999999853e+00 1.150181589732214249e+01
8.329710000000000392e+00 1.094717894227508026e+01
7.656710000000000349e+00 1.065122755006932387e+01
6.985170000000000101e+00 1.106236331907638615e+01
6.312050000000000161e+00 1.125424010018701004e+01
5.640399999999999636e+00 1.122074874220295015e+01
4.967170000000000307e+00 1.075134247013081357e+01
4.295410000000000394e+00 9.936662418170334021e+00
3.622059999999999835e+00 8.915067412402985170e+00
2.950180000000000025e+00 7.667067222513638036e+00
2.276720000000000077e+00 6.268336340689507402e+00
1.604729999999999990e+00 4.598661517127251130e+00
9.311519999999999797e-01 2.679158947593524243e+00
2.590439999999999965e-01 7.437074767487639182e-01
