4.498670000000000186e+02 7.232214250520920018e+01
4.492339999999999804e+02 5.720321793780808406e+01
4.486009999999999991e+02 5.028468416189631540e+01
4.479680000000000177e+02 7.037630549349188414e+01
4.473360000000000127e+02 6.816619424667833016e+01
4.467029999999999745e+02 6.461715139115116813e+01
4.460690000000000168e+02 7.647801109412024800e+01
4.454359999999999786e+02 6.893089744223897242e+01
4.448029999999999973e+02 6.674707239819957749e+01
4.441689999999999827e+02 7.253044679405410022e+01
4.435360000000000014e+02 7.960249071590928338e+01
4.429019999999999868e+02 9.323225335062330998e+01
4.422699999999999818e+02 8.047140961711993157e+01
4.416360000000000241e+02 9.073855637054366241e+01
4.410029999999999859e+02 8.983036812072369059e+01
4.403690000000000282e+02 8.175442984384501699e+01
4.397350000000000136e+02 8.152581910870242154e+01
4.391009999999999991e+02 7.935332108485991398e+01
4.384669999999999845e+02 6.425390681675132498e+01
4.378330000000000268e+02 6.858366248800211906e+01
4.371990000000000123e+02 6.324797658859091598e+01
4.365649999999999977e+02 6.755591216675135513e+01
4.359329999999999927e+02 5.266111802988444168e+01
4.352980000000000018e+02 4.358496246935200702e+01
4.346639999999999873e+02 4.282650551608487888e+01
4.340299999999999727e+02 4.460493960811453462e+01
4.333960000000000150e+02 4.447760190308120087e+01
4.327610000000000241e+02 6.073905710592926255e+01
4.321270000000000095e+02 5.490696703052600469e+01
4.314920000000000186e+02 4.534834130125603480e+01
4.308580000000000041e+02 4.084361507129913349e+01
4.302230000000000132e+02 4.508919408921509842e+01
4.295889999999999986e+02 5.179395936989241278e+01
4.289540000000000077e+02 4.296679448471336116e+01
4.283190000000000168e+02 4.840481166974252858e+01
4.276859999999999786e+02 4.827295398697091855e+01
4.270509999999999877e+02 4.137168484228590870e+01
4.264159999999999968e+02 3.451389844878769964e+01
4.257810000000000059e+02 4.112870745699125052e+01
4.251460000000000150e+02 4.587934617022551009e+01
4.245110000000000241e+02 5.484967060184848719e+01
4.238759999999999764e+02 5.529321477057755629e+01
4.232409999999999854e+02 6.056528495687193470e+01
4.226050000000000182e+02 5.316672247446031463e+01
4.219700000000000273e+02 5.421171476226653851e+01
4.213349999999999795e+02 5.584674865208388894e+01
4.206990000000000123e+02 6.403046361063320546e+01
4.200640000000000214e+02 6.443612675851929339e+01
4.194289999999999736e+02 7.135786127357569342e+01
4.187930000000000064e+02 5.755131980661356295e+01
4.181569999999999823e+02 5.443348304452281639e+01
4.175219999999999914e+02 5.779889732496623367e+01
4.168860000000000241e+02 7.051358250522693538e+01
4.162500000000000000e+02 7.672865240457281288e+01
4.156150000000000091e+02 7.766575047907528528e+01
4.149789999999999850e+02 7.975462159858959410e+01
4.143430000000000177e+02 8.182990784506924342e+01
4.137069999999999936e+02 7.350387585881105679e+01
4.130710000000000264e+02 8.536690095880062756e+01
4.124350000000000023e+02 9.084676628457853553e+01
4.117989999999999782e+02 9.514968828113289590e+01
4.111630000000000109e+02 9.143954329562903638e+01
4.105260000000000105e+02 8.775257202236693388e+01
4.098899999999999864e+02 9.032054197749422997e+01
4.092540000000000191e+02 7.761735420164697530e+01
4.086170000000000186e+02 7.850647375915438886e+01
4.079809999999999945e+02 8.332207153481547834e+01
4.073439999999999941e+02 7.970806075250536082e+01
4.067080000000000268e+02 7.611535235388369358e+01
4.060710000000000264e+02 8.478356083662586684e+01
4.054350000000000023e+02 7.231964535505862557e+01
4.047980000000000018e+02 7.375775544514704052e+01
4.041610000000000014e+02 7.132514034203650510e+01
4.035240000000000009e+02 7.660311804634731914e+01
4.028879999999999768e+02 6.486045984796977848e+01
4.022509999999999764e+02 7.012027679653519385e+01
4.016139999999999759e+02 5.792432599599366938e+01
4.009769999999999754e+02 5.883034556800360093e+01
4.003399999999999750e+02 4.619839982984267124e+01
3.997029999999999745e+02 5.576604210238561166e+01
3.990649999999999977e+02 5.236363904757724441e+01
3.984279999999999973e+02 4.201880426978657823e+01
3.977909999999999968e+02 3.921723781296934419e+01
3.971519999999999868e+02 3.801569657075740594e+01
3.965149999999999864e+02 2.993747044866706375e+01
3.958770000000000095e+02 3.407657324655777842e+01
3.952400000000000091e+02 2.236021220649163155e+01
3.946019999999999754e+02 3.070751416283874136e+01
3.939649999999999750e+02 2.169359917771777546e+01
3.933269999999999982e+02 2.057927118454626125e+01
3.926890000000000214e+02 3.249891885446179884e+01
3.920520000000000209e+02 3.031894825369234425e+01
3.914139999999999873e+02 3.954097704547263703e+01
3.907760000000000105e+02 3.992653334487841477e+01
3.901379999999999768e+02 5.317092520125215316e+01
3.895000000000000000e+02 6.480122396944874197e+01
3.888609999999999900e+02 5.846942379022911496e+01
3.882230000000000132e+02 5.980596055396832611e+01
3.875849999999999795e+02 6.570775819878545576e+01
3.869460000000000264e+02 7.106389833739088147e+01
3.863079999999999927e+02 7.739516749699394893e+01
3.856700000000000159e+02 8.116808686897455516e+01
3.850319999999999823e+02 8.541673440075027202e+01
3.843929999999999723e+02 7.714163597379496196e+01
3.837549999999999955e+02 8.186920370199469232e+01
3.831159999999999854e+02 7.912604162573438771e+01
3.824759999999999991e+02 7.787096863708103456e+01
3.818380000000000223e+02 7.465900146477765986e+01
3.811990000000000123e+02 6.212578139220229190e+01
3.805600000000000023e+02 6.878471227466746996e+01
3.799220000000000255e+02 6.562819782732681517e+01
3.792830000000000155e+02 5.810842597528627351e+01
3.786440000000000055e+02 6.276688598142577291e+01
3.780049999999999955e+02 5.771690547320396547e+01
3.773650000000000091e+02 5.946608681498030791e+01
3.767259999999999991e+02 7.704342688546607576e+01
3.760860000000000127e+02 7.534851196926304340e+01
3.754470000000000027e+02 9.084319483535871598e+01
3.748079999999999927e+02 8.958390438911094122e+01
3.741689999999999827e+02 9.402109995863180814e+01
3.735299999999999727e+02 9.890668679341159475e+01
3.728890000000000100e+02 9.999594065216102479e+01
3.722500000000000000e+02 9.214646773256295376e+01
3.716100000000000136e+02 1.039975990634263070e+02
3.709710000000000036e+02 9.525778432862226452e+01
3.703310000000000173e+02 9.123035066990991027e+01
3.696909999999999741e+02 8.813751453237259170e+01
3.690500000000000114e+02 9.014116382561395824e+01
3.684110000000000014e+02 8.523785384262566822e+01
3.677710000000000150e+02 8.311358679560474627e+01
3.671309999999999718e+02 7.917542988200970910e+01
3.664909999999999854e+02 9.074205247184625023e+01
3.658509999999999991e+02 8.362260749193853826e+01
3.652099999999999795e+02 8.334037240942569724e+01
3.645699999999999932e+02 9.341156068756508546e+01
3.639300000000000068e+02 9.129539355411753832e+01
3.632900000000000205e+02 9.008208939553905736e+01
3.626490000000000009e+02 9.199691989923400115e+01
3.620079999999999814e+02 8.946342767084475156e+01
3.613670000000000186e+02 8.782371207490147924e+01
3.607269999999999754e+02 8.134555435777470223e+01
3.600869999999999891e+02 8.370174735126143162e+01
3.594460000000000264e+02 7.553051062047789799e+01
3.588039999999999736e+02 6.957400836113585285e+01
3.581639999999999873e+02 6.716093378436559647e+01
3.575230000000000246e+02 6.172441592670119093e+01
3.568829999999999814e+02 6.927621333588628261e+01
3.562420000000000186e+02 6.688154767702540937e+01
3.556000000000000227e+02 6.793875677508921740e+01
3.549590000000000032e+02 7.111670660090011609e+01
3.543179999999999836e+02 6.404939907412341427e+01
3.536770000000000209e+02 6.594911773024415425e+01
3.530350000000000250e+02 7.543767851942939728e+01
3.523940000000000055e+02 7.769778799513717615e+01
3.517520000000000095e+02 7.742024967087422738e+01
3.511109999999999900e+02 6.249652817698358831e+01
3.504689999999999941e+02 6.769534405046286452e+01
3.498269999999999982e+02 6.952848849387821417e+01
3.491859999999999786e+02 6.803684015592477863e+01
3.485450000000000159e+02 6.655902218464132147e+01
3.479019999999999868e+02 6.507736405262754431e+01
3.472599999999999909e+02 6.075153645060638041e+01
3.466190000000000282e+02 5.971476195051879898e+01
3.459769999999999754e+02 5.787094429635178727e+01
3.453340000000000032e+02 6.292714760569618448e+01
3.446929999999999836e+02 6.592563682221771160e+01
3.440509999999999877e+02 6.327060428148240590e+01
3.434089999999999918e+02 6.223696888470173150e+01
3.427660000000000196e+02 5.801877040135347130e+01
3.421240000000000236e+02 6.615841957242564320e+01
3.414820000000000277e+02 6.789508605803374053e+01
3.408399999999999750e+02 6.724570122183629906e+01
3.401970000000000027e+02 7.054150801753345945e+01
3.395539999999999736e+02 7.106192505919752023e+01
3.389119999999999777e+02 6.884312750805165138e+01
3.382690000000000055e+02 7.053905627777793086e+01
3.376259999999999764e+02 7.995852976366306564e+01
3.369839999999999804e+02 8.583660163089514583e+01
3.363419999999999845e+02 8.205704372713189798e+01
3.356979999999999791e+02 7.676555722082019884e+01
3.350550000000000068e+02 7.533281007902878912e+01
3.344130000000000109e+02 7.163137092748239354e+01
3.337690000000000055e+02 7.249145030579336435e+01
3.331259999999999764e+02 7.410601013065165432e+01
3.324830000000000041e+02 8.397139514902815449e+01
3.318389999999999986e+02 7.916837595365662139e+01
3.311960000000000264e+02 8.520291279613391566e+01
3.305539999999999736e+02 8.227538622865041873e+01
3.299110000000000014e+02 8.714346757228985041e+01
3.292660000000000196e+02 9.013192691618340291e+01
3.286229999999999905e+02 9.493056286623193785e+01
3.279800000000000182e+02 9.310587535752166843e+01
3.273360000000000127e+02 9.018769627896783447e+01
3.266929999999999836e+02 8.149016993916852414e+01
3.260489999999999782e+02 7.972845657137116859e+01
3.254049999999999727e+02 7.761659691764852198e+01
3.247610000000000241e+02 8.162383121168427635e+01
3.241179999999999950e+02 7.844656645376061022e+01
3.234730000000000132e+02 8.027582240356258581e+01
3.228290000000000077e+02 8.031384175324753016e+01
3.221840000000000259e+02 8.671994323220022238e+01
3.215409999999999968e+02 8.707969096105902906e+01
3.208969999999999914e+02 9.409491949690743695e+01
3.202520000000000095e+02 9.792312008605101425e+01
3.196080000000000041e+02 9.718486866066290020e+01
3.189639999999999986e+02 9.991825472047958101e+01
3.183190000000000168e+02 1.040090578857004857e+02
3.176750000000000114e+02 9.740960971634930843e+01
3.170310000000000059e+02 8.710346473195146189e+01
3.163860000000000241e+02 8.674224284008403174e+01
3.157420000000000186e+02 8.436415527388069791e+01
3.150980000000000132e+02 7.895242638404043589e+01
3.144519999999999982e+02 7.728244023777794780e+01
3.138079999999999927e+02 7.462397024118813249e+01
3.131619999999999777e+02 7.298537585800171712e+01
3.125179999999999723e+02 7.069118659116561787e+01
3.118729999999999905e+02 7.139567632219090854e+01
3.112269999999999754e+02 8.299536532807969991e+01
3.105830000000000268e+02 7.772476112526310033e+01
3.099370000000000118e+02 7.544085179338478042e+01
3.092919999999999732e+02 7.611378603984140057e+01
3.086469999999999914e+02 7.385309114218637205e+01
3.080009999999999764e+02 8.034268528099957507e+01
3.073570000000000277e+02 8.387442370231089228e+01
3.067099999999999795e+02 8.481852666405978880e+01
3.060649999999999977e+02 8.318600040767925918e+01
3.054200000000000159e+02 8.251932409053056006e+01
3.047740000000000009e+02 8.186438303643510039e+01
3.041290000000000191e+02 8.121257669215800945e+01
3.034820000000000277e+02 8.966650857768173921e+01
3.028369999999999891e+02 9.492305338757756772e+01
3.021920000000000073e+02 9.887943766987780236e+01
3.015450000000000159e+02 9.567963023358228725e+01
3.008999999999999773e+02 8.909521922147089867e+01
3.002529999999999859e+02 9.764538088522904502e+01
2.996080000000000041e+02 9.355602923541943028e+01
2.989610000000000127e+02 8.888269405271250889e+01
2.983149999999999977e+02 9.641081441091780846e+01
2.976700000000000159e+02 9.207076809061933886e+01
2.970230000000000246e+02 9.227534512178320369e+01
2.963770000000000095e+02 8.617746625577095188e+01
2.957300000000000182e+02 8.402310322890201633e+01
2.950840000000000032e+02 8.633782111198577525e+01
2.944370000000000118e+02 7.974851359083282887e+01
2.937909999999999968e+02 8.205831694476829341e+01
2.931429999999999723e+02 9.578829996909081501e+01
2.924970000000000141e+02 9.508179546314904940e+01
2.918500000000000227e+02 9.030457860684144578e+01
2.912040000000000077e+02 8.846131561787457542e+01
2.905570000000000164e+02 9.239272576974796891e+01
2.899100000000000250e+02 9.745381502887430258e+01
2.892629999999999768e+02 1.050249290066022070e+02
2.886159999999999854e+02 1.094083496000190223e+02
2.879689999999999941e+02 1.123263290103884344e+02
2.873210000000000264e+02 1.123949086408152880e+02
2.866750000000000114e+02 1.107720709457397277e+02
2.860269999999999868e+02 1.164332343153330243e+02
2.853799999999999955e+02 1.181420254748065446e+02
2.847320000000000277e+02 1.165059279526258393e+02
2.840849999999999795e+02 1.217767669808735889e+02
2.834370000000000118e+02 1.239809778993333254e+02
2.827900000000000205e+02 1.291610427430440211e+02
2.821419999999999959e+02 1.334836895127279774e+02
2.814950000000000045e+02 1.353124699123947607e+02
2.808469999999999800e+02 1.401027758991583596e+02
2.801990000000000123e+02 1.351704025892914274e+02
2.795509999999999877e+02 1.318807013410870752e+02
2.789039999999999964e+02 1.331500156023853094e+02
2.782549999999999955e+02 1.327992332227009911e+02
2.776080000000000041e+02 1.327203906053138667e+02
2.769590000000000032e+02 1.305347868941072136e+02
2.763120000000000118e+02 1.328053993290729693e+02
2.756630000000000109e+02 1.301165136320809665e+02
2.750149999999999864e+02 1.320960445804378764e+02
2.743659999999999854e+02 1.428252486907863670e+02
2.737189999999999941e+02 1.508752684825217045e+02
2.730699999999999932e+02 1.527295595150125962e+02
2.724220000000000255e+02 1.502332056659492707e+02
2.717730000000000246e+02 1.464979423197032702e+02
2.711240000000000236e+02 1.435429195477030078e+02
2.704759999999999991e+02 1.388643190288370590e+02
2.698260000000000218e+02 1.409485704655580776e+02
2.691779999999999973e+02 1.452452634840359167e+02
2.685289999999999964e+02 1.378889137109122771e+02
2.678809999999999718e+02 1.357531119338802341e+02
2.672309999999999945e+02 1.331554690258002154e+02
2.665830000000000268e+02 1.356801549357970487e+02
2.659329999999999927e+02 1.447201932610887809e+02
2.652839999999999918e+02 1.483683211705495637e+02
2.646349999999999909e+02 1.543705846757005133e+02
2.639850000000000136e+02 1.500451053124242549e+02
2.633369999999999891e+02 1.478882704680807478e+02
2.626870000000000118e+02 1.514296182747175408e+02
2.620380000000000109e+02 1.476385339524586300e+02
2.613879999999999768e+02 1.532351485929367243e+02
2.607400000000000091e+02 1.496990061797533258e+02
2.600899999999999750e+02 1.426987186078513901e+02
2.594390000000000214e+02 1.459180300851525089e+02
2.587900000000000205e+02 1.426702432074813487e+02
2.581399999999999864e+02 1.426508108591729638e+02
2.574909999999999854e+02 1.410363917484430090e+02
2.568410000000000082e+02 1.473469853450990854e+02
2.561899999999999977e+02 1.520179180507680883e+02
2.555409999999999968e+02 1.487927056530639618e+02
2.548899999999999864e+02 1.516129904819344745e+02
2.542410000000000139e+02 1.510780562996495462e+02
2.535910000000000082e+02 1.456813515043443488e+02
2.529399999999999977e+02 1.453811854347053441e+02
2.522899999999999920e+02 1.470558987635533867e+02
2.516399999999999864e+02 1.513031447495696682e+02
2.509900000000000091e+02 1.442630962068990357e+02
2.503389999999999986e+02 1.443856664424341432e+02
2.496879999999999882e+02 1.472879712079421495e+02
2.490380000000000109e+02 1.475904013007565823e+02
2.483870000000000005e+02 1.517065656202073001e+02
2.477359999999999900e+02 1.553465648588484669e+02
2.470860000000000127e+02 1.530771539437714068e+02
2.464350000000000023e+02 1.572861627537869822e+02
2.457849999999999966e+02 1.502463633607672193e+02
2.451330000000000098e+02 1.533832153356139258e+02
2.444819999999999993e+02 1.501160197217128314e+02
2.438319999999999936e+02 1.472924669306053431e+02
2.431800000000000068e+02 1.450909784602866637e+02
2.425289999999999964e+02 1.443259185183257500e+02
2.418779999999999859e+02 1.495876526482241786e+02
2.412270000000000039e+02 1.529956530451297851e+02
2.405749999999999886e+02 1.490030273156796454e+02
2.399240000000000066e+02 1.549282134736042735e+02
2.392719999999999914e+02 1.541030621008831076e+02
2.386200000000000045e+02 1.566017290209935879e+02
2.379699999999999989e+02 1.553704107362591742e+02
2.373180000000000121e+02 1.591765075159182459e+02
2.366670000000000016e+02 1.583203937313815572e+02
2.360149999999999864e+02 1.576471560102576461e+02
2.353629999999999995e+02 1.602193500619164013e+02
2.347100000000000080e+02 1.655938468337859888e+02
2.340600000000000023e+02 1.641206908254749806e+02
2.334070000000000107e+02 1.628462565601629422e+02
2.327549999999999955e+02 1.684721171406386873e+02
2.321040000000000134e+02 1.725413414268828944e+02
2.314509999999999934e+02 1.710356342413041943e+02
2.307980000000000018e+02 1.748450925141465007e+02
2.301469999999999914e+02 1.738731923789539167e+02
2.294939999999999998e+02 1.710892012669499138e+02
2.288420000000000130e+02 1.670689007358683682e+02
2.281899999999999977e+02 1.723990997683574165e+02
2.275370000000000061e+02 1.762361580192643657e+02
2.268839999999999861e+02 1.780780148552972264e+02
2.262330000000000041e+02 1.814646604804445644e+02
2.255800000000000125e+02 1.860378843873221797e+02
2.249269999999999925e+02 1.851531500133240513e+02
2.242729999999999961e+02 1.854830185900763411e+02
2.236220000000000141e+02 1.888906760317168505e+02
2.229679999999999893e+02 1.893468586465920396e+02
2.223149999999999977e+02 1.901206980396124209e+02
2.216630000000000109e+02 1.868291834011828882e+02
2.210099999999999909e+02 1.832158323794832882e+02
2.203559999999999945e+02 1.794708990604059693e+02
2.197019999999999982e+02 1.774262666989079662e+02
2.190500000000000114e+02 1.775446625295096510e+02
2.183969999999999914e+02 1.768276347074100272e+02
2.177429999999999950e+02 1.756213845044153459e+02
2.170889999999999986e+02 1.760436036756674412e+02
2.164370000000000118e+02 1.725785200148380625e+02
2.157829999999999870e+02 1.744401310421651772e+02
2.151289999999999907e+02 1.721198377552863121e+02
2.144749999999999943e+02 1.758435329640256271e+02
2.138220000000000027e+02 1.752608726813088538e+02
2.131680000000000064e+02 1.749852033020615636e+02
2.125140000000000100e+02 1.753285587762831028e+02
2.118600000000000136e+02 1.719454207749093086e+02
2.112069999999999936e+02 1.745903583883484487e+02
2.105529999999999973e+02 1.726065291439107057e+02
2.098979999999999961e+02 1.707897347405719017e+02
2.092439999999999998e+02 1.679240719673046556e+02
2.085910000000000082e+02 1.670428633699897034e+02
2.079360000000000070e+02 1.658602317651685496e+02
2.072820000000000107e+02 1.643865057503075207e+02
2.066270000000000095e+02 1.602704399332696994e+02
2.059739999999999895e+02 1.621983538059076011e+02
2.053189999999999884e+02 1.610334044913156220e+02
2.046639999999999873e+02 1.587217263313326328e+02
2.040089999999999861e+02 1.582935778063084626e+02
2.033540000000000134e+02 1.574328939627703221e+02
2.027009999999999934e+02 1.524699906937440517e+02
2.020459999999999923e+02 1.503692736177304141e+02
2.013909999999999911e+02 1.466080794323348186e+02
2.007350000000000136e+02 1.490034347230440517e+02
2.000800000000000125e+02 1.470773408113558105e+02
1.994259999999999877e+02 1.435194803833261403e+02
1.987709999999999866e+02 1.427251241276146345e+02
1.981160000000000139e+02 1.409865571659738350e+02
1.974600000000000080e+02 1.422174388784582959e+02
1.968050000000000068e+02 1.387446085493974692e+02
1.961510000000000105e+02 1.374418561218404022e+02
1.954950000000000045e+02 1.398336001761260547e+02
1.948389999999999986e+02 1.364156653229585743e+02
1.941839999999999975e+02 1.342083605953114329e+02
1.935279999999999916e+02 1.347363028102048190e+02
1.928739999999999952e+02 1.356340060669611205e+02
1.922179999999999893e+02 1.344701898099475557e+02
1.915620000000000118e+02 1.371141449773880936e+02
1.909060000000000059e+02 1.409753226968595357e+02
1.902500000000000000e+02 1.421485466382980292e+02
1.895939999999999941e+02 1.393165313753739838e+02
1.889389999999999930e+02 1.419407961488672925e+02
1.882829999999999870e+02 1.436655631975637846e+02
1.876270000000000095e+02 1.455983704400020713e+02
1.869699999999999989e+02 1.441121024636445043e+02
1.863139999999999930e+02 1.431144448134609206e+02
1.856570000000000107e+02 1.399716609200956725e+02
1.850010000000000048e+02 1.375769889925658163e+02
1.843460000000000036e+02 1.387305084952698451e+02
1.836889999999999930e+02 1.406739163508265165e+02
1.830329999999999870e+02 1.424609123365287360e+02
1.823760000000000048e+02 1.430648172208700259e+02
1.817189999999999941e+02 1.413643732564995901e+02
1.810620000000000118e+02 1.473896949135092314e+02
1.804050000000000011e+02 1.516273290822020670e+02
1.797500000000000000e+02 1.528811777203173961e+02
1.790929999999999893e+02 1.562212691773935376e+02
1.784360000000000070e+02 1.556426647608683709e+02
1.777789999999999964e+02 1.565912584414280104e+02
1.771220000000000141e+02 1.565331007677914954e+02
1.764650000000000034e+02 1.565749742031401581e+02
1.758069999999999879e+02 1.570270888036326653e+02
1.751500000000000057e+02 1.549147761680525264e+02
1.744939999999999998e+02 1.555576920395663478e+02
1.738369999999999891e+02 1.580662512466563783e+02
1.731790000000000020e+02 1.592751578812691093e+02
1.725219999999999914e+02 1.610734979264151718e+02
1.718640000000000043e+02 1.635455015221831445e+02
1.712059999999999889e+02 1.652535410078656355e+02
1.705490000000000066e+02 1.664228630286031887e+02
1.698909999999999911e+02 1.666552026712374470e+02
1.692330000000000041e+02 1.652831241581990014e+02
1.685749999999999886e+02 1.637195664860404065e+02
1.679190000000000111e+02 1.648078060719971631e+02
1.672609999999999957e+02 1.632425849752274871e+02
1.666030000000000086e+02 1.656313891096511384e+02
1.659449999999999932e+02 1.623365178621199050e+02
1.652870000000000061e+02 1.583210015416141800e+02
1.646279999999999859e+02 1.578268582864767779e+02
1.639699999999999989e+02 1.589125481354964791e+02
1.633120000000000118e+02 1.609851831743219179e+02
1.626539999999999964e+02 1.605322748962595938e+02
1.619950000000000045e+02 1.577924191097522453e+02
1.613369999999999891e+02 1.564385286278206877e+02
1.606779999999999973e+02 1.534756499906069394e+02
1.600190000000000055e+02 1.529442544100099042e+02
1.593609999999999900e+02 1.532914674759637137e+02
1.587040000000000077e+02 1.527455936515162023e+02
1.580449999999999875e+02 1.529666667346057523e+02
1.573859999999999957e+02 1.515361800066465889e+02
1.567270000000000039e+02 1.518192803191204803e+02
1.560680000000000121e+02 1.503925118092141702e+02
1.554089999999999918e+02 1.498957575710727781e+02
1.547500000000000000e+02 1.498065226722160617e+02
1.540910000000000082e+02 1.483849351826217458e+02
1.534319999999999879e+02 1.477873576052815281e+02
1.527729999999999961e+02 1.471034466728868608e+02
1.521140000000000043e+02 1.453699509438839073e+02
1.514540000000000077e+02 1.445260974785282997e+02
1.507949999999999875e+02 1.436808948675253816e+02
1.501359999999999957e+02 1.476902206015285799e+02
1.494759999999999991e+02 1.485090777167481235e+02
1.488170000000000073e+02 1.483728192695394341e+02
1.481570000000000107e+02 1.506627413234856476e+02
1.474970000000000141e+02 1.497193902392145617e+02
1.468379999999999939e+02 1.505746973891801588e+02
1.461779999999999973e+02 1.506538476062192728e+02
1.455180000000000007e+02 1.524063826167349873e+02
1.448580000000000041e+02 1.524322268040225481e+02
1.441980000000000075e+02 1.486770543208469064e+02
1.435380000000000109e+02 1.494875398402848248e+02
1.428779999999999859e+02 1.496253755802900685e+02
1.422179999999999893e+02 1.510102322989353922e+02
1.415579999999999927e+02 1.509561973499116050e+02
1.408979999999999961e+02 1.505379106599992554e+02
1.402379999999999995e+02 1.499706845518453235e+02
1.395769999999999982e+02 1.491215665429588739e+02
1.389170000000000016e+02 1.502885733849760470e+02
1.382560000000000002e+02 1.535403070203099389e+02
1.375960000000000036e+02 1.550652751857774376e+02
1.369350000000000023e+02 1.561480292688497684e+02
1.362750000000000057e+02 1.560261209174603039e+02
1.356140000000000043e+02 1.574224641743488746e+02
1.349540000000000077e+02 1.585810997398399991e+02
1.342930000000000064e+02 1.614545116063467276e+02
1.336320000000000050e+02 1.641870398214572333e+02
1.329710000000000036e+02 1.654882025165399284e+02
1.323100000000000023e+02 1.659468764508766583e+02
1.316490000000000009e+02 1.687294924752439442e+02
1.309879999999999995e+02 1.689796003965936961e+02
1.303269999999999982e+02 1.687867111351174287e+02
1.296659999999999968e+02 1.713288749523748322e+02
1.290049999999999955e+02 1.718217222377162159e+02
1.283420000000000130e+02 1.711237024808063723e+02
1.276809999999999974e+02 1.708171639443598622e+02
1.270190000000000055e+02 1.720077528762224972e+02
1.263580000000000041e+02 1.694155260941437575e+02
1.256959999999999980e+02 1.662939661660889783e+02
1.250349999999999966e+02 1.659436041600124554e+02
1.243730000000000047e+02 1.649246553576180645e+02
1.237120000000000033e+02 1.633124702592820654e+02
1.230499999999999972e+02 1.627643703746828407e+02
1.223880000000000052e+02 1.615189053004000641e+02
1.217259999999999991e+02 1.578387388618656928e+02
1.210639999999999930e+02 1.535433354844358860e+02
1.204030000000000058e+02 1.524603061782256361e+02
1.197409999999999997e+02 1.505689335567075204e+02
1.190780000000000030e+02 1.459608282681863898e+02
1.184150000000000063e+02 1.440229732543840555e+02
1.177530000000000001e+02 1.411383590333360019e+02
1.170909999999999940e+02 1.375707357247225957e+02
1.164279999999999973e+02 1.341014325919702799e+02
1.157660000000000053e+02 1.321427019591912426e+02
1.151039999999999992e+02 1.297838624656541811e+02
1.144410000000000025e+02 1.264884690173155235e+02
1.137789999999999964e+02 1.233795595428547500e+02
1.131159999999999997e+02 1.220673876641060929e+02
1.124539999999999935e+02 1.200526302618834507e+02
1.117890000000000015e+02 1.179206952021131798e+02
1.111269999999999953e+02 1.168633704200999546e+02
1.104639999999999986e+02 1.145616289344995664e+02
1.098010000000000019e+02 1.125023377669569413e+02
1.091380000000000052e+02 1.101338120390790039e+02
1.084749999999999943e+02 1.086661269492115167e+02
1.078119999999999976e+02 1.048422186651921351e+02
1.071490000000000009e+02 1.023388310568821993e+02
1.064849999999999994e+02 9.731093673268190969e+01
1.058209999999999980e+02 9.302096513934095867e+01
1.051580000000000013e+02 8.788219909629745530e+01
1.044950000000000045e+02 8.584665937845387873e+01
1.038319999999999936e+02 8.186799561109441470e+01
1.031680000000000064e+02 7.834042589408566926e+01
1.025049999999999955e+02 7.506835584009930074e+01
1.018400000000000034e+02 7.342817353178689643e+01
1.011760000000000019e+02 7.102109218265894697e+01
1.005130000000000052e+02 7.104706983493893802e+01
9.984900000000000375e+01 7.049093251993575393e+01
9.918529999999999802e+01 6.962023073341697454e+01
9.852150000000000318e+01 6.851252338484968618e+01
9.785769999999999413e+01 6.975149844132354815e+01
9.719230000000000302e+01 7.134467211481411653e+01
9.652830000000000155e+01 7.277682892670262049e+01
9.586430000000000007e+01 7.376078008256568808e+01
9.520029999999999859e+01 7.524559728611693288e+01
9.453610000000000468e+01 7.758826635090963464e+01
9.387199999999999989e+01 7.984771089658732990e+01
9.320619999999999550e+01 8.107528361592721922e+01
9.254200000000000159e+01 8.254588575072376955e+01
9.187760000000000105e+01 8.209676175550926303e+01
9.121320000000000050e+01 8.219847557694357931e+01
9.054879999999999995e+01 8.160397185061005132e+01
8.988280000000000314e+01 8.258096248841853537e+01
8.921819999999999595e+01 8.214821870280081839e+01
8.855360000000000298e+01 8.100596425903653142e+01
8.788890000000000668e+01 7.981647980395929665e+01
8.722419999999999618e+01 8.058863153211285635e+01
8.655939999999999657e+01 8.101877820984819323e+01
8.589300000000000068e+01 8.191389352537105140e+01
8.522809999999999775e+01 8.171763803479042565e+01
8.456319999999999482e+01 8.208886395288656956e+01
8.389820000000000277e+01 8.126484467041210280e+01
8.323160000000000025e+01 8.130538811656091980e+01
8.256650000000000489e+01 8.082989414625683366e+01
8.190130000000000621e+01 8.101540832264362280e+01
8.123609999999999332e+01 8.055140586335518549e+01
8.057080000000000553e+01 7.883855754683152384e+01
7.990389999999999304e+01 7.838779592108465977e+01
7.923850000000000193e+01 7.835308486836608211e+01
7.857299999999999329e+01 7.853578305834959394e+01
7.790749999999999886e+01 7.835558453904073417e+01
7.724039999999999395e+01 7.778587291205990084e+01
7.657479999999999620e+01 7.760745693637159093e+01
7.590909999999999513e+01 7.611376978515740177e+01
7.524339999999999407e+01 7.592966944196989232e+01
7.457760000000000389e+01 7.527889735496864887e+01
7.391020000000000323e+01 7.334769341599152881e+01
7.324429999999999552e+01 7.217460137484727056e+01
7.257829999999999870e+01 7.011121979147780792e+01
7.191230000000000189e+01 6.857705524410496878e+01
7.124469999999999459e+01 6.769108298720693995e+01
7.057850000000000534e+01 6.635513104231647219e+01
6.991230000000000189e+01 6.603603592921101040e+01
6.924609999999999843e+01 6.436427364614972646e+01
6.857829999999999870e+01 6.347934575835790838e+01
6.791190000000000282e+01 6.246245556374915253e+01
6.724550000000000693e+01 6.113668916926148711e+01
6.657750000000000057e+01 6.015320151666637116e+01
6.591100000000000136e+01 5.861856239014303327e+01
6.524439999999999884e+01 5.767675587627356038e+01
6.457769999999999300e+01 5.641675870982025032e+01
6.390950000000000131e+01 5.497504277027088904e+01
6.324269999999999925e+01 5.402203485606342070e+01
6.257589999999999719e+01 5.335292262264451324e+01
6.190899999999999892e+01 5.258100233867203599e+01
6.124060000000000059e+01 5.162665298006938031e+01
6.057359999999999900e+01 5.079168854044065284e+01
5.990659999999999741e+01 5.000179956605087028e+01
5.923799999999999955e+01 4.843277517206958294e+01
5.857079999999999842e+01 4.681060717999562115e+01
5.790359999999999729e+01 4.604845348646855285e+01
5.723629999999999995e+01 4.491711984579519878e+01
5.656750000000000256e+01 4.348594297732267222e+01
5.590010000000000190e+01 4.271920040870580237e+01
5.523270000000000124e+01 4.164258052313434177e+01
5.456360000000000099e+01 4.081018537543711489e+01
5.389609999999999701e+01 4.015443778132235053e+01
5.322849999999999682e+01 3.980496369966979842e+01
5.255930000000000035e+01 3.965504754494298112e+01
5.189159999999999684e+01 3.844264389232477441e+01
5.122379999999999711e+01 3.784696006457895834e+01
5.055440000000000111e+01 3.713872335636963840e+01
4.988660000000000139e+01 3.620272395770784613e+01
4.921860000000000213e+01 3.524378290018513127e+01
4.854910000000000281e+01 3.435453455406088352e+01
4.788100000000000023e+01 3.380778585940871039e+01
4.721289999999999765e+01 3.302873921197647888e+01
4.654319999999999879e+01 3.205028994312525015e+01
4.587500000000000000e+01 3.140467614619353043e+01
4.520669999999999789e+01 3.026157348856958507e+01
4.453679999999999950e+01 2.949030108196965116e+01
4.386840000000000117e+01 2.878683447590876199e+01
4.320000000000000284e+01 2.839640521217578950e+01
4.252989999999999782e+01 2.752903639707593086e+01
4.186129999999999995e+01 2.660895594074402482e+01
4.119270000000000209e+01 2.550567661213604609e+01
4.052250000000000085e+01 2.475409109306219690e+01
3.985379999999999967e+01 2.415130130631361283e+01
3.918500000000000227e+01 2.367127403120952778e+01
3.851460000000000150e+01 2.301295033797146772e+01
3.784570000000000078e+01 2.231715838348288017e+01
3.717519999999999669e+01 2.150784346436141803e+01
3.650619999999999976e+01 2.077738701855234638e+01
3.583709999999999951e+01 2.024243413793522350e+01
3.516640000000000299e+01 1.968960267989136881e+01
3.449719999999999942e+01 1.897076243036280019e+01
3.382800000000000296e+01 1.839692140423622746e+01
3.315709999999999980e+01 1.766709656543896045e+01
3.248780000000000001e+01 1.678559194736740068e+01
3.181680000000000064e+01 1.616007052028088253e+01
3.114730000000000132e+01 1.564977623509483351e+01
3.047779999999999845e+01 1.523869787433154954e+01
2.980669999999999931e+01 1.441222428416389256e+01
2.913700000000000045e+01 1.390552503713954025e+01
2.846730000000000160e+01 1.345554465744975481e+01
2.779599999999999937e+01 1.276868941030838656e+01
2.712620000000000076e+01 1.223430306180764759e+01
2.645479999999999876e+01 1.175478943888456307e+01
2.578490000000000038e+01 1.121952950122097548e+01
2.511329999999999885e+01 1.058131158212793288e+01
2.444330000000000069e+01 9.943773791617839919e+00
2.377319999999999922e+01 9.530237568918110469e+00
2.310150000000000148e+01 8.894061125528939016e+00
2.243130000000000024e+01 8.384047383669980036e+00
2.175949999999999918e+01 7.892046763430483836e+00
2.108909999999999840e+01 7.384654909320613747e+00
2.041870000000000118e+01 6.959382584053050991e+00
1.974680000000000035e+01 6.421638916209729153e+00
1.907629999999999981e+01 6.004488728683515575e+00
1.840419999999999945e+01 5.624876603681459031e+00
1.773349999999999937e+01 5.209365550714791127e+00
1.706129999999999924e+01 4.921028221692517413e+00
1.639059999999999917e+01 4.535797438609205479e+00
1.571979999999999933e+01 4.222597715030686594e+00
1.504739999999999966e+01 3.966755409210736438e+00
1.437650000000000006e+01 3.687407735760230842e+00
1.370410000000000039e+01 3.472872457619842201e+00
1.303299999999999947e+01 3.199122425534012049e+00
1.236040000000000028e+01 2.963608619602104977e+00
1.168929999999999936e+01 2.731515844395858927e+00
1.101660000000000039e+01 2.562316119998005348e+00
1.034529999999999994e+01 2.483702685554037171e+00
9.672489999999999810e+00 2.372696858049683222e+00
9.001129999999999853e+00 2.261435328590344795e+00
8.329710000000000392e+00 2.127054161938634280e+00
7.656710000000000349e+00 2.044968049569571455e+00
6.985170000000000101e+00 2.098539573502697930e+00
6.312050000000000161e+00 2.109231519034896252e+00
5.640399999999999636e+00 2.077535367836626179e+00
4.967170000000000307e+00 1.966365658758043811e+00
4.295410000000000394e+00 1.795133842968601900e+00
3.622059999999999835e+00 1.590706379602009113e+00
2.950180000000000025e+00 1.351085147469877290e+00
2.276720000000000077e+00 1.090806032206853571e+00
1.604729999999999990e+00 7.902199845829398495e-01
9.311519999999999797e-01 4.545606726094473804e-01
2.590439999999999965e-01 1.245808568019808049e-01
