6.869719999999999800e+02 -5.207255492933714723e-03
6.863600000000000136e+02 9.274511233067474214e-03
6.857469999999999573e+02 1.230731252491870133e-02
6.851349999999999909e+02 2.374595757980520541e-02
6.845230000000000246e+02 2.140883086314285255e-02
6.839120000000000346e+02 2.606869131787291349e-02
6.832989999999999782e+02 1.673127587399306573e-02
6.826870000000000118e+02 4.004512128220369394e-02
6.820739999999999554e+02 -1.591043541913744405e-02
6.814610000000000127e+02 -1.870837240829796577e-02
6.808490000000000464e+02 -2.987657337349043998e-02
6.802359999999999900e+02 8.685312110589603167e-04
6.796230000000000473e+02 2.042200738115816649e-02
6.790099999999999909e+02 3.636890593758510936e-03
6.783980000000000246e+02 -1.313559940544756915e-02
6.777859999999999445e+02 -3.816213414824435463e-02
6.771730000000000018e+02 -1.029102449184063871e-02
6.765599999999999454e+02 -4.725813942680359703e-03
6.759470000000000027e+02 -3.542183123459029942e-02
6.753339999999999463e+02 3.432952646357046583e-02
6.747210000000000036e+02 -4.934075169845094505e-02
6.741079999999999472e+02 -2.702354770031196660e-02
6.734940000000000282e+02 7.612146327885835340e-02
6.728809999999999718e+02 8.448049445679552127e-02
6.722680000000000291e+02 7.331669012911470884e-02
6.716539999999999964e+02 2.314397369411270305e-02
6.710410000000000537e+02 -1.931748312449159920e-03
6.704270000000000209e+02 6.418016594506745394e-03
6.698150000000000546e+02 -4.368770974898729398e-02
6.692010000000000218e+02 3.427985753143464320e-02
6.685879999999999654e+02 5.652891613973316798e-02
6.679740000000000464e+02 9.183852557680189516e-03
6.673600000000000136e+02 1.754720085317228520e-02
6.667459999999999809e+02 3.701652255020859705e-02
6.661330000000000382e+02 3.423993366142181333e-02
6.655190000000000055e+02 2.032951261899466552e-02
6.649049999999999727e+02 -1.909914121833453018e-03
6.642910000000000537e+02 -2.413451499722248789e-02
6.636770000000000209e+02 -6.581580106925537244e-02
6.630629999999999882e+02 -1.130375757621838589e-01
6.624479999999999791e+02 -1.463567005432350188e-01
6.618339999999999463e+02 -1.296691335727436500e-01
6.612200000000000273e+02 -1.435336838915515500e-01
6.606059999999999945e+02 -1.629333403399442215e-01
6.599909999999999854e+02 -1.351492992326539522e-01
6.593769999999999527e+02 -1.267967995581709140e-01
6.587619999999999436e+02 -6.018583539804870514e-02
6.581480000000000246e+02 -4.630335003488510875e-02
6.575330000000000155e+02 -3.519992369222320339e-02
6.569189999999999827e+02 1.748802279486956490e-02
6.563039999999999736e+02 6.394762198013322768e-03
6.556889999999999645e+02 3.687828397053512230e-02
6.550750000000000455e+02 6.736761224151661953e-02
6.544600000000000364e+02 7.288974151920198097e-02
6.538450000000000273e+02 1.061179419011871461e-01
6.532300000000000182e+02 8.670900101438222540e-02
6.526150000000000091e+02 5.070503277785300134e-02
6.520000000000000000e+02 5.900658162512022881e-02
6.513849999999999909e+02 7.558493720235096025e-02
6.507699999999999818e+02 9.217458473248162087e-02
6.501549999999999727e+02 2.852920991242532608e-02
6.495389999999999873e+02 3.638262032785456387e-03
6.489239999999999782e+02 -1.019743519117083212e-02
6.483089999999999691e+02 -1.573185479710477799e-02
6.476929999999999836e+02 -5.719307524351602973e-02
6.470779999999999745e+02 1.744408481013353870e-02
6.464629999999999654e+02 9.155811361760839845e-03
6.458469999999999800e+02 -1.574907130319338350e-02
6.452319999999999709e+02 -3.234460962215995883e-02
6.446159999999999854e+02 3.670384512026267365e-02
6.439990000000000236e+02 7.541513985965123124e-02
6.433830000000000382e+02 3.673677450002216932e-02
6.427670000000000528e+02 -1.295510908360373269e-02
6.421520000000000437e+02 2.844887832189538224e-02
6.415359999999999445e+02 -2.396857769199566696e-02
6.409199999999999591e+02 -4.602050380903321275e-02
6.403039999999999736e+02 -6.257131428387817385e-02
6.396879999999999882e+02 -7.910353830177255241e-02
6.390720000000000027e+02 -7.909354746518576507e-02
6.384560000000000173e+02 -6.806406409887087727e-02
6.378400000000000318e+02 -4.049824300773455232e-02
6.372229999999999563e+02 8.386545085751329455e-04
6.366069999999999709e+02 -1.294092180105176244e-02
6.359909999999999854e+02 -2.118286988635459389e-02
6.353730000000000473e+02 1.461198012345192587e-02
6.347569999999999482e+02 -2.118024593663523844e-02
6.341399999999999864e+02 -1.842349516662997524e-02
6.335240000000000009e+02 -3.216742146598798591e-02
6.329070000000000391e+02 -6.517116664337339882e-02
6.322899999999999636e+02 6.338884163258710729e-03
6.316739999999999782e+02 9.070017832962332452e-03
6.310570000000000164e+02 2.554843529413791323e-02
6.304400000000000546e+02 5.853270908932983047e-02
6.298220000000000027e+02 6.134061701359858065e-02
6.292050000000000409e+02 8.603647514518186767e-02
6.285879999999999654e+02 9.975031535414437267e-02
6.279710000000000036e+02 7.775494805059704473e-02
6.273540000000000418e+02 1.299372523987218087e-01
6.267369999999999663e+02 2.283754272305729693e-02
6.261200000000000045e+02 1.460318392200932701e-02
6.255030000000000427e+02 3.652190911505323601e-02
6.248840000000000146e+02 -2.386161948364168284e-02
6.242670000000000528e+02 -3.481907354996942316e-02
6.236499999999999773e+02 -5.949882231443860692e-02
6.230320000000000391e+02 -7.043861299157823386e-02
6.224149999999999636e+02 -8.137396274095881621e-02
6.217980000000000018e+02 -1.471546461483018431e-01
6.211799999999999500e+02 -8.135262997662026652e-02
6.205610000000000355e+02 -5.941451111130160306e-02
6.199429999999999836e+02 -1.251474996919146043e-01
6.193260000000000218e+02 -1.114443905811801638e-01
6.187079999999999700e+02 -1.114275381687860889e-01
6.180900000000000318e+02 -3.750971988701348736e-02
6.174719999999999800e+02 -2.109545498580261622e-02
6.168529999999999518e+02 3.605342836953098502e-03
6.162350000000000136e+02 1.452604025246397035e-02
6.156169999999999618e+02 9.051650695646876535e-03
6.149990000000000236e+02 -3.471258295651106357e-02
6.143809999999999718e+02 1.450531056367694409e-02
6.137630000000000337e+02 5.280826864948988397e-02
6.131430000000000291e+02 7.190216496395054890e-02
6.125249999999999773e+02 6.370641829702100578e-02
6.119070000000000391e+02 8.552852680084681303e-02
6.112889999999999873e+02 6.092491257945666788e-02
6.106699999999999591e+02 5.276001365850778446e-02
6.100510000000000446e+02 1.993992080796601687e-02
6.094320000000000164e+02 4.451264109466479546e-02
6.088139999999999645e+02 6.319390931041322414e-03
6.081950000000000500e+02 5.542795361835260726e-02
6.075760000000000218e+02 2.814414391068264382e-02
6.069560000000000173e+02 4.997887018876817633e-02
6.063379999999999654e+02 1.995067042957730102e-02
6.057190000000000509e+02 5.263203722276039997e-02
6.051000000000000227e+02 6.353177289269773542e-02
6.044809999999999945e+02 9.895750760812067892e-02
6.038609999999999900e+02 8.258090257670397394e-02
6.032419999999999618e+02 1.207125648024630488e-01
6.026230000000000473e+02 1.016201975780536837e-01
6.020040000000000191e+02 8.529435006491510596e-02
6.013830000000000382e+02 6.280254799215175682e-03
6.007640000000000100e+02 9.012953536386402939e-03
6.001449999999999818e+02 -2.635891296725525329e-02
5.995249999999999773e+02 -4.572817977689710295e-03
5.989049999999999727e+02 -5.085643727338896164e-02
5.982849999999999682e+02 -1.547436143339949235e-02
5.976660000000000537e+02 -6.440901122726884476e-02
5.970460000000000491e+02 -9.705133333987463196e-02
5.964249999999999545e+02 -8.069793924126904272e-02
5.958060000000000400e+02 -4.807432705649998528e-02
5.951860000000000355e+02 -6.980170468073312873e-02
5.945670000000000073e+02 -5.619835484507309381e-02
5.939450000000000500e+02 -5.618665726775899649e-02
5.933260000000000218e+02 -1.273324268287630984e-02
5.927060000000000173e+02 -3.446749905738236835e-02
5.920860000000000127e+02 6.249042886527802348e-03
5.914650000000000318e+02 1.169875790504319897e-02
5.908450000000000273e+02 6.269884761781079931e-03
5.902250000000000227e+02 -3.983487187313997091e-02
5.896029999999999518e+02 -2.358330312211957477e-02
5.889829999999999472e+02 -1.813777441356117723e-02
5.883630000000000564e+02 1.981362690749434788e-02
5.877419999999999618e+02 3.874130462622532578e-02
5.871209999999999809e+02 1.710138618631448434e-02
5.865000000000000000e+02 -1.000070840879269812e-02
5.858799999999999955e+02 3.515639413044602084e-03
5.852580000000000382e+02 -2.624535727930109308e-02
5.846380000000000337e+02 -1.860038027341714452e-03
5.840170000000000528e+02 -1.534791195858540430e-02
5.833949999999999818e+02 5.495845892043385583e-02
5.827740000000000009e+02 -2.621759314021835860e-02
5.821539999999999964e+02 -1.814293430912412158e-02
5.815320000000000391e+02 -1.267122899937183668e-02
5.809109999999999445e+02 2.516655491981829515e-02
5.802899999999999636e+02 6.212644664122989047e-03
5.796680000000000064e+02 2.244713161376736543e-02
5.790470000000000255e+02 -7.267336315854648968e-03
5.784260000000000446e+02 1.439034748024967982e-02
5.778049999999999500e+02 -8.285536291379846929e-02
5.771820000000000164e+02 -6.397331700668330845e-02
5.765610000000000355e+02 -1.233412916495330858e-01
5.759379999999999882e+02 -1.341547486565024538e-01
5.753170000000000073e+02 -1.637931749727431496e-01
5.746960000000000264e+02 -1.503070423651704790e-01
5.740729999999999791e+02 -4.768353820166622986e-02
5.734519999999999982e+02 -2.075216833024811150e-02
5.728300000000000409e+02 -1.928366199949304661e-03
5.722069999999999936e+02 4.939384574153143220e-02
5.715860000000000127e+02 4.934853447728592551e-02
5.709640000000000555e+02 4.665467824815663911e-02
5.703410000000000082e+02 4.392119809453511742e-02
5.697190000000000509e+02 3.858218425016577552e-02
5.690979999999999563e+02 2.246598140957447795e-02
5.684740000000000464e+02 -2.339843159545489798e-02
5.678529999999999518e+02 -1.800315016398293735e-02
5.672290000000000418e+02 -5.299145518617298656e-02
5.666069999999999709e+02 -5.298608847506125485e-02
5.659850000000000136e+02 -3.148525131864955001e-02
5.653619999999999663e+02 8.536526628916841358e-04
5.647400000000000091e+02 8.904331749920882041e-03
5.641169999999999618e+02 1.429758942265457050e-02
5.634940000000000282e+02 8.298863075162944952e-04
5.628719999999999573e+02 -2.872362475021029982e-02
5.622480000000000473e+02 -4.538965869772858611e-03
5.616250000000000000e+02 4.649546973403319294e-02
5.610030000000000427e+02 1.189094113112587198e-01
5.603790000000000191e+02 1.109206365564107816e-01
5.597569999999999482e+02 8.401360319797251952e-02
5.591330000000000382e+02 1.269968306203388686e-01
5.585099999999999909e+02 1.376874465471246700e-01
5.578859999999999673e+02 1.242133761611213943e-01
5.572630000000000337e+02 1.778794975849183613e-01
5.566399999999999864e+02 1.242822883570662701e-01
5.560159999999999627e+02 1.188060642077394119e-01
5.553930000000000291e+02 1.690713032157464824e-02
5.547690000000000055e+02 8.868372476975232982e-03
5.541459999999999582e+02 -4.509092554809001827e-03
5.535209999999999582e+02 -4.531276822518574832e-03
5.528980000000000246e+02 1.154131456601589431e-02
5.522749999999999773e+02 4.368684248750937665e-02
5.516509999999999536e+02 5.437581807007543788e-02
5.510270000000000437e+02 7.308512648466582162e-02
5.504030000000000200e+02 7.309843811764352162e-02
5.497789999999999964e+02 1.158370585226537464e-01
5.491549999999999727e+02 1.212089158398725608e-01
5.485309999999999491e+02 1.372364628478751625e-01
5.479059999999999491e+02 1.612561044423601875e-01
5.472830000000000155e+02 1.398397566068302345e-01
5.466589999999999918e+02 1.532032092217237573e-01
5.460339999999999918e+02 1.584804201357588316e-01
5.454099999999999682e+02 1.878242481517270746e-01
5.447849999999999682e+02 1.717742460691742412e-01
5.441609999999999445e+02 1.236608024592120575e-01
5.435359999999999445e+02 1.583447382739499865e-01
5.429120000000000346e+02 1.556759682756228558e-01
5.422870000000000346e+02 9.154886463272894626e-02
5.416630000000000109e+02 1.129219035716010622e-01
5.410370000000000346e+02 1.235282734885212591e-01
5.404130000000000109e+02 5.416682313371937174e-02
5.397880000000000109e+02 6.482159002784385060e-02
5.391630000000000109e+02 3.547560797593870413e-02
5.385380000000000109e+02 3.546798449627240613e-02
5.379139999999999873e+02 4.077862550901562022e-02
5.372880000000000109e+02 3.012987349708664067e-02
5.366630000000000109e+02 5.677800426327477001e-02
5.360370000000000346e+02 6.473799623198873976e-02
5.354130000000000109e+02 5.405647787873459065e-02
5.347870000000000346e+02 7.802020313160001885e-02
5.341620000000000346e+02 8.329179500736265396e-02
5.335359999999999445e+02 1.072561115677095889e-01
5.329109999999999445e+02 9.925786408169455510e-02
5.322849999999999682e+02 9.391125161790567222e-02
5.316599999999999682e+02 1.098573666757745870e-01
5.310339999999999918e+02 1.496892422951221768e-01
5.304089999999999918e+02 1.815242216297598965e-01
5.297830000000000155e+02 2.001099084095906699e-01
5.291580000000000155e+02 2.451585609224631868e-01
5.285309999999999491e+02 2.132932682449071304e-01
5.279049999999999727e+02 2.212543728829846068e-01
5.272799999999999727e+02 2.663150342949072158e-01
5.266530000000000200e+02 2.795300418176035473e-01
5.260280000000000200e+02 2.980818348895682979e-01
5.254009999999999536e+02 2.740907129029599432e-01
5.247759999999999536e+02 2.051037675554870376e-01
5.241490000000000009e+02 2.395041297872293196e-01
5.235230000000000246e+02 1.917048620192302599e-01
5.228959999999999582e+02 2.447023899477707154e-01
5.222709999999999582e+02 2.817109478853313531e-01
5.216440000000000055e+02 2.843340082938304869e-01
5.210159999999999627e+02 2.418993020411133454e-01
5.203909999999999627e+02 2.524420531538338341e-01
5.197630000000000337e+02 2.682706526581488116e-01
5.191380000000000337e+02 2.894393781727327974e-01
5.185099999999999909e+02 2.522715690228845564e-01
5.178840000000000146e+02 2.337427149202513654e-01
5.172569999999999482e+02 2.071926291270993759e-01
5.166299999999999955e+02 1.436478838853204598e-01
5.160030000000000427e+02 1.859213792999006298e-01
5.153759999999999764e+02 2.229166064922205037e-01
5.147500000000000000e+02 2.149315268847491744e-01
5.141219999999999573e+02 2.148788590555329170e-01
5.134940000000000282e+02 2.254188454092936056e-01
5.128680000000000518e+02 2.068594382919831665e-01
5.122400000000000091e+02 2.517277634173246126e-01
5.116139999999999759e+02 2.569429208573242307e-01
5.109859999999999900e+02 2.278678647365484367e-01
5.103580000000000041e+02 1.749923542992532222e-01
5.097309999999999945e+02 1.697160108747607643e-01
5.091030000000000086e+02 1.406334659394092579e-01
5.084759999999999991e+02 1.511654571297127714e-01
5.078480000000000132e+02 1.774878546896016263e-01
5.072200000000000273e+02 1.932918255218905867e-01
5.065930000000000177e+02 1.721094194735173222e-01
5.059649999999999750e+02 1.457505451691581411e-01
5.053360000000000127e+02 1.852427431858760243e-01
5.047090000000000032e+02 2.089171818354265131e-01
5.040810000000000173e+02 1.535673558999486044e-01
5.034519999999999982e+02 1.771813133557810227e-01
5.028249999999999886e+02 1.403651546637330327e-01
5.021960000000000264e+02 8.239490945405625322e-02
5.015690000000000168e+02 3.506135893190315267e-02
5.009399999999999977e+02 8.292163055192781950e-04
5.003109999999999786e+02 -7.090331075915935061e-03
4.996840000000000259e+02 -2.019204577394699204e-02
4.990550000000000068e+02 8.687763466587412192e-03
4.984259999999999877e+02 6.128588914332686738e-02
4.977980000000000018e+02 5.333729776300690645e-02
4.971689999999999827e+02 6.122482724682858785e-02
4.965400000000000205e+02 7.700074920090047015e-02
4.959119999999999777e+02 1.320842996297530714e-01
4.952830000000000155e+02 1.294634737100238409e-01
4.946539999999999964e+02 1.136672352568200567e-01
4.940260000000000105e+02 1.661837036036412918e-01
4.933969999999999914e+02 1.136340451217901920e-01
4.927669999999999959e+02 9.262196064848834953e-02
4.921390000000000100e+02 1.319263054074109043e-01
4.915099999999999909e+02 1.476303557885234596e-01
4.908799999999999955e+02 1.476146224565113574e-01
4.902500000000000000e+02 1.004144368842890128e-01
4.896220000000000141e+02 1.658698797031219196e-01
4.889920000000000186e+02 2.051482993929129306e-01
4.883629999999999995e+02 1.369953336345182127e-01
4.877339999999999804e+02 1.291483999232487245e-01
4.871039999999999850e+02 1.474240876663882038e-01
4.864739999999999895e+02 1.342922435290823668e-01
4.858460000000000036e+02 6.886628592577825891e-02
4.852160000000000082e+02 6.361253540081894531e-02
4.845860000000000127e+02 9.235542005055462356e-02
4.839549999999999841e+02 4.265106615843961696e-02
4.833269999999999982e+02 1.001188071197159496e-01
4.826960000000000264e+02 1.367217152922512724e-01
4.820659999999999741e+02 1.785240423555106426e-01
4.814370000000000118e+02 1.392568790535884671e-01
4.808070000000000164e+02 1.784051156637324609e-01
4.801759999999999877e+02 2.541284269936553986e-01
4.795459999999999923e+02 2.880225339928044748e-01
4.789169999999999732e+02 2.879471581882566689e-01
4.782860000000000014e+02 2.722510558764488220e-01
4.776549999999999727e+02 2.199794124479507451e-01
4.770249999999999773e+02 2.407953551320662910e-01
4.763949999999999818e+02 2.120677702444815904e-01
4.757640000000000100e+02 3.163101185328882070e-01
4.751329999999999814e+02 2.927756235770809790e-01
4.745020000000000095e+02 3.031642704471265715e-01
4.738729999999999905e+02 2.457270329763405758e-01
4.732420000000000186e+02 2.274515595800474799e-01
4.726109999999999900e+02 2.768909116174411156e-01
4.719800000000000182e+02 2.950411948754914637e-01
4.713500000000000227e+02 2.898186307853345967e-01
4.707189999999999941e+02 3.001544395917986052e-01
4.700869999999999891e+02 2.350041130379335874e-01
4.694560000000000173e+02 1.594982207331176738e-01
4.688249999999999886e+02 9.703804767440059320e-02
4.681949999999999932e+02 1.828439580132190934e-01
4.675629999999999882e+02 2.347932801364770727e-01
4.669309999999999832e+02 2.087511100930113939e-01
4.663000000000000114e+02 1.645226795718132407e-01
4.656700000000000159e+02 1.982248016181136774e-01
4.650380000000000109e+02 2.163587995667599351e-01
4.644060000000000059e+02 1.903721244361624709e-01
4.637740000000000009e+02 2.578458536926957478e-01
4.631419999999999959e+02 2.967108205469702331e-01
4.625120000000000005e+02 3.044135754637232738e-01
4.618799999999999955e+02 2.654282039106145019e-01
4.612479999999999905e+02 2.576136522772923820e-01
4.606159999999999854e+02 2.990483966959679440e-01
4.599839999999999804e+02 2.938003879179382216e-01
4.593519999999999754e+02 2.600374008099840539e-01
4.587210000000000036e+02 3.092192616237328662e-01
4.580880000000000223e+02 2.832473914098950774e-01
4.574560000000000173e+02 2.676334499978652026e-01
4.568240000000000123e+02 2.209504274699760629e-01
4.561909999999999741e+02 2.338425895960020151e-01
4.555600000000000023e+02 2.338345357312348050e-01
4.549279999999999973e+02 2.673859321719049831e-01
4.542950000000000159e+02 2.543695847284776490e-01
4.536619999999999777e+02 2.232821496939756678e-01
4.530299999999999727e+02 2.051308081789433857e-01
4.523969999999999914e+02 2.542246253004734613e-01
4.517660000000000196e+02 2.360633655256605123e-01
4.511329999999999814e+02 2.618473117413668283e-01
4.505000000000000000e+02 2.617878732766737437e-01
4.498670000000000186e+02 2.746580642553405616e-01
4.492339999999999804e+02 2.177617307673844482e-01
4.486009999999999991e+02 1.918926243389166286e-01
4.479680000000000177e+02 2.693014555568222779e-01
4.473360000000000127e+02 2.615018620617943212e-01
4.467029999999999745e+02 2.485107212193854720e-01
4.460690000000000168e+02 2.949027886424802070e-01
4.454359999999999786e+02 2.664658140049591672e-01
4.448029999999999973e+02 2.586793089332815598e-01
4.441689999999999827e+02 2.818260169160558548e-01
4.435360000000000014e+02 3.101123231624931531e-01
4.429019999999999868e+02 3.641690711295945682e-01
4.422699999999999818e+02 3.151131925320758143e-01
4.416360000000000241e+02 3.562526562252292250e-01
4.410029999999999859e+02 3.535959526950827048e-01
4.403690000000000282e+02 3.226276808336150381e-01
4.397350000000000136e+02 3.225595174258824582e-01
4.391009999999999991e+02 3.147757809416328323e-01
4.384669999999999845e+02 2.555165005860599581e-01
4.378330000000000268e+02 2.734546657327370789e-01
4.371990000000000123e+02 2.528276738932939693e-01
4.365649999999999977e+02 2.707637384164536809e-01
4.359329999999999927e+02 2.115854108841742631e-01
4.352980000000000018e+02 1.755543982136129610e-01
4.346639999999999873e+02 1.729501478218915256e-01
4.340299999999999727e+02 1.806119729842849131e-01
4.333960000000000150e+02 1.805705785569787225e-01
4.327610000000000241e+02 2.472924772765528467e-01
4.321270000000000095e+02 2.241251274091134449e-01
4.314920000000000186e+02 1.855739900906651918e-01
4.308580000000000041e+02 1.675690303004975790e-01
4.302230000000000132e+02 1.854942964882850265e-01
4.295889999999999986e+02 2.136653320938898537e-01
4.289540000000000077e+02 1.776995777032660817e-01
4.283190000000000168e+02 2.007430183550777680e-01
4.276859999999999786e+02 2.007301748965956423e-01
4.270509999999999877e+02 1.724741387245127267e-01
4.264159999999999968e+02 1.442476930070392682e-01
4.257810000000000059e+02 1.723836295798646390e-01
4.251460000000000150e+02 1.928298740176602466e-01
4.245110000000000241e+02 2.311822324185473232e-01
4.238759999999999764e+02 2.336829646079992273e-01
4.232409999999999854e+02 2.566708968922358225e-01
4.226050000000000182e+02 2.259109808144422749e-01
4.219700000000000273e+02 2.309799559326631280e-01
4.213349999999999795e+02 2.385982430065271276e-01
4.206990000000000123e+02 2.743300983478995092e-01
4.200640000000000214e+02 2.768227526975874375e-01
4.194289999999999736e+02 3.074129169893010660e-01
4.187930000000000064e+02 2.485859804433580289e-01
4.181569999999999823e+02 2.357571827979969281e-01
4.175219999999999914e+02 2.510301159783970837e-01
4.168860000000000241e+02 3.071283522248136055e-01
4.162500000000000000e+02 3.351343761033634960e-01
4.156150000000000091e+02 3.401660801154925973e-01
4.149789999999999850e+02 3.502868477024072003e-01
4.143430000000000177e+02 3.604028782349411042e-01
4.137069999999999936e+02 3.246177552502699237e-01
4.130710000000000264e+02 3.780822243965050733e-01
4.124350000000000023e+02 4.034836740274121980e-01
4.117989999999999782e+02 4.237821204684107945e-01
4.111630000000000109e+02 4.083917338473721514e-01
4.105260000000000105e+02 3.930193072232482376e-01
4.098899999999999864e+02 4.056607203329377076e-01
4.092540000000000191e+02 3.495662328215332626e-01
4.086170000000000186e+02 3.545700406256444004e-01
4.079809999999999945e+02 3.773905375406744755e-01
4.073439999999999941e+02 3.620374707786560564e-01
4.067080000000000268e+02 3.466916438215105756e-01
4.060710000000000264e+02 3.872877679748282786e-01
4.054350000000000023e+02 3.312701244912781284e-01
4.047980000000000018e+02 3.388237441122153304e-01
4.041610000000000014e+02 3.285797750203821588e-01
4.035240000000000009e+02 3.539147933337084551e-01
4.028879999999999768e+02 3.004970496176504469e-01
4.022509999999999764e+02 3.258102676190716696e-01
4.016139999999999759e+02 2.698904744277785817e-01
4.009769999999999754e+02 2.749038846454125995e-01
4.003399999999999750e+02 2.164679601798430164e-01
3.997029999999999745e+02 2.620845020112875789e-01
3.990649999999999977e+02 2.467987779319976982e-01
3.984279999999999973e+02 1.985867321634118832e-01
3.977909999999999968e+02 1.858747722467405938e-01
3.971519999999999868e+02 1.807015096943847265e-01
3.965149999999999864e+02 1.426860794321543335e-01
3.958770000000000095e+02 1.629096415459730385e-01
3.952400000000000091e+02 1.071584765864585231e-01
3.946019999999999754e+02 1.476502815940577140e-01
3.939649999999999750e+02 1.045709997569456012e-01
3.933269999999999982e+02 9.948418431560335229e-02
3.926890000000000214e+02 1.576574533205816198e-01
3.920520000000000209e+02 1.475061764834393607e-01
3.914139999999999873e+02 1.929886402284099189e-01
3.907760000000000105e+02 1.954501349233899177e-01
3.901379999999999768e+02 2.611086795836419783e-01
3.895000000000000000e+02 3.192027625466086760e-01
3.888609999999999900e+02 2.888585838941355455e-01
3.882230000000000132e+02 2.963478063887782787e-01
3.875849999999999795e+02 3.265817247270104695e-01
3.869460000000000264e+02 3.542760537477669391e-01
3.863079999999999927e+02 3.870120071654570282e-01
3.856700000000000159e+02 4.071071292930596441e-01
3.850319999999999823e+02 4.297161069824871893e-01
3.843929999999999723e+02 3.892445056041559104e-01
3.837549999999999955e+02 4.143582167517113612e-01
3.831159999999999854e+02 4.016849365644272196e-01
3.824759999999999991e+02 3.965151118972911060e-01
3.818380000000000223e+02 3.813099138757019557e-01
3.811990000000000123e+02 3.182408358258341785e-01
3.805600000000000023e+02 3.534453179763916708e-01
3.799220000000000255e+02 3.382500651596747065e-01
3.792830000000000155e+02 3.003942378437429728e-01
3.786440000000000055e+02 3.254863973192695936e-01
3.780049999999999955e+02 3.002083926460943908e-01
3.773650000000000091e+02 3.102672290218091433e-01
3.767259999999999991e+02 4.032665262627407321e-01
3.760860000000000127e+02 3.956147509718653810e-01
3.754470000000000027e+02 4.784809548038281846e-01
3.748079999999999927e+02 4.733125562226083716e-01
3.741689999999999827e+02 4.983108818819427799e-01
3.735299999999999727e+02 5.258479066032412108e-01
3.728890000000000100e+02 5.333075572380617801e-01
3.722500000000000000e+02 4.929705125708263580e-01
3.716100000000000136e+02 5.581406990540970225e-01
3.709710000000000036e+02 5.128288294390697111e-01
3.703310000000000173e+02 4.926890364315039683e-01
3.696909999999999741e+02 4.774847678842700782e-01
3.690500000000000114e+02 4.898913993110700082e-01
3.684110000000000014e+02 4.647015717618373509e-01
3.677710000000000150e+02 4.545562679862091282e-01
3.671309999999999718e+02 4.343890833273093555e-01
3.664909999999999854e+02 4.994594116168679099e-01
3.658509999999999991e+02 4.617310881130818334e-01
3.652099999999999795e+02 4.616477123639958213e-01
3.645699999999999932e+02 5.191140611016084039e-01
3.639300000000000068e+02 5.089807461561945967e-01
3.632900000000000205e+02 5.038313278948696183e-01
3.626490000000000009e+02 5.162068556814667364e-01
3.620079999999999814e+02 5.036116636663022783e-01
3.613670000000000186e+02 4.959817761650953671e-01
3.607269999999999754e+02 4.608752058657489270e-01
3.600869999999999891e+02 4.757707774538768586e-01
3.594460000000000264e+02 4.307092322628235381e-01
3.588039999999999736e+02 3.980285700540243110e-01
3.581639999999999873e+02 3.854741885684864200e-01
3.575230000000000246e+02 3.554202824991310461e-01
3.568829999999999814e+02 4.002340467829387793e-01
3.562420000000000186e+02 3.876663012459113933e-01
3.556000000000000227e+02 3.950984179128594898e-01
3.549590000000000032e+02 4.149549698681325172e-01
3.543179999999999836e+02 3.749403006920043468e-01
3.536770000000000209e+02 3.873475092159416877e-01
3.530350000000000250e+02 4.445773890402550110e-01
3.523940000000000055e+02 4.594277389780194731e-01
3.517520000000000095e+02 4.593170134146999373e-01
3.511109999999999900e+02 3.719868092984358054e-01
3.504689999999999941e+02 4.042973053769451930e-01
3.498269999999999982e+02 4.166468050492329600e-01
3.491859999999999786e+02 4.090767872928980919e-01
3.485450000000000159e+02 4.015372466257544626e-01
3.479019999999999868e+02 3.939257402586747170e-01
3.472599999999999909e+02 3.689766995012740969e-01
3.466190000000000282e+02 3.639073764012490941e-01
3.459769999999999754e+02 3.538665640076523733e-01
3.453340000000000032e+02 3.861132035250313677e-01
3.446929999999999836e+02 4.059000179199752090e-01
3.440509999999999877e+02 3.908806765846198905e-01
3.434089999999999918e+02 3.858118032181851453e-01
3.427660000000000196e+02 3.608903261278332830e-01
3.421240000000000236e+02 4.129623297405311533e-01
3.414820000000000277e+02 4.252703097309853408e-01
3.408399999999999750e+02 4.226584361957984592e-01
3.401970000000000027e+02 4.449212044292147894e-01
3.395539999999999736e+02 4.497642162585143155e-01
3.389119999999999777e+02 4.372324581100299756e-01
3.382690000000000055e+02 4.495727560131522749e-01
3.376259999999999764e+02 5.114131402553409034e-01
3.369839999999999804e+02 5.509443109735464583e-01
3.363419999999999845e+02 5.285259830821406046e-01
3.356979999999999791e+02 4.961769893583666269e-01
3.350550000000000068e+02 4.886317192246693586e-01
3.344130000000000109e+02 4.662553630127458937e-01
3.337690000000000055e+02 4.735306137890696876e-01
3.331259999999999764e+02 4.858002217019390945e-01
3.324830000000000041e+02 5.524542250000555876e-01
3.318389999999999986e+02 5.227053204543269382e-01
3.311960000000000264e+02 5.645713912658900657e-01
3.305539999999999736e+02 5.471163358238951835e-01
3.299110000000000014e+02 5.815778242835476508e-01
3.292660000000000196e+02 6.036978901962166688e-01
3.286229999999999905e+02 6.381392718150039611e-01
3.279800000000000182e+02 6.281301802607383022e-01
3.273360000000000127e+02 6.106427555633764381e-01
3.266929999999999836e+02 5.537377521240781642e-01
3.260489999999999782e+02 5.437348255911993444e-01
3.254049999999999727e+02 5.312584620332154728e-01
3.247610000000000241e+02 5.607377249609976078e-01
3.241179999999999950e+02 5.408748464593383654e-01
3.234730000000000132e+02 5.555262693301871169e-01
3.228290000000000077e+02 5.578340791660288955e-01
3.221840000000000259e+02 6.045667754771073543e-01
3.215409999999999968e+02 6.093148516704210982e-01
3.208969999999999914e+02 6.608537187048835193e-01
3.202520000000000095e+02 6.903031166726930623e-01
3.196080000000000041e+02 6.876450279878977279e-01
3.189639999999999986e+02 7.096250064302338512e-01
3.183190000000000168e+02 7.414482704274957259e-01
3.176750000000000114e+02 6.969905681032185774e-01
3.170310000000000059e+02 6.255664728696876953e-01
3.163860000000000241e+02 6.253169514251475380e-01
3.157420000000000186e+02 6.104598653501285277e-01
3.150980000000000132e+02 5.734461495023908117e-01
3.144519999999999982e+02 5.634435692515051830e-01
3.138079999999999927e+02 5.461185580075268442e-01
3.131619999999999777e+02 5.361593266772572974e-01
3.125179999999999723e+02 5.212784117670319350e-01
3.118729999999999905e+02 5.284880957851618710e-01
3.112269999999999754e+02 6.167388001020935873e-01
3.105830000000000268e+02 5.797761880800392786e-01
3.099370000000000118e+02 5.649037802538675601e-01
3.092919999999999732e+02 5.721429772068652442e-01
3.086469999999999914e+02 5.572904554954838385e-01
3.080009999999999764e+02 6.086292709975710258e-01
3.073570000000000277e+02 6.378553681309171441e-01
3.067099999999999795e+02 6.475556932398938148e-01
3.060649999999999977e+02 6.375660735843454718e-01
3.054200000000000159e+02 6.349278472716325394e-01
3.047740000000000009e+02 6.323593399326612463e-01
3.041290000000000191e+02 6.297869761021588353e-01
3.034820000000000277e+02 6.981103802316770413e-01
3.028369999999999891e+02 7.419625693497292618e-01
3.021920000000000073e+02 7.759515808124400893e-01
3.015450000000000159e+02 7.538205794142013305e-01
3.008999999999999773e+02 7.047206629940129252e-01
3.002529999999999859e+02 7.754529552652954516e-01
2.996080000000000041e+02 7.459347849081692239e-01
2.989610000000000127e+02 7.115081081579143207e-01
2.983149999999999977e+02 7.748858678776590070e-01
2.976700000000000159e+02 7.429690489294925593e-01
2.970230000000000246e+02 7.476290916609426018e-01
2.963770000000000095e+02 7.010343328935803031e-01
2.957300000000000182e+02 6.862791974846905729e-01
2.950840000000000032e+02 7.080554247129747791e-01
2.944370000000000118e+02 6.566698216384326825e-01
2.937909999999999968e+02 6.784529196692105080e-01
2.931429999999999723e+02 7.952534480867113897e-01
2.924970000000000141e+02 7.926239216836933332e-01
2.918500000000000227e+02 7.558899169396749995e-01
2.912040000000000077e+02 7.435082931364864756e-01
2.905570000000000164e+02 7.797722739274878245e-01
2.899100000000000250e+02 8.259076113812858777e-01
2.892629999999999768e+02 8.937861302732792446e-01
2.886159999999999854e+02 9.349773214473153793e-01
2.879689999999999941e+02 9.639277561519680182e-01
2.873210000000000264e+02 9.685605470321402288e-01
2.866750000000000114e+02 9.585727287388111639e-01
2.860269999999999868e+02 1.011816780688259865e+00
2.853799999999999955e+02 1.030998447263211659e+00
2.847320000000000277e+02 1.021022326955413062e+00
2.840849999999999795e+02 1.071745207637857966e+00
2.834370000000000118e+02 1.095789709001755208e+00
2.827900000000000205e+02 1.146441935464687756e+00
2.821419999999999959e+02 1.189881598485249992e+00
2.814950000000000045e+02 1.211347207303976603e+00
2.808469999999999800e+02 1.259626165903602102e+00
2.801990000000000123e+02 1.220507400160521172e+00
2.795509999999999877e+02 1.195939626589760385e+00
2.789039999999999964e+02 1.212669777267868065e+00
2.782549999999999955e+02 1.214730132751105085e+00
2.776080000000000041e+02 1.219280962006486613e+00
2.769590000000000032e+02 1.204435917519128374e+00
2.763120000000000118e+02 1.230738272840925518e+00
2.756630000000000109e+02 1.211108010513674893e+00
2.750149999999999864e+02 1.234937778122498830e+00
2.743659999999999854e+02 1.341148686874982454e+00
2.737189999999999941e+02 1.422996288251905161e+00
2.730699999999999932e+02 1.446873730095339372e+00
2.724220000000000255e+02 1.429537178219014049e+00
2.717730000000000246e+02 1.400200842513900534e+00
2.711240000000000236e+02 1.378081982457299404e+00
2.704759999999999991e+02 1.339120051335899175e+00
2.698260000000000218e+02 1.365334634881266496e+00
2.691779999999999973e+02 1.413285478813234741e+00
2.685289999999999964e+02 1.347750765961474473e+00
2.678809999999999718e+02 1.332866429842319622e+00
2.672309999999999945e+02 1.313298015108140593e+00
2.665830000000000268e+02 1.344279538228973836e+00
2.659329999999999927e+02 1.440407536696807433e+00
2.652839999999999918e+02 1.483473964688802216e+00
2.646349999999999909e+02 1.550571320517375229e+00
2.639850000000000136e+02 1.514055443071752771e+00
2.633369999999999891e+02 1.499154100450871274e+00
2.626870000000000118e+02 1.542160593619144482e+00
2.620380000000000109e+02 1.510511505299744428e+00
2.613879999999999768e+02 1.575071472263446015e+00
2.607400000000000091e+02 1.545873507415047143e+00
2.600899999999999750e+02 1.480465679716788774e+00
2.594390000000000214e+02 1.520978741025531322e+00
2.587900000000000205e+02 1.494101051564924232e+00
2.581399999999999864e+02 1.500939192200287930e+00
2.574909999999999854e+02 1.490953000395810912e+00
2.568410000000000082e+02 1.565055864220216364e+00
2.561899999999999977e+02 1.622359360735290412e+00
2.555409999999999968e+02 1.595489027226991929e+00
2.548899999999999864e+02 1.633513397724851712e+00
2.542410000000000139e+02 1.635534644873094745e+00
2.535910000000000082e+02 1.584679161054081797e+00
2.529399999999999977e+02 1.589042236606366343e+00
2.522899999999999920e+02 1.615112552538538804e+00
2.516399999999999864e+02 1.669813849901627290e+00
2.509900000000000091e+02 1.599840108455554910e+00
2.503389999999999986e+02 1.609008763532098873e+00
2.496879999999999882e+02 1.649382986842763854e+00
2.490380000000000109e+02 1.660863026911771900e+00
2.483870000000000005e+02 1.715584437333618206e+00
2.477359999999999900e+02 1.765416013479455870e+00
2.470860000000000127e+02 1.748211908195930198e+00
2.464350000000000023e+02 1.805194400063087068e+00
2.457849999999999966e+02 1.732950020995228879e+00
2.451330000000000098e+02 1.777971207297463607e+00
2.444819999999999993e+02 1.748796401185070737e+00
2.438319999999999936e+02 1.724491105783974687e+00
2.431800000000000068e+02 1.707269475916887602e+00
2.425289999999999964e+02 1.706831350515501722e+00
2.418779999999999859e+02 1.778013672186183891e+00
2.412270000000000039e+02 1.827750801424425475e+00
2.405749999999999886e+02 1.789116440247123352e+00
2.399240000000000066e+02 1.869760643423187929e+00
2.392719999999999914e+02 1.869330941961487191e+00
2.386200000000000045e+02 1.909406487053463053e+00
2.379699999999999989e+02 1.904124882361735160e+00
2.373180000000000121e+02 1.960858581033518844e+00
2.366670000000000016e+02 1.960405577789061216e+00
2.360149999999999864e+02 1.962216897361217072e+00
2.353629999999999995e+02 2.004634584619779947e+00
2.347100000000000080e+02 2.082738279849147389e+00
2.340600000000000023e+02 2.075000951010051775e+00
2.334070000000000107e+02 2.069733369275026824e+00
2.327549999999999955e+02 2.152541300843249239e+00
2.321040000000000134e+02 2.216185971429561974e+00
2.314509999999999934e+02 2.208521250444673178e+00
2.307980000000000018e+02 2.269752988864014664e+00
2.301469999999999914e+02 2.269167350872502542e+00
2.294939999999999998e+02 2.244805936241027311e+00
2.288420000000000130e+02 2.203825362922633868e+00
2.281899999999999977e+02 2.286395551869226050e+00
2.275370000000000061e+02 2.349937881934939909e+00
2.268839999999999861e+02 2.387389345306165644e+00
2.262330000000000041e+02 2.446002137884999872e+00
2.255800000000000125e+02 2.521346917165561585e+00
2.249269999999999925e+02 2.523101845315893321e+00
2.242729999999999961e+02 2.541507934312122075e+00
2.236220000000000141e+02 2.602426445956432577e+00
2.229679999999999893e+02 2.623157526842169407e+00
2.223149999999999977e+02 2.648486636791152371e+00
2.216630000000000109e+02 2.617086791987307315e+00
2.210099999999999909e+02 2.580789050764702441e+00
2.203559999999999945e+02 2.542206525764055591e+00
2.197019999999999982e+02 2.527376502573390749e+00
2.190500000000000114e+02 2.543287944977852710e+00
2.183969999999999914e+02 2.547329525178113840e+00
2.177429999999999950e+02 2.544314677471306574e+00
2.170889999999999986e+02 2.564958021042702985e+00
2.164370000000000118e+02 2.528789438919434307e+00
2.157829999999999870e+02 2.570720877076274391e+00
2.151289999999999907e+02 2.551108726470798782e+00
2.144749999999999943e+02 2.621339903608738364e+00
2.138220000000000027e+02 2.627749583530240240e+00
2.131680000000000064e+02 2.638847886933008535e+00
2.125140000000000100e+02 2.659426349807947787e+00
2.118600000000000136e+02 2.623345508815242866e+00
2.112069999999999936e+02 2.679294329439827038e+00
2.105529999999999973e+02 2.664426501695375649e+00
2.098979999999999961e+02 2.651959586721178930e+00
2.092439999999999998e+02 2.622895019791770643e+00
2.085910000000000082e+02 2.624603115637140327e+00
2.079360000000000070e+02 2.621573353034134524e+00
2.072820000000000107e+02 2.613812601464218677e+00
2.066270000000000095e+02 2.563669940962444382e+00
2.059739999999999895e+02 2.610103664623465214e+00
2.053189999999999884e+02 2.607028524928407531e+00
2.046639999999999873e+02 2.585193996545401163e+00
2.040089999999999861e+02 2.593918467364102032e+00
2.033540000000000134e+02 2.595574683814845685e+00
2.027009999999999934e+02 2.529106522142640312e+00
2.020459999999999923e+02 2.509599373491648855e+00
2.013909999999999911e+02 2.461921935027844732e+00
2.007350000000000136e+02 2.517669888266294009e+00
2.000800000000000125e+02 2.500565223663878012e+00
1.994259999999999877e+02 2.455261507604564741e+00
1.987709999999999866e+02 2.456948565780243232e+00
1.981160000000000139e+02 2.442255587026542774e+00
1.974600000000000080e+02 2.479125804887673645e+00
1.968050000000000068e+02 2.433873004056458456e+00
1.961510000000000105e+02 2.426291191187245566e+00
1.954950000000000045e+02 2.484258533005570424e+00
1.948389999999999986e+02 2.439038095409788554e+00
1.941839999999999975e+02 2.414954102019115645e+00
1.935279999999999916e+02 2.440079098537681013e+00
1.928739999999999952e+02 2.472175458938624004e+00
1.922179999999999893e+02 2.466867924719752025e+00
1.915620000000000118e+02 2.531760566226862519e+00
1.909060000000000059e+02 2.620078996754408696e+00
1.902500000000000000e+02 2.659217696899449646e+00
1.895939999999999941e+02 2.623392485627055848e+00
1.889389999999999930e+02 2.690448162646758234e+00
1.882829999999999870e+02 2.741203359141794138e+00
1.876270000000000095e+02 2.796576776084901184e+00
1.869699999999999989e+02 2.786546281106290213e+00
1.863139999999999930e+02 2.785807886548532064e+00
1.856570000000000107e+02 2.742989445919901126e+00
1.850010000000000048e+02 2.714267456411057822e+00
1.843460000000000036e+02 2.755554887165565514e+00
1.836889999999999930e+02 2.813202403153279185e+00
1.830329999999999870e+02 2.868400799170881754e+00
1.823760000000000048e+02 2.900339701016558358e+00
1.817189999999999941e+02 2.885614857770666841e+00
1.810620000000000118e+02 3.029432656167202254e+00
1.804050000000000011e+02 3.138182186276945007e+00
1.797500000000000000e+02 3.186123049518799100e+00
1.790929999999999893e+02 3.278518677897317435e+00
1.784360000000000070e+02 3.289316884988671585e+00
1.777789999999999964e+02 3.332699154675038855e+00
1.771220000000000141e+02 3.355040677053247045e+00
1.764650000000000034e+02 3.379782613594536578e+00
1.758069999999999879e+02 3.413756119696314872e+00
1.751500000000000057e+02 3.391945938688341045e+00
1.744939999999999998e+02 3.430470481340936573e+00
1.738369999999999891e+02 3.510950878475263881e+00
1.731790000000000020e+02 3.563475246688788012e+00
1.725219999999999914e+02 3.629924311748347066e+00
1.718640000000000043e+02 3.712591920099872933e+00
1.712059999999999889e+02 3.778912897939857629e+00
1.705490000000000066e+02 3.833665776937853042e+00
1.698909999999999911e+02 3.867431757058041875e+00
1.692330000000000041e+02 3.864090778249027025e+00
1.685749999999999886e+02 3.856091170009394720e+00
1.679190000000000111e+02 3.910714086837733472e+00
1.672609999999999957e+02 3.902705130118227395e+00
1.666030000000000086e+02 3.989724573727123857e+00
1.659449999999999932e+02 3.940004036741907800e+00
1.652870000000000061e+02 3.871795210203884618e+00
1.646279999999999859e+02 3.889264332986319239e+00
1.639699999999999989e+02 3.946084512013633194e+00
1.633120000000000118e+02 4.028372875221882587e+00
1.626539999999999964e+02 4.048135060723724976e+00
1.619950000000000045e+02 4.010017169806395110e+00
1.613369999999999891e+02 4.006641802153683152e+00
1.606779999999999973e+02 3.961612049648382872e+00
1.600190000000000055e+02 3.979020155509605416e+00
1.593609999999999900e+02 4.019581857116354406e+00
1.587040000000000077e+02 4.037017013547634647e+00
1.580449999999999875e+02 4.075143697105126250e+00
1.573859999999999957e+02 4.069406783638781278e+00
1.567270000000000039e+02 4.109846605266938901e+00
1.560680000000000121e+02 4.104152069897338606e+00
1.554089999999999918e+02 4.123827184569901050e+00
1.547500000000000000e+02 4.155000384206351427e+00
1.540910000000000082e+02 4.149296442258651574e+00
1.534319999999999879e+02 4.166601160181873986e+00
1.527729999999999961e+02 4.181605874519606303e+00
1.521140000000000043e+02 4.166640282985803800e+00
1.514540000000000077e+02 4.177056321083058243e+00
1.507949999999999875e+02 4.187418074136791901e+00
1.501359999999999957e+02 4.340497858651239937e+00
1.494759999999999991e+02 4.401517346503008632e+00
1.488170000000000073e+02 4.434820504648266493e+00
1.481570000000000107e+02 4.541742725289880767e+00
1.474970000000000141e+02 4.552036463226189156e+00
1.468379999999999939e+02 4.617451084732424604e+00
1.461779999999999973e+02 4.659889867576515243e+00
1.455180000000000007e+02 4.755117071501473447e+00
1.448580000000000041e+02 4.797494092272157395e+00
1.441980000000000075e+02 4.720390060175312819e+00
1.435380000000000109e+02 4.787995968284072923e+00
1.428779999999999859e+02 4.834888925804826876e+00
1.422179999999999893e+02 4.923095501873426372e+00
1.415579999999999927e+02 4.965365809347066950e+00
1.408979999999999961e+02 4.996118846533533997e+00
1.402379999999999995e+02 5.022248340251105780e+00
1.395769999999999982e+02 5.039200661220288424e+00
1.389170000000000016e+02 5.124951120139479066e+00
1.382560000000000002e+02 5.283893154203695097e+00
1.375960000000000036e+02 5.385508829389151764e+00
1.369350000000000023e+02 5.473365611319395363e+00
1.362750000000000057e+02 5.519937294407862183e+00
1.356140000000000043e+02 5.621450358401983927e+00
1.349540000000000077e+02 5.715990765629420878e+00
1.342930000000000064e+02 5.874556464301341485e+00
1.336320000000000050e+02 6.030713240262079999e+00
1.329710000000000036e+02 6.136515600616904820e+00
1.323100000000000023e+02 6.212540963572444674e+00
1.316490000000000009e+02 6.377604956666866443e+00
1.309879999999999995e+02 6.448932490360133940e+00
1.303269999999999982e+02 6.504287939665961638e+00
1.296659999999999968e+02 6.666865606553923129e+00
1.290049999999999955e+02 6.751806870160940832e+00
1.283420000000000130e+02 6.791057139479396376e+00
1.276809999999999974e+02 6.846254429745676440e+00
1.270190000000000055e+02 6.962940740511649906e+00
1.263580000000000041e+02 6.926857977600473504e+00
1.256959999999999980e+02 6.867947934509470720e+00
1.250349999999999966e+02 6.923010325965740286e+00
1.243730000000000047e+02 6.950779631922533675e+00
1.237120000000000033e+02 6.953399229494044320e+00
1.230499999999999972e+02 7.001600439400511355e+00
1.223880000000000052e+02 7.020128581097759835e+00
1.217259999999999991e+02 6.931744491277202158e+00
1.210639999999999930e+02 6.813827840831379490e+00
1.204030000000000058e+02 6.837009541675524993e+00
1.197409999999999997e+02 6.823784588323865918e+00
1.190780000000000030e+02 6.685565064622204901e+00
1.184150000000000063e+02 6.667623238242999406e+00
1.177530000000000001e+02 6.604500703433608066e+00
1.170909999999999940e+02 6.507318507165215316e+00
1.164279999999999973e+02 6.412442096500419630e+00
1.157660000000000053e+02 6.388024213855238109e+00
1.151039999999999992e+02 6.343130664930948903e+00
1.144410000000000025e+02 6.250678128401185418e+00
1.137789999999999964e+02 6.164989565415477379e+00
1.131159999999999997e+02 6.167890019311615291e+00
1.124539999999999935e+02 6.134461720336152446e+00
1.117890000000000015e+02 6.094141766262661797e+00
1.111269999999999953e+02 6.108362762133587864e+00
1.104639999999999986e+02 6.056823939755594743e+00
1.098010000000000019e+02 6.016658997556695532e+00
1.091380000000000052e+02 5.958424970908587248e+00
1.084749999999999943e+02 5.947733036732670620e+00
1.078119999999999976e+02 5.805890123303116823e+00
1.071490000000000009e+02 5.734276814745936868e+00
1.064849999999999994e+02 5.517502232899921921e+00
1.058209999999999980e+02 5.337466005860010299e+00
1.051580000000000013e+02 5.103301248942461399e+00
1.044950000000000045e+02 5.045475674760277585e+00
1.038319999999999936e+02 4.870256793113570737e+00
1.031680000000000064e+02 4.717615849864913002e+00
1.025049999999999955e+02 4.576323897251006301e+00
1.018400000000000034e+02 4.532057688420300323e+00
1.011760000000000019e+02 4.438307206012385819e+00
1.005130000000000052e+02 4.495729756861901016e+00
9.984900000000000375e+01 4.517028649212523561e+00
9.918529999999999802e+01 4.518060616147558939e+00
9.852150000000000318e+01 4.503173995578701572e+00
9.785769999999999413e+01 4.643772230618569807e+00
9.719230000000000302e+01 4.811677707682006755e+00
9.652830000000000155e+01 4.972439484367102480e+00
9.586430000000000007e+01 5.105979847064609167e+00
9.520029999999999859e+01 5.277748443602715334e+00
9.453610000000000468e+01 5.514634338487469201e+00
9.387199999999999989e+01 5.751387483591674510e+00
9.320619999999999550e+01 5.918891490271668054e+00
9.254200000000000159e+01 6.108202892261632933e+00
9.187760000000000105e+01 6.158144095504582971e+00
9.121320000000000050e+01 6.250760257934480535e+00
9.054879999999999995e+01 6.291656827817432962e+00
8.988280000000000314e+01 6.456151553419581468e+00
8.921819999999999595e+01 6.512674888500850301e+00
8.855360000000000298e+01 6.513082595695157018e+00
8.788890000000000668e+01 6.508982082580573092e+00
8.722419999999999618e+01 6.666352169021896756e+00
8.655939999999999657e+01 6.798884027623669724e+00
8.589300000000000068e+01 6.974379932823756789e+00
8.522809999999999775e+01 7.059747588260949946e+00
8.456319999999999482e+01 7.196603054869269656e+00
8.389820000000000277e+01 7.230384114255751449e+00
8.323160000000000025e+01 7.342683571854752067e+00
8.256650000000000489e+01 7.409957401219764428e+00
8.190130000000000621e+01 7.539933419740235898e+00
8.123609999999999332e+01 7.611605545253793181e+00
8.057080000000000553e+01 7.564731849740059744e+00
7.990389999999999304e+01 7.638715406603608038e+00
7.923850000000000193e+01 7.754956569852890169e+00
7.857299999999999329e+01 7.895748043383101766e+00
7.790749999999999886e+01 8.002921506695470200e+00
7.724039999999999395e+01 8.072351011461798009e+00
7.657479999999999620e+01 8.183896762964279148e+00
7.590909999999999513e+01 8.157001863251370111e+00
7.524339999999999407e+01 8.270723499815305857e+00
7.457760000000000389e+01 8.335372678380444711e+00
7.391020000000000323e+01 8.257142763663905427e+00
7.324429999999999552e+01 8.261507759139163909e+00
7.257829999999999870e+01 8.161149508844925293e+00
7.191230000000000189e+01 8.118750786211302639e+00
7.124469999999999459e+01 8.152013121089090930e+00
7.057850000000000534e+01 8.129697864393619966e+00
6.991230000000000189e+01 8.232049240903325682e+00
6.924609999999999843e+01 8.165056268831618169e+00
6.857829999999999870e+01 8.196243322594559899e+00
6.791190000000000282e+01 8.209493081798783010e+00
6.724550000000000693e+01 8.180460695168067176e+00
6.657750000000000057e+01 8.195908385839667076e+00
6.591100000000000136e+01 8.133621969080300218e+00
6.524439999999999884e+01 8.151332322327629498e+00
6.457769999999999300e+01 8.122391078384270102e+00
6.390950000000000131e+01 8.064486016370787880e+00
6.324269999999999925e+01 8.075530445877941332e+00
6.257589999999999719e+01 8.128660952247917848e+00
6.190899999999999892e+01 8.166278606953458308e+00
6.124060000000000059e+01 8.175167067278554356e+00
6.057359999999999900e+01 8.201633996796013903e+00
5.990659999999999741e+01 8.234836822200023221e+00
5.923799999999999955e+01 8.137077051950255324e+00
5.857079999999999842e+01 8.024060994910291456e+00
5.790359999999999729e+01 8.055032569315724089e+00
5.723629999999999995e+01 8.019543935959788428e+00
5.656750000000000256e+01 7.926398167783615278e+00
5.590010000000000190e+01 7.950721494743893558e+00
5.523270000000000124e+01 7.915240925592193832e+00
5.456360000000000099e+01 7.924112631785928507e+00
5.389609999999999701e+01 7.965989400677926824e+00
5.322849999999999682e+01 8.069774904686331851e+00
5.255930000000000035e+01 8.217843181068552383e+00
5.189159999999999684e+01 8.144818093917715274e+00
5.122379999999999711e+01 8.199889370898425511e+00
5.055440000000000111e+01 8.230691998223239381e+00
4.988660000000000139e+01 8.208457028875210781e+00
4.921860000000000213e+01 8.177509123893518250e+00
4.854910000000000281e+01 8.159630235964643319e+00
4.788100000000000023e+01 8.221281014123327679e+00
4.721289999999999765e+01 8.225502054211357716e+00
4.654319999999999879e+01 8.176908112714407650e+00
4.587500000000000000e+01 8.209792791139268076e+00
4.520669999999999789e+01 8.108315326759692354e+00
4.453679999999999950e+01 8.101562632888610338e+00
4.386840000000000117e+01 8.110275033087377849e+00
4.320000000000000284e+01 8.207038786329547975e+00
4.252989999999999782e+01 8.164988948237960287e+00
4.186129999999999995e+01 8.101107991728124347e+00
4.119270000000000209e+01 7.973413813150674656e+00
4.052250000000000085e+01 7.949082903965218883e+00
3.985379999999999967e+01 7.968830401770386374e+00
3.918500000000000227e+01 8.028103640502477489e+00
3.851460000000000150e+01 8.025743585642796774e+00
3.784570000000000078e+01 8.005836665211377934e+00
3.717519999999999669e+01 7.939885274757286560e+00
3.650619999999999976e+01 7.895879493343408662e+00
3.583709999999999951e+01 7.922140005203972990e+00
3.516640000000000299e+01 7.939612708578537514e+00
3.449719999999999942e+01 7.884745453244210722e+00
3.382800000000000296e+01 7.884652277648678265e+00
3.315709999999999980e+01 7.812165429149709794e+00
3.248780000000000001e+01 7.661016654262084558e+00
3.181680000000000064e+01 7.617069831373640021e+00
3.114730000000000132e+01 7.621494229392090425e+00
3.047779999999999845e+01 7.671831358717398075e+00
2.980669999999999931e+01 7.505428024991612546e+00
2.913700000000000045e+01 7.494564076268091846e+00
2.846730000000000160e+01 7.509927203343058189e+00
2.779599999999999937e+01 7.385228658837071691e+00
2.712620000000000076e+01 7.337195934782966944e+00
2.645479999999999876e+01 7.315336793319583641e+00
2.578490000000000038e+01 7.249982675307991897e+00
2.511329999999999885e+01 7.105777498186060193e+00
2.444330000000000069e+01 6.944397334153980417e+00
2.377319999999999922e+01 6.927250301684877876e+00
2.310150000000000148e+01 6.735180154342089942e+00
2.243130000000000024e+01 6.619942272197678612e+00
2.175949999999999918e+01 6.504388734826855867e+00
2.108909999999999840e+01 6.358716353729981563e+00
2.041870000000000118e+01 6.267649311400689704e+00
1.974680000000000035e+01 6.056462730673633388e+00
1.907629999999999981e+01 5.937206682072583952e+00
1.840419999999999945e+01 5.839465911669884157e+00
1.773349999999999937e+01 5.685444994035648847e+00
1.706129999999999924e+01 5.655391853583542350e+00
1.639059999999999917e+01 5.497188142483646622e+00
1.571979999999999933e+01 5.406454656096480349e+00
1.504739999999999966e+01 5.376505847259978488e+00
1.437650000000000006e+01 5.301026282467324435e+00
1.370410000000000039e+01 5.308164247794746160e+00
1.303299999999999947e+01 5.211063689916905162e+00
1.236040000000000028e+01 5.159526495459925144e+00
1.168929999999999936e+01 5.097280678029386003e+00
1.101660000000000039e+01 5.143526015171548060e+00
1.034529999999999994e+01 5.382834875378400774e+00
9.672489999999999810e+00 5.576776011633650221e+00
9.001129999999999853e+00 5.791782649089392443e+00
8.329710000000000392e+00 5.969708739787548346e+00
7.656710000000000349e+00 6.332568886645649542e+00
6.985170000000000101e+00 7.224957025999481530e+00
6.312050000000000161e+00 8.151819660140192880e+00
5.640399999999999636e+00 9.115147827095933408e+00
4.967170000000000307e+00 9.939190614583468530e+00
4.295410000000000394e+00 1.064577645054999877e+01
3.622059999999999835e+00 1.135161190821546739e+01
2.950180000000000025e+00 1.201199438472082726e+01
2.276720000000000077e+00 1.275340018623492000e+01
1.604729999999999990e+00 1.330333004837984667e+01
9.311519999999999797e-01 1.338625615970921423e+01
2.590439999999999965e-01 1.338625058937479650e+01
