4.498670000000000186e+02 8.811265758930090897e+01
4.492339999999999804e+02 6.972620588927054541e+01
4.486009999999999991e+02 6.132362997327285115e+01
4.479680000000000177e+02 8.587821034767992501e+01
4.473360000000000127e+02 8.322512575830405979e+01
4.467029999999999745e+02 7.893346313999018093e+01
4.460690000000000168e+02 9.347545597918147564e+01
4.454359999999999786e+02 8.429476739238431549e+01
4.448029999999999973e+02 8.166779843588162180e+01
4.441689999999999827e+02 8.879360496816654802e+01
4.435360000000000014e+02 9.750596712459963555e+01
4.429019999999999868e+02 1.142663966963547040e+02
4.422699999999999818e+02 9.867819828433276541e+01
4.416360000000000241e+02 1.113315316454116726e+02
4.410029999999999859e+02 1.102777131521311418e+02
4.403690000000000282e+02 1.004175206176160629e+02
4.397350000000000136e+02 1.001921924648730027e+02
4.391009999999999991e+02 9.757606546364324629e+01
4.384669999999999845e+02 7.905016612952765342e+01
4.378330000000000268e+02 8.442527216865124728e+01
4.371990000000000123e+02 7.789954910584660297e+01
4.365649999999999977e+02 8.325336804371585231e+01
4.359329999999999927e+02 6.493049463298262935e+01
4.352980000000000018e+02 5.376736597541352580e+01
4.346639999999999873e+02 5.286143500238758008e+01
4.340299999999999727e+02 5.508862259066051337e+01
4.333960000000000150e+02 5.496269127870546356e+01
4.327610000000000241e+02 7.510664724278959170e+01
4.321270000000000095e+02 6.793244785501288163e+01
4.314920000000000186e+02 5.613579534777480262e+01
4.308580000000000041e+02 5.058709645368692520e+01
4.302230000000000132e+02 5.587961799324594381e+01
4.295889999999999986e+02 6.422868331751499227e+01
4.289540000000000077e+02 5.331063945560978823e+01
4.283190000000000168e+02 6.009507291982059485e+01
4.276859999999999786e+02 5.996644538529390189e+01
4.270509999999999877e+02 5.142140438492902632e+01
4.264159999999999968e+02 4.292043984913153309e+01
4.257810000000000059e+02 5.117988562997898327e+01
4.251460000000000150e+02 5.712735626282271539e+01
4.245110000000000241e+02 6.834083772579724325e+01
4.238759999999999764e+02 6.893484795911683705e+01
4.232409999999999854e+02 7.555450146322436922e+01
4.226050000000000182e+02 6.636289065884503202e+01
4.219700000000000273e+02 6.770844743451166892e+01
4.213349999999999795e+02 6.979329581251143111e+01
4.206990000000000123e+02 8.007181413488481780e+01
4.200640000000000214e+02 8.062832517001790222e+01
4.194289999999999736e+02 8.934576695133382884e+01
4.187930000000000064e+02 7.209997546608273922e+01
4.181569999999999823e+02 6.823509844741229813e+01
4.175219999999999914e+02 7.249952578805618941e+01
4.168860000000000241e+02 8.850648447990738532e+01
4.162500000000000000e+02 9.636876138621282450e+01
4.156150000000000091e+02 9.760666082039087144e+01
4.149789999999999850e+02 1.002949903281224522e+02
4.143430000000000177e+02 1.029697441657650927e+02
4.137069999999999936e+02 9.254932924205223799e+01
4.130710000000000264e+02 1.075566424251434086e+02
4.124350000000000023e+02 1.145344319095005119e+02
4.117989999999999782e+02 1.200362730437973369e+02
4.111630000000000109e+02 1.154285897349733432e+02
4.105260000000000105e+02 1.108445920409320564e+02
4.098899999999999864e+02 1.141619303829477872e+02
4.092540000000000191e+02 9.816634901163577354e+01
4.086170000000000186e+02 9.935518917147555840e+01
4.079809999999999945e+02 1.055188709272669030e+02
4.073439999999999941e+02 1.010070017976860868e+02
4.067080000000000268e+02 9.651633512444689700e+01
4.060710000000000264e+02 1.075800225470698308e+02
4.054350000000000023e+02 9.182254563408173453e+01
4.047980000000000018e+02 9.371043080772794553e+01
4.041610000000000014e+02 9.067903634892222442e+01
4.035240000000000009e+02 9.745486978004943524e+01
4.028879999999999768e+02 8.256803084012994987e+01
4.022509999999999764e+02 8.932462469986134579e+01
4.016139999999999759e+02 7.383496999019128282e+01
4.009769999999999754e+02 7.504038572943990459e+01
4.003399999999999750e+02 5.896399132712225821e+01
3.997029999999999745e+02 7.122675910043612646e+01
3.990649999999999977e+02 6.692540582082189360e+01
3.984279999999999973e+02 5.373703120242027609e+01
3.977909999999999968e+02 5.018723514556457843e+01
3.971519999999999868e+02 4.868243636446567990e+01
3.965149999999999864e+02 3.836038046943789936e+01
3.958770000000000095e+02 4.369633229488859882e+01
3.952400000000000091e+02 2.868665237890273545e+01
3.946019999999999754e+02 3.942904451244099562e+01
3.939649999999999750e+02 2.786956748304861975e+01
3.933269999999999982e+02 2.645560401601882816e+01
3.926890000000000214e+02 4.181749325991142285e+01
3.920520000000000209e+02 3.903868911353008286e+01
3.914139999999999873e+02 5.095374907236926276e+01
3.907760000000000105e+02 5.148707075231219221e+01
3.901379999999999768e+02 6.862025618076397393e+01
3.895000000000000000e+02 8.369281043658114072e+01
3.888609999999999900e+02 7.556740196671648846e+01
3.882230000000000132e+02 7.735040222949209010e+01
3.875849999999999795e+02 8.504607169452921767e+01
3.869460000000000264e+02 9.204615849933547622e+01
3.863079999999999927e+02 1.003205785965097334e+02
3.856700000000000159e+02 1.052880368106312545e+02
3.850319999999999823e+02 1.108805247329488708e+02
3.843929999999999723e+02 1.002100087671513649e+02
3.837549999999999955e+02 1.064300212064576385e+02
3.831159999999999854e+02 1.029388953506817757e+02
3.824759999999999991e+02 1.013805933933760457e+02
3.818380000000000223e+02 9.726996264829237759e+01
3.811990000000000123e+02 8.099825651791960013e+01
3.805600000000000023e+02 8.974846160097766301e+01
3.799220000000000255e+02 8.569296708021983022e+01
3.792830000000000155e+02 7.592907587933109426e+01
3.786440000000000055e+02 8.207907217832335789e+01
3.780049999999999955e+02 7.553085557417742280e+01
3.773650000000000091e+02 7.787930097451403810e+01
3.767259999999999991e+02 1.009806126758013534e+02
3.760860000000000127e+02 9.883395876394209267e+01
3.754470000000000027e+02 1.192524376778333561e+02
3.748079999999999927e+02 1.176891130335448565e+02
3.741689999999999827e+02 1.236140359468998469e+02
3.735299999999999727e+02 1.301383592405635170e+02
3.728890000000000100e+02 1.316737367264896932e+02
3.722500000000000000e+02 1.214304183828543415e+02
3.716100000000000136e+02 1.371566567276432806e+02
3.709710000000000036e+02 1.257268632908555475e+02
3.703310000000000173e+02 1.205049374926325925e+02
3.696909999999999741e+02 1.165106738181114281e+02
3.690500000000000114e+02 1.192538821059021501e+02
3.684110000000000014e+02 1.128552125629162788e+02
3.677710000000000150e+02 1.101296722304134192e+02
3.671309999999999718e+02 1.049942446419936459e+02
3.664909999999999854e+02 1.204312634856775475e+02
3.658509999999999991e+02 1.110701972220661276e+02
3.652099999999999795e+02 1.107844759149667198e+02
3.645699999999999932e+02 1.242743161615116492e+02
3.639300000000000068e+02 1.215569748025958177e+02
3.632900000000000205e+02 1.200387357885065995e+02
3.626490000000000009e+02 1.226907714003524887e+02
3.620079999999999814e+02 1.194092875705569980e+02
3.613670000000000186e+02 1.173167480278339383e+02
3.607269999999999754e+02 1.087513455751432332e+02
3.600869999999999891e+02 1.119942425077744304e+02
3.594460000000000264e+02 1.011432894298422553e+02
3.588039999999999736e+02 9.324332530155832899e+01
3.581639999999999873e+02 9.008382838457811204e+01
3.575230000000000246e+02 8.285983682743365364e+01
3.568829999999999814e+02 9.307755315683922959e+01
3.562420000000000186e+02 8.993540065322856947e+01
3.556000000000000227e+02 9.143473327462697853e+01
3.549590000000000032e+02 9.579378863373530351e+01
3.543179999999999836e+02 8.634606704277072708e+01
3.536770000000000209e+02 8.898359595032496827e+01
3.530350000000000250e+02 1.018760594519174134e+02
3.523940000000000055e+02 1.050190423030033884e+02
3.517520000000000095e+02 1.047343439904084335e+02
3.511109999999999900e+02 8.461560481961628000e+01
3.504689999999999941e+02 9.173554686469155683e+01
3.498269999999999982e+02 9.430241579448761513e+01
3.491859999999999786e+02 9.235966615344169384e+01
3.485450000000000159e+02 9.043250297205861443e+01
3.479019999999999868e+02 8.849716481954004621e+01
3.472599999999999909e+02 8.268662279263617165e+01
3.466190000000000282e+02 8.134730066298098450e+01
3.459769999999999754e+02 7.890528201417355092e+01
3.453340000000000032e+02 8.587750853739733259e+01
3.446929999999999836e+02 9.005094077639977002e+01
3.440509999999999877e+02 8.650144111737633068e+01
3.434089999999999918e+02 8.516486748758678971e+01
3.427660000000000196e+02 7.946365268064116094e+01
3.421240000000000236e+02 9.069653432933347403e+01
3.414820000000000277e+02 9.316266353150341217e+01
3.408399999999999750e+02 9.235590846558325495e+01
3.401970000000000027e+02 9.697231221071552909e+01
3.395539999999999736e+02 9.777800106762225596e+01
3.389119999999999777e+02 9.481211480335912256e+01
3.382690000000000055e+02 9.723845092357514375e+01
3.376259999999999764e+02 1.103281747293809048e+02
3.369839999999999804e+02 1.185506595703287047e+02
3.363419999999999845e+02 1.134361366659793759e+02
3.356979999999999791e+02 1.062202172404690117e+02
3.350550000000000068e+02 1.043359415248350359e+02
3.344130000000000109e+02 9.930258675265018553e+01
3.337690000000000055e+02 1.005908845639210512e+02
3.331259999999999764e+02 1.029298313533276001e+02
3.324830000000000041e+02 1.167462955214578813e+02
3.318389999999999986e+02 1.101736579685126429e+02
3.311960000000000264e+02 1.186871575016653395e+02
3.305539999999999736e+02 1.147193338088365522e+02
3.299110000000000014e+02 1.216260361618467698e+02
3.292660000000000196e+02 1.259205628347124559e+02
3.286229999999999905e+02 1.327551523900497727e+02
3.279800000000000182e+02 1.303308843444459626e+02
3.273360000000000127e+02 1.263699747861923868e+02
3.266929999999999836e+02 1.142943588104831889e+02
3.260489999999999782e+02 1.119341572367902415e+02
3.254049999999999727e+02 1.090773859447023284e+02
3.247610000000000241e+02 1.148244367154368319e+02
3.241179999999999950e+02 1.104647430912202850e+02
3.234730000000000132e+02 1.131549904116221086e+02
3.228290000000000077e+02 1.133229751307806055e+02
3.221840000000000259e+02 1.224875471910386864e+02
3.215409999999999968e+02 1.231206859124140323e+02
3.208969999999999914e+02 1.331765511196780949e+02
3.202520000000000095e+02 1.387376425327404093e+02
3.196080000000000041e+02 1.378331268983232860e+02
3.189639999999999986e+02 1.418564304570653576e+02
3.183190000000000168e+02 1.478180268228830982e+02
3.176750000000000114e+02 1.385816694284740436e+02
3.170310000000000059e+02 1.240469135572842703e+02
3.163860000000000241e+02 1.236618678225886327e+02
3.157420000000000186e+02 1.203974426408429252e+02
3.150980000000000132e+02 1.127919556847886753e+02
3.144519999999999982e+02 1.105229630221858770e+02
3.138079999999999927e+02 1.068337237468235799e+02
3.131619999999999777e+02 1.045991225039823860e+02
3.125179999999999723e+02 1.014189562870459866e+02
3.118729999999999905e+02 1.025398521266547931e+02
3.112269999999999754e+02 1.193308733872789986e+02
3.105830000000000268e+02 1.118724556814811564e+02
3.099370000000000118e+02 1.087027128194617944e+02
3.092919999999999732e+02 1.097919695922866481e+02
3.086469999999999914e+02 1.066469711605045774e+02
3.080009999999999764e+02 1.161471405626293745e+02
3.073570000000000277e+02 1.213868081697208652e+02
3.067099999999999795e+02 1.228894091428805382e+02
3.060649999999999977e+02 1.206574722932576975e+02
3.054200000000000159e+02 1.198235731088469009e+02
3.047740000000000009e+02 1.190054108763074794e+02
3.041290000000000191e+02 1.181901001368182449e+02
3.034820000000000277e+02 1.306422134507299972e+02
3.028369999999999891e+02 1.384579933389423161e+02
3.021920000000000073e+02 1.443930182085323395e+02
3.015450000000000159e+02 1.398792196500927503e+02
3.008999999999999773e+02 1.304006576145665122e+02
3.002529999999999859e+02 1.430805338932144082e+02
2.996080000000000041e+02 1.372452934769598301e+02
2.989610000000000127e+02 1.305396779446242590e+02
2.983149999999999977e+02 1.417616296330942305e+02
2.976700000000000159e+02 1.355366684177275260e+02
2.970230000000000246e+02 1.359967975111173928e+02
2.963770000000000095e+02 1.271574952852525229e+02
2.957300000000000182e+02 1.241243827083813187e+02
2.950840000000000032e+02 1.276949239674835184e+02
2.944370000000000118e+02 1.180880336470672916e+02
2.937909999999999968e+02 1.216533256317609215e+02
2.931429999999999723e+02 1.421811640792094238e+02
2.924970000000000141e+02 1.413015083742063212e+02
2.918500000000000227e+02 1.343629295791263871e+02
2.912040000000000077e+02 1.317789438963966404e+02
2.905570000000000164e+02 1.378032514445783931e+02
2.899100000000000250e+02 1.455297924668986411e+02
2.892629999999999768e+02 1.570289150538306160e+02
2.886159999999999854e+02 1.637842485239088148e+02
2.879689999999999941e+02 1.683600140450095637e+02
2.873210000000000264e+02 1.686714064795634727e+02
2.866750000000000114e+02 1.664417353169355636e+02
2.860269999999999868e+02 1.751670449740067852e+02
2.853799999999999955e+02 1.779602603124336611e+02
2.847320000000000277e+02 1.757160960276152650e+02
2.840849999999999795e+02 1.838977253314932341e+02
2.834370000000000118e+02 1.874637080819956623e+02
2.827900000000000205e+02 1.955446560776875629e+02
2.821419999999999959e+02 2.023473176346625166e+02
2.814950000000000045e+02 2.053820254333373327e+02
2.808469999999999800e+02 2.129268181461472125e+02
2.801990000000000123e+02 2.056951041906288253e+02
2.795509999999999877e+02 2.009485086661698006e+02
2.789039999999999964e+02 2.031460573240032375e+02
2.782549999999999955e+02 2.028756063188888845e+02
2.776080000000000041e+02 2.030203005543549466e+02
2.769590000000000032e+02 1.999396750113834003e+02
2.763120000000000118e+02 2.036858891928143009e+02
2.756630000000000109e+02 1.998263463536905817e+02
2.750149999999999864e+02 2.031364294850899626e+02
2.743659999999999854e+02 2.199306938376159053e+02
2.737189999999999941e+02 2.326383353973602652e+02
2.730699999999999932e+02 2.358149668529871406e+02
2.724220000000000255e+02 2.322735230592609810e+02
2.717730000000000246e+02 2.268055519534949553e+02
2.711240000000000236e+02 2.225331499698103528e+02
2.704759999999999991e+02 2.155734753038648535e+02
2.698260000000000218e+02 2.191102656658721344e+02
2.691779999999999973e+02 2.261009328478539260e+02
2.685289999999999964e+02 2.149456459062569991e+02
2.678809999999999718e+02 2.119095705914931784e+02
2.672309999999999945e+02 2.081446854070578070e+02
2.665830000000000268e+02 2.123879906368060801e+02
2.659329999999999927e+02 2.268588650350101830e+02
2.652839999999999918e+02 2.329061277835774320e+02
2.646349999999999909e+02 2.426722927330602033e+02
2.639850000000000136e+02 2.362080591164946384e+02
2.633369999999999891e+02 2.331442742782621167e+02
2.626870000000000118e+02 2.390702223728197566e+02
2.620380000000000109e+02 2.334199764221489772e+02
2.613879999999999768e+02 2.426194544804010604e+02
2.607400000000000091e+02 2.373634252800376601e+02
2.600899999999999750e+02 2.265928782072040519e+02
2.594390000000000214e+02 2.320449268708888440e+02
2.587900000000000205e+02 2.272127102081872465e+02
2.581399999999999864e+02 2.275169530362590535e+02
2.574909999999999854e+02 2.252745851927198828e+02
2.568410000000000082e+02 2.357051138681971736e+02
2.561899999999999977e+02 2.435411818188637767e+02
2.555409999999999968e+02 2.387306441848349152e+02
2.548899999999999864e+02 2.436226316922296178e+02
2.542410000000000139e+02 2.431292602870150574e+02
2.535910000000000082e+02 2.347994496625129273e+02
2.529399999999999977e+02 2.346730781883676684e+02
2.522899999999999920e+02 2.377395902651728079e+02
2.516399999999999864e+02 2.449819974159443632e+02
2.509900000000000091e+02 2.339424553132203357e+02
2.503389999999999986e+02 2.345042033076901475e+02
2.496879999999999882e+02 2.395906557800086034e+02
2.490380000000000109e+02 2.404572679218042026e+02
2.483870000000000005e+02 2.475516936163953972e+02
2.477359999999999900e+02 2.538911391185194475e+02
2.470860000000000127e+02 2.505770351741639104e+02
2.464350000000000023e+02 2.578762985004775032e+02
2.457849999999999966e+02 2.467258151003486262e+02
2.451330000000000098e+02 2.522812764382326804e+02
2.444819999999999993e+02 2.473041209220533858e+02
2.438319999999999936e+02 2.430433952518849878e+02
2.431800000000000068e+02 2.397992459737940010e+02
2.425289999999999964e+02 2.389229960978609597e+02
2.418779999999999859e+02 2.480388475172279641e+02
2.412270000000000039e+02 2.541065731329808557e+02
2.405749999999999886e+02 2.478833740362194078e+02
2.399240000000000066e+02 2.581677778444079081e+02
2.392719999999999914e+02 2.572200655300256358e+02
2.386200000000000045e+02 2.618278112051133917e+02
2.379699999999999989e+02 2.602036022525078920e+02
2.373180000000000121e+02 2.670274266240876955e+02
2.366670000000000016e+02 2.660399103245976562e+02
2.360149999999999864e+02 2.653587005594183097e+02
2.353629999999999995e+02 2.701488078164524609e+02
2.347100000000000080e+02 2.796905936682533138e+02
2.340600000000000023e+02 2.776778145207279636e+02
2.334070000000000107e+02 2.759983073567436236e+02
2.327549999999999955e+02 2.860293170979872457e+02
2.321040000000000134e+02 2.934481030825368748e+02
2.314509999999999934e+02 2.913970028408747908e+02
2.307980000000000018e+02 2.984119755944356598e+02
2.301469999999999914e+02 2.972760879062348636e+02
2.294939999999999998e+02 2.930352409225206998e+02
2.288420000000000130e+02 2.866584047320544073e+02
2.281899999999999977e+02 2.963333488700735074e+02
2.275370000000000061e+02 3.034738616181718953e+02
2.268839999999999861e+02 3.071994154049562553e+02
2.262330000000000041e+02 3.136079681843464186e+02
2.255800000000000125e+02 3.220974520333535338e+02
2.249269999999999925e+02 3.211519859773175654e+02
2.242729999999999961e+02 3.223161535963077426e+02
2.236220000000000141e+02 3.288417757944146160e+02
2.229679999999999893e+02 3.302477893636040562e+02
2.223149999999999977e+02 3.322147163152343410e+02
2.216630000000000109e+02 3.270722022785726040e+02
2.210099999999999909e+02 3.213483669101236728e+02
2.203559999999999945e+02 3.153741512387855437e+02
2.197019999999999982e+02 3.123724515295639321e+02
2.190500000000000114e+02 3.131746105250942378e+02
2.183969999999999914e+02 3.125057082376572453e+02
2.177429999999999950e+02 3.109703381364626011e+02
2.170889999999999986e+02 3.123197635475506786e+02
2.164370000000000118e+02 3.067638740790474117e+02
2.157829999999999870e+02 3.106770281374510319e+02
2.151289999999999907e+02 3.071440588997778605e+02
2.144749999999999943e+02 3.144058575392261332e+02
2.138220000000000027e+02 3.139815637174378935e+02
2.131680000000000064e+02 3.141091766821824081e+02
2.125140000000000100e+02 3.153523044468806802e+02
2.118600000000000136e+02 3.098855931360088221e+02
2.112069999999999936e+02 3.152839159733821930e+02
2.105529999999999973e+02 3.123303609615680898e+02
2.098979999999999961e+02 3.096702490727814734e+02
2.092439999999999998e+02 3.050941572027285247e+02
2.085910000000000082e+02 3.041129991042998313e+02
2.079360000000000070e+02 3.025813457921552754e+02
2.072820000000000107e+02 3.005117895800507881e+02
2.066270000000000095e+02 2.935954360634419231e+02
2.059739999999999895e+02 2.977454181551990473e+02
2.053189999999999884e+02 2.962264435953654242e+02
2.046639999999999873e+02 2.925886144769384032e+02
2.040089999999999861e+02 2.924165962251020687e+02
2.033540000000000134e+02 2.914446143856910680e+02
2.027009999999999934e+02 2.828573756917216997e+02
2.020459999999999923e+02 2.795582839421885524e+02
2.013909999999999911e+02 2.731525759492768657e+02
2.007350000000000136e+02 2.782176446914855887e+02
2.000800000000000125e+02 2.752183084902287646e+02
1.994259999999999877e+02 2.691461677581816048e+02
1.987709999999999866e+02 2.682439534588269225e+02
1.981160000000000139e+02 2.655606065183379201e+02
1.974600000000000080e+02 2.684737054474504703e+02
1.968050000000000068e+02 2.625004875008457361e+02
1.961510000000000105e+02 2.606163016734481062e+02
1.954950000000000045e+02 2.657485804610442983e+02
1.948389999999999986e+02 2.598387796897530393e+02
1.941839999999999975e+02 2.562140679852727772e+02
1.935279999999999916e+02 2.578092264870639383e+02
1.928739999999999952e+02 2.601205096608329086e+02
1.922179999999999893e+02 2.584827390957783564e+02
1.915620000000000118e+02 2.641757033860722572e+02
1.909060000000000059e+02 2.722474463080303053e+02
1.902500000000000000e+02 2.751550938020308195e+02
1.895939999999999941e+02 2.703063973996524965e+02
1.889389999999999930e+02 2.760475053334940867e+02
1.882829999999999870e+02 2.800647883086276124e+02
1.876270000000000095e+02 2.845093823031733677e+02
1.869699999999999989e+02 2.822804335202916945e+02
1.863139999999999930e+02 2.810008215946095333e+02
1.856570000000000107e+02 2.754953809088525531e+02
1.850010000000000048e+02 2.714399338744622128e+02
1.843460000000000036e+02 2.743834265086878190e+02
1.836889999999999930e+02 2.789112336863672112e+02
1.830329999999999870e+02 2.831510998507412182e+02
1.823760000000000048e+02 2.850573021691095619e+02
1.817189999999999941e+02 2.823715896359865383e+02
1.810620000000000118e+02 2.951457731297210216e+02
1.804050000000000011e+02 3.043970123183219698e+02
1.797500000000000000e+02 3.076889949078812947e+02
1.790929999999999893e+02 3.152116555102246025e+02
1.784360000000000070e+02 3.148472092862090221e+02
1.777789999999999964e+02 3.175803112961919510e+02
1.771220000000000141e+02 3.182823493999358107e+02
1.764650000000000034e+02 3.191939689259017428e+02
1.758069999999999879e+02 3.209521810038576177e+02
1.751500000000000057e+02 3.174648477450839437e+02
1.744939999999999998e+02 3.196213338322273216e+02
1.738369999999999891e+02 3.256362126494751692e+02
1.731790000000000020e+02 3.290017982620674388e+02
1.725219999999999914e+02 3.336070461052402152e+02
1.718640000000000043e+02 3.396396761154796877e+02
1.712059999999999889e+02 3.441162351989397621e+02
1.705490000000000066e+02 3.474930444325045755e+02
1.698909999999999911e+02 3.489301458872800481e+02
1.692330000000000041e+02 3.470088425664823717e+02
1.685749999999999886e+02 3.446761020166289313e+02
1.679190000000000111e+02 3.479283454965257079e+02
1.672609999999999957e+02 3.455863021172112326e+02
1.666030000000000086e+02 3.516280757566028115e+02
1.659449999999999932e+02 3.456054637742542468e+02
1.652870000000000061e+02 3.380124290372702376e+02
1.646279999999999859e+02 3.379197943850480783e+02
1.639699999999999989e+02 3.412198896512228998e+02
1.633120000000000118e+02 3.466667276875640482e+02
1.626539999999999964e+02 3.466929342697473544e+02
1.619950000000000045e+02 3.417695860053087813e+02
1.613369999999999891e+02 3.398291438555642117e+02
1.606779999999999973e+02 3.343755181845903053e+02
1.600190000000000055e+02 3.342053677983593616e+02
1.593609999999999900e+02 3.359607494120237448e+02
1.587040000000000077e+02 3.357641814628404973e+02
1.580449999999999875e+02 3.372629404255448549e+02
1.573859999999999957e+02 3.351205838922153930e+02
1.567270000000000039e+02 3.367689100533672786e+02
1.560680000000000121e+02 3.346250691931597316e+02
1.554089999999999918e+02 3.345462325214180623e+02
1.547500000000000000e+02 3.353817220071994143e+02
1.540910000000000082e+02 3.332325889476521183e+02
1.534319999999999879e+02 3.329288484972661308e+02
1.527729999999999961e+02 3.324305319695162666e+02
1.521140000000000043e+02 3.295519950875923882e+02
1.514540000000000077e+02 3.286825206871102978e+02
1.507949999999999875e+02 3.278052572847964257e+02
1.501359999999999957e+02 3.380365048677840036e+02
1.494759999999999991e+02 3.410116482926786148e+02
1.488170000000000073e+02 3.418066004863745775e+02
1.481570000000000107e+02 3.482187942901837232e+02
1.474970000000000141e+02 3.471779388069947458e+02
1.468379999999999939e+02 3.503159241277853084e+02
1.461779999999999973e+02 3.516673502080043363e+02
1.455180000000000007e+02 3.569499164472588291e+02
1.448580000000000041e+02 3.582128782666179632e+02
1.441980000000000075e+02 3.505713047650315843e+02
1.435380000000000109e+02 3.536831735753753492e+02
1.428779999999999859e+02 3.552220789636755285e+02
1.422179999999999893e+02 3.597452011218255166e+02
1.415579999999999927e+02 3.608625854539890270e+02
1.408979999999999961e+02 3.611167449534846128e+02
1.402379999999999995e+02 3.610169628379188680e+02
1.395769999999999982e+02 3.602402331649844882e+02
1.389170000000000016e+02 3.643468594524848641e+02
1.382560000000000002e+02 3.735599386025321564e+02
1.375960000000000036e+02 3.786235814994736870e+02
1.369350000000000023e+02 3.826451224108170663e+02
1.362750000000000057e+02 3.837338872253041586e+02
1.356140000000000043e+02 3.885836233548107543e+02
1.349540000000000077e+02 3.928809740461795741e+02
1.342930000000000064e+02 4.014796259341450764e+02
1.336320000000000050e+02 4.097937841577387417e+02
1.329710000000000036e+02 4.145873601573615019e+02
1.323100000000000023e+02 4.173016805708517154e+02
1.316490000000000009e+02 4.259062461504631187e+02
1.309879999999999995e+02 4.281626093610293537e+02
1.303269999999999982e+02 4.293129195087508378e+02
1.296659999999999968e+02 4.374593653809606622e+02
1.290049999999999955e+02 4.404194293545333494e+02
1.283420000000000130e+02 4.403468786640172539e+02
1.276809999999999974e+02 4.412835361910811116e+02
1.270190000000000055e+02 4.461169328771907772e+02
1.263580000000000041e+02 4.411393044136270873e+02
1.256959999999999980e+02 4.347443009912281582e+02
1.250349999999999966e+02 4.355730222656881665e+02
1.243730000000000047e+02 4.346526073121241325e+02
1.237120000000000033e+02 4.321557441971340268e+02
1.230499999999999972e+02 4.324721200092444633e+02
1.223880000000000052e+02 4.309340413437894881e+02
1.217259999999999991e+02 4.228637358812694060e+02
1.210639999999999930e+02 4.130743409251600724e+02
1.204030000000000058e+02 4.118824030799477782e+02
1.197409999999999997e+02 4.084933172194009785e+02
1.190780000000000030e+02 3.976791836746334639e+02
1.184150000000000063e+02 3.940824600259436465e+02
1.177530000000000001e+02 3.878536066752083684e+02
1.170909999999999940e+02 3.796888362047902206e+02
1.164279999999999973e+02 3.717310261132839173e+02
1.157660000000000053e+02 3.679098662570026477e+02
1.151039999999999992e+02 3.629390558561856324e+02
1.144410000000000025e+02 3.552986281182720063e+02
1.137789999999999964e+02 3.481165530063046276e+02
1.131159999999999997e+02 3.459676638639633097e+02
1.124539999999999935e+02 3.417993632485289481e+02
1.117890000000000015e+02 3.372677012319683740e+02
1.111269999999999953e+02 3.357779247913681502e+02
1.104639999999999986e+02 3.306872210734195505e+02
1.098010000000000019e+02 3.262549878939643691e+02
1.091380000000000052e+02 3.208828773914339649e+02
1.084749999999999943e+02 3.180999230720280480e+02
1.078119999999999976e+02 3.083626141446425208e+02
1.071490000000000009e+02 3.024375169818301856e+02
1.064849999999999994e+02 2.889631311929284152e+02
1.058209999999999980e+02 2.775625304172772871e+02
1.051580000000000013e+02 2.635058306747872621e+02
1.044950000000000045e+02 2.586644138948078080e+02
1.038319999999999936e+02 2.478931621504322607e+02
1.031680000000000064e+02 2.383914711992113951e+02
1.025049999999999955e+02 2.295762435578780867e+02
1.018400000000000034e+02 2.256937261159410468e+02
1.011760000000000019e+02 2.194024835812793981e+02
1.005130000000000052e+02 2.206023296725802538e+02
9.984900000000000375e+01 2.200009612749280734e+02
9.918529999999999802e+01 2.184076054896022185e+02
9.852150000000000318e+01 2.160520120750861963e+02
9.785769999999999413e+01 2.211129131718287795e+02
9.719230000000000302e+01 2.273605483752209864e+02
9.652830000000000155e+01 2.331578394921448592e+02
9.586430000000000007e+01 2.375750817170452081e+02
9.520029999999999859e+01 2.436636100872219117e+02
9.453610000000000468e+01 2.526134532725158977e+02
9.387199999999999989e+01 2.613900646770701428e+02
9.320619999999999550e+01 2.668719190317432322e+02
9.254200000000000159e+01 2.732171917882472485e+02
9.187760000000000105e+01 2.732455315034717387e+02
9.121320000000000050e+01 2.751197482581893610e+02
9.054879999999999995e+01 2.746733289801687192e+02
8.988280000000000314e+01 2.795473618428939062e+02
8.921819999999999595e+01 2.796758597793901231e+02
8.855360000000000298e+01 2.773778976694177913e+02
8.788890000000000668e+01 2.748924638086911614e+02
8.722419999999999618e+01 2.791754889396615340e+02
8.655939999999999657e+01 2.823189381682783505e+02
8.589300000000000068e+01 2.871352533245318455e+02
8.522809999999999775e+01 2.881581182447130800e+02
8.456319999999999482e+01 2.912080240973554055e+02
8.389820000000000277e+01 2.900305568319200802e+02
8.323160000000000025e+01 2.919490216264851483e+02
8.256650000000000489e+01 2.920239423983579741e+02
8.190130000000000621e+01 2.945044001109723695e+02
8.123609999999999332e+01 2.946410799763755222e+02
8.057080000000000553e+01 2.901840331624336500e+02
7.990389999999999304e+01 2.903512983831355996e+02
7.923850000000000193e+01 2.920685878017435471e+02
7.857299999999999329e+01 2.946248418860159859e+02
7.790749999999999886e+01 2.958447903993517798e+02
7.724039999999999395e+01 2.956058131301408025e+02
7.657479999999999620e+01 2.968570429064966447e+02
7.590909999999999513e+01 2.930613446805525655e+02
7.524339999999999407e+01 2.942920596177392554e+02
7.457760000000000389e+01 2.937192080303864259e+02
7.391020000000000323e+01 2.881140399010248530e+02
7.324429999999999552e+01 2.854271667947929245e+02
7.257829999999999870e+01 2.791592541590193264e+02
7.191230000000000189e+01 2.749272624731825658e+02
7.124469999999999459e+01 2.732582183135092464e+02
7.057850000000000534e+01 2.697327268487354104e+02
6.991230000000000189e+01 2.703205684642690585e+02
6.924609999999999843e+01 2.653399942531332272e+02
6.857829999999999870e+01 2.635598758869794551e+02
6.791190000000000282e+01 2.611981418401662722e+02
6.724550000000000693e+01 2.575009404552016008e+02
6.657750000000000057e+01 2.552062270197914984e+02
6.591100000000000136e+01 2.505175392193521020e+02
6.524439999999999884e+01 2.483117967024292057e+02
6.457769999999999300e+01 2.446927109775353699e+02
6.390950000000000131e+01 2.402286099826416148e+02
6.324269999999999925e+01 2.378442550116566849e+02
6.257589999999999719e+01 2.366822480940293474e+02
6.190899999999999892e+01 2.350421168316363776e+02
6.124060000000000059e+01 2.325578030210695886e+02
6.057359999999999900e+01 2.305718720248385125e+02
5.990659999999999741e+01 2.287598196171711891e+02
5.923799999999999955e+01 2.233291593671704049e+02
5.857079999999999842e+01 2.175600451845039629e+02
5.790359999999999729e+01 2.157264882318245895e+02
5.723629999999999995e+01 2.121184688274738619e+02
5.656750000000000256e+01 2.070264355013679562e+02
5.590010000000000190e+01 2.050351084403663435e+02
5.523270000000000124e+01 2.015095124674851661e+02
5.456360000000000099e+01 1.991194348554646467e+02
5.389609999999999701e+01 1.975525294122446098e+02
5.322849999999999682e+01 1.974769541203700953e+02
5.255930000000000035e+01 1.984002956049645832e+02
5.189159999999999684e+01 1.939716647914436294e+02
5.122379999999999711e+01 1.926035255252116087e+02
5.055440000000000111e+01 1.906352864419707487e+02
4.988660000000000139e+01 1.874466582298842923e+02
4.921860000000000213e+01 1.840799779015886202e+02
4.854910000000000281e+01 1.810217964031199642e+02
4.788100000000000023e+01 1.797237198992396259e+02
4.721289999999999765e+01 1.771532514207933104e+02
4.654319999999999879e+01 1.734577398266694104e+02
4.587500000000000000e+01 1.715060655545398447e+02
4.520669999999999789e+01 1.667736337409351108e+02
4.453679999999999950e+01 1.640224658188362525e+02
4.386840000000000117e+01 1.615939633155560102e+02
4.320000000000000284e+01 1.608903335347553138e+02
4.252989999999999782e+01 1.574456277046350863e+02
4.186129999999999995e+01 1.536241080812591804e+02
4.119270000000000209e+01 1.486579943580653378e+02
4.052250000000000085e+01 1.456656821764513552e+02
3.985379999999999967e+01 1.434925051555895834e+02
3.918500000000000227e+01 1.420098100665126424e+02
3.851460000000000150e+01 1.394170146940431607e+02
3.784570000000000078e+01 1.365364581343745840e+02
3.717519999999999669e+01 1.328960595673167688e+02
3.650619999999999976e+01 1.296676219538558428e+02
3.583709999999999951e+01 1.276025384501235607e+02
3.516640000000000299e+01 1.253803898969606223e+02
3.449719999999999942e+01 1.220374372772740230e+02
3.382800000000000296e+01 1.195637023864241115e+02
3.315709999999999980e+01 1.160129032253231003e+02
3.248780000000000001e+01 1.113739609019758916e+02
3.181680000000000064e+01 1.083524579223522437e+02
3.114730000000000132e+01 1.060407671238655070e+02
3.047779999999999845e+01 1.043548787248265057e+02
2.980669999999999931e+01 9.975537815308337031e+01
2.913700000000000045e+01 9.728715351785747600e+01
2.846730000000000160e+01 9.516196550167474300e+01
2.779599999999999937e+01 9.129432673517730734e+01
2.712620000000000076e+01 8.843686812780971707e+01
2.645479999999999876e+01 8.591493998390549791e+01
2.578490000000000038e+01 8.291796235044363073e+01
2.511329999999999885e+01 7.908185136484077304e+01
2.444330000000000069e+01 7.515741403054543923e+01
2.377319999999999922e+01 7.285200997892040675e+01
2.310150000000000148e+01 6.876969382199884251e+01
2.243130000000000024e+01 6.557398961585002439e+01
2.175949999999999918e+01 6.244426030607268530e+01
2.108909999999999840e+01 5.911251621619632601e+01
2.041870000000000118e+01 5.636367339232907625e+01
1.974680000000000035e+01 5.262546895064645724e+01
1.907629999999999981e+01 4.979327552963612646e+01
1.840419999999999945e+01 4.720603241139215811e+01
1.773349999999999937e+01 4.424662079492708955e+01
1.706129999999999924e+01 4.230663751387867677e+01
1.639059999999999917e+01 3.947140108719634100e+01
1.571979999999999933e+01 3.719801055746691532e+01
1.504739999999999966e+01 3.537802119893003550e+01
1.437650000000000006e+01 3.329642886216505104e+01
1.370410000000000039e+01 3.175343891962971199e+01
1.303299999999999947e+01 2.961957359503826126e+01
1.236040000000000028e+01 2.778826186035983170e+01
1.168929999999999936e+01 2.593926999503903374e+01
1.101660000000000039e+01 2.464617683985238372e+01
1.034529999999999994e+01 2.419946522455150983e+01
9.672489999999999810e+00 2.341977666777729539e+01
9.001129999999999853e+00 2.261417882102578503e+01
8.329710000000000392e+00 2.155086405574952835e+01
7.656710000000000349e+00 2.099483959531773181e+01
6.985170000000000101e+00 2.183290746483717726e+01
6.312050000000000161e+00 2.223987295983095436e+01
5.640399999999999636e+00 2.220187870519980322e+01
4.967170000000000307e+00 2.130021798638294328e+01
4.295410000000000394e+00 1.971127269355732992e+01
3.622059999999999835e+00 1.770734704755655642e+01
2.950180000000000025e+00 1.524797958881132232e+01
2.276720000000000077e+00 1.248221064658220314e+01
1.604729999999999990e+00 9.169089631511777583e+00
9.311519999999999797e-01 5.348729210430619219e+00
2.590439999999999965e-01 1.486658090082915828e+00
