4.498670000000000186e+02 1.028941122665327867e+02
4.492339999999999804e+02 8.143700646398308152e+01
4.486009999999999991e+02 7.163593458348520926e+01
4.479680000000000177e+02 1.003429897729156437e+02
4.473360000000000127e+02 9.726162577589244052e+01
4.467029999999999745e+02 9.226361287194356464e+01
4.460690000000000168e+02 1.092845200967653341e+02
4.454359999999999786e+02 9.856943530586444524e+01
4.448029999999999973e+02 9.551596337265338832e+01
4.441689999999999827e+02 1.038712365166411189e+02
4.435360000000000014e+02 1.140862581044460029e+02
4.429019999999999868e+02 1.337245576309109936e+02
4.422699999999999818e+02 1.155031929949950467e+02
4.416360000000000241e+02 1.303407990864169790e+02
4.410029999999999859e+02 1.291323219016515509e+02
4.403690000000000282e+02 1.176086096928699050e+02
4.397350000000000136e+02 1.173678232527152971e+02
4.391009999999999991e+02 1.143255366962262514e+02
4.384669999999999845e+02 9.263607368558123767e+01
4.378330000000000268e+02 9.895517957571534851e+01
4.371990000000000123e+02 9.132370582880972165e+01
4.365649999999999977e+02 9.762012107426859586e+01
4.359329999999999927e+02 7.614832085559140751e+01
4.352980000000000018e+02 6.306750641974510785e+01
4.346639999999999873e+02 6.201704894405202140e+01
4.340299999999999727e+02 6.464324627139603763e+01
4.333960000000000150e+02 6.450830317779262657e+01
4.327610000000000241e+02 8.817178570917336344e+01
4.321270000000000095e+02 7.976462906423755328e+01
4.314920000000000186e+02 6.592485800540043783e+01
4.308580000000000041e+02 5.941953053239139138e+01
4.302230000000000132e+02 6.565025947845013832e+01
4.295889999999999986e+02 7.547568948386424381e+01
4.289540000000000077e+02 6.265680935953287189e+01
4.283190000000000168e+02 7.064604991026789094e+01
4.276859999999999786e+02 7.050897030700510015e+01
4.270509999999999877e+02 6.047251755143413021e+01
4.264159999999999968e+02 5.048388218563174235e+01
4.257810000000000059e+02 6.021275091620920250e+01
4.251460000000000150e+02 6.722456995863261398e+01
4.245110000000000241e+02 8.043811396838646033e+01
4.238759999999999764e+02 8.115378849107224823e+01
4.232409999999999854e+02 8.896571932374584435e+01
4.226050000000000182e+02 7.815732718437870119e+01
4.219700000000000273e+02 7.975841375249621024e+01
4.213349999999999795e+02 8.223130342636541457e+01
4.206990000000000123e+02 9.436216612800954806e+01
4.200640000000000214e+02 9.503742297005346984e+01
4.194289999999999736e+02 1.053352312469024952e+02
4.187930000000000064e+02 8.501872091170247359e+01
4.181569999999999823e+02 8.047732411718175172e+01
4.175219999999999914e+02 8.552490890531105094e+01
4.168860000000000241e+02 1.044311348184810271e+02
4.162500000000000000e+02 1.137321974607717436e+02
4.156150000000000091e+02 1.152168904559490272e+02
4.149789999999999850e+02 1.184148538077907915e+02
4.143430000000000177e+02 1.215981194784491208e+02
4.137069999999999936e+02 1.093141436783699021e+02
4.130710000000000264e+02 1.270676334988804115e+02
4.124350000000000023e+02 1.353397403617032353e+02
4.117989999999999782e+02 1.418707534936424395e+02
4.111630000000000109e+02 1.364528198819658655e+02
4.105260000000000105e+02 1.310607159154887711e+02
4.098899999999999864e+02 1.350113368567924681e+02
4.092540000000000191e+02 1.161173133417347145e+02
4.086170000000000186e+02 1.175481130217609405e+02
4.079809999999999945e+02 1.248669474796207197e+02
4.073439999999999941e+02 1.195523138823240714e+02
4.067080000000000268e+02 1.142605482685480922e+02
4.060710000000000264e+02 1.273858941884589484e+02
4.054350000000000023e+02 1.087487988620856783e+02
4.047980000000000018e+02 1.110081082415556608e+02
4.041610000000000014e+02 1.074393796550668441e+02
4.035240000000000009e+02 1.154924881897552780e+02
4.028879999999999768e+02 9.786944125598218136e+01
4.022509999999999764e+02 1.059011422332918073e+02
4.016139999999999759e+02 8.755385136187278761e+01
4.009769999999999754e+02 8.900212553074374000e+01
4.003399999999999750e+02 6.994745798065238773e+01
3.997029999999999745e+02 8.451414063128427756e+01
3.990649999999999977e+02 7.942663482658225860e+01
3.984279999999999973e+02 6.378650033104258910e+01
3.977909999999999968e+02 5.958487813502208752e+01
3.971519999999999868e+02 5.781032635190590696e+01
3.965149999999999864e+02 4.556069295197024616e+01
3.958770000000000095e+02 5.191047917893413910e+01
3.952400000000000091e+02 3.408346343600146611e+01
3.946019999999999754e+02 4.686010074553206550e+01
3.939649999999999750e+02 3.312653037056132632e+01
3.933269999999999982e+02 3.145212899151295005e+01
3.926890000000000214e+02 4.973105684382381497e+01
3.920520000000000209e+02 4.643572772795679526e+01
3.914139999999999873e+02 6.062410117652147079e+01
3.907760000000000105e+02 6.127186342214317705e+01
3.901379999999999768e+02 8.168152796871234500e+01
3.895000000000000000e+02 9.964631942221686245e+01
3.888609999999999900e+02 8.999056933833378480e+01
3.882230000000000132e+02 9.213390507124650242e+01
3.875849999999999795e+02 1.013230798863396132e+02
3.869460000000000264e+02 1.096873063007192712e+02
3.863079999999999927e+02 1.195741365969093835e+02
3.856700000000000159e+02 1.255224817874247520e+02
3.850319999999999823e+02 1.322187787763995459e+02
3.843929999999999723e+02 1.195198549673245765e+02
3.837549999999999955e+02 1.269664552838359839e+02
3.831159999999999854e+02 1.228280748144303516e+02
3.824759999999999991e+02 1.209948926869243877e+02
3.818380000000000223e+02 1.161138402569985431e+02
3.811990000000000123e+02 9.670947712356171166e+01
3.805600000000000023e+02 1.071812479164500473e+02
3.799220000000000255e+02 1.023599229404935471e+02
3.792830000000000155e+02 9.071582934837772427e+01
3.786440000000000055e+02 9.808563858509292288e+01
3.780049999999999955e+02 9.027950306183049634e+01
3.773650000000000091e+02 9.310721379780704865e+01
3.767259999999999991e+02 1.207545797824871840e+02
3.760860000000000127e+02 1.182133709387003080e+02
3.754470000000000027e+02 1.426686102379402996e+02
3.748079999999999927e+02 1.408291661193797779e+02
3.741689999999999827e+02 1.479520361512473698e+02
3.735299999999999727e+02 1.557956809586045210e+02
3.728890000000000100e+02 1.576687389599639744e+02
3.722500000000000000e+02 1.454346290341800909e+02
3.716100000000000136e+02 1.643070607215055929e+02
3.709710000000000036e+02 1.506473312506127797e+02
3.703310000000000173e+02 1.444220313810371579e+02
3.696909999999999741e+02 1.396657272573600324e+02
3.690500000000000114e+02 1.429861253050202947e+02
3.684110000000000014e+02 1.353436798002776129e+02
3.677710000000000150e+02 1.321042271281773424e+02
3.671309999999999718e+02 1.259717860497855497e+02
3.664909999999999854e+02 1.445265367066790816e+02
3.658509999999999991e+02 1.333216677280551892e+02
3.652099999999999795e+02 1.330084511523151036e+02
3.645699999999999932e+02 1.492388207213708426e+02
3.639300000000000068e+02 1.460081187634440028e+02
3.632900000000000205e+02 1.442167001086495475e+02
3.626490000000000009e+02 1.474362093957432194e+02
3.620079999999999814e+02 1.435249380894260867e+02
3.613670000000000186e+02 1.410413960512067888e+02
3.607269999999999754e+02 1.307726507177338533e+02
3.600869999999999891e+02 1.347027883471819791e+02
3.594460000000000264e+02 1.216783087778882049e+02
3.588039999999999736e+02 1.121991740368658697e+02
3.581639999999999873e+02 1.084215776954513046e+02
3.575230000000000246e+02 9.974897480407558703e+01
3.568829999999999814e+02 1.120757204846957791e+02
3.562420000000000186e+02 1.083165158138808266e+02
3.556000000000000227e+02 1.101474721896655211e+02
3.549590000000000032e+02 1.154252637826384671e+02
3.543179999999999836e+02 1.040642469150646860e+02
3.536770000000000209e+02 1.072676745209640643e+02
3.530350000000000250e+02 1.228384680445182084e+02
3.523940000000000055e+02 1.266573129307246148e+02
3.517520000000000095e+02 1.263428325181135534e+02
3.511109999999999900e+02 1.020950340096799067e+02
3.504689999999999941e+02 1.107118318536740986e+02
3.498269999999999982e+02 1.138360215467414207e+02
3.491859999999999786e+02 1.115162560002275285e+02
3.485450000000000159e+02 1.092142699941459796e+02
3.479019999999999868e+02 1.069014461655076644e+02
3.472599999999999909e+02 9.990499641396409913e+01
3.466190000000000282e+02 9.830927607653570988e+01
3.459769999999999754e+02 9.537983260858285917e+01
3.453340000000000032e+02 1.038325115987463221e+02
3.446929999999999836e+02 1.089040391998904909e+02
3.440509999999999877e+02 1.046353126247812924e+02
3.434089999999999918e+02 1.030422883070033606e+02
3.427660000000000196e+02 9.616609756134114662e+01
3.421240000000000236e+02 1.097866212227254863e+02
3.414820000000000277e+02 1.127982468952924933e+02
3.408399999999999750e+02 1.118473912391077647e+02
3.401970000000000027e+02 1.174658523523584677e+02
3.395539999999999736e+02 1.184695165092502265e+02
3.389119999999999777e+02 1.149025490471165227e+02
3.382690000000000055e+02 1.178707746933545906e+02
3.376259999999999764e+02 1.337702738690081787e+02
3.369839999999999804e+02 1.437740452530167090e+02
3.363419999999999845e+02 1.376031979375821095e+02
3.356979999999999791e+02 1.288797454907142992e+02
3.350550000000000068e+02 1.266231045035245302e+02
3.344130000000000109e+02 1.205424923263513364e+02
3.337690000000000055e+02 1.221352316113791971e+02
3.331259999999999764e+02 1.250047542248298811e+02
3.324830000000000041e+02 1.418188595237038498e+02
3.318389999999999986e+02 1.338658737714736446e+02
3.311960000000000264e+02 1.442448249828646567e+02
3.305539999999999736e+02 1.394552428799782149e+02
3.299110000000000014e+02 1.478866399658378441e+02
3.292660000000000196e+02 1.531450705465558144e+02
3.286229999999999905e+02 1.614960331680515253e+02
3.279800000000000182e+02 1.585844141395355393e+02
3.273360000000000127e+02 1.538012014171419821e+02
3.266929999999999836e+02 1.391366667593960358e+02
3.260489999999999782e+02 1.362957955105576957e+02
3.254049999999999727e+02 1.328487695084061784e+02
3.247610000000000241e+02 1.398820938958582190e+02
3.241179999999999950e+02 1.346028370244013672e+02
3.234730000000000132e+02 1.379141774053465781e+02
3.228290000000000077e+02 1.381520163497608849e+02
3.221840000000000259e+02 1.493610219646884900e+02
3.215409999999999968e+02 1.501690846850355285e+02
3.208969999999999914e+02 1.624737662533074172e+02
3.202520000000000095e+02 1.692993074043075410e+02
3.196080000000000041e+02 1.682359710706539317e+02
3.189639999999999986e+02 1.731886548011954403e+02
3.183190000000000168e+02 1.805109050926132852e+02
3.176750000000000114e+02 1.692721152469644608e+02
3.170310000000000059e+02 1.515542880980438269e+02
3.163860000000000241e+02 1.511204255352244274e+02
3.157420000000000186e+02 1.471665622065351045e+02
3.150980000000000132e+02 1.379030011095592272e+02
3.144519999999999982e+02 1.351615789066484012e+02
3.138079999999999927e+02 1.306813691889297502e+02
3.131619999999999777e+02 1.279789822313063752e+02
3.125179999999999723e+02 1.241179395661657452e+02
3.118729999999999905e+02 1.255203846142274955e+02
3.112269999999999754e+02 1.461114162282317466e+02
3.105830000000000268e+02 1.370121007822266677e+02
3.099370000000000118e+02 1.331624502315332279e+02
3.092919999999999732e+02 1.345297930743432460e+02
3.086469999999999914e+02 1.307079735300888501e+02
3.080009999999999764e+02 1.423871227715022769e+02
3.073570000000000277e+02 1.488473300791687564e+02
3.067099999999999795e+02 1.507270723017749106e+02
3.060649999999999977e+02 1.480257923319026929e+02
3.054200000000000159e+02 1.470388657945768500e+02
3.047740000000000009e+02 1.460708510516245155e+02
3.041290000000000191e+02 1.451058289303798858e+02
3.034820000000000277e+02 1.604341664710628095e+02
3.028369999999999891e+02 1.700747078821410128e+02
3.021920000000000073e+02 1.774091481990988370e+02
3.015450000000000159e+02 1.719056793458205448e+02
3.008999999999999773e+02 1.602961243902465753e+02
3.002529999999999859e+02 1.759274148866488190e+02
2.996080000000000041e+02 1.687941610377875179e+02
2.989610000000000127e+02 1.605867565504453580e+02
2.983149999999999977e+02 1.744357726793521692e+02
2.976700000000000159e+02 1.668172238477689291e+02
2.970230000000000246e+02 1.674253889844424066e+02
2.963770000000000095e+02 1.565819601216402930e+02
2.957300000000000182e+02 1.528850671558413978e+02
2.950840000000000032e+02 1.573224840792713621e+02
2.944370000000000118e+02 1.455225647357848970e+02
2.937909999999999968e+02 1.499539425598624405e+02
2.931429999999999723e+02 1.753025424977103057e+02
2.924970000000000141e+02 1.742616660349383153e+02
2.918500000000000227e+02 1.657459435635829550e+02
2.912040000000000077e+02 1.625991722281662817e+02
2.905570000000000164e+02 1.700756338514975425e+02
2.899100000000000250e+02 1.796573959463340771e+02
2.892629999999999768e+02 1.939026605093784212e+02
2.886159999999999854e+02 2.022957311376620737e+02
2.879689999999999941e+02 2.080002451762019575e+02
2.873210000000000264e+02 2.084378356317390626e+02
2.866750000000000114e+02 2.057344676222400892e+02
2.860269999999999868e+02 2.165750049825389851e+02
2.853799999999999955e+02 2.200845130466092598e+02
2.847320000000000277e+02 2.173643886029090595e+02
2.840849999999999795e+02 2.275434451101677666e+02
2.834370000000000118e+02 2.320150748884366863e+02
2.827900000000000205e+02 2.420784865194940210e+02
2.821419999999999959e+02 2.505642411920165671e+02
2.814950000000000045e+02 2.543871429271973454e+02
2.808469999999999800e+02 2.637999376369431843e+02
2.801990000000000123e+02 2.549054746278680170e+02
2.795509999999999877e+02 2.490870240852497659e+02
2.789039999999999964e+02 2.518756361513148647e+02
2.782549999999999955e+02 2.516050421093882790e+02
2.776080000000000041e+02 2.518491586690150257e+02
2.769590000000000032e+02 2.480914548400121191e+02
2.763120000000000118e+02 2.528050307712832989e+02
2.756630000000000109e+02 2.480786918992379810e+02
2.750149999999999864e+02 2.522532828066385093e+02
2.743659999999999854e+02 2.731795132370319266e+02
2.737189999999999941e+02 2.890388927580738141e+02
2.730699999999999932e+02 2.930617147572843919e+02
2.724220000000000255e+02 2.887352350024305565e+02
2.717730000000000246e+02 2.820111641341799213e+02
2.711240000000000236e+02 2.767706453935584818e+02
2.704759999999999991e+02 2.681841539251819881e+02
2.698260000000000218e+02 2.726553113629520340e+02
2.691779999999999973e+02 2.814277677504042572e+02
2.685289999999999964e+02 2.676122635961882565e+02
2.678809999999999718e+02 2.639009828791680548e+02
2.672309999999999945e+02 2.592801383754485300e+02
2.665830000000000268e+02 2.646351573299317010e+02
2.659329999999999927e+02 2.827404372964064123e+02
2.652839999999999918e+02 2.903535685535592847e+02
2.646349999999999909e+02 3.026082510545967921e+02
2.639850000000000136e+02 2.946247482502727735e+02
2.633369999999999891e+02 2.908794849903285922e+02
2.626870000000000118e+02 2.983516713929050752e+02
2.620380000000000109e+02 2.913768975459033754e+02
2.613879999999999768e+02 3.029407535959518896e+02
2.607400000000000091e+02 2.964558593876902250e+02
2.600899999999999750e+02 2.830784853387274325e+02
2.594390000000000214e+02 2.899666323904064029e+02
2.587900000000000205e+02 2.840031890563706156e+02
2.581399999999999864e+02 2.844588874455826044e+02
2.574909999999999854e+02 2.817298782428218828e+02
2.568410000000000082e+02 2.948529647800369844e+02
2.561899999999999977e+02 3.047367517714800442e+02
2.555409999999999968e+02 2.987966911645967230e+02
2.548899999999999864e+02 3.050010017137191767e+02
2.542410000000000139e+02 3.044643357775143500e+02
2.535910000000000082e+02 2.941113702752060703e+02
2.529399999999999977e+02 2.940316986723296964e+02
2.522899999999999920e+02 2.979535665694330078e+02
2.516399999999999864e+02 3.071126476486588217e+02
2.509900000000000091e+02 2.933515812691796327e+02
2.503389999999999986e+02 2.941349358456251366e+02
2.496879999999999882e+02 3.005956735242004925e+02
2.490380000000000109e+02 3.017639718665150781e+02
2.483870000000000005e+02 3.107509904875852271e+02
2.477359999999999900e+02 3.187949025695584737e+02
2.470860000000000127e+02 3.147182212689319840e+02
2.464350000000000023e+02 3.239735010232874401e+02
2.457849999999999966e+02 3.100483290547222168e+02
2.451330000000000098e+02 3.171155954600455971e+02
2.444819999999999993e+02 3.109433503287773419e+02
2.438319999999999936e+02 3.056687406127293229e+02
2.431800000000000068e+02 3.016704707193311492e+02
2.425289999999999964e+02 3.006496723554017763e+02
2.418779999999999859e+02 3.122056425190364166e+02
2.412270000000000039e+02 3.199301608878713523e+02
2.405749999999999886e+02 3.121798005122672635e+02
2.399240000000000066e+02 3.252205835569897658e+02
2.392719999999999914e+02 3.241151546508296519e+02
2.386200000000000045e+02 3.300114843316519568e+02
2.379699999999999989e+02 3.280536809952776593e+02
2.373180000000000121e+02 3.367491738851936702e+02
2.366670000000000016e+02 3.355955609810417286e+02
2.360149999999999864e+02 3.348280166962748012e+02
2.353629999999999995e+02 3.409658020340762050e+02
2.347100000000000080e+02 3.531062042731835504e+02
2.340600000000000023e+02 3.506611328087546440e+02
2.334070000000000107e+02 3.486362108882183861e+02
2.327549999999999955e+02 3.614069321351019539e+02
2.321040000000000134e+02 3.708830046536251643e+02
2.314509999999999934e+02 3.683923865811713085e+02
2.307980000000000018e+02 3.773653963008575261e+02
2.301469999999999914e+02 3.760326974437751346e+02
2.294939999999999998e+02 3.707709455410156352e+02
2.288420000000000130e+02 3.628027733166786675e+02
2.281899999999999977e+02 3.751517831934204423e+02
2.275370000000000061e+02 3.842983901079338125e+02
2.268839999999999861e+02 3.891244087133541711e+02
2.262330000000000041e+02 3.973523462869363811e+02
2.255800000000000125e+02 4.082226501104190106e+02
2.249269999999999925e+02 4.071378283404086460e+02
2.242729999999999961e+02 4.087279002099256786e+02
2.236220000000000141e+02 4.171192333898042648e+02
2.229679999999999893e+02 4.190199837788115360e+02
2.223149999999999977e+02 4.216335877349505381e+02
2.216630000000000109e+02 4.152228805372735110e+02
2.210099999999999909e+02 4.080706194274758332e+02
2.203559999999999945e+02 4.005965443158807489e+02
2.197019999999999982e+02 3.968952190550688215e+02
2.190500000000000114e+02 3.980260846560788082e+02
2.183969999999999914e+02 3.972876407923263855e+02
2.177429999999999950e+02 3.954471546607816776e+02
2.170889999999999986e+02 3.972752508258184889e+02
2.164370000000000118e+02 3.903178428341736890e+02
2.157829999999999870e+02 3.954086400924106215e+02
2.151289999999999907e+02 3.910226466343713696e+02
2.144749999999999943e+02 4.003810575268489060e+02
2.138220000000000027e+02 3.999538768047783037e+02
2.131680000000000064e+02 4.002299299515053121e+02
2.125140000000000100e+02 4.019279909195687992e+02
2.118600000000000136e+02 3.950726014747255022e+02
2.112069999999999936e+02 4.020691527103401768e+02
2.105529999999999973e+02 3.984159256529130744e+02
2.098979999999999961e+02 3.951352916162186943e+02
2.092439999999999998e+02 3.894071828874760399e+02
2.085910000000000082e+02 3.882654726801116567e+02
2.079360000000000070e+02 3.864204783884075027e+02
2.072820000000000107e+02 3.838871737449791226e+02
2.066270000000000095e+02 3.751592735726870842e+02
2.059739999999999895e+02 3.805710367676410328e+02
2.053189999999999884e+02 3.787381907247434469e+02
2.046639999999999873e+02 3.741944919945777315e+02
2.040089999999999861e+02 3.740820423262350687e+02
2.033540000000000134e+02 3.729459057134132536e+02
2.027009999999999934e+02 3.620610788652265342e+02
2.020459999999999923e+02 3.579413143209020518e+02
2.013909999999999911e+02 3.498403710231624473e+02
2.007350000000000136e+02 3.564306388575589608e+02
2.000800000000000125e+02 3.526899965161218233e+02
1.994259999999999877e+02 3.450081247639759567e+02
1.987709999999999866e+02 3.439511697401997594e+02
1.981160000000000139e+02 3.406091362408662917e+02
1.974600000000000080e+02 3.444455917489104877e+02
1.968050000000000068e+02 3.368797567452202770e+02
1.961510000000000105e+02 3.345586960981397624e+02
1.954950000000000045e+02 3.412465877485643091e+02
1.948389999999999986e+02 3.337549985218066695e+02
1.941839999999999975e+02 3.291949778213826221e+02
1.935279999999999916e+02 3.313412784845328929e+02
1.928739999999999952e+02 3.344092507638173970e+02
1.922179999999999893e+02 3.324009270253670820e+02
1.915620000000000118e+02 3.398214904758225430e+02
1.909060000000000059e+02 3.503073341985998468e+02
1.902500000000000000e+02 3.541525732901008041e+02
1.895939999999999941e+02 3.480138510046946863e+02
1.889389999999999930e+02 3.555097784303759454e+02
1.882829999999999870e+02 3.607896026119220778e+02
1.876270000000000095e+02 3.666232405012875688e+02
1.869699999999999989e+02 3.638582553510227058e+02
1.863139999999999930e+02 3.623156050442241281e+02
1.856570000000000107e+02 3.553219012835829744e+02
1.850010000000000048e+02 3.501946813572650399e+02
1.843460000000000036e+02 3.540967177665085615e+02
1.836889999999999930e+02 3.600466604678953786e+02
1.830329999999999870e+02 3.656282066221777427e+02
1.823760000000000048e+02 3.681989322372077140e+02
1.817189999999999941e+02 3.648381825852259226e+02
1.810620000000000118e+02 3.814566596192924521e+02
1.804050000000000011e+02 3.935304966591114066e+02
1.797500000000000000e+02 3.979045915798665192e+02
1.790929999999999893e+02 4.077545420468290445e+02
1.784360000000000070e+02 4.074045897441012585e+02
1.777789999999999964e+02 4.110638917611877332e+02
1.771220000000000141e+02 4.120956994911351785e+02
1.764650000000000034e+02 4.133996318494050684e+02
1.758069999999999879e+02 4.158013957117842665e+02
1.751500000000000057e+02 4.114066323787773740e+02
1.744939999999999998e+02 4.143252862873027311e+02
1.738369999999999891e+02 4.222491417263565268e+02
1.731790000000000020e+02 4.267416382434053617e+02
1.725219999999999914e+02 4.328451539458189927e+02
1.718640000000000043e+02 4.408051767877564657e+02
1.712059999999999889e+02 4.467498768543466099e+02
1.705490000000000066e+02 4.512698314771618584e+02
1.698909999999999911e+02 4.532730179772211159e+02
1.692330000000000041e+02 4.509134357833814306e+02
1.685749999999999886e+02 4.480176995915895191e+02
1.679190000000000111e+02 4.523816274427929329e+02
1.672609999999999957e+02 4.494726328314771422e+02
1.666030000000000086e+02 4.574694339083513341e+02
1.659449999999999932e+02 4.497704318368181475e+02
1.652870000000000061e+02 4.400224388968965172e+02
1.646279999999999859e+02 4.400358378364675218e+02
1.639699999999999989e+02 4.444684833418730250e+02
1.633120000000000118e+02 4.517011000961143168e+02
1.626539999999999964e+02 4.518729815327062056e+02
1.619950000000000045e+02 4.455920604416962760e+02
1.613369999999999891e+02 4.431974450011742306e+02
1.606779999999999973e+02 4.362183809025762571e+02
1.600190000000000055e+02 4.361299916863252975e+02
1.593609999999999900e+02 4.385549846029149990e+02
1.587040000000000077e+02 4.384324967584716433e+02
1.580449999999999875e+02 4.405248316007990752e+02
1.573859999999999957e+02 4.378610768485312974e+02
1.567270000000000039e+02 4.401501495299507951e+02
1.560680000000000121e+02 4.374828428376986835e+02
1.554089999999999918e+02 4.375145723419748833e+02
1.547500000000000000e+02 4.387425154583115727e+02
1.540910000000000082e+02 4.360655955936734927e+02
1.534319999999999879e+02 4.358027294898698756e+02
1.527729999999999961e+02 4.352849911563940282e+02
1.521140000000000043e+02 4.316493446336334046e+02
1.514540000000000077e+02 4.306440432639606684e+02
1.507949999999999875e+02 4.296277773958676107e+02
1.501359999999999957e+02 4.431746348147283925e+02
1.494759999999999991e+02 4.472142004877092631e+02
1.488170000000000073e+02 4.483960481362781820e+02
1.481570000000000107e+02 4.569502092719651500e+02
1.474970000000000141e+02 4.557263730509483253e+02
1.468379999999999939e+02 4.599887854153738544e+02
1.461779999999999973e+02 4.619075210725299598e+02
1.455180000000000007e+02 4.689926582693398700e+02
1.448580000000000041e+02 4.707992895835897684e+02
1.441980000000000075e+02 4.609001300715809748e+02
1.435380000000000109e+02 4.651370718082853273e+02
1.428779999999999859e+02 4.673074372911273144e+02
1.422179999999999893e+02 4.734063504570247005e+02
1.415579999999999927e+02 4.750259472283469222e+02
1.408979999999999961e+02 4.755099551384518008e+02
1.402379999999999995e+02 4.755281317591750962e+02
1.395769999999999982e+02 4.746546658920359505e+02
1.389170000000000016e+02 4.802169188740982122e+02
1.382560000000000002e+02 4.925155831974616376e+02
1.375960000000000036e+02 4.993493148645516726e+02
1.369350000000000023e+02 5.048128594039059180e+02
1.362750000000000057e+02 5.064093185006306612e+02
1.356140000000000043e+02 5.129720349503237458e+02
1.349540000000000077e+02 5.188093019522949589e+02
1.342930000000000064e+02 5.303324255309647697e+02
1.336320000000000050e+02 5.414870312792530740e+02
1.329710000000000036e+02 5.479953305724096708e+02
1.323100000000000023e+02 5.517586364564883752e+02
1.316490000000000009e+02 5.633150758062715795e+02
1.309879999999999995e+02 5.664799348371357155e+02
1.303269999999999982e+02 5.681830647627731423e+02
1.296659999999999968e+02 5.791495697190005103e+02
1.290049999999999955e+02 5.832547189111941179e+02
1.283420000000000130e+02 5.833456994057798966e+02
1.276809999999999974e+02 5.847736428447308299e+02
1.270190000000000055e+02 5.913683904522749799e+02
1.263580000000000041e+02 5.849575248382049040e+02
1.256959999999999980e+02 5.766628442025911454e+02
1.250349999999999966e+02 5.779476299435325473e+02
1.243730000000000047e+02 5.769119816786445654e+02
1.237120000000000033e+02 5.737823813312326138e+02
1.230499999999999972e+02 5.743875602152915008e+02
1.223880000000000052e+02 5.725294186251227302e+02
1.217259999999999991e+02 5.619887412037757031e+02
1.210639999999999930e+02 5.491559083293773256e+02
1.204030000000000058e+02 5.477481344547396702e+02
1.197409999999999997e+02 5.434169294517906792e+02
1.190780000000000030e+02 5.292024924058212036e+02
1.184150000000000063e+02 5.245864951185154723e+02
1.177530000000000001e+02 5.164623835418385625e+02
1.170909999999999940e+02 5.057543747015506028e+02
1.164279999999999973e+02 4.953154981177724494e+02
1.157660000000000053e+02 4.903833999158285337e+02
1.151039999999999992e+02 4.839153017956755889e+02
1.144410000000000025e+02 4.738826512630415664e+02
1.137789999999999964e+02 4.644548318976032988e+02
1.131159999999999997e+02 4.617386446806891058e+02
1.124539999999999935e+02 4.563244620129786426e+02
1.117890000000000015e+02 4.504222069035752156e+02
1.111269999999999953e+02 4.485792930955286693e+02
1.104639999999999986e+02 4.419232282688033138e+02
1.098010000000000019e+02 4.361431267264792950e+02
1.091380000000000052e+02 4.291024327574128279e+02
1.084749999999999943e+02 4.255207064712077454e+02
1.078119999999999976e+02 4.126307562775394331e+02
1.071490000000000009e+02 4.048353577714909193e+02
1.064849999999999994e+02 3.869263821348795886e+02
1.058209999999999980e+02 3.717834138313210133e+02
1.051580000000000013e+02 3.530713825391958949e+02
1.044950000000000045e+02 3.466987900605498680e+02
1.038319999999999936e+02 3.323713361511047992e+02
1.031680000000000064e+02 3.197374036217509570e+02
1.025049999999999955e+02 3.080160097690709335e+02
1.018400000000000034e+02 3.029075378206002256e+02
1.011760000000000019e+02 2.945616692513203247e+02
1.005130000000000052e+02 2.962708547428609336e+02
9.984900000000000375e+01 2.955614950599154440e+02
9.918529999999999802e+01 2.935185173033580099e+02
9.852150000000000318e+01 2.904495151224798519e+02
9.785769999999999413e+01 2.973522993886083441e+02
9.719230000000000302e+01 3.058564457778589940e+02
9.652830000000000155e+01 3.137600759822973941e+02
9.586430000000000007e+01 3.198112696207756471e+02
9.520029999999999859e+01 3.281171308799187614e+02
9.453610000000000468e+01 3.402830023230525853e+02
9.387199999999999989e+01 3.522236283130456513e+02
9.320619999999999550e+01 3.597314082508543720e+02
9.254200000000000159e+01 3.684082465734803122e+02
9.187760000000000105e+01 3.685702792641660039e+02
9.121320000000000050e+01 3.712231650916422154e+02
9.054879999999999995e+01 3.707455479319466463e+02
8.988280000000000314e+01 3.774518245150110829e+02
8.921819999999999595e+01 3.777526718230988081e+02
8.855360000000000298e+01 3.747752794233855980e+02
8.788890000000000668e+01 3.715425656700759873e+02
8.722419999999999618e+01 3.774590782757552461e+02
8.655939999999999657e+01 3.818383754113833106e+02
8.589300000000000068e+01 3.884843572784279218e+02
8.522809999999999775e+01 3.900004266418282555e+02
8.456319999999999482e+01 3.942619803447078084e+02
8.389820000000000277e+01 3.928011531943417936e+02
8.323160000000000025e+01 3.955341254467426779e+02
8.256650000000000489e+01 3.957702067624602478e+02
8.190130000000000621e+01 3.992678025792274070e+02
8.123609999999999332e+01 3.995892149690095607e+02
8.057080000000000553e+01 3.936788002201356562e+02
7.990389999999999304e+01 3.940404979522132294e+02
7.923850000000000193e+01 3.965064941058449222e+02
7.857299999999999329e+01 4.001136145762203569e+02
7.790749999999999886e+01 4.019078697750973106e+02
7.724039999999999395e+01 4.017210909324588215e+02
7.657479999999999620e+01 4.035597954305630424e+02
7.590909999999999513e+01 3.985364463001921536e+02
7.524339999999999407e+01 4.003475537579163301e+02
7.457760000000000389e+01 3.997056029014983665e+02
7.391020000000000323e+01 3.922130104763110126e+02
7.324429999999999552e+01 3.886891087647332483e+02
7.257829999999999870e+01 3.802845601820331467e+02
7.191230000000000189e+01 3.746486778847993264e+02
7.124469999999999459e+01 3.725030750159398281e+02
7.057850000000000534e+01 3.678241930096798455e+02
6.991230000000000189e+01 3.687532980943682333e+02
6.924609999999999843e+01 3.620843674139395603e+02
6.857829999999999870e+01 3.597800689852593905e+02
6.791190000000000282e+01 3.566797320974727086e+02
6.724550000000000693e+01 3.517530037240914567e+02
6.657750000000000057e+01 3.487397094799092656e+02
6.591100000000000136e+01 3.424515724066725966e+02
6.524439999999999884e+01 3.395544587781619725e+02
6.457769999999999300e+01 3.347220332214648693e+02
6.390950000000000131e+01 3.287302183545285743e+02
6.324269999999999925e+01 3.255809743985365117e+02
6.257589999999999719e+01 3.241034262096478074e+02
6.190899999999999892e+01 3.219699534753378316e+02
6.124060000000000059e+01 3.186784818628591438e+02
6.057359999999999900e+01 3.160677043033331302e+02
5.990659999999999741e+01 3.136935825007828953e+02
5.923799999999999955e+01 3.063542107143640578e+02
5.857079999999999842e+01 2.985450601067605021e+02
5.790359999999999729e+01 2.961329364499933376e+02
5.723629999999999995e+01 2.912824587642925849e+02
5.656750000000000256e+01 2.843902505121610602e+02
5.590010000000000190e+01 2.817539532443990993e+02
5.523270000000000124e+01 2.770067314283525661e+02
5.456360000000000099e+01 2.738179587860406059e+02
5.389609999999999701e+01 2.717591285311768274e+02
5.322849999999999682e+01 2.717511535415596313e+02
5.255930000000000035e+01 2.731185636242059900e+02
5.189159999999999684e+01 2.671165699452474769e+02
5.122379999999999711e+01 2.653264712846605562e+02
5.055440000000000111e+01 2.627083831733471015e+02
4.988660000000000139e+01 2.584058650440850897e+02
4.921860000000000213e+01 2.538548137014748249e+02
4.854910000000000281e+01 2.497263524472446932e+02
4.788100000000000023e+01 2.480238109749044781e+02
4.721289999999999765e+01 2.445635211107236557e+02
4.654319999999999879e+01 2.395472995535099017e+02
4.587500000000000000e+01 2.369364746575089100e+02
4.520669999999999789e+01 2.304808090869580894e+02
4.453679999999999950e+01 2.267598572799516319e+02
4.386840000000000117e+01 2.234823381498779895e+02
4.320000000000000284e+01 2.225888509392370906e+02
4.252989999999999782e+01 2.179013449971346290e+02
4.186129999999999995e+01 2.126886396266520478e+02
4.119270000000000209e+01 2.058869866036000928e+02
4.052250000000000085e+01 2.018153102804793093e+02
3.985379999999999967e+01 1.988758730708190683e+02
3.918500000000000227e+01 1.968916967311714075e+02
3.851460000000000150e+01 1.933666079996559972e+02
3.784570000000000078e+01 1.894395876094077664e+02
3.717519999999999669e+01 1.844552815640653876e+02
3.650619999999999976e+01 1.800392503176752541e+02
3.583709999999999951e+01 1.772359383364204177e+02
3.516640000000000299e+01 1.742125375642201277e+02
3.449719999999999942e+01 1.696289317736664941e+02
3.382800000000000296e+01 1.662506675865080012e+02
3.315709999999999980e+01 1.613719420828082320e+02
3.248780000000000001e+01 1.549754107329206079e+02
3.181680000000000064e+01 1.508258760376901648e+02
3.114730000000000132e+01 1.476616414195106302e+02
3.047779999999999845e+01 1.453668790530568629e+02
2.980669999999999931e+01 1.390104084612033830e+02
2.913700000000000045e+01 1.356202798622934722e+02
2.846730000000000160e+01 1.327060771221581774e+02
2.779599999999999937e+01 1.273590784011344255e+02
2.712620000000000076e+01 1.234178497801459855e+02
2.645479999999999876e+01 1.199422868611509330e+02
2.578490000000000038e+01 1.158006541517419521e+02
2.511329999999999885e+01 1.104837647486529164e+02
2.444330000000000069e+01 1.050394499853759669e+02
2.377319999999999922e+01 1.018547600191727867e+02
2.310150000000000148e+01 9.618259247885052332e+01
2.243130000000000024e+01 9.174668655230702541e+01
2.175949999999999918e+01 8.739995261374077984e+01
2.108909999999999840e+01 8.276710700659138809e+01
2.041870000000000118e+01 7.894732568405875384e+01
1.974680000000000035e+01 7.373850351411518034e+01
1.907629999999999981e+01 6.979576626791714489e+01
1.840419999999999945e+01 6.619366671238898903e+01
1.773349999999999937e+01 6.206679869685140716e+01
1.706129999999999924e+01 5.936747900930441091e+01
1.639059999999999917e+01 5.540936423089220142e+01
1.571979999999999933e+01 5.223733995425154575e+01
1.504739999999999966e+01 4.969997182111516310e+01
1.437650000000000006e+01 4.679303866659358846e+01
1.370410000000000039e+01 4.464120316440915559e+01
1.303299999999999947e+01 4.165673051760566636e+01
1.236040000000000028e+01 3.909574847683174426e+01
1.168929999999999936e+01 3.650794752151792721e+01
1.101660000000000039e+01 3.470094853368542687e+01
1.034529999999999994e+01 3.408471071561533705e+01
9.672489999999999810e+00 3.299887126509334934e+01
9.001129999999999853e+00 3.187567750161209190e+01
8.329710000000000392e+00 3.038824755688175117e+01
7.656710000000000349e+00 2.961532478044894390e+01
6.985170000000000101e+00 3.080906218187906731e+01
6.312050000000000161e+00 3.139515192551944622e+01
5.640399999999999636e+00 3.135328825752997162e+01
4.967170000000000307e+00 3.009129751442964107e+01
4.295410000000000394e+00 2.785702521842693713e+01
3.622059999999999835e+00 2.503440430404435446e+01
2.950180000000000025e+00 2.156549821757467456e+01
2.276720000000000077e+00 1.766048543554035177e+01
1.604729999999999990e+00 1.297779795524479418e+01
9.311519999999999797e-01 7.573375753246976316e+00
2.590439999999999965e-01 2.105784117767045327e+00
