4.498670000000000186e+02 8.045184510410695111e+01
4.492339999999999804e+02 6.365466080405560234e+01
4.486009999999999991e+02 5.597517468064908996e+01
4.479680000000000177e+02 7.837275598622095174e+01
4.473360000000000127e+02 7.593909175661181621e+01
4.467029999999999745e+02 7.201143606796803454e+01
4.460690000000000168e+02 8.526280841314431314e+01
4.454359999999999786e+02 7.687643861132440293e+01
4.448029999999999973e+02 7.446835439602408258e+01
4.441689999999999827e+02 8.095185191411144388e+01
4.435360000000000014e+02 8.887925913706864378e+01
4.429019999999999868e+02 1.041382484102141177e+02
4.422699999999999818e+02 8.991739249612062679e+01
4.416360000000000241e+02 1.014294228752797551e+02
4.410029999999999859e+02 1.004523928691969132e+02
4.403690000000000282e+02 9.145570974907644768e+01
4.397350000000000136e+02 9.123499494232127915e+01
4.391009999999999991e+02 8.883777860138751237e+01
4.384669999999999845e+02 7.195978532924809201e+01
4.378330000000000268e+02 7.683925022546846151e+01
4.371990000000000123e+02 7.088822323464387409e+01
4.365649999999999977e+02 7.574679390791506250e+01
4.359329999999999927e+02 5.906719615217348007e+01
4.352980000000000018e+02 4.890469897626559970e+01
4.346639999999999873e+02 4.807252322346031548e+01
4.340299999999999727e+02 5.008906055431233284e+01
4.333960000000000150e+02 4.996594457656152599e+01
4.327610000000000241e+02 6.826462199404208775e+01
4.321270000000000095e+02 6.173384035973316486e+01
4.314920000000000186e+02 5.100574305486726701e+01
4.308580000000000041e+02 4.595671150586538545e+01
4.302230000000000132e+02 5.075534085738208034e+01
4.295889999999999986e+02 5.832774950499856459e+01
4.289540000000000077e+02 4.840531334634329141e+01
4.283190000000000168e+02 5.455519673339433240e+01
4.276859999999999786e+02 5.442892724018696526e+01
4.270509999999999877e+02 4.666559645569412140e+01
4.264159999999999968e+02 3.894496598089692441e+01
4.257810000000000059e+02 4.643009806332830891e+01
4.251460000000000150e+02 5.181579940116741056e+01
4.245110000000000241e+02 6.197460142126956129e+01
4.238759999999999764e+02 6.250217002812323130e+01
4.232409999999999854e+02 6.849142146146574817e+01
4.226050000000000182e+02 6.014908132282879194e+01
4.219700000000000273e+02 6.135762792188054249e+01
4.213349999999999795e+02 6.323549325952896538e+01
4.206990000000000123e+02 7.253444528106119549e+01
4.200640000000000214e+02 7.302549465730912459e+01
4.194289999999999736e+02 8.090584456120400603e+01
4.187930000000000064e+02 6.527854823319263744e+01
4.181569999999999823e+02 6.176854101975829536e+01
4.175219999999999914e+02 6.561669228981675417e+01
4.168860000000000241e+02 8.008832457981577591e+01
4.162500000000000000e+02 8.718655752874265374e+01
4.156150000000000091e+02 8.829050658748451497e+01
4.149789999999999850e+02 9.070567566976043850e+01
4.143430000000000177e+02 9.310766802449701629e+01
4.137069999999999936e+02 8.367067022872541315e+01
4.130710000000000264e+02 9.721967589266382959e+01
4.124350000000000023e+02 1.035076391951177470e+02
4.117989999999999782e+02 1.084597450848993958e+02
4.111630000000000109e+02 1.042776116989506363e+02
4.105260000000000105e+02 1.001183374125654666e+02
4.098899999999999864e+02 1.030956118033225124e+02
4.092540000000000191e+02 8.863509732644949679e+01
4.086170000000000186e+02 8.969193864802929284e+01
4.079809999999999945e+02 9.523827238148309959e+01
4.073439999999999941e+02 9.114940889209215413e+01
4.067080000000000268e+02 8.708118031113684765e+01
4.060710000000000264e+02 9.704470871492706863e+01
4.054350000000000023e+02 8.281585314765631267e+01
4.047980000000000018e+02 8.450275545045630565e+01
4.041610000000000014e+02 8.175419490491542263e+01
4.035240000000000009e+02 8.784635947163761216e+01
4.028879999999999768e+02 7.441427527045668455e+01
4.022509999999999764e+02 8.048815276084513926e+01
4.016139999999999759e+02 6.651933903882559207e+01
4.009769999999999754e+02 6.759256689959987341e+01
4.003399999999999750e+02 5.310299264628041271e+01
3.997029999999999745e+02 6.413364040043525449e+01
3.990649999999999977e+02 6.024961537588163196e+01
3.984279999999999973e+02 4.836875093410311166e+01
3.977909999999999968e+02 4.516541489781504737e+01
3.971519999999999868e+02 4.380304648640877474e+01
3.965149999999999864e+02 3.451019411399836656e+01
3.958770000000000095e+02 3.930235028516288054e+01
3.952400000000000091e+02 2.579899257301043036e+01
3.946019999999999754e+02 3.545121748610074519e+01
3.939649999999999750e+02 2.505476339714033074e+01
3.933269999999999982e+02 2.377934204321590528e+01
3.926890000000000214e+02 3.757683853355215575e+01
3.920520000000000209e+02 3.507348138588162811e+01
3.914139999999999873e+02 4.576785951692822607e+01
3.907760000000000105e+02 4.623795727771079100e+01
3.901379999999999768e+02 6.161073661134633284e+01
3.895000000000000000e+02 7.512795965819945820e+01
3.888609999999999900e+02 6.782149632387950078e+01
3.882230000000000132e+02 6.940818717490587630e+01
3.875849999999999795e+02 7.629836552928277627e+01
3.869460000000000264e+02 8.256195514124559054e+01
3.863079999999999927e+02 8.996584425974681665e+01
3.856700000000000159e+02 9.440195465369551187e+01
3.850319999999999823e+02 9.939657342692599684e+01
3.843929999999999723e+02 8.981418558678900865e+01
3.837549999999999955e+02 9.536996967491197097e+01
3.831159999999999854e+02 9.222374653325172744e+01
3.824759999999999991e+02 9.080988913764234383e+01
3.818380000000000223e+02 8.711099273837184853e+01
3.811990000000000123e+02 7.252534761170272759e+01
3.805600000000000023e+02 8.034381388988306583e+01
3.799220000000000255e+02 7.669841913175561388e+01
3.792830000000000155e+02 6.794655092756447345e+01
3.786440000000000055e+02 7.343501943916712094e+01
3.780049999999999955e+02 6.756345263804327317e+01
3.773650000000000091e+02 6.965015529188201526e+01
3.767259999999999991e+02 9.029092293288688609e+01
3.760860000000000127e+02 8.835400523666058348e+01
3.754470000000000027e+02 1.065850381982867390e+02
3.748079999999999927e+02 1.051668448381004595e+02
3.741689999999999827e+02 1.104389958512004455e+02
3.735299999999999727e+02 1.162443831098388500e+02
3.728890000000000100e+02 1.175921182551055892e+02
3.722500000000000000e+02 1.084228884355321583e+02
3.716100000000000136e+02 1.224391922958352836e+02
3.709710000000000036e+02 1.122136976747297723e+02
3.703310000000000173e+02 1.075315180119251437e+02
3.696909999999999741e+02 1.039464128293564187e+02
3.690500000000000114e+02 1.063720853268376345e+02
3.684110000000000014e+02 1.006444882566457864e+02
3.677710000000000150e+02 9.819401564948047678e+01
3.671309999999999718e+02 9.359635017580005467e+01
3.664909999999999854e+02 1.073349174733490798e+02
3.658509999999999991e+02 9.897202739236499269e+01
3.652099999999999795e+02 9.869723251050830015e+01
3.645699999999999932e+02 1.106919527660446647e+02
3.639300000000000068e+02 1.082495188318312955e+02
3.632900000000000205e+02 1.068756097311866426e+02
3.626490000000000009e+02 1.092142227890291650e+02
3.620079999999999814e+02 1.062714032091168264e+02
3.613670000000000186e+02 1.043876230545443917e+02
3.607269999999999754e+02 9.674658563386286403e+01
3.600869999999999891e+02 9.961075112496503436e+01
3.594460000000000264e+02 8.994145848238423469e+01
3.588039999999999736e+02 8.289958544463412693e+01
3.581639999999999873e+02 8.007412039904021128e+01
3.575230000000000246e+02 7.363789562275012202e+01
3.568829999999999814e+02 8.270055848868402393e+01
3.562420000000000186e+02 7.989219543698847303e+01
3.556000000000000227e+02 8.120698863054245464e+01
3.549590000000000032e+02 8.506037539102727862e+01
3.543179999999999836e+02 7.665566025703004982e+01
3.536770000000000209e+02 7.898042850305098739e+01
3.530350000000000250e+02 9.040377489740103556e+01
3.523940000000000055e+02 9.317302845094600627e+01
3.517520000000000095e+02 9.290081642302882869e+01
3.511109999999999900e+02 7.504033090101368941e+01
3.504689999999999941e+02 8.133689065361026849e+01
3.498269999999999982e+02 8.359489971745968262e+01
3.491859999999999786e+02 8.185546364780691420e+01
3.485450000000000159e+02 8.013054758816957701e+01
3.479019999999999868e+02 7.839904319440415748e+01
3.472599999999999909e+02 7.323621373955101888e+01
3.466190000000000282e+02 7.203466385335751454e+01
3.459769999999999754e+02 6.985739579154355283e+01
3.453340000000000032e+02 7.601335742858509548e+01
3.446929999999999836e+02 7.969008073756700128e+01
3.440509999999999877e+02 7.653270567412822345e+01
3.434089999999999918e+02 7.533401241442287244e+01
3.427660000000000196e+02 7.027605824539357116e+01
3.421240000000000236e+02 8.019216007456037687e+01
3.414820000000000277e+02 8.235471160316410533e+01
3.408399999999999750e+02 8.162390840928736679e+01
3.401970000000000027e+02 8.568500477909641688e+01
3.395539999999999736e+02 8.637807529138211748e+01
3.389119999999999777e+02 8.373991170521853178e+01
3.382690000000000055e+02 8.586403326559195648e+01
3.376259999999999764e+02 9.740063871673781648e+01
3.369839999999999804e+02 1.046364327404862422e+02
3.363419999999999845e+02 1.001005081562731789e+02
3.356979999999999791e+02 9.371261184470480998e+01
3.350550000000000068e+02 9.203007271679570067e+01
3.344130000000000109e+02 8.757136809282422973e+01
3.337690000000000055e+02 8.868782829101311904e+01
3.331259999999999764e+02 9.072986257827008671e+01
3.324830000000000041e+02 1.028853001622360210e+02
3.318389999999999986e+02 9.707177057114439833e+01
3.311960000000000264e+02 1.045492875267309500e+02
3.305539999999999736e+02 1.010318769503960681e+02
3.299110000000000014e+02 1.070904224562834628e+02
3.292660000000000196e+02 1.108467820213600277e+02
3.286229999999999905e+02 1.168369012489623060e+02
3.279800000000000182e+02 1.146778073697428368e+02
3.273360000000000127e+02 1.111678696177106360e+02
3.266929999999999836e+02 1.005228896481301462e+02
3.260489999999999782e+02 9.842507049688786935e+01
3.254049999999999727e+02 9.589163716580544872e+01
3.247610000000000241e+02 1.009209786480741684e+02
3.241179999999999950e+02 9.706750449847612572e+01
3.234730000000000132e+02 9.940887566257951846e+01
3.228290000000000077e+02 9.953393759630804993e+01
3.221840000000000259e+02 1.075585884088406203e+02
3.215409999999999968e+02 1.080900602369901264e+02
3.208969999999999914e+02 1.168913641291047867e+02
3.202520000000000095e+02 1.217445012774063002e+02
3.196080000000000041e+02 1.209232675599786972e+02
3.189639999999999986e+02 1.244244633839767573e+02
3.183190000000000168e+02 1.296236229295266185e+02
3.176750000000000114e+02 1.214966487508252442e+02
3.170310000000000059e+02 1.087294060280074177e+02
3.163860000000000241e+02 1.083670293919620775e+02
3.157420000000000186e+02 1.054822569072537135e+02
3.150980000000000132e+02 9.879653686396929402e+01
3.144519999999999982e+02 9.678681920386873117e+01
3.138079999999999927e+02 9.353467517032480316e+01
3.131619999999999777e+02 9.155713174733588744e+01
3.125179999999999723e+02 8.875310160522118963e+01
3.118729999999999905e+02 8.971314973146189686e+01
3.112269999999999754e+02 1.043787304171826378e+02
3.105830000000000268e+02 9.783242254083791067e+01
3.099370000000000118e+02 9.503844334960120932e+01
3.092919999999999732e+02 9.596834386261471650e+01
3.086469999999999914e+02 9.319768733681657125e+01
3.080009999999999764e+02 1.014755980921141685e+02
3.073570000000000277e+02 1.060283905057461027e+02
3.067099999999999795e+02 1.073155671920851546e+02
3.060649999999999977e+02 1.053418250291587270e+02
3.054200000000000159e+02 1.045892071493765059e+02
3.047740000000000009e+02 1.038505977569298011e+02
3.041290000000000191e+02 1.031148224347385991e+02
3.034820000000000277e+02 1.139511697392574945e+02
3.028369999999999891e+02 1.207395601165542303e+02
3.021920000000000073e+02 1.258850679587263812e+02
3.015450000000000159e+02 1.219209737729864713e+02
3.008999999999999773e+02 1.136326284773357713e+02
3.002529999999999859e+02 1.246518333925588706e+02
2.996080000000000041e+02 1.195398846502894514e+02
2.989610000000000127e+02 1.136723588375570415e+02
2.983149999999999977e+02 1.234143845547063023e+02
2.976700000000000159e+02 1.179670645686656769e+02
2.970230000000000246e+02 1.183391025278084783e+02
2.963770000000000095e+02 1.106212109668571344e+02
2.957300000000000182e+02 1.079566425348599381e+02
2.950840000000000032e+02 1.110352308295116188e+02
2.944370000000000118e+02 1.026572424391581393e+02
2.937909999999999968e+02 1.057309773686610583e+02
2.931429999999999723e+02 1.235413394379218204e+02
2.924970000000000141e+02 1.227473056332602965e+02
2.918500000000000227e+02 1.166917029452435628e+02
2.912040000000000077e+02 1.144198578247171696e+02
2.905570000000000164e+02 1.196212498711583265e+02
2.899100000000000250e+02 1.262972830803012556e+02
2.892629999999999768e+02 1.362431100796504779e+02
2.886159999999999854e+02 1.420693080711788241e+02
2.879689999999999941e+02 1.460025265668474788e+02
2.873210000000000264e+02 1.462366414458336124e+02
2.866750000000000114e+02 1.442682211868674358e+02
2.860269999999999868e+02 1.517935207072934247e+02
2.853799999999999955e+02 1.541759865323304837e+02
2.847320000000000277e+02 1.521942230460361714e+02
2.840849999999999795e+02 1.592411112255203136e+02
2.834370000000000118e+02 1.622887011356749269e+02
2.827900000000000205e+02 1.692423451374927765e+02
2.821419999999999959e+02 1.750863667479601418e+02
2.814950000000000045e+02 1.776680539539056269e+02
2.808469999999999800e+02 1.841487519459649320e+02
2.801990000000000123e+02 1.778502440752055804e+02
2.795509999999999877e+02 1.737029261468395589e+02
2.789039999999999964e+02 1.755586501191116326e+02
2.782549999999999955e+02 1.752809839559939462e+02
2.776080000000000041e+02 1.753621013097442471e+02
2.769590000000000032e+02 1.726578177397629474e+02
2.763120000000000118e+02 1.758486440984790420e+02
2.756630000000000109e+02 1.724731771118516690e+02
2.750149999999999864e+02 1.752859084091850832e+02
2.743659999999999854e+02 1.897293215661434544e+02
2.737189999999999941e+02 2.006410440164530939e+02
2.730699999999999932e+02 2.033291640506282079e+02
2.724220000000000255e+02 2.002249129637710610e+02
2.717730000000000246e+02 1.954618249601013815e+02
2.711240000000000236e+02 1.917311397283290546e+02
2.704759999999999991e+02 1.856876765986388307e+02
2.698260000000000218e+02 1.886858545781840064e+02
2.691779999999999973e+02 1.946560389700046017e+02
2.685289999999999964e+02 1.850050400150843473e+02
2.678809999999999718e+02 1.823452828482824373e+02
2.672309999999999945e+02 1.790597145829173087e+02
2.665830000000000268e+02 1.826631428903754113e+02
2.659329999999999927e+02 1.950581973847086203e+02
2.652839999999999918e+02 2.002060812714642850e+02
2.646349999999999909e+02 2.085471067873318702e+02
2.639850000000000136e+02 2.029395031232813551e+02
2.633369999999999891e+02 2.002555751898537153e+02
2.626870000000000118e+02 2.052922191546017814e+02
2.620380000000000109e+02 2.003884221617117021e+02
2.613879999999999768e+02 2.082317503565742527e+02
2.607400000000000091e+02 2.036678974360470704e+02
2.600899999999999750e+02 1.943758094608534464e+02
2.594390000000000214e+02 1.990005400939272135e+02
2.587900000000000205e+02 1.948056829046886946e+02
2.581399999999999864e+02 1.950154664270021385e+02
2.574909999999999854e+02 1.930429347674328540e+02
2.568410000000000082e+02 2.019278923103545651e+02
2.561899999999999977e+02 2.085859770991244204e+02
2.555409999999999968e+02 2.044122477561659821e+02
2.548899999999999864e+02 2.085458587577043090e+02
2.542410000000000139e+02 2.080687008652207908e+02
2.535910000000000082e+02 2.008871430326590541e+02
2.529399999999999977e+02 2.007258258285810371e+02
2.522899999999999920e+02 2.032948212601988587e+02
2.516399999999999864e+02 2.094322240972686302e+02
2.509900000000000091e+02 1.999417092047456208e+02
2.503389999999999986e+02 2.003684162982189889e+02
2.496879999999999882e+02 2.046597647950344196e+02
2.490380000000000109e+02 2.053452407976122345e+02
2.483870000000000005e+02 2.113470700131260003e+02
2.477359999999999900e+02 2.167012186789822010e+02
2.470860000000000127e+02 2.138153552078692599e+02
2.464350000000000023e+02 2.199845604672555908e+02
2.457849999999999966e+02 2.104161747848905577e+02
2.451330000000000098e+02 2.150959619817570569e+02
2.444819999999999993e+02 2.107956599921527072e+02
2.438319999999999936e+02 2.071081631269454419e+02
2.431800000000000068e+02 2.042884164641902203e+02
2.425289999999999964e+02 2.034868557016152693e+02
2.418779999999999859e+02 2.111932831529524606e+02
2.412270000000000039e+02 2.163008594122528052e+02
2.405749999999999886e+02 2.109462188375368896e+02
2.399240000000000066e+02 2.196382093084884843e+02
2.392719999999999914e+02 2.187722453232834710e+02
2.386200000000000045e+02 2.226303440386561761e+02
2.379699999999999989e+02 2.211889774764032097e+02
2.373180000000000121e+02 2.269273701523686668e+02
2.366670000000000016e+02 2.260262521263769031e+02
2.360149999999999864e+02 2.253855956975290553e+02
2.353629999999999995e+02 2.293909651385355062e+02
2.347100000000000080e+02 2.374275366374508280e+02
2.340600000000000023e+02 2.356541396974999145e+02
2.334070000000000107e+02 2.341640704506707493e+02
2.327549999999999955e+02 2.426074181980404489e+02
2.321040000000000134e+02 2.488310796863315204e+02
2.314509999999999934e+02 2.470232783602837685e+02
2.307980000000000018e+02 2.528996170552130707e+02
2.301469999999999914e+02 2.518670863891497049e+02
2.294939999999999998e+02 2.482049008115548361e+02
2.288420000000000130e+02 2.427360712237411349e+02
2.281899999999999977e+02 2.508584789623430993e+02
2.275370000000000061e+02 2.568312626574195292e+02
2.268839999999999861e+02 2.599113464944569500e+02
2.262330000000000041e+02 2.652591455387942005e+02
2.255800000000000125e+02 2.723631989562225613e+02
2.249269999999999925e+02 2.714873685928234295e+02
2.242729999999999961e+02 2.723946556022733034e+02
2.236220000000000141e+02 2.778313819305606671e+02
2.229679999999999893e+02 2.789403928569189475e+02
2.223149999999999977e+02 2.805224029020849343e+02
2.216630000000000109e+02 2.761020721230325989e+02
2.210099999999999909e+02 2.711934158699422710e+02
2.203559999999999945e+02 2.660760671471380192e+02
2.197019999999999982e+02 2.634686247592941868e+02
2.190500000000000114e+02 2.640701620624470820e+02
2.183969999999999914e+02 2.634310894065396269e+02
2.177429999999999950e+02 2.620619655724804602e+02
2.170889999999999986e+02 2.631238622774351370e+02
2.164370000000000118e+02 2.583693995288010115e+02
2.157829999999999870e+02 2.615901426192387476e+02
2.151289999999999907e+02 2.585411679118846564e+02
2.144749999999999943e+02 2.645776797318396234e+02
2.138220000000000027e+02 2.641446922759017184e+02
2.131680000000000064e+02 2.641758835522384743e+02
2.125140000000000100e+02 2.651448377072512130e+02
2.118600000000000136e+02 2.604732568955536181e+02
2.112069999999999936e+02 2.649341770157666360e+02
2.105529999999999973e+02 2.623762935403912024e+02
2.098979999999999961e+02 2.600660932286740490e+02
2.092439999999999998e+02 2.561486497296334051e+02
2.085910000000000082e+02 2.552507683294534502e+02
2.079360000000000070e+02 2.538911606602833331e+02
2.072820000000000107e+02 2.520811349907682200e+02
2.066270000000000095e+02 2.462074983372689587e+02
2.059739999999999895e+02 2.496147286765737476e+02
2.053189999999999884e+02 2.482685206574612380e+02
2.046639999999999873e+02 2.451477138789083199e+02
2.040089999999999861e+02 2.449315905461959915e+02
2.033540000000000134e+02 2.440456292918287318e+02
2.027009999999999934e+02 2.367855058954919514e+02
2.020459999999999923e+02 2.339547766260141657e+02
2.013909999999999911e+02 2.285265726046573889e+02
2.007350000000000136e+02 2.326951366772293568e+02
2.000800000000000125e+02 2.301184335262800857e+02
1.994259999999999877e+02 2.249747861161314688e+02
1.987709999999999866e+02 2.241540895240761415e+02
1.981160000000000139e+02 2.218458641125644988e+02
1.974600000000000080e+02 2.242125426597732201e+02
1.968050000000000068e+02 2.191588312057888288e+02
1.961510000000000105e+02 2.175209486961895209e+02
1.954950000000000045e+02 2.217381295067033307e+02
1.948389999999999986e+02 2.167421719886748406e+02
1.941839999999999975e+02 2.136546910898830447e+02
1.935279999999999916e+02 2.149202944789242054e+02
1.928739999999999952e+02 2.167820379284134731e+02
1.922179999999999893e+02 2.153522985203308622e+02
1.915620000000000118e+02 2.200289139509138749e+02
1.909060000000000059e+02 2.266832357831409013e+02
1.902500000000000000e+02 2.290349780109509084e+02
1.895939999999999941e+02 2.249309709811108746e+02
1.889389999999999930e+02 2.296387822096880598e+02
1.882829999999999870e+02 2.329099651559911024e+02
1.876270000000000095e+02 2.365343044600118105e+02
1.869699999999999989e+02 2.346097592118492798e+02
1.863139999999999930e+02 2.334751484530290782e+02
1.856570000000000107e+02 2.288310161246064069e+02
1.850010000000000048e+02 2.253937210235066004e+02
1.843460000000000036e+02 2.277683285959359409e+02
1.836889999999999930e+02 2.314558975423491347e+02
1.830329999999999870e+02 2.349023324785813145e+02
1.823760000000000048e+02 2.364110434765857178e+02
1.817189999999999941e+02 2.341116515664725455e+02
1.810620000000000118e+02 2.446271004815713752e+02
1.804050000000000011e+02 2.522169515849670915e+02
1.797500000000000000e+02 2.548661100270238649e+02
1.790929999999999893e+02 2.610165188127949705e+02
1.784360000000000070e+02 2.606340406805024941e+02
1.777789999999999964e+02 2.628150348562280101e+02
1.771220000000000141e+02 2.633142757487569838e+02
1.764650000000000034e+02 2.639864108153860229e+02
1.758069999999999879e+02 2.653578163450027887e+02
1.751500000000000057e+02 2.623928381605146001e+02
1.744939999999999998e+02 2.640929598276347861e+02
1.738369999999999891e+02 2.689788050873364682e+02
1.731790000000000020e+02 2.716737051413538779e+02
1.725219999999999914e+02 2.753902379067064885e+02
1.718640000000000043e+02 2.802820886887944312e+02
1.712059999999999889e+02 2.838870272480751282e+02
1.705490000000000066e+02 2.865827286748363463e+02
1.698909999999999911e+02 2.876772730148393862e+02
1.692330000000000041e+02 2.860030352016239590e+02
1.685749999999999886e+02 2.839907207406869816e+02
1.679190000000000111e+02 2.865799768266084584e+02
1.672609999999999957e+02 2.845608127580662199e+02
1.666030000000000086e+02 2.894438878302374292e+02
1.659449999999999932e+02 2.843961347429069519e+02
1.652870000000000061e+02 2.780595819602512506e+02
1.646279999999999859e+02 2.778948233393879264e+02
1.639699999999999989e+02 2.805193270959834422e+02
1.633120000000000118e+02 2.849062932989788806e+02
1.626539999999999964e+02 2.848368697019199089e+02
1.619950000000000045e+02 2.807020867833979878e+02
1.613369999999999891e+02 2.790190592526595310e+02
1.606779999999999973e+02 2.744532684645080280e+02
1.600190000000000055e+02 2.742254783643423934e+02
1.593609999999999900e+02 2.755772661054843411e+02
1.587040000000000077e+02 2.753275969714903226e+02
1.580449999999999875e+02 2.764673942204297532e+02
1.573859999999999957e+02 2.746225507009927469e+02
1.567270000000000039e+02 2.758840927728714405e+02
1.560680000000000121e+02 2.740391417357473074e+02
1.554089999999999918e+02 2.738858069629629881e+02
1.547500000000000000e+02 2.744807245384012049e+02
1.540910000000000082e+02 2.726332837581520039e+02
1.534319999999999879e+02 2.722962046041640747e+02
1.527729999999999961e+02 2.718001226068242318e+02
1.521140000000000043e+02 2.693587787442870081e+02
1.514540000000000077e+02 2.685603113162110276e+02
1.507949999999999875e+02 2.677560024729480119e+02
1.501359999999999957e+02 2.760226168999135439e+02
1.494759999999999991e+02 2.783605936215846555e+02
1.488170000000000073e+02 2.789179926993019762e+02
1.481570000000000107e+02 2.840569282636924981e+02
1.474970000000000141e+02 2.831146279154547756e+02
1.468379999999999939e+02 2.855795304514700774e+02
1.461779999999999973e+02 2.865866032912963988e+02
1.455180000000000007e+02 2.907954094748848206e+02
1.448580000000000041e+02 2.917277592687688070e+02
1.441980000000000075e+02 2.854099772828417940e+02
1.435380000000000109e+02 2.878479360883648042e+02
1.428779999999999859e+02 2.890043994136494803e+02
1.422179999999999893e+02 2.925870428963599466e+02
1.415579999999999927e+02 2.933981558177922011e+02
1.408979999999999961e+02 2.935069778792152988e+02
1.402379999999999995e+02 2.933280018747694271e+02
1.395769999999999982e+02 2.925990136354016045e+02
1.389170000000000016e+02 2.958355751066474113e+02
1.382560000000000002e+02 3.032144869626405352e+02
1.375960000000000036e+02 3.072215573062163116e+02
1.369350000000000023e+02 3.103803379868627985e+02
1.362750000000000057e+02 3.111589100364157048e+02
1.356140000000000043e+02 3.149852546906629982e+02
1.349540000000000077e+02 3.183614138250720771e+02
1.342930000000000064e+02 3.252192214803336014e+02
1.336320000000000050e+02 3.318418550236739293e+02
1.329710000000000036e+02 3.356099361066922029e+02
1.323100000000000023e+02 3.376927111253501153e+02
1.316490000000000009e+02 3.445388085805915921e+02
1.309879999999999995e+02 3.462464546587087852e+02
1.303269999999999982e+02 3.470586297308316261e+02
1.296659999999999968e+02 3.535238196169775051e+02
1.290049999999999955e+02 3.557946120186219900e+02
1.283420000000000130e+02 3.556142471248908237e+02
1.276809999999999974e+02 3.562489188875671857e+02
1.270190000000000055e+02 3.600275338931519968e+02
1.263580000000000041e+02 3.558885802257290720e+02
1.256959999999999980e+02 3.506090299079484680e+02
1.250349999999999966e+02 3.511567965834061624e+02
1.243730000000000047e+02 3.502941716970195785e+02
1.237120000000000033e+02 3.481620985708302101e+02
1.230499999999999972e+02 3.482967940713716644e+02
1.223880000000000052e+02 3.469382326012096200e+02
1.217259999999999991e+02 3.403232877829087215e+02
1.210639999999999930e+02 3.323296955607805785e+02
1.204030000000000058e+02 3.312560874598533474e+02
1.197409999999999997e+02 3.284164471600697652e+02
1.190780000000000030e+02 3.196110348130515035e+02
1.184150000000000063e+02 3.166100882334620223e+02
1.177530000000000001e+02 3.114973008945469815e+02
1.170909999999999940e+02 3.048336691146010367e+02
1.164279999999999973e+02 2.983404663210133663e+02
1.157660000000000053e+02 2.951705718451831899e+02
1.151039999999999992e+02 2.910807135985345440e+02
1.144410000000000025e+02 2.848531193460138411e+02
1.137789999999999964e+02 2.789972349902474207e+02
1.131159999999999997e+02 2.771775535532476624e+02
1.124539999999999935e+02 2.737418483154033879e+02
1.117890000000000015e+02 2.700170772740295320e+02
1.111269999999999953e+02 2.687296835453918789e+02
1.104639999999999986e+02 2.645620591462244420e+02
1.098010000000000019e+02 2.609238495269185023e+02
1.091380000000000052e+02 2.565366757533365671e+02
1.084749999999999943e+02 2.542216789279292186e+02
1.078119999999999976e+02 2.463523662238782208e+02
1.071490000000000009e+02 2.415329956356139292e+02
1.064849999999999994e+02 2.306899689916417060e+02
1.058209999999999980e+02 2.215095192595231595e+02
1.051580000000000013e+02 2.102166808454847740e+02
1.044950000000000045e+02 2.062807543540369579e+02
1.038319999999999936e+02 1.976203119681709097e+02
1.031680000000000064e+02 1.899775719466950363e+02
1.025049999999999955e+02 1.828871558716914478e+02
1.018400000000000034e+02 1.797296179097823199e+02
1.011760000000000019e+02 1.746568880357339424e+02
1.005130000000000052e+02 1.755489304090042424e+02
9.984900000000000375e+01 1.750073190934739955e+02
9.918529999999999802e+01 1.736772146855665255e+02
9.852150000000000318e+01 1.717420621857088463e+02
9.785769999999999413e+01 1.757014720720278831e+02
9.719230000000000302e+01 1.806004232035281234e+02
9.652830000000000155e+01 1.851382735975253979e+02
9.586430000000000007e+01 1.885773198311512715e+02
9.520029999999999859e+01 1.933398728546081315e+02
9.453610000000000468e+01 2.003683626362938810e+02
9.387199999999999989e+01 2.072542898180716406e+02
9.320619999999999550e+01 2.115234786760172483e+02
9.254200000000000159e+01 2.164737148491559537e+02
9.187760000000000105e+01 2.164170725301653988e+02
9.121320000000000050e+01 2.178217868001184740e+02
9.054879999999999995e+01 2.173887143727442322e+02
8.988280000000000314e+01 2.211649117715863611e+02
8.921819999999999595e+01 2.211853459465703224e+02
8.855360000000000298e+01 2.192873662297038777e+02
8.788890000000000668e+01 2.172424957068945162e+02
8.722419999999999618e+01 2.205459899958103449e+02
8.655939999999999657e+01 2.229470012645066390e+02
8.589300000000000068e+01 2.266664803058326356e+02
8.522809999999999775e+01 2.273898263129777320e+02
8.456319999999999482e+01 2.297114770642205883e+02
8.389820000000000277e+01 2.286978811302961674e+02
8.323160000000000025e+01 2.301250189183365364e+02
8.256650000000000489e+01 2.300985620183394929e+02
8.190130000000000621e+01 2.319666960977754968e+02
8.123609999999999332e+01 2.319879329550346938e+02
8.057080000000000553e+01 2.283934793254891247e+02
7.990389999999999304e+01 2.284396231724829534e+02
7.923850000000000193e+01 2.297048465957610688e+02
7.857299999999999329e+01 2.316285581367798159e+02
7.790749999999999886e+01 2.325005231906876304e+02
7.724039999999999395e+01 2.322253831641073418e+02
7.657479999999999620e+01 2.331207639210551577e+02
7.590909999999999513e+01 2.300535099913295483e+02
7.524339999999999407e+01 2.309326656526902184e+02
7.457760000000000389e+01 2.303962909773494800e+02
7.391020000000000323e+01 2.259141014961512610e+02
7.324429999999999552e+01 2.237227607938246763e+02
7.257829999999999870e+01 2.187271369234425720e+02
7.191230000000000189e+01 2.153297433344746423e+02
7.124469999999999459e+01 2.139411971482687136e+02
7.057850000000000534e+01 2.111008543816609233e+02
6.991230000000000189e+01 2.114805231132486938e+02
6.924609999999999843e+01 2.075051177690076827e+02
6.857829999999999870e+01 2.060343315153473895e+02
6.791190000000000282e+01 2.041102224839640655e+02
6.724550000000000693e+01 2.011442864533208592e+02
6.657750000000000057e+01 1.992754331801655212e+02
6.591100000000000136e+01 1.955394841190868647e+02
6.524439999999999884e+01 1.937435619447198292e+02
6.457769999999999300e+01 1.908465748856358175e+02
6.390950000000000131e+01 1.872927342238238850e+02
6.324269999999999925e+01 1.853624989080054775e+02
6.257589999999999719e+01 1.843859002105321849e+02
6.190899999999999892e+01 1.830376046800671475e+02
6.124060000000000059e+01 1.810329437449211412e+02
6.057359999999999900e+01 1.794176858117492088e+02
5.990659999999999741e+01 1.779388233590676407e+02
5.923799999999999955e+01 1.736472480896258332e+02
5.857079999999999842e+01 1.690959854146280463e+02
5.790359999999999729e+01 1.676058139102148914e+02
5.723629999999999995e+01 1.647385942038262385e+02
5.656750000000000256e+01 1.607212877506011637e+02
5.590010000000000190e+01 1.591133744617814898e+02
5.523270000000000124e+01 1.563164568163321917e+02
5.456360000000000099e+01 1.544019805002130852e+02
5.389609999999999701e+01 1.531271105660639762e+02
5.322849999999999682e+01 1.530086418248573352e+02
5.255930000000000035e+01 1.536637039221840269e+02
5.189159999999999684e+01 1.501747776076900038e+02
5.122379999999999711e+01 1.490570098719676935e+02
5.055440000000000111e+01 1.474756603365400167e+02
4.988660000000000139e+01 1.449518930704203399e+02
4.921860000000000213e+01 1.422923800954251874e+02
4.854910000000000281e+01 1.398731288293477064e+02
4.788100000000000023e+01 1.388152868831509181e+02
4.721289999999999765e+01 1.367758236070782800e+02
4.654319999999999879e+01 1.338694977382468210e+02
4.587500000000000000e+01 1.323108161063520924e+02
4.520669999999999789e+01 1.286088959264268112e+02
4.453679999999999950e+01 1.264369697499218717e+02
4.386840000000000117e+01 1.245154370030769400e+02
4.320000000000000284e+01 1.239239144209718546e+02
4.252989999999999782e+01 1.212222416722469802e+02
4.186129999999999995e+01 1.182327603934503344e+02
4.119270000000000209e+01 1.143650475381934370e+02
4.052250000000000085e+01 1.120181112007587245e+02
3.985379999999999967e+01 1.103027545477873872e+02
3.918500000000000227e+01 1.091192580116499329e+02
3.851460000000000150e+01 1.070838995173900798e+02
3.784570000000000078e+01 1.048292761453550810e+02
3.717519999999999669e+01 1.019931561077282822e+02
3.650619999999999976e+01 9.947538882476753486e+01
3.583709999999999951e+01 9.785169387581909461e+01
3.516640000000000299e+01 9.610876255391350753e+01
3.449719999999999942e+01 9.350848540333969083e+01
3.382800000000000296e+01 9.157599935895430576e+01
3.315709999999999980e+01 8.882032849062740354e+01
3.248780000000000001e+01 8.523417934997796408e+01
3.181680000000000064e+01 8.288811229302490347e+01
3.114730000000000132e+01 8.108675017429472121e+01
3.047779999999999845e+01 7.976514160561227129e+01
2.980669999999999931e+01 7.621834960460232367e+01
2.913700000000000045e+01 7.430220002659561374e+01
2.846730000000000160e+01 7.264945137666566666e+01
2.779599999999999937e+01 6.966825648047986874e+01
2.712620000000000076e+01 6.746008756347248436e+01
2.645479999999999876e+01 6.550945866422134145e+01
2.578490000000000038e+01 6.319838050811231511e+01
2.511329999999999885e+01 6.024979441493383092e+01
2.444330000000000069e+01 5.723639038665982071e+01
2.377319999999999922e+01 5.545788811286450226e+01
2.310150000000000148e+01 5.232867606973850627e+01
2.243130000000000024e+01 4.987642391378493301e+01
2.175949999999999918e+01 4.747627748365395917e+01
2.108909999999999840e+01 4.492460077811509933e+01
2.041870000000000118e+01 4.281781481474174456e+01
1.974680000000000035e+01 3.996143897106771448e+01
1.907629999999999981e+01 3.779513466959165413e+01
1.840419999999999945e+01 3.581641677474985386e+01
1.773349999999999937e+01 3.355709962267681590e+01
1.706129999999999924e+01 3.207242552812044778e+01
1.639059999999999917e+01 2.991060211496701982e+01
1.571979999999999933e+01 2.817613232414901958e+01
1.504739999999999966e+01 2.678635272367256093e+01
1.437650000000000006e+01 2.519975663711887393e+01
1.370410000000000039e+01 2.402190428616393802e+01
1.303299999999999947e+01 2.239823060800333110e+01
1.236040000000000028e+01 2.100457515340656656e+01
1.168929999999999936e+01 1.959873822341171490e+01
1.101660000000000039e+01 1.861388534657450933e+01
1.034529999999999994e+01 1.826881436488164212e+01
9.672489999999999810e+00 1.767274150623990892e+01
9.001129999999999853e+00 1.705763367535790564e+01
8.329710000000000392e+00 1.624872443080324302e+01
7.656710000000000349e+00 1.582278882723156599e+01
6.985170000000000101e+00 1.644742333228769482e+01
6.312050000000000161e+00 1.674687997705743925e+01
5.640399999999999636e+00 1.671117288110168886e+01
4.967170000000000307e+00 1.602567540032527305e+01
4.295410000000000394e+00 1.482389503013888188e+01
3.622059999999999835e+00 1.331116095777886699e+01
2.950180000000000025e+00 1.145749705270142549e+01
2.276720000000000077e+00 9.375260739024524170e+00
1.604729999999999990e+00 6.883871015187756903e+00
9.311519999999999797e-01 4.013943263262235384e+00
2.590439999999999965e-01 1.115182797236420553e+00
