4.498670000000000186e+02 9.981245703588017193e+01
4.492339999999999804e+02 7.899576820859408599e+01
4.486009999999999991e+02 6.948645037555991166e+01
4.479680000000000177e+02 9.732836092463038824e+01
4.473360000000000127e+02 9.433657611540715493e+01
4.467029999999999745e+02 8.948606035692905891e+01
4.460690000000000168e+02 1.059908375934853950e+02
4.454359999999999786e+02 9.559574724376015809e+01
4.448029999999999973e+02 9.263143935871961787e+01
4.441689999999999827e+02 1.007309790222793708e+02
4.435360000000000014e+02 1.106334329180668874e+02
4.429019999999999868e+02 1.296728910454309016e+02
4.422699999999999818e+02 1.120001830650337951e+02
4.416360000000000241e+02 1.263834715259383472e+02
4.410029999999999859e+02 1.252076212890053597e+02
4.403690000000000282e+02 1.140305622003776449e+02
4.397350000000000136e+02 1.137933856277389992e+02
4.391009999999999991e+02 1.108401665636189080e+02
4.384669999999999845e+02 8.980928864117723265e+01
4.378330000000000268e+02 9.593231912613326529e+01
4.371990000000000123e+02 8.853118528440319324e+01
4.365649999999999977e+02 9.463185542774303372e+01
4.359329999999999927e+02 7.381525221230219813e+01
4.352980000000000018e+02 6.113346382388009204e+01
4.346639999999999873e+02 6.011326701761729652e+01
4.340299999999999727e+02 6.265671759950746633e+01
4.333960000000000150e+02 6.252386351961526856e+01
4.327610000000000241e+02 8.545601438808463968e+01
4.321270000000000095e+02 7.730539897008448236e+01
4.314920000000000186e+02 6.389047248881968954e+01
4.308580000000000041e+02 5.758413928198315546e+01
4.302230000000000132e+02 6.362014083476142901e+01
4.295889999999999986e+02 7.313908711801262541e+01
4.289540000000000077e+02 6.071529927909516999e+01
4.283190000000000168e+02 6.845451406951741546e+01
4.276859999999999786e+02 6.831942464916852487e+01
4.270509999999999877e+02 5.859290239591936000e+01
4.264159999999999968e+02 4.891335413612684135e+01
4.257810000000000059e+02 5.833732718004124251e+01
4.251460000000000150e+02 6.512840324174641182e+01
4.245110000000000241e+02 7.792703086557392567e+01
4.238759999999999764e+02 7.861772292395822603e+01
4.232409999999999854e+02 8.618250323496225462e+01
4.226050000000000182e+02 7.570988565393417957e+01
4.219700000000000273e+02 7.725821624764982687e+01
4.213349999999999795e+02 7.965087087676251087e+01
4.206990000000000123e+02 9.139777329663905903e+01
4.200640000000000214e+02 9.204871498715679934e+01
4.194289999999999736e+02 1.020190910208396247e+02
4.187930000000000064e+02 8.233969280403118773e+01
4.181569999999999823e+02 7.793885114293827598e+01
4.175219999999999914e+02 8.282433767276229730e+01
4.168860000000000241e+02 1.011298298707235546e+02
4.162500000000000000e+02 1.101330108364426081e+02
4.156150000000000091e+02 1.115669318214693391e+02
4.149789999999999850e+02 1.146596642973914442e+02
4.143430000000000177e+02 1.177379531677680404e+02
4.137069999999999936e+02 1.058404952124202794e+02
4.130710000000000264e+02 1.230254232536768058e+02
4.124350000000000023e+02 1.310298365275377250e+02
4.117989999999999782e+02 1.373481299961154320e+02
4.111630000000000109e+02 1.320984741127704183e+02
4.105260000000000105e+02 1.268741690277315115e+02
4.098899999999999864e+02 1.306940958635315440e+02
4.092540000000000191e+02 1.124006151118631323e+02
4.086170000000000186e+02 1.137817100539294870e+02
4.079809999999999945e+02 1.208618200640879650e+02
4.073439999999999941e+02 1.157137540012842578e+02
4.067080000000000268e+02 1.105881757370576537e+02
4.060710000000000264e+02 1.232872740173659167e+02
4.054350000000000023e+02 1.052464289968589526e+02
4.047980000000000018e+02 1.074292544017771149e+02
4.041610000000000014e+02 1.039720518125267859e+02
4.035240000000000009e+02 1.117613135400989250e+02
4.028879999999999768e+02 9.470457143990400084e+01
4.022509999999999764e+02 1.024728960988343829e+02
4.016139999999999759e+02 8.471687257910089386e+01
4.009769999999999754e+02 8.611522194690674326e+01
4.003399999999999750e+02 6.767658608231110406e+01
3.997029999999999745e+02 8.176722995336305644e+01
3.990649999999999977e+02 7.684250240367167351e+01
3.984279999999999973e+02 6.170936018336712436e+01
3.977909999999999968e+02 5.764265448305933148e+01
3.971519999999999868e+02 5.592404131737574602e+01
3.965149999999999864e+02 4.407286956789474885e+01
3.958770000000000095e+02 5.021335183508056588e+01
3.952400000000000091e+02 3.296850017302993052e+01
3.946019999999999754e+02 4.532506700268073274e+01
3.939649999999999750e+02 3.204067539008016041e+01
3.933269999999999982e+02 3.042016727320860880e+01
3.926890000000000214e+02 4.809685212147247313e+01
3.920520000000000209e+02 4.490833465208059749e+01
3.914139999999999873e+02 5.862753274180906971e+01
3.907760000000000105e+02 5.925187068950125990e+01
3.901379999999999768e+02 7.898543883015773304e+01
3.895000000000000000e+02 9.635357181019956840e+01
3.888609999999999900e+02 8.701396502130133115e+01
3.882230000000000132e+02 8.908324206619995778e+01
3.875849999999999795e+02 9.796456787684961398e+01
3.869460000000000264e+02 1.060476955616848755e+02
3.863079999999999927e+02 1.156022667586919113e+02
3.856700000000000159e+02 1.213486802140374294e+02
3.850319999999999823e+02 1.278177325428308251e+02
3.843929999999999723e+02 1.155375535882634352e+02
3.837549999999999955e+02 1.227316163736309704e+02
3.831159999999999854e+02 1.187271071840528833e+02
3.824759999999999991e+02 1.169509994482457955e+02
3.818380000000000223e+02 1.122291618193220728e+02
3.811990000000000123e+02 9.347089764028714853e+01
3.805600000000000023e+02 1.035881627234060289e+02
3.799220000000000255e+02 9.892501412346732081e+01
3.792830000000000155e+02 8.766869856755313606e+01
3.786440000000000055e+02 9.478746912594642993e+01
3.780049999999999955e+02 8.724081642923877666e+01
3.773650000000000091e+02 8.997009212795532562e+01
3.767259999999999991e+02 1.166813463816672396e+02
3.760860000000000127e+02 1.142217969044461512e+02
3.754470000000000027e+02 1.378460736672695646e+02
3.748079999999999927e+02 1.360639549587877468e+02
3.741689999999999827e+02 1.429406213579831615e+02
3.735299999999999727e+02 1.505131200998579288e+02
3.728890000000000100e+02 1.523171707677321365e+02
3.722500000000000000e+02 1.404933696601850102e+02
3.716100000000000136e+02 1.587187083591423971e+02
3.709710000000000036e+02 1.455184476600630887e+02
3.703310000000000173e+02 1.395001191510956460e+02
3.696909999999999741e+02 1.349010877606241650e+02
3.690500000000000114e+02 1.381031860128522055e+02
3.684110000000000014e+02 1.307170836978709758e+02
3.677710000000000150e+02 1.275837868628392187e+02
3.671309999999999718e+02 1.216568491107408363e+02
3.664909999999999854e+02 1.395707886240766129e+02
3.658509999999999991e+02 1.287455656887059376e+02
3.652099999999999795e+02 1.284384362025935502e+02
3.645699999999999932e+02 1.441057554081774867e+02
3.639300000000000068e+02 1.409810795347797239e+02
3.632900000000000205e+02 1.392462918803402374e+02
3.626490000000000009e+02 1.423496231710459199e+02
3.620079999999999814e+02 1.385682719186058591e+02
3.613670000000000186e+02 1.361655512330924296e+02
3.607269999999999754e+02 1.262472897765501187e+02
3.600869999999999891e+02 1.300366387092220748e+02
3.594460000000000264e+02 1.174591596479292690e+02
3.588039999999999736e+02 1.083048392186488229e+02
3.581639999999999873e+02 1.046545735930237271e+02
3.575230000000000246e+02 9.627986417021996601e+01
3.568829999999999814e+02 1.081737786514461845e+02
3.562420000000000186e+02 1.045416538855676123e+02
3.556000000000000227e+02 1.063048636121384618e+02
3.549590000000000032e+02 1.113943722358054629e+02
3.543179999999999836e+02 1.004265344580381765e+02
3.536770000000000209e+02 1.035141261960139474e+02
3.530350000000000250e+02 1.185354939581292513e+02
3.523940000000000055e+02 1.222160145063362648e+02
3.517520000000000095e+02 1.219080536173893137e+02
3.511109999999999900e+02 9.850798500113036482e+01
3.504689999999999941e+02 1.068179690878234851e+02
3.498269999999999982e+02 1.098281673081096841e+02
3.491859999999999786e+02 1.075861127378297368e+02
3.485450000000000159e+02 1.053613731569201661e+02
3.479019999999999868e+02 1.031263284611887627e+02
3.472599999999999909e+02 9.637344843658847537e+01
3.466190000000000282e+02 9.483062939204199893e+01
3.459769999999999754e+02 9.200145220524373713e+01
3.453340000000000032e+02 1.001508809380479619e+02
3.446929999999999836e+02 1.050386085779046965e+02
3.440509999999999877e+02 1.009176752221646467e+02
3.434089999999999918e+02 9.937755384067301634e+01
3.427660000000000196e+02 9.274252557357173998e+01
3.421240000000000236e+02 1.058740072229493165e+02
3.414820000000000277e+02 1.087741926575418034e+02
3.408399999999999750e+02 1.078532241187305658e+02
3.401970000000000027e+02 1.132667241986247006e+02
3.395539999999999736e+02 1.142302014998871300e+02
3.389119999999999777e+02 1.107867472657482324e+02
3.382690000000000055e+02 1.136443368191798271e+02
3.376259999999999764e+02 1.289687037504623390e+02
3.369839999999999804e+02 1.386080827484649092e+02
3.363419999999999845e+02 1.326540120290823381e+02
3.356979999999999791e+02 1.242396920678566374e+02
3.350550000000000068e+02 1.220597013043918935e+02
3.344130000000000109e+02 1.161938972244580697e+02
3.337690000000000055e+02 1.177246945832296916e+02
3.331259999999999764e+02 1.204859958584496837e+02
3.324830000000000041e+02 1.366869412737694063e+02
3.318389999999999986e+02 1.290169075097641098e+02
3.311960000000000264e+02 1.390145282902882684e+02
3.305539999999999736e+02 1.343935528435368951e+02
3.299110000000000014e+02 1.425134242486362552e+02
3.292660000000000196e+02 1.475751161835482606e+02
3.286229999999999905e+02 1.556163518969230779e+02
3.279800000000000182e+02 1.528049301631224068e+02
3.273360000000000127e+02 1.481904075978072512e+02
3.266929999999999836e+02 1.340558401678456448e+02
3.260489999999999782e+02 1.313137036090746506e+02
3.254049999999999727e+02 1.279878030721892799e+02
3.247610000000000241e+02 1.347585431746681195e+02
3.241179999999999950e+02 1.296677280310629783e+02
3.234730000000000132e+02 1.328525188254388070e+02
3.228290000000000077e+02 1.330765097165932787e+02
3.221840000000000259e+02 1.438680707288606300e+02
3.215409999999999968e+02 1.446408479581103279e+02
3.208969999999999914e+02 1.564864235694014951e+02
3.202520000000000095e+02 1.630540872536758172e+02
3.196080000000000041e+02 1.620237296080679528e+02
3.189639999999999986e+02 1.667870541358321930e+02
3.183190000000000168e+02 1.738318704475452421e+02
3.176750000000000114e+02 1.630026914680564403e+02
3.170310000000000059e+02 1.459355623517486151e+02
3.163860000000000241e+02 1.455121409251837861e+02
3.157420000000000186e+02 1.416995465824118128e+02
3.150980000000000132e+02 1.327750337192574364e+02
3.144519999999999982e+02 1.301305054051270531e+02
3.138079999999999927e+02 1.258122093181894172e+02
3.131619999999999777e+02 1.232057290600565267e+02
3.125179999999999723e+02 1.194840757295959577e+02
3.118729999999999905e+02 1.208294330703403574e+02
3.112269999999999754e+02 1.406452442596236381e+02
3.105830000000000268e+02 1.318812693088796948e+02
3.099370000000000118e+02 1.281707922396505239e+02
3.092919999999999732e+02 1.294817994150488971e+02
3.086469999999999914e+02 1.257984917925875692e+02
3.080009999999999764e+02 1.370334806720389906e+02
3.073570000000000277e+02 1.432451260186979596e+02
3.067099999999999795e+02 1.450483928417602613e+02
3.060649999999999977e+02 1.424433078598243583e+02
3.054200000000000159e+02 1.414880451169067044e+02
3.047740000000000009e+02 1.405510414194441466e+02
3.041290000000000191e+02 1.396169950235094461e+02
3.034820000000000277e+02 1.543592935173806495e+02
3.028369999999999891e+02 1.636282716291864290e+02
3.021920000000000073e+02 1.706779246206816367e+02
3.015450000000000159e+02 1.653767493867341329e+02
3.008999999999999773e+02 1.542021022818093172e+02
3.002529999999999859e+02 1.692323074542860866e+02
2.996080000000000041e+02 1.623641343221302407e+02
2.989610000000000127e+02 1.544632969349765119e+02
2.983149999999999977e+02 1.677774650906363263e+02
2.976700000000000159e+02 1.604434020867994093e+02
2.970230000000000246e+02 1.610219111930759368e+02
2.963770000000000095e+02 1.505872859513727064e+02
2.957300000000000182e+02 1.470260867847798636e+02
2.950840000000000032e+02 1.512873855141309605e+02
2.944370000000000118e+02 1.399346177850441677e+02
2.937909999999999968e+02 1.441900428973836199e+02
2.931429999999999723e+02 1.685573550200678596e+02
2.924970000000000141e+02 1.675498349573190069e+02
2.918500000000000227e+02 1.593557688491911506e+02
2.912040000000000077e+02 1.563240779788417854e+02
2.905570000000000164e+02 1.635053905925853428e+02
2.899100000000000250e+02 1.727099964671770067e+02
2.892629999999999768e+02 1.863968121705968031e+02
2.886159999999999854e+02 1.944571212594755991e+02
2.879689999999999941e+02 1.999325142699495927e+02
2.873210000000000264e+02 2.003450440882727435e+02
2.866750000000000114e+02 1.977386891773673767e+02
2.860269999999999868e+02 2.081494436286425014e+02
2.853799999999999955e+02 2.115138590253727671e+02
2.847320000000000277e+02 2.088912205336572470e+02
2.840849999999999795e+02 2.186645881351083460e+02
2.834370000000000118e+02 2.229526727935172516e+02
2.827900000000000205e+02 2.326135426732192855e+02
2.821419999999999959e+02 2.407577028737127023e+02
2.814950000000000045e+02 2.444210520272388862e+02
2.808469999999999800e+02 2.534547371081857250e+02
2.801990000000000123e+02 2.448991499134111507e+02
2.795509999999999877e+02 2.392993814890709814e+02
2.789039999999999964e+02 2.419685591924336734e+02
2.782549999999999955e+02 2.416987361375027774e+02
2.776080000000000041e+02 2.419233805405443150e+02
2.769590000000000032e+02 2.383040399678139352e+02
2.763120000000000118e+02 2.428217301471640042e+02
2.756630000000000109e+02 2.382722915357199156e+02
2.750149999999999864e+02 2.422719266594149587e+02
2.743659999999999854e+02 2.623592787490849787e+02
2.737189999999999941e+02 2.775790672656799529e+02
2.730699999999999932e+02 2.814308117907609130e+02
2.724220000000000255e+02 2.772646689600765058e+02
2.717730000000000246e+02 2.707966031443031625e+02
2.711240000000000236e+02 2.657535534970225513e+02
2.704759999999999991e+02 2.574982884699922465e+02
2.698260000000000218e+02 2.617804584707805589e+02
2.691779999999999973e+02 2.701918551163250868e+02
2.685289999999999964e+02 2.569173662793285189e+02
2.678809999999999718e+02 2.533439592124571789e+02
2.672309999999999945e+02 2.488976689229877479e+02
2.665830000000000268e+02 2.540277306487450062e+02
2.659329999999999927e+02 2.713959594133289670e+02
2.652839999999999918e+02 2.786920419513764386e+02
2.646349999999999909e+02 2.904424407672193524e+02
2.639850000000000136e+02 2.827681645598984801e+02
2.633369999999999891e+02 2.791620495814318588e+02
2.626870000000000118e+02 2.863212817876411691e+02
2.620380000000000109e+02 2.796161348171249301e+02
2.613879999999999768e+02 2.907010739733769356e+02
2.607400000000000091e+02 2.844663688775011678e+02
2.600899999999999750e+02 2.716187082636876085e+02
2.594390000000000214e+02 2.782163286938425131e+02
2.587900000000000205e+02 2.724831770420556722e+02
2.581399999999999864e+02 2.729089603639466191e+02
2.574909999999999854e+02 2.702794570944133739e+02
2.568410000000000082e+02 2.828572693110160685e+02
2.561899999999999977e+02 2.923266263086177901e+02
2.555409999999999968e+02 2.866164680425573579e+02
2.548899999999999864e+02 2.925555277379513086e+02
2.542410000000000139e+02 2.920284964123361533e+02
2.535910000000000082e+02 2.820865555847311725e+02
2.529399999999999977e+02 2.819982430065379617e+02
2.522899999999999920e+02 2.857475454406912831e+02
2.516399999999999864e+02 2.945189578069565641e+02
2.509900000000000091e+02 2.813103534468745011e+02
2.503389999999999986e+02 2.820496146966453352e+02
2.496879999999999882e+02 2.882326674640577266e+02
2.490380000000000109e+02 2.893406676412859042e+02
2.483870000000000005e+02 2.979450345271307015e+02
2.477359999999999900e+02 3.056444613574675486e+02
2.470860000000000127e+02 3.017231606565807169e+02
2.464350000000000023e+02 3.105830493001084278e+02
2.457849999999999966e+02 2.972208480394228900e+02
2.451330000000000098e+02 3.039827412081494344e+02
2.444819999999999993e+02 2.980534303810201777e+02
2.438319999999999936e+02 2.929850192948831022e+02
2.431800000000000068e+02 2.891403141828342314e+02
2.425289999999999964e+02 2.881496151663340015e+02
2.418779999999999859e+02 2.992123034332360021e+02
2.412270000000000039e+02 3.066022097384206972e+02
2.405749999999999886e+02 2.991619219457006125e+02
2.399240000000000066e+02 3.116455200831874208e+02
2.392719999999999914e+02 3.105729056326054547e+02
2.386200000000000045e+02 3.162092742913806660e+02
2.379699999999999989e+02 3.143198886456709715e+02
2.373180000000000121e+02 3.226374459188957076e+02
2.366670000000000016e+02 3.215183593347700253e+02
2.360149999999999864e+02 3.207691942446309668e+02
2.353629999999999995e+02 3.266351662098141446e+02
2.347100000000000080e+02 3.382506644628513754e+02
2.340600000000000023e+02 3.358940078817790891e+02
2.334070000000000107e+02 3.339399142328601897e+02
2.327549999999999955e+02 3.461573017837901602e+02
2.321040000000000134e+02 3.552181588675937860e+02
2.314509999999999934e+02 3.528174406368705718e+02
2.307980000000000018e+02 3.613953812117951543e+02
2.301469999999999914e+02 3.601034924687383523e+02
2.294939999999999998e+02 3.550492150386564845e+02
2.288420000000000130e+02 3.474038469137902325e+02
2.281899999999999977e+02 3.592130685385787956e+02
2.275370000000000061e+02 3.679550221919670889e+02
2.268839999999999861e+02 3.725595487437947213e+02
2.262330000000000041e+02 3.804206629264337494e+02
2.255800000000000125e+02 3.908106838697062813e+02
2.249269999999999925e+02 3.897551076343967793e+02
2.242729999999999961e+02 3.912601557583657268e+02
2.236220000000000141e+02 3.992754360066172126e+02
2.229679999999999893e+02 4.010772830356783629e+02
2.223149999999999977e+02 4.035612827391678934e+02
2.216630000000000109e+02 3.974079691181946146e+02
2.210099999999999909e+02 3.905454493658589854e+02
2.203559999999999945e+02 3.833755138731514194e+02
2.197019999999999982e+02 3.798165942062530007e+02
2.190500000000000114e+02 3.808820710869167669e+02
2.183969999999999914e+02 3.801587049790711603e+02
2.177429999999999950e+02 3.783808848393987319e+02
2.170889999999999986e+02 3.801133034963921773e+02
2.164370000000000118e+02 3.734400187571332594e+02
2.157829999999999870e+02 3.782939499490989874e+02
2.151289999999999907e+02 3.740812587327560550e+02
2.144749999999999943e+02 3.830172322191653507e+02
2.138220000000000027e+02 3.825916547854473606e+02
2.131680000000000064e+02 3.828387508414929812e+02
2.125140000000000100e+02 3.844459659299546956e+02
2.118600000000000136e+02 3.778719916342581087e+02
2.112069999999999936e+02 3.845468536676964391e+02
2.105529999999999973e+02 3.810359007941702316e+02
2.098979999999999961e+02 3.778815442532629163e+02
2.092439999999999998e+02 3.723869860599953086e+02
2.085910000000000082e+02 3.712786610693253238e+02
2.079360000000000070e+02 3.694978879976002872e+02
2.072820000000000107e+02 3.670591501873089442e+02
2.066270000000000095e+02 3.586978204887441279e+02
2.059739999999999895e+02 3.638558757012976344e+02
2.053189999999999884e+02 3.620873163790495255e+02
2.046639999999999873e+02 3.577273524239366225e+02
2.040089999999999861e+02 3.576038110430446295e+02
2.033540000000000134e+02 3.565017207840949141e+02
2.027009999999999934e+02 3.460813598427286024e+02
2.020459999999999923e+02 3.421280522362939678e+02
2.013909999999999911e+02 3.343699715502845606e+02
2.007350000000000136e+02 3.406534351272927665e+02
2.000800000000000125e+02 3.370631936299074027e+02
1.994259999999999877e+02 3.297068618575476648e+02
1.987709999999999866e+02 3.286819569193454527e+02
1.981160000000000139e+02 3.254736011793001467e+02
1.974600000000000080e+02 3.291246757216983383e+02
1.968050000000000068e+02 3.218808323346661382e+02
1.961510000000000105e+02 3.196486770551508698e+02
1.954950000000000045e+02 3.260237146694861394e+02
1.948389999999999986e+02 3.188518696097031579e+02
1.941839999999999975e+02 3.144812178134288274e+02
1.935279999999999916e+02 3.165171976540722767e+02
1.928739999999999952e+02 3.194334199489713910e+02
1.922179999999999893e+02 3.175005897204382563e+02
1.915620000000000118e+02 3.245737167844001760e+02
1.909060000000000059e+02 3.345737892400293276e+02
1.902500000000000000e+02 3.382308904813802997e+02
1.895939999999999941e+02 3.323529916127542947e+02
1.889389999999999930e+02 3.394960985389789130e+02
1.882829999999999870e+02 3.445223388411021119e+02
1.876270000000000095e+02 3.500769256769699496e+02
1.869699999999999989e+02 3.474208082162784876e+02
1.863139999999999930e+02 3.459320056731789919e+02
1.856570000000000107e+02 3.392389919463727779e+02
1.850010000000000048e+02 3.343285199328016688e+02
1.843460000000000036e+02 3.380382664878961236e+02
1.836889999999999930e+02 3.437025519288984583e+02
1.830329999999999870e+02 3.490146721036676354e+02
1.823760000000000048e+02 3.514523913184872868e+02
1.817189999999999941e+02 3.482284482705991309e+02
1.810620000000000118e+02 3.640735172970910867e+02
1.804050000000000011e+02 3.755797813155297717e+02
1.797500000000000000e+02 3.797368546679731480e+02
1.790929999999999893e+02 3.891190623326020273e+02
1.784360000000000070e+02 3.887671170866871080e+02
1.777789999999999964e+02 3.922408502651256867e+02
1.771220000000000141e+02 3.932071900674866356e+02
1.764650000000000034e+02 3.944330657480019227e+02
1.758069999999999879e+02 3.967061989573185770e+02
1.751500000000000057e+02 3.924950430943923720e+02
1.744939999999999998e+02 3.952611891398021271e+02
1.738369999999999891e+02 4.028017062792657157e+02
1.731790000000000020e+02 4.070683154620474511e+02
1.725219999999999914e+02 4.128712167692718253e+02
1.718640000000000043e+02 4.204442851260980660e+02
1.712059999999999889e+02 4.260944900756829270e+02
1.705490000000000066e+02 4.303853758164965484e+02
1.698909999999999911e+02 4.322756372376225045e+02
1.692330000000000041e+02 4.300052396747021817e+02
1.685749999999999886e+02 4.272237709173233497e+02
1.679190000000000111e+02 4.313649936668851410e+02
1.672609999999999957e+02 4.285710493621236310e+02
1.666030000000000086e+02 4.361754971158503622e+02
1.659449999999999932e+02 4.288147343801306306e+02
1.652870000000000061e+02 4.195012185348932690e+02
1.646279999999999859e+02 4.194942332799834617e+02
1.639699999999999989e+02 4.237000077127342479e+02
1.633120000000000118e+02 4.305743796465938544e+02
1.626539999999999964e+02 4.307179217701570337e+02
1.619950000000000045e+02 4.247109984564525575e+02
1.613369999999999891e+02 4.224086651704452038e+02
1.606779999999999973e+02 4.157373086735909169e+02
1.600190000000000055e+02 4.156333955206974906e+02
1.593609999999999900e+02 4.179246522326687341e+02
1.587040000000000077e+02 4.177881828971009099e+02
1.580449999999999875e+02 4.197620823588036387e+02
1.573859999999999957e+02 4.172040752986612802e+02
1.567270000000000039e+02 4.193652325306554758e+02
1.560680000000000121e+02 4.168040735136202670e+02
1.554089999999999918e+02 4.168144762110404713e+02
1.547500000000000000e+02 4.179644243821804821e+02
1.540910000000000082e+02 4.153944955560406811e+02
1.534319999999999879e+02 4.151243025763471906e+02
1.527729999999999961e+02 4.146113537486571090e+02
1.521140000000000043e+02 4.111287605474283282e+02
1.514540000000000077e+02 4.101516307916071469e+02
1.507949999999999875e+02 4.091641673519088158e+02
1.501359999999999957e+02 4.220455665263374385e+02
1.494759999999999991e+02 4.258721173674445595e+02
1.488170000000000073e+02 4.269771103034419184e+02
1.481570000000000107e+02 4.351017576427081508e+02
1.474970000000000141e+02 4.339155935789635805e+02
1.468379999999999939e+02 4.379529817470480566e+02
1.461779999999999973e+02 4.397586421171350253e+02
1.455180000000000007e+02 4.464825375538289904e+02
1.448580000000000041e+02 4.481808634481000695e+02
1.441980000000000075e+02 4.387361473257078046e+02
1.435380000000000109e+02 4.427479769428695136e+02
1.428779999999999859e+02 4.447923982757120598e+02
1.422179999999999893e+02 4.505756896071902702e+02
1.415579999999999927e+02 4.520953221863954923e+02
1.408979999999999961e+02 4.525340739694762533e+02
1.402379999999999995e+02 4.525294660306809078e+02
1.395769999999999982e+02 4.516763326506210205e+02
1.389170000000000016e+02 4.569471560070315377e+02
1.382560000000000002e+02 4.686270851474608321e+02
1.375960000000000036e+02 4.751062894771991978e+02
1.369350000000000023e+02 4.802812115267855120e+02
1.362750000000000057e+02 4.817766691775978529e+02
1.356140000000000043e+02 4.879963826571828349e+02
1.349540000000000077e+02 4.935254146199621346e+02
1.342930000000000064e+02 5.044623432491580957e+02
1.336320000000000050e+02 5.150476627168442292e+02
1.329710000000000036e+02 5.212127108170275278e+02
1.323100000000000023e+02 5.247664329069683617e+02
1.316490000000000009e+02 5.357313093463367295e+02
1.309879999999999995e+02 5.387148211320924247e+02
1.303269999999999982e+02 5.403080060333124948e+02
1.296659999999999968e+02 5.507094887541541084e+02
1.290049999999999955e+02 5.545858402468085160e+02
1.283420000000000130e+02 5.546450407713695085e+02
1.276809999999999974e+02 5.559754184007425692e+02
1.270190000000000055e+02 5.622177130001879277e+02
1.263580000000000041e+02 5.560955147131450076e+02
1.256959999999999980e+02 5.481830807676092263e+02
1.250349999999999966e+02 5.493773537512288385e+02
1.243730000000000047e+02 5.483658334586110641e+02
1.237120000000000033e+02 5.453641926736978576e+02
1.230499999999999972e+02 5.459124128166581613e+02
1.223880000000000052e+02 5.441194750571680743e+02
1.217259999999999991e+02 5.340754182791720268e+02
1.210639999999999930e+02 5.218541397838350804e+02
1.204030000000000058e+02 5.204905959364325554e+02
1.197409999999999997e+02 5.163493170511906101e+02
1.190780000000000030e+02 5.028179196487743070e+02
1.184150000000000063e+02 4.984072750197976802e+02
1.177530000000000001e+02 4.906642134673526812e+02
1.170909999999999940e+02 4.804672011969295227e+02
1.164279999999999973e+02 4.705268135192180807e+02
1.157660000000000053e+02 4.658183533849128253e+02
1.151039999999999992e+02 4.596513633713979061e+02
1.144410000000000025e+02 4.500992872410335508e+02
1.137789999999999964e+02 4.411226287148152210e+02
1.131159999999999997e+02 4.385209608271034085e+02
1.124539999999999935e+02 4.333573692276434031e+02
1.117890000000000015e+02 4.277306972819359316e+02
1.111269999999999953e+02 4.259593122695834495e+02
1.104639999999999986e+02 4.196178471803254411e+02
1.098010000000000019e+02 4.141087106983139847e+02
1.091380000000000052e+02 4.074032675924378282e+02
1.084749999999999943e+02 4.039823666078866609e+02
1.078119999999999976e+02 3.917251740897363561e+02
1.071490000000000009e+02 3.843053919477738418e+02
1.064849999999999994e+02 3.672861106833753979e+02
1.058209999999999980e+02 3.528940027767770857e+02
1.051580000000000013e+02 3.351158079541258985e+02
1.044950000000000045e+02 3.290507000011049854e+02
1.038319999999999936e+02 3.154366500451533852e+02
1.031680000000000064e+02 3.034310916163398701e+02
1.025049999999999955e+02 2.922927145180632351e+02
1.018400000000000034e+02 2.874304347351133515e+02
1.011760000000000019e+02 2.794968384015662650e+02
1.005130000000000052e+02 2.811043658003879386e+02
9.984900000000000375e+01 2.804170815707236670e+02
9.918529999999999802e+01 2.784646451921428252e+02
9.852150000000000318e+01 2.755390436644673855e+02
9.785769999999999413e+01 2.820731106275821389e+02
9.719230000000000302e+01 2.901254649004071098e+02
9.652830000000000155e+01 2.976074184762043160e+02
9.586430000000000007e+01 3.033316191872491459e+02
9.520029999999999859e+01 3.111935993167389825e+02
9.453610000000000468e+01 3.227154889490064988e+02
9.387199999999999989e+01 3.340225867233753547e+02
9.320619999999999550e+01 3.411249116982048122e+02
9.254200000000000159e+01 3.493350716789649937e+02
9.187760000000000105e+01 3.494708169820092394e+02
9.121320000000000050e+01 3.519681879817711661e+02
9.054879999999999995e+01 3.514973184997098770e+02
8.988280000000000314e+01 3.578370063166575505e+02
8.921819999999999595e+01 3.581038241566017746e+02
8.855360000000000298e+01 3.552630426216990145e+02
8.788890000000000668e+01 3.521805216744396034e+02
8.722419999999999618e+01 3.577702859659972319e+02
8.655939999999999657e+01 3.619025030232181734e+02
8.589300000000000068e+01 3.681824628461684483e+02
8.522809999999999775e+01 3.696002317931313428e+02
8.456319999999999482e+01 3.736195770793020188e+02
8.389820000000000277e+01 3.722160020913327685e+02
8.323160000000000025e+01 3.747863215359880655e+02
8.256650000000000489e+01 3.749906130992409885e+02
8.190130000000000621e+01 3.782849751398820217e+02
8.123609999999999332e+01 3.785698759397706681e+02
8.057080000000000553e+01 3.729510234637779718e+02
7.990389999999999304e+01 3.732742561362939000e+02
7.923850000000000193e+01 3.755907799416141870e+02
7.857299999999999329e+01 3.789879190315411961e+02
7.790749999999999886e+01 3.806676342454317137e+02
7.724039999999999395e+01 3.804708728574761949e+02
7.657479999999999620e+01 3.821924003432336008e+02
7.590909999999999513e+01 3.774153489845625700e+02
7.524339999999999407e+01 3.791106919510170314e+02
7.457760000000000389e+01 3.784830309009537928e+02
7.391020000000000323e+01 3.713688157101060483e+02
7.324429999999999552e+01 3.680129495598481526e+02
7.257829999999999870e+01 3.600366407321425299e+02
7.191230000000000189e+01 3.546822650831051646e+02
7.124469999999999459e+01 3.526324862790148700e+02
7.057850000000000534e+01 3.481849307877498632e+02
6.991230000000000189e+01 3.490461052659813390e+02
6.924609999999999843e+01 3.427155843272574884e+02
6.857829999999999870e+01 3.405166094196195559e+02
6.791190000000000282e+01 3.375645144549562815e+02
6.724550000000000693e+01 3.328842986844740039e+02
6.657750000000000057e+01 3.300152184971288420e+02
6.591100000000000136e+01 3.240476234596028462e+02
6.524439999999999884e+01 3.212892549548681700e+02
6.457769999999999300e+01 3.167000530517295829e+02
6.390950000000000131e+01 3.110143800679163064e+02
6.324269999999999925e+01 3.080185669294585296e+02
6.257589999999999719e+01 3.066044956784766100e+02
6.190899999999999892e+01 3.045700836132220957e+02
6.124060000000000059e+01 3.014404802964646706e+02
6.057359999999999900e+01 2.989550705137168052e+02
5.990659999999999741e+01 2.966937438059230772e+02
5.923799999999999955e+01 2.897366918364412527e+02
5.857079999999999842e+01 2.823361286352887305e+02
5.790359999999999729e+01 2.800400714998127683e+02
5.723629999999999995e+01 2.754385250834378098e+02
5.656750000000000256e+01 2.689068573912849160e+02
5.590010000000000190e+01 2.663998897454570738e+02
5.523270000000000124e+01 2.618973970863846148e+02
5.456360000000000099e+01 2.588687034142095058e+02
5.389609999999999701e+01 2.569085514486693000e+02
5.322849999999999682e+01 2.568872758886163297e+02
5.255930000000000035e+01 2.581660452427282735e+02
5.189159999999999684e+01 2.524791294760010487e+02
5.122379999999999711e+01 2.507736863203994346e+02
5.055440000000000111e+01 2.482858518739463705e+02
4.988660000000000139e+01 2.442064381004215079e+02
4.921860000000000213e+01 2.398925856399864927e+02
4.854910000000000281e+01 2.359784845614739197e+02
4.788100000000000023e+01 2.343570658283439343e+02
4.721289999999999765e+01 2.310750115681482555e+02
4.654319999999999879e+01 2.263232364065090678e+02
4.587500000000000000e+01 2.238444763245292393e+02
4.520669999999999789e+01 2.177337795428235268e+02
4.453679999999999950e+01 2.142070314439958167e+02
4.386840000000000117e+01 2.110995448740543452e+02
4.320000000000000284e+01 2.102441989677230936e+02
4.252989999999999782e+01 2.058055016548703691e+02
4.186129999999999995e+01 2.008712844736159582e+02
4.119270000000000209e+01 1.944370137552392066e+02
4.052250000000000085e+01 1.905814208743591394e+02
3.985379999999999967e+01 1.877954175058368378e+02
3.918500000000000227e+01 1.859116961683655518e+02
3.851460000000000150e+01 1.825732482071256015e+02
3.784570000000000078e+01 1.788557032298168110e+02
3.717519999999999669e+01 1.741403726535957048e+02
3.650619999999999976e+01 1.699620371978445519e+02
3.583709999999999951e+01 1.673065163201416112e+02
3.516640000000000299e+01 1.644435100374206513e+02
3.449719999999999942e+01 1.601081960225619412e+02
3.382800000000000296e+01 1.569109755906654868e+02
3.315709999999999980e+01 1.522979881385031433e+02
3.248780000000000001e+01 1.462531398179450264e+02
3.181680000000000064e+01 1.423293413065833022e+02
3.114730000000000132e+01 1.393357278868260209e+02
3.047779999999999845e+01 1.371628383857330675e+02
2.980669999999999931e+01 1.311579000926509480e+02
2.913700000000000045e+01 1.279522524832128028e+02
2.846730000000000160e+01 1.251959437020144605e+02
2.779599999999999937e+01 1.201449269867211882e+02
2.712620000000000076e+01 1.164205436408894911e+02
2.645479999999999876e+01 1.131357904393398996e+02
2.578490000000000038e+01 1.092231726242194298e+02
2.511329999999999885e+01 1.042025273371757521e+02
2.444330000000000069e+01 9.906227189258834187e+01
2.377319999999999922e+01 9.605350199059164140e+01
2.310150000000000148e+01 9.069938044820440837e+01
2.243130000000000024e+01 8.651157766792728410e+01
2.175949999999999918e+01 8.240830285231146490e+01
2.108909999999999840e+01 7.803573327065635112e+01
2.041870000000000118e+01 7.443018718294975145e+01
1.974680000000000035e+01 6.951553944925903750e+01
1.907629999999999981e+01 6.579495202406771170e+01
1.840419999999999945e+01 6.239586025968104366e+01
1.773349999999999937e+01 5.850251915775621114e+01
1.706129999999999924e+01 5.595509425334740428e+01
1.639059999999999917e+01 5.222158464711126413e+01
1.571979999999999933e+01 4.922931151193525068e+01
1.504739999999999966e+01 4.683543958707888777e+01
1.437650000000000006e+01 4.409359417999961295e+01
1.370410000000000039e+01 4.206354376390020633e+01
1.303299999999999947e+01 3.924920883672469785e+01
1.236040000000000028e+01 3.683417459535274219e+01
1.168929999999999936e+01 3.439414775335050223e+01
1.101660000000000039e+01 3.268993966794278094e+01
1.034529999999999994e+01 3.210761418836526104e+01
9.672489999999999810e+00 3.108301199108345259e+01
9.001129999999999853e+00 3.002334380040349870e+01
8.329710000000000392e+00 2.862074291084253019e+01
7.656710000000000349e+00 2.789120455554927602e+01
6.985170000000000101e+00 2.901381107508832358e+01
6.312050000000000161e+00 2.956407924254710196e+01
5.640399999999999636e+00 2.952299274824900621e+01
4.967170000000000307e+00 2.833307132803317785e+01
4.295410000000000394e+00 2.622786742264937487e+01
3.622059999999999835e+00 2.356898801840477375e+01
2.950180000000000025e+00 2.030199155461505356e+01
2.276720000000000077e+00 1.662482888019119542e+01
1.604729999999999990e+00 1.221605555549306921e+01
9.311519999999999797e-01 7.128446179672494942e+00
2.590439999999999965e-01 1.981958859757643410e+00
