4.498670000000000186e+02 5.513065520462616664e-01
4.492339999999999804e+02 4.360562742824822813e-01
4.486009999999999991e+02 3.833169453845994279e-01
4.479680000000000177e+02 5.364743686403022904e-01
4.473360000000000127e+02 5.196270858964132655e-01
4.467029999999999745e+02 4.925731839334194784e-01
4.460690000000000168e+02 5.829882080211776785e-01
4.454359999999999786e+02 5.254572004389572726e-01
4.448029999999999973e+02 5.088102716291583727e-01
4.441689999999999827e+02 5.528970075759338521e-01
4.435360000000000014e+02 6.068072835057582992e-01
4.429019999999999868e+02 7.107069378853677621e-01
4.422699999999999818e+02 6.134317199566028389e-01
4.416360000000000241e+02 6.916983481289429303e-01
4.410029999999999859e+02 6.847756478277003955e-01
4.403690000000000282e+02 6.232132533300982491e-01
4.397350000000000136e+02 6.214709321306360890e-01
4.391009999999999991e+02 6.049103613076608488e-01
4.384669999999999845e+02 4.898078300815499331e-01
4.378330000000000268e+02 5.228139092716663772e-01
4.371990000000000123e+02 4.821402333978048738e-01
4.365649999999999977e+02 5.149800244230043900e-01
4.359329999999999927e+02 4.014369819791340777e-01
4.352980000000000018e+02 3.322494481944219813e-01
4.346639999999999873e+02 3.264679303067791194e-01
4.340299999999999727e+02 3.400252299978384629e-01
4.333960000000000150e+02 3.390547669060731684e-01
4.327610000000000241e+02 4.630169088438771952e-01
4.321270000000000095e+02 4.185588910235025772e-01
4.314920000000000186e+02 3.456932011808010463e-01
4.308580000000000041e+02 3.113536248958253538e-01
4.302230000000000132e+02 3.437182201073311072e-01
4.295889999999999986e+02 3.948294395643134336e-01
4.289540000000000077e+02 3.275395165729969027e-01
4.283190000000000168e+02 3.689942752401207948e-01
4.276859999999999786e+02 3.679894052759251077e-01
4.270509999999999877e+02 3.153806152909561233e-01
4.264159999999999968e+02 2.631032168374580205e-01
4.257810000000000059e+02 3.135288932148528329e-01
4.251460000000000150e+02 3.497438597353098588e-01
4.245110000000000241e+02 4.181261013355846434e-01
4.238759999999999764e+02 4.215076634116113330e-01
4.232409999999999854e+02 4.616977786162050901e-01
4.226050000000000182e+02 4.052978471723632237e-01
4.219700000000000273e+02 4.132643559662416144e-01
4.213349999999999795e+02 4.257288684191763428e-01
4.206990000000000123e+02 4.881151228877304571e-01
4.200640000000000214e+02 4.912080297953467234e-01
4.194289999999999736e+02 5.439741678430966010e-01
4.187930000000000064e+02 4.387247768337226295e-01
4.181569999999999823e+02 4.149573198911163385e-01
4.175219999999999914e+02 4.406129912858538500e-01
4.168860000000000241e+02 5.375402310854222598e-01
4.162500000000000000e+02 5.849196582994655724e-01
4.156150000000000091e+02 5.920639906204950842e-01
4.149789999999999850e+02 6.079885904823845166e-01
4.143430000000000177e+02 6.238096734304332536e-01
4.137069999999999936e+02 5.603388834305859101e-01
4.130710000000000264e+02 6.507744958131173041e-01
4.124350000000000023e+02 6.925497484234498513e-01
4.117989999999999782e+02 7.253529366431641368e-01
4.111630000000000109e+02 6.970702681470267725e-01
4.105260000000000105e+02 6.689642064012316647e-01
4.098899999999999864e+02 6.885414420199821306e-01
4.092540000000000191e+02 5.917018300305491030e-01
4.086170000000000186e+02 5.984806149988191049e-01
4.079809999999999945e+02 6.351922975781058023e-01
4.073439999999999941e+02 6.076422481850508595e-01
4.067080000000000268e+02 5.802545337455592422e-01
4.060710000000000264e+02 6.463362382329906897e-01
4.054350000000000023e+02 5.513199620222279940e-01
4.047980000000000018e+02 5.622839805320176687e-01
4.041610000000000014e+02 5.437399586827573739e-01
4.035240000000000009e+02 5.839769018455424066e-01
4.028879999999999768e+02 4.944585101621938872e-01
4.022509999999999764e+02 5.345570723994401696e-01
4.016139999999999759e+02 4.415827253419425946e-01
4.009769999999999754e+02 4.484903763804702348e-01
4.003399999999999750e+02 3.521918539650927271e-01
3.997029999999999745e+02 4.251310865695800412e-01
3.990649999999999977e+02 3.991935643462894423e-01
3.984279999999999973e+02 3.203303390515940263e-01
3.977909999999999968e+02 2.989730717913620106e-01
3.971519999999999868e+02 2.898135763416542776e-01
3.965149999999999864e+02 2.282293929318037207e-01
3.958770000000000095e+02 2.597844297111785439e-01
3.952400000000000091e+02 1.704644530724311879e-01
3.946019999999999754e+02 2.341010351387070865e-01
3.939649999999999750e+02 1.653830569600120148e-01
3.933269999999999982e+02 1.568881547979567581e-01
3.926890000000000214e+02 2.477592554713635431e-01
3.920520000000000209e+02 2.311404153031191844e-01
3.914139999999999873e+02 3.014463074084079985e-01
3.907760000000000105e+02 3.043862208474945041e-01
3.901379999999999768e+02 4.053577102770147822e-01
3.895000000000000000e+02 4.940242559565761193e-01
3.888609999999999900e+02 4.457534621082346327e-01
3.882230000000000132e+02 4.559437253575279736e-01
3.875849999999999795e+02 5.009383728930230095e-01
3.869460000000000264e+02 5.417732639329353450e-01
3.863079999999999927e+02 5.900424917805903169e-01
3.856700000000000159e+02 6.188076420934716104e-01
3.850319999999999823e+02 6.511997883370042040e-01
3.843929999999999723e+02 5.881133954713658740e-01
3.837549999999999955e+02 6.241568611634099595e-01
3.831159999999999854e+02 6.032448071473069939e-01
3.824759999999999991e+02 5.936776704072607158e-01
3.818380000000000223e+02 5.691913753218021954e-01
3.811990000000000123e+02 4.736406904956964037e-01
3.805600000000000023e+02 5.244089540246520409e-01
3.799220000000000255e+02 5.003451479086034048e-01
3.792830000000000155e+02 4.430159680561738256e-01
3.786440000000000055e+02 4.785330403985592618e-01
3.780049999999999955e+02 4.400332273353139700e-01
3.773650000000000091e+02 4.533701302717909054e-01
3.767259999999999991e+02 5.873815045806949353e-01
3.760860000000000127e+02 5.744609290071907015e-01
3.754470000000000027e+02 6.925950410099196430e-01
3.748079999999999927e+02 6.829959653339079395e-01
3.741689999999999827e+02 7.168275222958958581e-01
3.735299999999999727e+02 7.540778907719341007e-01
3.728890000000000100e+02 7.623846688995603582e-01
3.722500000000000000e+02 7.025410710311648099e-01
3.716100000000000136e+02 7.928985208740952917e-01
3.709710000000000036e+02 7.262665623378063984e-01
3.703310000000000173e+02 6.955625951899807591e-01
3.696909999999999741e+02 6.719840964495448210e-01
3.690500000000000114e+02 6.872625839920765145e-01
3.684110000000000014e+02 6.498803460974752477e-01
3.677710000000000150e+02 6.336862764889324984e-01
3.671309999999999718e+02 6.036623733533462710e-01
3.664909999999999854e+02 6.918527984432095712e-01
3.658509999999999991e+02 6.375734879805999844e-01
3.652099999999999795e+02 6.354237564915434788e-01
3.645699999999999932e+02 7.122133815250609734e-01
3.639300000000000068e+02 6.960811507297770540e-01
3.632900000000000205e+02 6.868327405705143551e-01
3.626490000000000009e+02 7.014349186050328200e-01
3.620079999999999814e+02 6.821206636702777937e-01
3.613670000000000186e+02 6.696209970916104925e-01
3.607269999999999754e+02 6.202299257045174041e-01
3.600869999999999891e+02 6.381974523795929111e-01
3.594460000000000264e+02 5.758967560183498868e-01
3.588039999999999736e+02 5.304823441471691048e-01
3.581639999999999873e+02 5.120853530552302857e-01
3.575230000000000246e+02 4.706351523256211977e-01
3.568829999999999814e+02 5.282181166394283034e-01
3.562420000000000186e+02 5.099613537614398062e-01
3.556000000000000227e+02 5.180245928339048955e-01
3.549590000000000032e+02 5.422583852865955345e-01
3.543179999999999836e+02 4.883729221432051015e-01
3.536770000000000209e+02 5.028603796873769571e-01
3.530350000000000250e+02 5.752130005646548527e-01
3.523940000000000055e+02 5.924490422784064458e-01
3.517520000000000095e+02 5.903355183410379237e-01
3.511109999999999900e+02 4.765431732812360766e-01
3.504689999999999941e+02 5.161871920641993849e-01
3.498269999999999982e+02 5.301677475184396471e-01
3.491859999999999786e+02 5.187961774675160509e-01
3.485450000000000159e+02 5.075299932678416504e-01
3.479019999999999868e+02 4.962344593066443377e-01
3.472599999999999909e+02 4.632510829562761501e-01
3.466190000000000282e+02 4.553476787272072723e-01
3.459769999999999754e+02 4.412901875277882024e-01
3.453340000000000032e+02 4.798484252557880247e-01
3.446929999999999836e+02 5.027160042180708333e-01
3.440509999999999877e+02 4.824726980461768178e-01
3.434089999999999918e+02 4.745933112242397556e-01
3.427660000000000196e+02 4.424295802222422136e-01
3.421240000000000236e+02 5.045024271871421107e-01
3.414820000000000277e+02 5.177486951205989563e-01
3.408399999999999750e+02 5.127997012088654216e-01
3.401970000000000027e+02 5.379359755122488096e-01
3.395539999999999736e+02 5.419078811770341453e-01
3.389119999999999777e+02 5.249908957934481535e-01
3.382690000000000055e+02 5.379272618305306342e-01
3.376259999999999764e+02 6.097635867943196342e-01
3.369839999999999804e+02 6.545939853044503431e-01
3.363419999999999845e+02 6.257749953669613507e-01
3.356979999999999791e+02 5.854255047614476126e-01
3.350550000000000068e+02 5.745030451735231303e-01
3.344130000000000109e+02 5.462788688637733037e-01
3.337690000000000055e+02 5.528419070495018683e-01
3.331259999999999764e+02 5.651590281971595742e-01
3.324830000000000041e+02 6.404006001348671040e-01
3.318389999999999986e+02 6.037751837911488062e-01
3.311960000000000264e+02 6.498022002227202831e-01
3.305539999999999736e+02 6.274800360075571959e-01
3.299110000000000014e+02 6.646119222245165936e-01
3.292660000000000196e+02 6.874091545745389942e-01
3.286229999999999905e+02 7.240125884193712169e-01
3.279800000000000182e+02 7.101017789382761958e-01
3.273360000000000127e+02 6.878509067298285151e-01
3.266929999999999836e+02 6.215209792513849418e-01
3.260489999999999782e+02 6.080895481743585629e-01
3.254049999999999727e+02 5.919873755177357255e-01
3.247610000000000241e+02 6.225561823928462690e-01
3.241179999999999950e+02 5.983279395934103517e-01
3.234730000000000132e+02 6.122854638404505723e-01
3.228290000000000077e+02 6.125809362811543979e-01
3.221840000000000259e+02 6.614484804198033085e-01
3.215409999999999968e+02 6.641985438317173918e-01
3.208969999999999914e+02 7.177137860241489253e-01
3.202520000000000095e+02 7.469206961166399150e-01
3.196080000000000041e+02 7.412967418203207925e-01
3.189639999999999986e+02 7.621536473925104582e-01
3.183190000000000168e+02 7.933652601383036629e-01
3.176750000000000114e+02 7.430331577248936448e-01
3.170310000000000059e+02 6.644254456384567353e-01
3.163860000000000241e+02 6.616769254042931259e-01
3.157420000000000186e+02 6.435434573568141747e-01
3.150980000000000132e+02 6.022683444358682969e-01
3.144519999999999982e+02 5.895356991854731055e-01
3.138079999999999927e+02 5.692622876673847365e-01
3.131619999999999777e+02 5.567686575243928626e-01
3.125179999999999723e+02 5.392735575859396446e-01
3.118729999999999905e+02 5.446540983449320583e-01
3.112269999999999754e+02 6.331517511957653888e-01
3.105830000000000268e+02 5.929505980031208878e-01
3.099370000000000118e+02 5.755339392868227266e-01
3.092919999999999732e+02 5.806748219597547278e-01
3.086469999999999914e+02 5.634348904510673162e-01
3.080009999999999764e+02 6.129526029187674085e-01
3.073570000000000277e+02 6.399052162947150846e-01
3.067099999999999795e+02 6.471165118886220702e-01
3.060649999999999977e+02 6.346696344287562352e-01
3.054200000000000159e+02 6.295916270924989400e-01
3.047740000000000009e+02 6.246031582093238832e-01
3.041290000000000191e+02 6.196385830722278554e-01
3.034820000000000277e+02 6.841502999484962988e-01
3.028369999999999891e+02 7.242677178096005308e-01
3.021920000000000073e+02 7.544659991177069536e-01
3.015450000000000159e+02 7.300616478090842243e-01
3.008999999999999773e+02 6.798308657238926189e-01
3.002529999999999859e+02 7.450831597404726780e-01
2.996080000000000041e+02 7.138902540905555094e-01
2.989610000000000127e+02 6.782403581136979831e-01
2.983149999999999977e+02 7.356970634674728782e-01
2.976700000000000159e+02 7.025900028055314106e-01
2.970230000000000246e+02 7.041625714321260165e-01
2.963770000000000095e+02 6.576398545609913882e-01
2.957300000000000182e+02 6.412101502085283400e-01
2.950840000000000032e+02 6.588857684093105682e-01
2.944370000000000118e+02 6.086100481265426243e-01
2.937909999999999968e+02 6.262485303247036228e-01
2.931429999999999723e+02 7.310453639980900586e-01
2.924970000000000141e+02 7.256664633082225979e-01
2.918500000000000227e+02 6.892192338304252708e-01
2.912040000000000077e+02 6.751636648242084204e-01
2.905570000000000164e+02 7.051826829915759376e-01
2.899100000000000250e+02 7.438254242406675543e-01
2.892629999999999768e+02 8.016282450830366502e-01
2.886159999999999854e+02 8.351022300766498541e-01
2.879689999999999941e+02 8.573920068681074591e-01
2.873210000000000264e+02 8.579329183092533340e-01
2.866750000000000114e+02 8.455628596840432110e-01
2.860269999999999868e+02 8.887951681662227266e-01
2.853799999999999955e+02 9.018583957447730004e-01
2.847320000000000277e+02 8.893881307231492617e-01
2.840849999999999795e+02 9.296452264426148249e-01
2.834370000000000118e+02 9.464932311489343553e-01
2.827900000000000205e+02 9.860609954175454384e-01
2.821419999999999959e+02 1.019084938360621084e+00
2.814950000000000045e+02 1.033070775735094093e+00
2.808469999999999800e+02 1.069668574685709972e+00
2.801990000000000123e+02 1.032035155874741372e+00
2.795509999999999877e+02 1.006942510740336250e+00
2.789039999999999964e+02 1.016659067278761652e+00
2.782549999999999955e+02 1.014006092654854196e+00
2.776080000000000041e+02 1.013429768855977686e+00
2.769590000000000032e+02 9.967665990339548143e-01
2.763120000000000118e+02 1.014131533190206769e+00
2.756630000000000109e+02 9.936250132005343128e-01
2.750149999999999864e+02 1.008768733430215336e+00
2.743659999999999854e+02 1.090733598459133979e+00
2.737189999999999941e+02 1.152242256653569719e+00
2.730699999999999932e+02 1.166436481310740403e+00
2.724220000000000255e+02 1.147403954706068596e+00
2.717730000000000246e+02 1.118908440342982313e+00
2.711240000000000236e+02 1.096371169372839072e+00
2.704759999999999991e+02 1.060668023301778229e+00
2.698260000000000218e+02 1.076620635532326231e+00
2.691779999999999973e+02 1.109474635843316070e+00
2.685289999999999964e+02 1.053315159417015812e+00
2.678809999999999718e+02 1.037032936425241303e+00
2.672309999999999945e+02 1.017222094703348567e+00
2.665830000000000268e+02 1.036542941012862817e+00
2.659329999999999927e+02 1.105642071354301592e+00
2.652839999999999918e+02 1.133551476953610582e+00
2.646349999999999909e+02 1.179449843129484199e+00
2.639850000000000136e+02 1.146441398663198719e+00
2.633369999999999891e+02 1.130001546086965902e+00
2.626870000000000118e+02 1.157102140897720011e+00
2.620380000000000109e+02 1.128174701825775061e+00
2.613879999999999768e+02 1.170984265570556682e+00
2.607400000000000091e+02 1.144004667905022643e+00
2.600899999999999750e+02 1.090549682244654095e+00
2.594390000000000214e+02 1.115195804689874004e+00
2.587900000000000205e+02 1.090416838006736278e+00
2.581399999999999864e+02 1.090311655872992169e+00
2.574909999999999854e+02 1.078015712314545071e+00
2.568410000000000082e+02 1.126297051569792540e+00
2.561899999999999977e+02 1.162049304047242604e+00
2.555409999999999968e+02 1.137443160192374236e+00
2.548899999999999864e+02 1.159052483351682650e+00
2.542410000000000139e+02 1.155013123645457274e+00
2.535910000000000082e+02 1.113803657944071990e+00
2.529399999999999977e+02 1.111558577329224917e+00
2.522899999999999920e+02 1.124414227714494174e+00
2.516399999999999864e+02 1.156942751381019319e+00
2.509900000000000091e+02 1.103162478925192369e+00
2.503389999999999986e+02 1.104152291422999088e+00
2.496879999999999882e+02 1.126401324893543832e+00
2.490380000000000109e+02 1.128769433343116413e+00
2.483870000000000005e+02 1.160307538543396966e+00
2.477359999999999900e+02 1.188207596635052266e+00
2.470860000000000127e+02 1.170909338945156808e+00
2.464350000000000023e+02 1.203167253987372787e+00
2.457849999999999966e+02 1.149376569859720254e+00
2.451330000000000098e+02 1.173436303002478809e+00
2.444819999999999993e+02 1.148503544075774041e+00
2.438319999999999936e+02 1.126963287470008401e+00
2.431800000000000068e+02 1.110181559643917071e+00
2.425289999999999964e+02 1.104390409508007709e+00
2.418779999999999859e+02 1.144719599892215500e+00
2.412270000000000039e+02 1.170867930526970691e+00
2.405749999999999886e+02 1.140380466843719631e+00
2.399240000000000066e+02 1.185799901875173479e+00
2.392719999999999914e+02 1.179556665954697436e+00
2.386200000000000045e+02 1.198756958685903040e+00
2.379699999999999989e+02 1.189406384887844448e+00
2.373180000000000121e+02 1.218621366428982666e+00
2.366670000000000016e+02 1.212145938951022517e+00
2.360149999999999864e+02 1.207071204770107098e+00
2.353629999999999995e+02 1.226848254980736019e+00
2.347100000000000080e+02 1.268088895317390996e+00
2.340600000000000023e+02 1.256894301724152285e+00
2.334070000000000107e+02 1.247221835549585434e+00
2.327549999999999955e+02 1.290401573099672072e+00
2.321040000000000134e+02 1.321664902391959329e+00
2.314509999999999934e+02 1.310227426981808607e+00
2.307980000000000018e+02 1.339509855098708346e+00
2.301469999999999914e+02 1.332164494311012914e+00
2.294939999999999998e+02 1.310935052430682424e+00
2.288420000000000130e+02 1.280229968516814365e+00
2.281899999999999977e+02 1.321179066787312895e+00
2.275370000000000061e+02 1.350692810703850499e+00
2.268839999999999861e+02 1.364920256853656255e+00
2.262330000000000041e+02 1.390992722280703697e+00
2.255800000000000125e+02 1.426167917239707705e+00
2.249269999999999925e+02 1.419506509788855952e+00
2.242729999999999961e+02 1.422158711461318559e+00
2.236220000000000141e+02 1.448413124462601509e+00
2.229679999999999893e+02 1.452040728293247263e+00
2.223149999999999977e+02 1.458106945585969205e+00
2.216630000000000109e+02 1.432994425689440243e+00
2.210099999999999909e+02 1.405410680623394137e+00
2.203559999999999945e+02 1.376814469806104224e+00
2.197019999999999982e+02 1.361259898073075236e+00
2.190500000000000114e+02 1.362300791576158243e+00
2.183969999999999914e+02 1.356933219997546569e+00
2.177429999999999950e+02 1.347812228518008082e+00
2.170889999999999986e+02 1.351190434162353737e+00
2.164370000000000118e+02 1.324731574999233885e+00
2.157829999999999870e+02 1.339162277439719606e+00
2.151289999999999907e+02 1.321490556747081602e+00
2.144749999999999943e+02 1.350226336352533751e+00
2.138220000000000027e+02 1.345900039710370866e+00
2.131680000000000064e+02 1.343932984747649106e+00
2.125140000000000100e+02 1.346722535432590462e+00
2.118600000000000136e+02 1.320887976705599653e+00
2.112069999999999936e+02 1.341362677229760214e+00
2.105529999999999973e+02 1.326278097734400419e+00
2.098979999999999961e+02 1.312476117006999177e+00
2.092439999999999998e+02 1.290611616402633777e+00
2.085910000000000082e+02 1.283997625660411090e+00
2.079360000000000070e+02 1.275067612988751931e+00
2.072820000000000107e+02 1.263899367289932796e+00
2.066270000000000095e+02 1.232412392578683180e+00
2.059739999999999895e+02 1.247400882633972863e+00
2.053189999999999884e+02 1.238607140966399456e+00
2.046639999999999873e+02 1.220992088038598933e+00
2.040089999999999861e+02 1.217866038179923560e+00
2.033540000000000134e+02 1.211413336999598078e+00
2.027009999999999934e+02 1.173390591031097774e+00
2.020459999999999923e+02 1.157390200634360378e+00
2.013909999999999911e+02 1.128605092909342300e+00
2.007350000000000136e+02 1.147215086436725651e+00
2.000800000000000125e+02 1.132555937337636154e+00
1.994259999999999877e+02 1.105327405246426808e+00
1.987709999999999866e+02 1.099379939573439824e+00
1.981160000000000139e+02 1.086158942304063402e+00
1.974600000000000080e+02 1.095816831741073027e+00
1.968050000000000068e+02 1.069231099198563628e+00
1.961510000000000105e+02 1.059365389964682880e+00
1.954950000000000045e+02 1.077980517845190667e+00
1.948389999999999986e+02 1.051809981625706714e+00
1.941839999999999975e+02 1.034968843221359291e+00
1.935279999999999916e+02 1.039221771645504777e+00
1.928739999999999952e+02 1.046330793635923628e+00
1.922179999999999893e+02 1.037539453717047921e+00
1.915620000000000118e+02 1.058132936186736206e+00
1.909060000000000059e+02 1.088132126563698954e+00
1.902500000000000000e+02 1.097394339747844505e+00
1.895939999999999941e+02 1.075736510051995332e+00
1.889389999999999930e+02 1.096212093902216411e+00
1.882829999999999870e+02 1.109750913969582031e+00
1.876270000000000095e+02 1.124905664670778238e+00
1.869699999999999989e+02 1.113648713392739520e+00
1.863139999999999930e+02 1.106166739118074060e+00
1.856570000000000107e+02 1.082101668249012549e+00
1.850010000000000048e+02 1.063814230819936091e+00
1.843460000000000036e+02 1.072964282593173335e+00
1.836889999999999930e+02 1.088232876842783803e+00
1.830329999999999870e+02 1.102301080818875567e+00
1.823760000000000048e+02 1.107223220538341879e+00
1.817189999999999941e+02 1.094313087368708359e+00
1.810620000000000118e+02 1.141220431803298352e+00
1.804050000000000011e+02 1.174308480424315126e+00
1.797500000000000000e+02 1.184301343827149466e+00
1.790929999999999893e+02 1.210469150477757827e+00
1.784360000000000070e+02 1.206282812414948058e+00
1.777789999999999964e+02 1.213938026622991329e+00
1.771220000000000141e+02 1.213794943679466831e+00
1.764650000000000034e+02 1.214432165483775083e+00
1.758069999999999879e+02 1.218257547642599858e+00
1.751500000000000057e+02 1.202188317010097762e+00
1.744939999999999998e+02 1.207501908604238228e+00
1.738369999999999891e+02 1.227309480432889899e+00
1.731790000000000020e+02 1.237039380753378381e+00
1.725219999999999914e+02 1.251358447133199769e+00
1.718640000000000043e+02 1.270926430957356690e+00
1.712059999999999889e+02 1.284572437359315034e+00
1.705490000000000066e+02 1.294042410150153533e+00
1.698909999999999911e+02 1.296236321581571760e+00
1.692330000000000041e+02 1.285954312918467624e+00
1.685749999999999886e+02 1.274181476993041073e+00
1.679190000000000111e+02 1.283050468190422455e+00
1.672609999999999957e+02 1.271267958110415819e+00
1.666030000000000086e+02 1.290286110571404965e+00
1.659449999999999932e+02 1.265031667388193615e+00
1.652870000000000061e+02 1.234149000981568101e+00
1.646279999999999859e+02 1.230711482927649758e+00
1.639699999999999989e+02 1.239600557433470751e+00
1.633120000000000118e+02 1.256203250241130442e+00
1.626539999999999964e+02 1.253109500205257243e+00
1.619950000000000045e+02 1.232162374731575083e+00
1.613369999999999891e+02 1.222032476595889872e+00
1.606779999999999973e+02 1.199328873458940903e+00
1.600190000000000055e+02 1.195622671874898346e+00
1.593609999999999900e+02 1.198790473737521234e+00
1.587040000000000077e+02 1.194979600245417606e+00
1.580449999999999875e+02 1.197176233132768441e+00
1.573859999999999957e+02 1.186450443528528575e+00
1.567270000000000039e+02 1.189144792822578456e+00
1.560680000000000121e+02 1.178449941982843141e+00
1.554089999999999918e+02 1.175043681124922301e+00
1.547500000000000000e+02 1.174837494762587475e+00
1.540910000000000082e+02 1.164184950680734021e+00
1.534319999999999879e+02 1.159998130551583628e+00
1.527729999999999961e+02 1.155136917966254062e+00
1.521140000000000043e+02 1.142033064032384360e+00
1.514540000000000077e+02 1.135917759236310332e+00
1.507949999999999875e+02 1.129792839651429626e+00
1.501359999999999957e+02 1.161859692916284548e+00
1.494759999999999991e+02 1.168854277741809167e+00
1.488170000000000073e+02 1.168341621794265928e+00
1.481570000000000107e+02 1.186951298721935499e+00
1.474970000000000141e+02 1.180102460270461284e+00
1.468379999999999939e+02 1.187438537123421733e+00
1.461779999999999973e+02 1.188667455804662376e+00
1.455180000000000007e+02 1.203116185344887290e+00
1.448580000000000041e+02 1.203950870987356314e+00
1.441980000000000075e+02 1.174915937871904514e+00
1.435380000000000109e+02 1.181958272137576760e+00
1.428779999999999859e+02 1.183695898883472264e+00
1.422179999999999893e+02 1.195315371037057206e+00
1.415579999999999927e+02 1.195561287730453115e+00
1.408979999999999961e+02 1.192930482302821726e+00
1.402379999999999995e+02 1.189125300861479273e+00
1.395769999999999982e+02 1.183089980030211263e+00
1.389170000000000016e+02 1.193061217178400302e+00
1.382560000000000002e+02 1.219615211163822988e+00
1.375960000000000036e+02 1.232486249221577124e+00
1.369350000000000023e+02 1.241868037697044569e+00
1.362750000000000057e+02 1.241684352569873750e+00
1.356140000000000043e+02 1.253602957092891490e+00
1.349540000000000077e+02 1.263652843652931290e+00
1.342930000000000064e+02 1.287401963919663439e+00
1.336320000000000050e+02 1.310070530431579616e+00
1.329710000000000036e+02 1.321353165016445619e+00
1.323100000000000023e+02 1.325932224846910978e+00
1.316490000000000009e+02 1.349112000597774141e+00
1.309879999999999995e+02 1.352073999432541251e+00
1.303269999999999982e+02 1.351506385986659398e+00
1.296659999999999968e+02 1.372867609113376464e+00
1.290049999999999955e+02 1.377840710690151349e+00
1.283420000000000130e+02 1.373281706362674326e+00
1.276809999999999974e+02 1.371870955576276696e+00
1.270190000000000055e+02 1.382507198786892655e+00
1.263580000000000041e+02 1.362744874240242599e+00
1.256959999999999980e+02 1.338706209402586333e+00
1.250349999999999966e+02 1.336968745582288731e+00
1.243730000000000047e+02 1.329853777666960557e+00
1.237120000000000033e+02 1.317952724879401183e+00
1.230499999999999972e+02 1.314642879288011823e+00
1.223880000000000052e+02 1.305705040321101462e+00
1.217259999999999991e+02 1.277067768718073149e+00
1.210639999999999930e+02 1.243412931365059260e+00
1.204030000000000058e+02 1.235748879115642129e+00
1.197409999999999997e+02 1.221529657582790529e+00
1.190780000000000030e+02 1.185240323652581473e+00
1.184150000000000063e+02 1.170601630302578355e+00
1.177530000000000001e+02 1.148245824046245867e+00
1.170909999999999940e+02 1.120299712574321260e+00
1.164279999999999973e+02 1.093116787730827211e+00
1.157660000000000053e+02 1.078218445646085266e+00
1.151039999999999992e+02 1.060036537745380869e+00
1.144410000000000025e+02 1.034176166893631788e+00
1.137789999999999964e+02 1.009801234722653041e+00
1.131159999999999997e+02 1.000111767705659238e+00
1.124539999999999935e+02 9.846515097350947432e-01
1.117890000000000015e+02 9.682145008266203057e-01
1.111269999999999953e+02 9.605836643572792655e-01
1.104639999999999986e+02 9.427111618547134864e-01
1.098010000000000019e+02 9.268096374212816402e-01
1.091380000000000052e+02 9.083351357980162799e-01
1.084749999999999943e+02 8.972699386681008971e-01
1.078119999999999976e+02 8.667137270305679264e-01
1.071490000000000009e+02 8.470278654876806090e-01
1.064849999999999994e+02 8.063891827725977457e-01
1.058209999999999980e+02 7.717863550665996497e-01
1.051580000000000013e+02 7.300574375551661666e-01
1.044950000000000045e+02 7.140474172784969653e-01
1.038319999999999936e+02 6.818250362364588479e-01
1.031680000000000064e+02 6.532937191766426954e-01
1.025049999999999955e+02 6.268306944671969694e-01
1.018400000000000034e+02 6.139551946487392664e-01
1.011760000000000019e+02 5.946331075710467040e-01
1.005130000000000052e+02 5.956664356567492602e-01
9.984900000000000375e+01 5.918267564673934666e-01
9.918529999999999802e+01 5.853414648704083900e-01
9.852150000000000318e+01 5.768526214300213617e-01
9.785769999999999413e+01 5.881367066578707670e-01
9.719230000000000302e+01 6.024575017257147724e-01
9.652830000000000155e+01 6.154681879164363156e-01
9.586430000000000007e+01 6.247330917652835769e-01
9.520029999999999859e+01 6.382865769229199016e-01
9.453610000000000468e+01 6.591825225949540235e-01
9.387199999999999989e+01 6.794481060054311516e-01
9.320619999999999550e+01 6.909993037814349259e-01
9.254200000000000159e+01 7.046731675736717104e-01
9.187760000000000105e+01 7.019905209806752699e-01
9.121320000000000050e+01 7.040308205729488567e-01
9.054879999999999995e+01 7.001187692524173389e-01
8.988280000000000314e+01 7.097162219285789719e-01
8.921819999999999595e+01 7.072220490689945516e-01
8.855360000000000298e+01 6.986146272948996483e-01
8.788890000000000668e+01 6.895833083737904490e-01
8.722419999999999618e+01 6.975125269626701874e-01
8.655939999999999657e+01 7.025199677969933276e-01
8.589300000000000068e+01 7.116033703341131389e-01
8.522809999999999775e+01 7.112342473251428432e-01
8.456319999999999482e+01 7.158277443581100297e-01
8.389820000000000277e+01 7.100118209049380846e-01
8.323160000000000025e+01 7.117608781552434705e-01
8.256650000000000489e+01 7.090031077944464188e-01
8.190130000000000621e+01 7.120602618543667717e-01
8.123609999999999332e+01 7.094255568530181133e-01
8.057080000000000553e+01 6.957749228869402058e-01
7.990389999999999304e+01 6.932487647888565530e-01
7.923850000000000193e+01 6.944121484464420568e-01
7.857299999999999329e+01 6.975280154350428363e-01
7.790749999999999886e+01 6.974437223681452247e-01
7.724039999999999395e+01 6.939046585959439684e-01
7.657479999999999620e+01 6.938615615959283778e-01
7.590909999999999513e+01 6.820491669687356318e-01
7.524339999999999407e+01 6.819616547636065951e-01
7.457760000000000389e+01 6.776895610291087113e-01
7.391020000000000323e+01 6.618637838439899168e-01
7.324429999999999552e+01 6.528331291998484831e-01
7.257829999999999870e+01 6.357032707162442176e-01
7.191230000000000189e+01 6.233162795384108446e-01
7.124469999999999459e+01 6.167940235602353827e-01
7.057850000000000534e+01 6.061412185687875542e-01
6.991230000000000189e+01 6.047626792672109453e-01
6.924609999999999843e+01 5.909728785038346199e-01
6.857829999999999870e+01 5.843740024611097095e-01
6.791190000000000282e+01 5.765345120522233913e-01
6.724550000000000693e+01 5.658098714693406972e-01
6.657750000000000057e+01 5.582224369008683684e-01
6.591100000000000136e+01 5.454762073088289531e-01
6.524439999999999884e+01 5.382063712298204017e-01
6.457769999999999300e+01 5.279329989184231575e-01
6.390950000000000131e+01 5.159136398747191654e-01
6.324269999999999925e+01 5.084357357759545781e-01
6.257589999999999719e+01 5.036080777519532647e-01
6.190899999999999892e+01 4.977928090593519150e-01
6.124060000000000059e+01 4.902276984404773108e-01
6.057359999999999900e+01 4.837645188280584874e-01
5.990659999999999741e+01 4.777060090464112507e-01
5.923799999999999955e+01 4.641599131527671118e-01
5.857079999999999842e+01 4.500279021290455872e-01
5.790359999999999729e+01 4.441134471520887805e-01
5.723629999999999995e+01 4.346017251558656480e-01
5.656750000000000256e+01 4.221329228481783824e-01
5.590010000000000190e+01 4.160624652910729360e-01
5.523270000000000124e+01 4.069352949868028646e-01
5.456360000000000099e+01 4.001564686400675974e-01
5.389609999999999701e+01 3.950776799653434868e-01
5.322849999999999682e+01 3.929993976397511135e-01
5.255930000000000035e+01 3.928985714279262242e-01
5.189159999999999684e+01 3.822406967027257574e-01
5.122379999999999711e+01 3.776721480133917175e-01
5.055440000000000111e+01 3.719575076747896891e-01
4.988660000000000139e+01 3.639189542308987058e-01
4.921860000000000213e+01 3.556003071908259150e-01
4.854910000000000281e+01 3.479384059644431981e-01
4.788100000000000023e+01 3.437077875221073997e-01
4.721289999999999765e+01 3.370838948372627542e-01
4.654319999999999879e+01 3.283783978979067930e-01
4.587500000000000000e+01 3.230347753118953946e-01
4.520669999999999789e+01 3.125204252218020118e-01
4.453679999999999950e+01 3.057891660962608893e-01
4.386840000000000117e+01 2.997151794163868122e-01
4.320000000000000284e+01 2.968726950639168360e-01
4.252989999999999782e+01 2.890110844676710422e-01
4.186129999999999995e+01 2.805331024440086418e-01
4.119270000000000209e+01 2.700512650374653489e-01
4.052250000000000085e+01 2.632295715567297689e-01
3.985379999999999967e+01 2.579426464524081641e-01
3.918500000000000227e+01 2.539337175911125510e-01
3.851460000000000150e+01 2.479777317823125271e-01
3.784570000000000078e+01 2.415670453625967662e-01
3.717519999999999669e+01 2.338729456962280462e-01
3.650619999999999976e+01 2.269736226769733523e-01
3.583709999999999951e+01 2.221623749298430317e-01
3.516640000000000299e+01 2.171173847583009464e-01
3.449719999999999942e+01 2.101887065349561101e-01
3.382800000000000296e+01 2.048135719224282447e-01
3.315709999999999980e+01 1.976491782526651197e-01
3.248780000000000001e+01 1.887120749444862466e-01
3.181680000000000064e+01 1.825860262563676895e-01
3.114730000000000132e+01 1.777098195735439534e-01
3.047779999999999845e+01 1.739213266849009565e-01
2.980669999999999931e+01 1.653351093957658169e-01
2.913700000000000045e+01 1.603500731342208940e-01
2.846730000000000160e+01 1.559745497576774664e-01
2.779599999999999937e+01 1.487981617216863339e-01
2.712620000000000076e+01 1.433334379998072172e-01
2.645479999999999876e+01 1.384615308135891676e-01
2.578490000000000038e+01 1.328779451426017610e-01
2.511329999999999885e+01 1.260117363372255384e-01
2.444330000000000069e+01 1.190786087074692107e-01
2.377319999999999922e+01 1.147682763038405523e-01
2.310150000000000148e+01 1.077166347090736664e-01
2.243130000000000024e+01 1.021220709383368341e-01
2.175949999999999918e+01 9.668713939354953157e-02
2.108909999999999840e+01 9.099993936918192305e-02
2.041870000000000118e+01 8.626564210551472545e-02
1.974680000000000035e+01 8.007530025189620038e-02
1.907629999999999981e+01 7.532406060408426696e-02
1.840419999999999945e+01 7.099152516351596443e-02
1.773349999999999937e+01 6.615044145756410199e-02
1.706129999999999924e+01 6.287668881765079432e-02
1.639059999999999917e+01 5.831643973059730951e-02
1.571979999999999933e+01 5.463189006524930141e-02
1.504739999999999966e+01 5.164913206345652513e-02
1.437650000000000006e+01 4.832013840196063698e-02
1.370410000000000039e+01 4.580440750524631538e-02
1.303299999999999947e+01 4.246970935194087360e-02
1.236040000000000028e+01 3.960328305180423752e-02
1.168929999999999936e+01 3.674469189223583676e-02
1.101660000000000039e+01 3.470064225237838584e-02
1.034529999999999994e+01 3.386411263694741325e-02
9.672489999999999810e+00 3.257234766159525230e-02
9.001129999999999853e+00 3.125912702717278252e-02
8.329710000000000392e+00 2.960617888060555411e-02
7.656710000000000349e+00 2.866392570621318497e-02
6.985170000000000101e+00 2.962334644735126199e-02
6.312050000000000161e+00 2.998753809644842672e-02
5.640399999999999636e+00 2.974970617783218030e-02
4.967170000000000307e+00 2.836272965847128069e-02
4.295410000000000394e+00 2.608243282119089915e-02
3.622059999999999835e+00 2.328315505107757602e-02
2.950180000000000025e+00 1.992294364736922618e-02
2.276720000000000077e+00 1.620580968096110158e-02
1.604729999999999990e+00 1.182882775514890877e-02
9.311519999999999797e-01 6.856279073769806082e-03
2.590439999999999965e-01 1.893517131543910473e-03
