4.498670000000000186e+02 6.741413381313048347e-01
4.492339999999999804e+02 5.334683917957246946e-01
4.486009999999999991e+02 4.691811040582092862e-01
4.479680000000000177e+02 6.570458005018385839e-01
4.473360000000000127e+02 6.367473094088339503e-01
4.467029999999999745e+02 6.039122178399976004e-01
4.460690000000000168e+02 7.151715848812505438e-01
4.454359999999999786e+02 6.449310330899521437e-01
4.448029999999999973e+02 6.248323501536067193e-01
4.441689999999999827e+02 6.793512000256670680e-01
4.435360000000000014e+02 7.460086320350214351e-01
4.429019999999999868e+02 8.742410418645306658e-01
4.422699999999999818e+02 7.549772581580139752e-01
4.416360000000000241e+02 8.517866759787628972e-01
4.410029999999999859e+02 8.437240136026150639e-01
4.403690000000000282e+02 7.682846434677000902e-01
4.397350000000000136e+02 7.665606797766162384e-01
4.391009999999999991e+02 7.465449475812384605e-01
4.384669999999999845e+02 6.048051010157318164e-01
4.378330000000000268e+02 6.459295123880706146e-01
4.371990000000000123e+02 5.960018425368366346e-01
4.365649999999999977e+02 6.369633883763772264e-01
4.359329999999999927e+02 4.967768733231521239e-01
4.352980000000000018e+02 4.113688661555265358e-01
4.346639999999999873e+02 4.044376767541474904e-01
4.340299999999999727e+02 4.214776714848257888e-01
4.333960000000000150e+02 4.205141833155128794e-01
4.327610000000000241e+02 5.746336231374561399e-01
4.321270000000000095e+02 5.197445242540756905e-01
4.314920000000000186e+02 4.294894879825884582e-01
4.308580000000000041e+02 3.870369346300007174e-01
4.302230000000000132e+02 4.275295000613752450e-01
4.295889999999999986e+02 4.914073834874206348e-01
4.289540000000000077e+02 4.078744961564319538e-01
4.283190000000000168e+02 4.597815340231599102e-01
4.276859999999999786e+02 4.587974173182645665e-01
4.270509999999999877e+02 3.934201431333996801e-01
4.264159999999999968e+02 3.283800936744311616e-01
4.257810000000000059e+02 3.915723067260048484e-01
4.251460000000000150e+02 4.370758237077552177e-01
4.245110000000000241e+02 5.228690752720814849e-01
4.238759999999999764e+02 5.274137895561548106e-01
4.232409999999999854e+02 5.780601120405477467e-01
4.226050000000000182e+02 5.077359954291921218e-01
4.219700000000000273e+02 5.180307189127077994e-01
4.213349999999999795e+02 5.339816902464370463e-01
4.206990000000000123e+02 6.126216301305486001e-01
4.200640000000000214e+02 6.168794417114696893e-01
4.194289999999999736e+02 6.835757374347263271e-01
4.187930000000000064e+02 5.516298710055160814e-01
4.181569999999999823e+02 5.220600743796589560e-01
4.175219999999999914e+02 5.546867914988401482e-01
4.168860000000000241e+02 6.771544692101906238e-01
4.162500000000000000e+02 7.373079819901660059e-01
4.156150000000000091e+02 7.467790296677712103e-01
4.149789999999999850e+02 7.673471761890957588e-01
4.143430000000000177e+02 7.878114565843701289e-01
4.137069999999999936e+02 7.080858796610360884e-01
4.130710000000000264e+02 8.229053672102700778e-01
4.124350000000000023e+02 8.762917531039833285e-01
4.117989999999999782e+02 9.183858023125398562e-01
4.111630000000000109e+02 8.831328673031993981e-01
4.105260000000000105e+02 8.480611486194238324e-01
4.098899999999999864e+02 8.734417803028372562e-01
4.092540000000000191e+02 7.510611493598225996e-01
4.086170000000000186e+02 7.601568493205957955e-01
4.079809999999999945e+02 8.073145764888345344e-01
4.073439999999999941e+02 7.727947064076684525e-01
4.067080000000000268e+02 7.384370542493396972e-01
4.060710000000000264e+02 8.230842462398257897e-01
4.054350000000000023e+02 7.025253292541597805e-01
4.047980000000000018e+02 7.169693543468117491e-01
4.041610000000000014e+02 6.937764513885510409e-01
4.035240000000000009e+02 7.456176912420358072e-01
4.028879999999999768e+02 6.317199403617906883e-01
4.022509999999999764e+02 6.834139801334631059e-01
4.016139999999999759e+02 5.649041446698601643e-01
4.009769999999999754e+02 5.741266627699188607e-01
4.003399999999999750e+02 4.511277392188827728e-01
3.997029999999999745e+02 5.449489778702868437e-01
3.990649999999999977e+02 5.120397439982317112e-01
3.984279999999999973e+02 4.111367777698499149e-01
3.977909999999999968e+02 3.839776348120224059e-01
3.971519999999999868e+02 3.724645662965229143e-01
3.965149999999999864e+02 2.934915246959130530e-01
3.958770000000000095e+02 3.343163710032420188e-01
3.952400000000000091e+02 2.194787758117659193e-01
3.946019999999999754e+02 3.016677689231714310e-01
3.939649999999999750e+02 2.132273390701183158e-01
3.933269999999999982e+02 2.024092426715824178e-01
3.926890000000000214e+02 3.199415570341007653e-01
3.920520000000000209e+02 2.986811978882225049e-01
3.914139999999999873e+02 3.898421580082349625e-01
3.907760000000000105e+02 3.939225500972691751e-01
3.901379999999999768e+02 5.250068785830183105e-01
3.895000000000000000e+02 6.403255192082339953e-01
3.888609999999999900e+02 5.781588125329024663e-01
3.882230000000000132e+02 5.918003734155464768e-01
3.875849999999999795e+02 6.506791889332650403e-01
3.869460000000000264e+02 7.042361694481779066e-01
3.863079999999999927e+02 7.675429495315758688e-01
3.856700000000000159e+02 8.055484872057210310e-01
3.850319999999999823e+02 8.483360661368568589e-01
3.843929999999999723e+02 7.666969905654074102e-01
3.837549999999999955e+02 8.142856982919627340e-01
3.831159999999999854e+02 7.875754353128636698e-01
3.824759999999999991e+02 7.756530192213273445e-01
3.818380000000000223e+02 7.442029848349979160e-01
3.811990000000000123e+02 6.197097503267604557e-01
3.805600000000000023e+02 6.866567148719813218e-01
3.799220000000000255e+02 6.556285223533636630e-01
3.792830000000000155e+02 5.809259443172331006e-01
3.786440000000000055e+02 6.279789653920241355e-01
3.780049999999999955e+02 5.778791996527077313e-01
3.773650000000000091e+02 5.958469260614441820e-01
3.767259999999999991e+02 7.725928058132907061e-01
3.760860000000000127e+02 7.561689663759324498e-01
3.754470000000000027e+02 9.123887544769316849e-01
3.748079999999999927e+02 9.004279102978058891e-01
3.741689999999999827e+02 9.457589168797587709e-01
3.735299999999999727e+02 9.956758772339966423e-01
3.728890000000000100e+02 1.007422900433812440e+00
3.722500000000000000e+02 9.290522721493947866e-01
3.716100000000000136e+02 1.049372185900528498e+00
3.709710000000000036e+02 9.619239525495903997e-01
3.703310000000000173e+02 9.219715082407961004e-01
3.696909999999999741e+02 8.914117869469291300e-01
3.690500000000000114e+02 9.123998056550230995e-01
3.684110000000000014e+02 8.634442098758725592e-01
3.677710000000000150e+02 8.425913669682330021e-01
3.671309999999999718e+02 8.033007120152254599e-01
3.664909999999999854e+02 9.214078356085884103e-01
3.658509999999999991e+02 8.497872318276726844e-01
3.652099999999999795e+02 8.476012060106055124e-01
3.645699999999999932e+02 9.508106563187707083e-01
3.639300000000000068e+02 9.300205429573336069e-01
3.632900000000000205e+02 9.184046445317987084e-01
3.626490000000000009e+02 9.386951100001645898e-01
3.620079999999999814e+02 9.135887976881956751e-01
3.613670000000000186e+02 8.975789820042877620e-01
3.607269999999999754e+02 8.320459243361779667e-01
3.600869999999999891e+02 8.568570120663402401e-01
3.594460000000000264e+02 7.738374297714415428e-01
3.588039999999999736e+02 7.133955757366439165e-01
3.581639999999999873e+02 6.892225733813794886e-01
3.575230000000000246e+02 6.339525194728710122e-01
3.568829999999999814e+02 7.121272692467099930e-01
3.562420000000000186e+02 6.880869673042802059e-01
3.556000000000000227e+02 6.995582147657366523e-01
3.549590000000000032e+02 7.329089216128144013e-01
3.543179999999999836e+02 6.606253263850812019e-01
3.536770000000000209e+02 6.808048024756369054e-01
3.530350000000000250e+02 7.794437816479991010e-01
3.523940000000000055e+02 8.034904364978707747e-01
3.517520000000000095e+02 8.013122375118514329e-01
3.511109999999999900e+02 6.473857289127123993e-01
3.504689999999999941e+02 7.018597101658576864e-01
3.498269999999999982e+02 7.214985736672406835e-01
3.491859999999999786e+02 7.066347858925789982e-01
3.485450000000000159e+02 6.918902485986234696e-01
3.479019999999999868e+02 6.770831653988783616e-01
3.472599999999999909e+02 6.326272758087225778e-01
3.466190000000000282e+02 6.223802529929648442e-01
3.459769999999999754e+02 6.036966067985440887e-01
3.453340000000000032e+02 6.570404310199052800e-01
3.446929999999999836e+02 6.889709535030116294e-01
3.440509999999999877e+02 6.618140782560525404e-01
3.434089999999999918e+02 6.515880839443483064e-01
3.427660000000000196e+02 6.079686462371939326e-01
3.421240000000000236e+02 6.939103267278242670e-01
3.414820000000000277e+02 7.127784404113842731e-01
3.408399999999999750e+02 7.066060361897499309e-01
3.401970000000000027e+02 7.419256904056469315e-01
3.395539999999999736e+02 7.480899371662455000e-01
3.389119999999999777e+02 7.253982310068981532e-01
3.382690000000000055e+02 7.439618917066221915e-01
3.376259999999999764e+02 8.441100902020740593e-01
3.369839999999999804e+02 9.070195187120818625e-01
3.363419999999999845e+02 8.678888034553452480e-01
3.356979999999999791e+02 8.126805086376446274e-01
3.350550000000000068e+02 7.982640991557445886e-01
3.344130000000000109e+02 7.597543933513164482e-01
3.337690000000000055e+02 7.696110340901520797e-01
3.331259999999999764e+02 7.875060875542971850e-01
3.324830000000000041e+02 8.932145055884112006e-01
3.318389999999999986e+02 8.429278975547819241e-01
3.311960000000000264e+02 9.080638510543469488e-01
3.305539999999999736e+02 8.777064194782790985e-01
3.299110000000000014e+02 9.305489246724284458e-01
3.292660000000000196e+02 9.634059288429370760e-01
3.286229999999999905e+02 1.015696706064628696e+00
3.279800000000000182e+02 9.971488680017945860e-01
3.273360000000000127e+02 9.668443357941270966e-01
3.266929999999999836e+02 8.744549772689469425e-01
3.260489999999999782e+02 8.563973055259693767e-01
3.254049999999999727e+02 8.345404273625636193e-01
3.247610000000000241e+02 8.785105515523252695e-01
3.241179999999999950e+02 8.451549614012373590e-01
3.234730000000000132e+02 8.657377809200083041e-01
3.228290000000000077e+02 8.670230156008978950e-01
3.221840000000000259e+02 9.371402614215862403e-01
3.215409999999999968e+02 9.419843439464850032e-01
3.208969999999999914e+02 1.018920786591204219e+00
3.202520000000000095e+02 1.061468153896211630e+00
3.196080000000000041e+02 1.054547793112306620e+00
3.189639999999999986e+02 1.085329695724311705e+00
3.183190000000000168e+02 1.130941287309526810e+00
3.176750000000000114e+02 1.060274818907807060e+00
3.170310000000000059e+02 9.490708212019712819e-01
3.163860000000000241e+02 9.461248738893914823e-01
3.157420000000000186e+02 9.211490756277033176e-01
3.150980000000000132e+02 8.629602376789865525e-01
3.144519999999999982e+02 8.456003964072951185e-01
3.138079999999999927e+02 8.173743870027020408e-01
3.131619999999999777e+02 8.002776711249396380e-01
3.125179999999999723e+02 7.759465299742748234e-01
3.118729999999999905e+02 7.845223945764049356e-01
3.112269999999999754e+02 9.129888584298668786e-01
3.105830000000000268e+02 8.559252329520750102e-01
3.099370000000000118e+02 8.316738398719354386e-01
3.092919999999999732e+02 8.400076370639735224e-01
3.086469999999999914e+02 8.159455612030377392e-01
3.080009999999999764e+02 8.886304295119031860e-01
3.073570000000000277e+02 9.287186146676851273e-01
3.067099999999999795e+02 9.402148679692795552e-01
3.060649999999999977e+02 9.231385371038260956e-01
3.054200000000000159e+02 9.167584558825152552e-01
3.047740000000000009e+02 9.104987765431010738e-01
3.041290000000000191e+02 9.042609136985370055e-01
3.034820000000000277e+02 9.995308165895651076e-01
3.028369999999999891e+02 1.059328585225009833e+00
3.021920000000000073e+02 1.104736880887559725e+00
3.015450000000000159e+02 1.070202248934623235e+00
3.008999999999999773e+02 9.976826964774274664e-01
3.002529999999999859e+02 1.094695191568314740e+00
2.996080000000000041e+02 1.050050337013282098e+00
2.989610000000000127e+02 9.987463274459702500e-01
2.983149999999999977e+02 1.084604383878359668e+00
2.976700000000000159e+02 1.036977813549463612e+00
2.970230000000000246e+02 1.040498216306770196e+00
2.963770000000000095e+02 9.728695782231637779e-01
2.957300000000000182e+02 9.496635301113754979e-01
2.950840000000000032e+02 9.769813925856140058e-01
2.944370000000000118e+02 9.034800129532685187e-01
2.937909999999999968e+02 9.307577137416512825e-01
2.931429999999999723e+02 1.087814200953842070e+00
2.924970000000000141e+02 1.081084041062062351e+00
2.918500000000000227e+02 1.027997652322691691e+00
2.912040000000000077e+02 1.008227830216235521e+00
2.905570000000000164e+02 1.054319218933342128e+00
2.899100000000000250e+02 1.113434229720916768e+00
2.892629999999999768e+02 1.201412893628921674e+00
2.886159999999999854e+02 1.253097290282447318e+00
2.879689999999999941e+02 1.288106025415008959e+00
2.873210000000000264e+02 1.290488458521187765e+00
2.866750000000000114e+02 1.273429462205665441e+00
2.860269999999999868e+02 1.340185954277948843e+00
2.853799999999999955e+02 1.361556572046770164e+00
2.847320000000000277e+02 1.344386690268767115e+00
2.840849999999999795e+02 1.406983537054606437e+00
2.834370000000000118e+02 1.434266522824732215e+00
2.827900000000000205e+02 1.496093066754178968e+00
2.821419999999999959e+02 1.548139565978489562e+00
2.814950000000000045e+02 1.571357818976507836e+00
2.808469999999999800e+02 1.629082291197563315e+00
2.801990000000000123e+02 1.573753153973265428e+00
2.795509999999999877e+02 1.537437415168272148e+00
2.789039999999999964e+02 1.554250645336696435e+00
2.782549999999999955e+02 1.552181451108818777e+00
2.776080000000000041e+02 1.553288492573526858e+00
2.769590000000000032e+02 1.529718927398222350e+00
2.763120000000000118e+02 1.558380846244975526e+00
2.756630000000000109e+02 1.528851860905894311e+00
2.750149999999999864e+02 1.554176983681426094e+00
2.743659999999999854e+02 1.682668260114307701e+00
2.737189999999999941e+02 1.779893184659305794e+00
2.730699999999999932e+02 1.804197281696396482e+00
2.724220000000000255e+02 1.777102041088090667e+00
2.717730000000000246e+02 1.735267128160075556e+00
2.711240000000000236e+02 1.702579397825793706e+00
2.704759999999999991e+02 1.649331606638653858e+00
2.698260000000000218e+02 1.676391244295332816e+00
2.691779999999999973e+02 1.729876156195936154e+00
2.685289999999999964e+02 1.644528145231391569e+00
2.678809999999999718e+02 1.621299429501327882e+00
2.672309999999999945e+02 1.592494660633998249e+00
2.665830000000000268e+02 1.624959774545502889e+00
2.659329999999999927e+02 1.735675021340191693e+00
2.652839999999999918e+02 1.781942038053641930e+00
2.646349999999999909e+02 1.856662012318211152e+00
2.639850000000000136e+02 1.807204792215091560e+00
2.633369999999999891e+02 1.783764073627081670e+00
2.626870000000000118e+02 1.829102923770296929e+00
2.620380000000000109e+02 1.785873443804881555e+00
2.613879999999999768e+02 1.856257752007301365e+00
2.607400000000000091e+02 1.816044385899269642e+00
2.600899999999999750e+02 1.733639982096927490e+00
2.594390000000000214e+02 1.775353073975565188e+00
2.587900000000000205e+02 1.738382256203640397e+00
2.581399999999999864e+02 1.740709988368855266e+00
2.574909999999999854e+02 1.723553850987639136e+00
2.568410000000000082e+02 1.803356807238013726e+00
2.561899999999999977e+02 1.863309797857963579e+00
2.555409999999999968e+02 1.826504844217239576e+00
2.548899999999999864e+02 1.863932962884688793e+00
2.542410000000000139e+02 1.860158226446056551e+00
2.535910000000000082e+02 1.796427658847513431e+00
2.529399999999999977e+02 1.795460803040269449e+00
2.522899999999999920e+02 1.818922387464256385e+00
2.516399999999999864e+02 1.874333337281138379e+00
2.509900000000000091e+02 1.789870878775166263e+00
2.503389999999999986e+02 1.794168757820530979e+00
2.496879999999999882e+02 1.833084708943158558e+00
2.490380000000000109e+02 1.839715073806672319e+00
2.483870000000000005e+02 1.893993831954191354e+00
2.477359999999999900e+02 1.942496310380529501e+00
2.470860000000000127e+02 1.917140424757742823e+00
2.464350000000000023e+02 1.972986375621121446e+00
2.457849999999999966e+02 1.887675116083235016e+00
2.451330000000000098e+02 1.930179408232886695e+00
2.444819999999999993e+02 1.892099677447736328e+00
2.438319999999999936e+02 1.859501281447857979e+00
2.431800000000000068e+02 1.834680612144886869e+00
2.425289999999999964e+02 1.827976509918708858e+00
2.418779999999999859e+02 1.897720998873998699e+00
2.412270000000000039e+02 1.944144574985882334e+00
2.405749999999999886e+02 1.896531486454346327e+00
2.399240000000000066e+02 1.975216455615652622e+00
2.392719999999999914e+02 1.967965601251923324e+00
2.386200000000000045e+02 2.003219013419457184e+00
2.379699999999999989e+02 1.990792349343361023e+00
2.373180000000000121e+02 2.043000763195451874e+00
2.366670000000000016e+02 2.035445372428921207e+00
2.360149999999999864e+02 2.030233503042497389e+00
2.353629999999999995e+02 2.066882145864066267e+00
2.347100000000000080e+02 2.139885417565139836e+00
2.340600000000000023e+02 2.124485840875487419e+00
2.334070000000000107e+02 2.111636095584556561e+00
2.327549999999999955e+02 2.188382371486138567e+00
2.321040000000000134e+02 2.245142778535095474e+00
2.314509999999999934e+02 2.229450010896641743e+00
2.307980000000000018e+02 2.283120882351714176e+00
2.301469999999999914e+02 2.274430316580110745e+00
2.294939999999999998e+02 2.241984010468940802e+00
2.288420000000000130e+02 2.193195459537671699e+00
2.281899999999999977e+02 2.267217512282359237e+00
2.275370000000000061e+02 2.321848877975399184e+00
2.268839999999999861e+02 2.350352726160406025e+00
2.262330000000000041e+02 2.399383937616089035e+00
2.255800000000000125e+02 2.464336149461628267e+00
2.249269999999999925e+02 2.457102481001137040e+00
2.242729999999999961e+02 2.466009413761390601e+00
2.236220000000000141e+02 2.515936311906672440e+00
2.229679999999999893e+02 2.526693584413219007e+00
2.223149999999999977e+02 2.541742350430005182e+00
2.216630000000000109e+02 2.502397477753560917e+00
2.210099999999999909e+02 2.458604972339469175e+00
2.203559999999999945e+02 2.412896831680119369e+00
2.197019999999999982e+02 2.389931120350936578e+00
2.190500000000000114e+02 2.396068360486870663e+00
2.183969999999999914e+02 2.390950654410705312e+00
2.177429999999999950e+02 2.379203687710749193e+00
2.170889999999999986e+02 2.389528009746062942e+00
2.164370000000000118e+02 2.347020442010854691e+00
2.157829999999999870e+02 2.376959601552973478e+00
2.151289999999999907e+02 2.349929198945404085e+00
2.144749999999999943e+02 2.405488511148378361e+00
2.138220000000000027e+02 2.402242280554422127e+00
2.131680000000000064e+02 2.403218634884996874e+00
2.125140000000000100e+02 2.412729684008813713e+00
2.118600000000000136e+02 2.370904409648502131e+00
2.112069999999999936e+02 2.412206450476896968e+00
2.105529999999999973e+02 2.389609089525766450e+00
2.098979999999999961e+02 2.369256833251256467e+00
2.092439999999999998e+02 2.334245601254732794e+00
2.085910000000000082e+02 2.326738856463580252e+00
2.079360000000000070e+02 2.315020326553664631e+00
2.072820000000000107e+02 2.299186354087766837e+00
2.066270000000000095e+02 2.246270008783457062e+00
2.059739999999999895e+02 2.278021116480131614e+00
2.053189999999999884e+02 2.266399590465939529e+00
2.046639999999999873e+02 2.238566915151340986e+00
2.040089999999999861e+02 2.237250820305848098e+00
2.033540000000000134e+02 2.229814282176286522e+00
2.027009999999999934e+02 2.164114157558681306e+00
2.020459999999999923e+02 2.138873128772389443e+00
2.013909999999999911e+02 2.089863682500231690e+00
2.007350000000000136e+02 2.128616028792125192e+00
2.000800000000000125e+02 2.105668400431560894e+00
1.994259999999999877e+02 2.059211044696090287e+00
1.987709999999999866e+02 2.052308291201999424e+00
1.981160000000000139e+02 2.031778265816050144e+00
1.974600000000000080e+02 2.054066101229373054e+00
1.968050000000000068e+02 2.008365594064520643e+00
1.961510000000000105e+02 1.993949872308738325e+00
1.954950000000000045e+02 2.033216436094156698e+00
1.948389999999999986e+02 1.988001127544304580e+00
1.941839999999999975e+02 1.960268812282765616e+00
1.935279999999999916e+02 1.972473214196748925e+00
1.928739999999999952e+02 1.990156616039280291e+00
1.922179999999999893e+02 1.977626193390763953e+00
1.915620000000000118e+02 2.021182507200761869e+00
1.909060000000000059e+02 2.082938624010038708e+00
1.902500000000000000e+02 2.105184751025706458e+00
1.895939999999999941e+02 2.068087848374926985e+00
1.889389999999999930e+02 2.112012504499998666e+00
1.882829999999999870e+02 2.142748344214785217e+00
1.876270000000000095e+02 2.176753498807889375e+00
1.869699999999999989e+02 2.159700029349258088e+00
1.863139999999999930e+02 2.149909843472797899e+00
1.856570000000000107e+02 2.107788254447551690e+00
1.850010000000000048e+02 2.076760425242494268e+00
1.843460000000000036e+02 2.099280799925387075e+00
1.836889999999999930e+02 2.133922610456045366e+00
1.830329999999999870e+02 2.166361412414230525e+00
1.823760000000000048e+02 2.180945580192299005e+00
1.817189999999999941e+02 2.160397455888130480e+00
1.810620000000000118e+02 2.258131486271599986e+00
1.804050000000000011e+02 2.328911813827325705e+00
1.797500000000000000e+02 2.354098451124938762e+00
1.790929999999999893e+02 2.411653592730236717e+00
1.784360000000000070e+02 2.408865250262121283e+00
1.777789999999999964e+02 2.429775946825687427e+00
1.771220000000000141e+02 2.435147171796371968e+00
1.764650000000000034e+02 2.442121883760750567e+00
1.758069999999999879e+02 2.455573792662153920e+00
1.751500000000000057e+02 2.428892546472333436e+00
1.744939999999999998e+02 2.445391610922579950e+00
1.738369999999999891e+02 2.491410861340121130e+00
1.731790000000000020e+02 2.517160628178885862e+00
1.725219999999999914e+02 2.552394929678376556e+00
1.718640000000000043e+02 2.598549992739914494e+00
1.712059999999999889e+02 2.632799709106590669e+00
1.705490000000000066e+02 2.658635346773317476e+00
1.698909999999999911e+02 2.669630469656439242e+00
1.692330000000000041e+02 2.654930765583548347e+00
1.685749999999999886e+02 2.637083195452122553e+00
1.679190000000000111e+02 2.661965792702630118e+00
1.672609999999999957e+02 2.644047047531512540e+00
1.666030000000000086e+02 2.690272067606726214e+00
1.659449999999999932e+02 2.644193651498220721e+00
1.652870000000000061e+02 2.586100084261526266e+00
1.646279999999999859e+02 2.585391345584076905e+00
1.639699999999999989e+02 2.610640052178190729e+00
1.633120000000000118e+02 2.652313278055892454e+00
1.626539999999999964e+02 2.652513782056841407e+00
1.619950000000000045e+02 2.614845725299941748e+00
1.613369999999999891e+02 2.599999591915876707e+00
1.606779999999999973e+02 2.558274434508480688e+00
1.600190000000000055e+02 2.556972630520318646e+00
1.593609999999999900e+02 2.570402883815850803e+00
1.587040000000000077e+02 2.568898961633480749e+00
1.580449999999999875e+02 2.580365820088292406e+00
1.573859999999999957e+02 2.563974859474383639e+00
1.567270000000000039e+02 2.576586041957781070e+00
1.560680000000000121e+02 2.560183724903887459e+00
1.554089999999999918e+02 2.559580553227583266e+00
1.547500000000000000e+02 2.565972801689371252e+00
1.540910000000000082e+02 2.549529994535165489e+00
1.534319999999999879e+02 2.547206106012562810e+00
1.527729999999999961e+02 2.543393534924353716e+00
1.521140000000000043e+02 2.521370130358740802e+00
1.514540000000000077e+02 2.514717866633545018e+00
1.507949999999999875e+02 2.508006010016008425e+00
1.501359999999999957e+02 2.586284286089540529e+00
1.494759999999999991e+02 2.609046817880825042e+00
1.488170000000000073e+02 2.615128919479740688e+00
1.481570000000000107e+02 2.664187988057670431e+00
1.474970000000000141e+02 2.656224504405765519e+00
1.468379999999999939e+02 2.680232923639405573e+00
1.461779999999999973e+02 2.690572552598855527e+00
1.455180000000000007e+02 2.730988950999834852e+00
1.448580000000000041e+02 2.740651748538867505e+00
1.441980000000000075e+02 2.682186815954497483e+00
1.435380000000000109e+02 2.705995420317248268e+00
1.428779999999999859e+02 2.717769435153592816e+00
1.422179999999999893e+02 2.752375401057370663e+00
1.415579999999999927e+02 2.760924399458970502e+00
1.408979999999999961e+02 2.762868948968387972e+00
1.402379999999999995e+02 2.762105525746918477e+00
1.395769999999999982e+02 2.756162842874737340e+00
1.389170000000000016e+02 2.787582239547172769e+00
1.382560000000000002e+02 2.858070608374634780e+00
1.375960000000000036e+02 2.896812045663637036e+00
1.369350000000000023e+02 2.927580462432534780e+00
1.362750000000000057e+02 2.935910495699375566e+00
1.356140000000000043e+02 2.973015353200873623e+00
1.349540000000000077e+02 3.005893963661156132e+00
1.342930000000000064e+02 3.071681409511412664e+00
1.336320000000000050e+02 3.135292222119218764e+00
1.329710000000000036e+02 3.171967403951575726e+00
1.323100000000000023e+02 3.192734404354586886e+00
1.316490000000000009e+02 3.258567095282094872e+00
1.309879999999999995e+02 3.275830309849647293e+00
1.303269999999999982e+02 3.284631220450545452e+00
1.296659999999999968e+02 3.346958882236706678e+00
1.290049999999999955e+02 3.369606042618586539e+00
1.283420000000000130e+02 3.369050964370750023e+00
1.276809999999999974e+02 3.376217239636317036e+00
1.270190000000000055e+02 3.413197085652095897e+00
1.263580000000000041e+02 3.375113736392695518e+00
1.256959999999999980e+02 3.326186189744122501e+00
1.250349999999999966e+02 3.332526655282074479e+00
1.243730000000000047e+02 3.325484650360104322e+00
1.237120000000000033e+02 3.306381394511032301e+00
1.230499999999999972e+02 3.308801954952218960e+00
1.223880000000000052e+02 3.297034265291625577e+00
1.217259999999999991e+02 3.235289146344126010e+00
1.210639999999999930e+02 3.160391441567500070e+00
1.204030000000000058e+02 3.151272041518462075e+00
1.197409999999999997e+02 3.125342476577631867e+00
1.190780000000000030e+02 3.042604596935179373e+00
1.184150000000000063e+02 3.015086415555178867e+00
1.177530000000000001e+02 2.967430066878683714e+00
1.170909999999999940e+02 2.904962205381211415e+00
1.164279999999999973e+02 2.844077777531037743e+00
1.157660000000000053e+02 2.814842456645200830e+00
1.151039999999999992e+02 2.776811271718023111e+00
1.144410000000000025e+02 2.718355105259617766e+00
1.137789999999999964e+02 2.663405749979598003e+00
1.131159999999999997e+02 2.646964809012114284e+00
1.124539999999999935e+02 2.615073548079772880e+00
1.117890000000000015e+02 2.580402244553298363e+00
1.111269999999999953e+02 2.569004110497872251e+00
1.104639999999999986e+02 2.530055633510105206e+00
1.098010000000000019e+02 2.496145050306101343e+00
1.091380000000000052e+02 2.455043557491693118e+00
1.084749999999999943e+02 2.433751445777309730e+00
1.078119999999999976e+02 2.359252246119726504e+00
1.071490000000000009e+02 2.313919906372192692e+00
1.064849999999999994e+02 2.210828696610172450e+00
1.058209999999999980e+02 2.123603813458634804e+00
1.051580000000000013e+02 2.016057376506506849e+00
1.044950000000000045e+02 1.979016169535772640e+00
1.038319999999999936e+02 1.896606374360281455e+00
1.031680000000000064e+02 1.823909864827876648e+00
1.025049999999999955e+02 1.756465419039396680e+00
1.018400000000000034e+02 1.726760657257890852e+00
1.011760000000000019e+02 1.678626975028104429e+00
1.005130000000000052e+02 1.687806880295646739e+00
9.984900000000000375e+01 1.683205869414863276e+00
9.918529999999999802e+01 1.671015259908502637e+00
9.852150000000000318e+01 1.652992844741354883e+00
9.785769999999999413e+01 1.691713304784799421e+00
9.719230000000000302e+01 1.739513351581736478e+00
9.652830000000000155e+01 1.783867859753719420e+00
9.586430000000000007e+01 1.817663748628441267e+00
9.520029999999999859e+01 1.864246484582823715e+00
9.453610000000000468e+01 1.932720860751589331e+00
9.387199999999999989e+01 1.999869857483735469e+00
9.320619999999999550e+01 2.041810989793300113e+00
9.254200000000000159e+01 2.090358051973809417e+00
9.187760000000000105e+01 2.090574876367334856e+00
9.121320000000000050e+01 2.104914325721622070e+00
9.054879999999999995e+01 2.101498815422804700e+00
8.988280000000000314e+01 2.138789564857338732e+00
8.921819999999999595e+01 2.139772690020359303e+00
8.855360000000000298e+01 2.122191206336000668e+00
8.788890000000000668e+01 2.103175394595116821e+00
8.722419999999999618e+01 2.135944401591825414e+00
8.655939999999999657e+01 2.159994624650638961e+00
8.589300000000000068e+01 2.196843781549670638e+00
8.522809999999999775e+01 2.204669621160962656e+00
8.456319999999999482e+01 2.228004152985644026e+00
8.389820000000000277e+01 2.218995465929281874e+00
8.323160000000000025e+01 2.233673452715177810e+00
8.256650000000000489e+01 2.234246664224011969e+00
8.190130000000000621e+01 2.253224403941660015e+00
8.123609999999999332e+01 2.254270128243700100e+00
8.057080000000000553e+01 2.220169698345539011e+00
7.990389999999999304e+01 2.221449428214003596e+00
7.923850000000000193e+01 2.234588241845243850e+00
7.857299999999999329e+01 2.254145892200171808e+00
7.790749999999999886e+01 2.263479599135500120e+00
7.724039999999999395e+01 2.261651207387293638e+00
7.657479999999999620e+01 2.271224244211059506e+00
7.590909999999999513e+01 2.242183727772348867e+00
7.524339999999999407e+01 2.251599807565111355e+00
7.457760000000000389e+01 2.247216976014975831e+00
7.391020000000000323e+01 2.204332382058096229e+00
7.324429999999999552e+01 2.183775378322413196e+00
7.257829999999999870e+01 2.135820190870620916e+00
7.191230000000000189e+01 2.103441635778702246e+00
7.124469999999999459e+01 2.090671941911937726e+00
7.057850000000000534e+01 2.063698751014541255e+00
6.991230000000000189e+01 2.068196269806361620e+00
6.924609999999999843e+01 2.030090382919968572e+00
6.857829999999999870e+01 2.016470871146932353e+00
6.791190000000000282e+01 1.998401474601773087e+00
6.724550000000000693e+01 1.970114547874192157e+00
6.657750000000000057e+01 1.952557919481643367e+00
6.591100000000000136e+01 1.916685227017854265e+00
6.524439999999999884e+01 1.899809306433748901e+00
6.457769999999999300e+01 1.872120034992592386e+00
6.390950000000000131e+01 1.837965634244879798e+00
6.324269999999999925e+01 1.819723167218042503e+00
6.257589999999999719e+01 1.810832765772901753e+00
6.190899999999999892e+01 1.798284281659594974e+00
6.124060000000000059e+01 1.779277039313099884e+00
6.057359999999999900e+01 1.764082875207008794e+00
5.990659999999999741e+01 1.750219039201031501e+00
5.923799999999999955e+01 1.708669587986696881e+00
5.857079999999999842e+01 1.664530658786957495e+00
5.790359999999999729e+01 1.650502293607227333e+00
5.723629999999999995e+01 1.622897689503808971e+00
5.656750000000000256e+01 1.583939039813879956e+00
5.590010000000000190e+01 1.568703590943209436e+00
5.523270000000000124e+01 1.541729600464490035e+00
5.456360000000000099e+01 1.523443350069962898e+00
5.389609999999999701e+01 1.511455109547912956e+00
5.322849999999999682e+01 1.510876890370465908e+00
5.255930000000000035e+01 1.517941285895545001e+00
5.189159999999999684e+01 1.484058264041496766e+00
5.122379999999999711e+01 1.473590764128071884e+00
5.055440000000000111e+01 1.458531959120476396e+00
4.988660000000000139e+01 1.434136076071317101e+00
4.921860000000000213e+01 1.408377933669615611e+00
4.854910000000000281e+01 1.384980085686916773e+00
4.788100000000000023e+01 1.375048629125913413e+00
4.721289999999999765e+01 1.355382225829339315e+00
4.654319999999999879e+01 1.327108227526455853e+00
4.587500000000000000e+01 1.312176158270952797e+00
4.520669999999999789e+01 1.275968784634477160e+00
4.453679999999999950e+01 1.254919867541629763e+00
4.386840000000000117e+01 1.236339632056650428e+00
4.320000000000000284e+01 1.230956229320247175e+00
4.252989999999999782e+01 1.204601121424058396e+00
4.186129999999999995e+01 1.175363047995315213e+00
4.119270000000000209e+01 1.137367796889954930e+00
4.052250000000000085e+01 1.114473908617712006e+00
3.985379999999999967e+01 1.097847143463622999e+00
3.918500000000000227e+01 1.086503188137136311e+00
3.851460000000000150e+01 1.066665963954835927e+00
3.784570000000000078e+01 1.044627107032040314e+00
3.717519999999999669e+01 1.016774773116899899e+00
3.650619999999999976e+01 9.920743122256119317e-01
3.583709999999999951e+01 9.762745600146649494e-01
3.516640000000000299e+01 9.592731184495009167e-01
3.449719999999999942e+01 9.336965144291187180e-01
3.382800000000000296e+01 9.147702103642399996e-01
3.315709999999999980e+01 8.876033927537947399e-01
3.248780000000000001e+01 8.521112980770934042e-01
3.181680000000000064e+01 8.289940738600526382e-01
3.114730000000000132e+01 8.113075533206142165e-01
3.047779999999999845e+01 7.984089858234718617e-01
2.980669999999999931e+01 7.632186561364108224e-01
2.913700000000000045e+01 7.443345104991796468e-01
2.846730000000000160e+01 7.280749045332826075e-01
2.779599999999999937e+01 6.984839780445134538e-01
2.712620000000000076e+01 6.766218412990261388e-01
2.645479999999999876e+01 6.573268153615832166e-01
2.578490000000000038e+01 6.343972321728802433e-01
2.511329999999999885e+01 6.050475216567315906e-01
2.444330000000000069e+01 5.750220348726903241e-01
2.377319999999999922e+01 5.573836136195269297e-01
2.310150000000000148e+01 5.261502113820223370e-01
2.243130000000000024e+01 5.017001905933338168e-01
2.175949999999999918e+01 4.777549372936732985e-01
2.108909999999999840e+01 4.522640886402439220e-01
2.041870000000000118e+01 4.312329606468974230e-01
1.974680000000000035e+01 4.026323235367268993e-01
1.907629999999999981e+01 3.809634882646601439e-01
1.840419999999999945e+01 3.611687438372059300e-01
1.773349999999999937e+01 3.385265745758472833e-01
1.706129999999999924e+01 3.236839519513636243e-01
1.639059999999999917e+01 3.019918349400804169e-01
1.571979999999999933e+01 2.845983460164989154e-01
1.504739999999999966e+01 2.706737851745414369e-01
1.437650000000000006e+01 2.547477254943144032e-01
1.370410000000000039e+01 2.429424601324145228e-01
1.303299999999999947e+01 2.266164649273085530e-01
1.236040000000000028e+01 2.126052776912356335e-01
1.168929999999999936e+01 1.984588215022599633e-01
1.101660000000000039e+01 1.885654920554381275e-01
1.034529999999999994e+01 1.851477451126391227e-01
9.672489999999999810e+00 1.791824241091643788e-01
9.001129999999999853e+00 1.730188736583752884e-01
8.329710000000000392e+00 1.648835562325943471e-01
7.656710000000000349e+00 1.606294673871939693e-01
6.985170000000000101e+00 1.670414428111572647e-01
6.312050000000000161e+00 1.701550960690937919e-01
5.640399999999999636e+00 1.698644057374307514e-01
4.967170000000000307e+00 1.629658876339722673e-01
4.295410000000000394e+00 1.508090223750022107e-01
3.622059999999999835e+00 1.354771829608810985e-01
2.950180000000000025e+00 1.166608027159114214e-01
2.276720000000000077e+00 9.550017464398340150e-02
1.604729999999999990e+00 7.015180931716424872e-02
9.311519999999999797e-01 4.092260483197059096e-02
2.590439999999999965e-01 1.137427586015656890e-02
