4.498670000000000186e+02 5.518588695039250425e-01
4.492339999999999804e+02 4.364972137085577630e-01
4.486009999999999991e+02 3.837082081041722770e-01
4.479680000000000177e+02 5.370273921117303395e-01
4.473360000000000127e+02 5.201678447510960090e-01
4.467029999999999745e+02 4.930906684597548550e-01
4.460690000000000168e+02 5.836066363734743190e-01
4.454359999999999786e+02 5.260198852056406915e-01
4.448029999999999973e+02 5.093603266012938224e-01
4.441689999999999827e+02 5.535004907294386323e-01
4.435360000000000014e+02 6.074759906398423670e-01
4.429019999999999868e+02 7.114977276982228371e-01
4.422699999999999818e+02 6.141207223106871504e-01
4.416360000000000241e+02 6.924827611564082774e-01
4.410029999999999859e+02 6.855596288895849932e-01
4.403690000000000282e+02 6.239335398621467244e-01
4.397350000000000136e+02 6.221960799291811339e-01
4.391009999999999991e+02 6.056229291665057302e-01
4.384669999999999845e+02 4.903902378629407255e-01
4.378330000000000268e+02 5.234415474154696657e-01
4.371990000000000123e+02 4.827245432141313852e-01
4.365649999999999977e+02 5.156101406153107414e-01
4.359329999999999927e+02 4.019327428880701825e-01
4.352980000000000018e+02 3.326636094127043974e-01
4.346639999999999873e+02 3.268787701977389215e-01
4.340299999999999727e+02 3.404572470214722868e-01
4.333960000000000150e+02 3.394896711849702542e-01
4.327610000000000241e+02 4.636167006547959324e-01
4.321270000000000095e+02 4.191062276525449048e-01
4.314920000000000186e+02 3.461494923764839582e-01
4.308580000000000041e+02 3.117684683509970300e-01
4.302230000000000132e+02 3.441806279933209423e-01
4.295889999999999986e+02 3.953657667718642466e-01
4.289540000000000077e+02 3.279886080058037057e-01
4.283190000000000168e+02 3.695051187773898960e-01
4.276859999999999786e+02 3.685037187066539932e-01
4.270509999999999877e+02 3.158255433607863316e-01
4.264159999999999968e+02 2.634778567847336217e-01
4.257810000000000059e+02 3.139797153222714243e-01
4.251460000000000150e+02 3.502516328163557957e-01
4.245110000000000241e+02 4.187390730835423014e-01
4.238759999999999764e+02 4.221315099979472407e-01
4.232409999999999854e+02 4.623876995809712009e-01
4.226050000000000182e+02 4.059092234617354689e-01
4.219700000000000273e+02 4.138937241987144522e-01
4.213349999999999795e+02 4.263834380011679026e-01
4.206990000000000123e+02 4.888728860722352243e-01
4.200640000000000214e+02 4.919778905218019638e-01
4.194289999999999736e+02 5.448349420962608214e-01
4.187930000000000064e+02 4.394255421812616191e-01
4.181569999999999823e+02 4.156264372525739215e-01
4.175219999999999914e+02 4.413303067213472097e-01
4.168860000000000241e+02 5.384238511947391226e-01
4.162500000000000000e+02 5.858904176172975431e-01
4.156150000000000091e+02 5.930560040926783349e-01
4.149789999999999850e+02 6.090170509870119764e-01
4.143430000000000177e+02 6.248750096916934060e-01
4.137069999999999936e+02 5.613049195284276482e-01
4.130710000000000264e+02 6.519072769102030041e-01
4.124350000000000023e+02 6.937668173185453924e-01
4.117989999999999782e+02 7.266398746724838098e-01
4.111630000000000109e+02 6.983188306190111216e-01
4.105260000000000105e+02 6.701738782304184072e-01
4.098899999999999864e+02 6.897984386917377364e-01
4.092540000000000191e+02 5.927922768764800621e-01
4.086170000000000186e+02 5.995941229670502803e-01
4.079809999999999945e+02 6.363854460773646915e-01
4.073439999999999941e+02 6.087945460570947098e-01
4.067080000000000268e+02 5.813653829643953275e-01
4.060710000000000264e+02 6.475855121781999291e-01
4.054350000000000023e+02 5.523956706764427960e-01
4.047980000000000018e+02 5.633915935879437731e-01
4.041610000000000014e+02 5.448212702314085831e-01
4.035240000000000009e+02 5.851493907675943129e-01
4.028879999999999768e+02 4.954606482259031885e-01
4.022509999999999764e+02 5.356508974597941064e-01
4.016139999999999759e+02 4.424948302227728059e-01
4.009769999999999754e+02 4.494256198190301754e-01
4.003399999999999750e+02 3.529331633228358078e-01
3.997029999999999745e+02 4.260346194478130122e-01
3.990649999999999977e+02 4.000500550956334056e-01
3.984279999999999973e+02 3.210240598216106966e-01
3.977909999999999968e+02 2.996266842536040587e-01
3.971519999999999868e+02 2.904532189143043119e-01
3.965149999999999864e+02 2.287377806964610294e-01
3.958770000000000095e+02 2.603687441746605491e-01
3.952400000000000091e+02 1.708512882919075437e-01
3.946019999999999754e+02 2.346376312932120511e-01
3.939649999999999750e+02 1.657655536582961497e-01
3.933269999999999982e+02 1.572544406110615023e-01
3.926890000000000214e+02 2.483436509512644275e-01
3.920520000000000209e+02 2.316907702868416519e-01
3.914139999999999873e+02 3.021711512175967451e-01
3.907760000000000105e+02 3.051251405141390816e-01
3.901379999999999768e+02 4.063513996555616070e-01
3.895000000000000000e+02 4.952470413973297791e-01
3.888609999999999900e+02 4.468672596136930575e-01
3.882230000000000132e+02 4.570938908089905439e-01
3.875849999999999795e+02 5.022141925357037628e-01
3.869460000000000264e+02 5.431663510874514822e-01
3.863079999999999927e+02 5.915742587406392916e-01
3.856700000000000159e+02 6.204294669321254174e-01
3.850319999999999823e+02 6.529228508411025755e-01
3.843929999999999723e+02 5.896843417082904271e-01
3.837549999999999955e+02 6.258400533550249056e-01
3.831159999999999854e+02 6.048871350814104542e-01
3.824759999999999991e+02 5.953094178553038907e-01
3.818380000000000223e+02 5.707707216481574530e-01
3.811990000000000123e+02 4.749673394047396191e-01
3.805600000000000023e+02 5.258919289489997206e-01
3.799220000000000255e+02 5.017735370482904189e-01
3.792830000000000155e+02 4.442926859515961002e-01
3.786440000000000055e+02 4.799253568217277111e-01
3.780049999999999955e+02 4.413256919355000307e-01
3.773650000000000091e+02 4.547145337067736159e-01
3.767259999999999991e+02 5.891401818035953974e-01
3.760860000000000127e+02 5.761973534051321177e-01
3.754470000000000027e+02 6.947087125103855731e-01
3.748079999999999927e+02 6.851002297693494780e-01
3.741689999999999827e+02 7.190571432281126496e-01
3.735299999999999727e+02 7.564458059284441260e-01
3.728890000000000100e+02 7.648015958927163460e-01
3.722500000000000000e+02 7.047894640491357832e-01
3.716100000000000136e+02 7.954604516312225870e-01
3.709710000000000036e+02 7.286355100882602187e-01
3.703310000000000173e+02 6.978530287723091474e-01
3.696909999999999741e+02 6.742179938783998683e-01
3.690500000000000114e+02 6.895691467901536864e-01
3.684110000000000014e+02 6.520821943907326723e-01
3.677710000000000150e+02 6.358537348105541831e-01
3.671309999999999718e+02 6.057468066965254749e-01
3.664909999999999854e+02 6.942646890061188181e-01
3.658509999999999991e+02 6.398172945435541825e-01
3.652099999999999795e+02 6.376813679075415964e-01
3.645699999999999932e+02 7.147680773506019936e-01
3.639300000000000068e+02 6.986017790566004804e-01
3.632900000000000205e+02 6.893435903394040665e-01
3.626490000000000009e+02 7.040236640543143798e-01
3.620079999999999814e+02 6.846621450091036065e-01
3.613670000000000186e+02 6.721397143921634676e-01
3.607269999999999754e+02 6.225850324206876341e-01
3.600869999999999891e+02 6.406439120903771878e-01
3.594460000000000264e+02 5.781253705816347122e-01
3.588039999999999736e+02 5.325547597151168988e-01
3.581639999999999873e+02 5.141049249586205905e-01
3.575230000000000246e+02 4.725088819599269074e-01
3.568829999999999814e+02 5.303412550224260169e-01
3.562420000000000186e+02 5.120306279012293293e-01
3.556000000000000227e+02 5.201466806761475548e-01
3.549590000000000032e+02 5.445009779158920260e-01
3.543179999999999836e+02 4.904118185190408652e-01
3.536770000000000209e+02 5.049798043126313418e-01
3.530350000000000250e+02 5.776606674488282689e-01
3.523940000000000055e+02 5.949941098709971010e-01
3.517520000000000095e+02 5.928957055482750871e-01
3.511109999999999900e+02 4.786293474959872896e-01
3.504689999999999941e+02 5.184685659446508499e-01
3.498269999999999982e+02 5.325332925093090308e-01
3.491859999999999786e+02 5.211330047810215360e-01
3.485450000000000159e+02 5.098378176210371926e-01
3.479019999999999868e+02 4.985124458810032966e-01
3.472599999999999909e+02 4.653978586676849050e-01
3.466190000000000282e+02 4.574778929697825292e-01
3.459769999999999754e+02 4.433742791950025519e-01
3.453340000000000032e+02 4.821363439377709947e-01
3.446929999999999836e+02 5.051358109863730572e-01
3.440509999999999877e+02 4.848171415692068553e-01
3.434089999999999918e+02 4.769214135401936283e-01
3.427660000000000196e+02 4.446205268951201051e-01
3.421240000000000236e+02 5.070247143006699764e-01
3.414820000000000277e+02 5.203618805951009119e-01
3.408399999999999750e+02 5.154125321607995192e-01
3.401970000000000027e+02 5.407030646336313806e-01
3.395539999999999736e+02 5.447219751767957696e-01
3.389119999999999777e+02 5.277430397684708119e-01
3.382690000000000055e+02 5.407741166937849453e-01
3.376259999999999764e+02 6.130215185223142349e-01
3.369839999999999804e+02 6.581247886838785810e-01
3.363419999999999845e+02 6.291823876837944196e-01
3.356979999999999791e+02 5.886435063553716596e-01
3.350550000000000068e+02 5.776910439641055328e-01
3.344130000000000109e+02 5.493389910508752472e-01
3.337690000000000055e+02 5.559683233295210636e-01
3.331259999999999764e+02 5.683855349902333653e-01
3.324830000000000041e+02 6.440916094856815599e-01
3.318389999999999986e+02 6.072881727195655888e-01
3.311960000000000264e+02 6.536190404126687170e-01
3.305539999999999736e+02 6.312007000028388992e-01
3.299110000000000014e+02 6.685902974099678930e-01
3.292660000000000196e+02 6.915632674569377469e-01
3.286229999999999905e+02 7.284295453552678268e-01
3.279800000000000182e+02 7.144750006295486067e-01
3.273360000000000127e+02 6.921273526828054523e-01
3.266929999999999836e+02 6.254216107298984362e-01
3.260489999999999782e+02 6.119421487452683106e-01
3.254049999999999727e+02 5.957735849322385313e-01
3.247610000000000241e+02 6.265758261225998771e-01
3.241179999999999950e+02 6.022277572298651016e-01
3.234730000000000132e+02 6.163142710979649941e-01
3.228290000000000077e+02 6.166499857339745594e-01
3.221840000000000259e+02 6.658840462077542099e-01
3.215409999999999968e+02 6.686947936749292332e-01
3.208969999999999914e+02 7.226185549478600922e-01
3.202520000000000095e+02 7.520736566024874836e-01
3.196080000000000041e+02 7.464594366700388894e-01
3.189639999999999986e+02 7.675120138189941432e-01
3.183190000000000168e+02 7.989961295633852822e-01
3.176750000000000114e+02 7.483567334710982122e-01
3.170310000000000059e+02 6.692308190489452135e-01
3.163860000000000241e+02 6.665078669072483919e-01
3.157420000000000186e+02 6.482865127577018827e-01
3.150980000000000132e+02 6.067491743915516267e-01
3.144519999999999982e+02 5.939634670769584623e-01
3.138079999999999927e+02 5.735782515274241433e-01
3.131619999999999777e+02 5.610299819058205406e-01
3.125179999999999723e+02 5.434400271924434422e-01
3.118729999999999905e+02 5.489020678265061903e-01
3.112269999999999754e+02 6.381371070067866080e-01
3.105830000000000268e+02 5.976635113108104136e-01
3.099370000000000118e+02 5.801518044204541091e-01
3.092919999999999732e+02 5.853781062188080364e-01
3.086469999999999914e+02 5.680417313811817470e-01
3.080009999999999764e+02 6.180120135768329970e-01
3.073570000000000277e+02 6.452371196914500340e-01
3.067099999999999795e+02 6.525597394261020145e-01
3.060649999999999977e+02 6.400586758521017439e-01
3.054200000000000159e+02 6.349881396789793797e-01
3.047740000000000009e+02 6.300076439317641164e-01
3.041290000000000191e+02 6.250508274077154480e-01
3.034820000000000277e+02 6.901829044719676176e-01
3.028369999999999891e+02 7.307145636943648270e-01
3.021920000000000073e+02 7.612452173448606141e-01
3.015450000000000159e+02 7.366837330300547437e-01
3.008999999999999773e+02 6.860554903589023423e-01
3.002529999999999859e+02 7.519700777954873017e-01
2.996080000000000041e+02 7.205511165584710387e-01
2.989610000000000127e+02 6.846284633621522175e-01
2.983149999999999977e+02 7.426920218568179299e-01
2.976700000000000159e+02 7.093331690723363447e-01
2.970230000000000246e+02 7.109848254166115655e-01
2.963770000000000095e+02 6.640714761618634610e-01
2.957300000000000182e+02 6.475403964172556925e-01
2.950840000000000032e+02 6.654520196136956001e-01
2.944370000000000118e+02 6.147325029594241652e-01
2.937909999999999968e+02 6.326079703264113618e-01
2.931429999999999723e+02 7.385396186744322966e-01
2.924970000000000141e+02 7.331757802295636450e-01
2.918500000000000227e+02 6.964187024348615918e-01
2.912040000000000077e+02 6.822828117606947185e-01
2.905570000000000164e+02 7.126886928365503415e-01
2.899100000000000250e+02 7.518176358293792161e-01
2.892629999999999768e+02 8.103230186861323237e-01
2.886159999999999854e+02 8.442456688184477587e-01
2.879689999999999941e+02 8.668681486548668325e-01
2.873210000000000264e+02 8.675046524294125483e-01
2.866750000000000114e+02 8.550854132525355089e-01
2.860269999999999868e+02 8.988992500805151886e-01
2.853799999999999955e+02 9.122076892176869123e-01
2.847320000000000277e+02 8.996906569510265683e-01
2.840849999999999795e+02 9.405156721526412023e-01
2.834370000000000118e+02 9.576651652983746432e-01
2.827900000000000205e+02 9.978096968745794326e-01
2.821419999999999959e+02 1.031341714903453166e+00
2.814950000000000045e+02 1.045612781056816543e+00
2.808469999999999800e+02 1.082777405220592071e+00
2.801990000000000123e+02 1.044801923037953939e+00
2.795509999999999877e+02 1.019516196888517356e+00
2.789039999999999964e+02 1.029473518411296418e+00
2.782549999999999955e+02 1.026907664319076652e+00
2.776080000000000041e+02 1.026445233237482046e+00
2.769590000000000032e+02 1.009688720067952961e+00
2.763120000000000118e+02 1.027402355959953661e+00
2.756630000000000109e+02 1.006749975560530475e+00
2.750149999999999864e+02 1.022219110520760532e+00
2.743659999999999854e+02 1.105414016386866871e+00
2.737189999999999941e+02 1.167896242048920508e+00
2.730699999999999932e+02 1.182432514627348219e+00
2.724220000000000255e+02 1.163286807334922734e+00
2.717730000000000246e+02 1.134542519847444364e+00
2.711240000000000236e+02 1.111834398940671820e+00
2.704759999999999991e+02 1.075768084217878284e+00
2.698260000000000218e+02 1.092092164292218781e+00
2.691779999999999973e+02 1.125567990566837651e+00
2.685289999999999964e+02 1.068737347711201213e+00
2.678809999999999718e+02 1.052359109364362499e+00
2.672309999999999945e+02 1.032396847459263300e+00
2.665830000000000268e+02 1.052150926079374216e+00
2.659329999999999927e+02 1.122447212641805248e+00
2.652839999999999918e+02 1.150942570189939174e+00
2.646349999999999909e+02 1.197714977620162768e+00
2.639850000000000136e+02 1.164362060453833392e+00
2.633369999999999891e+02 1.147830556329169527e+00
2.626870000000000118e+02 1.175530200602611597e+00
2.620380000000000109e+02 1.146310373694872542e+00
2.613879999999999768e+02 1.189984835420588194e+00
2.607400000000000091e+02 1.162740992664015094e+00
2.600899999999999750e+02 1.108577904523823321e+00
2.594390000000000214e+02 1.133804625233483687e+00
2.587900000000000205e+02 1.108782397110338769e+00
2.581399999999999864e+02 1.108847510779152667e+00
2.574909999999999854e+02 1.096513906666258586e+00
2.568410000000000082e+02 1.145804836137643390e+00
2.561899999999999977e+02 1.182365132063371904e+00
2.555409999999999968e+02 1.157514572727398550e+00
2.548899999999999864e+02 1.179696929147548090e+00
2.542410000000000139e+02 1.175777745333074664e+00
2.535910000000000082e+02 1.134014566563461557e+00
2.529399999999999977e+02 1.131917589505619937e+00
2.522899999999999920e+02 1.145201199609835019e+00
2.516399999999999864e+02 1.178530984201047183e+00
2.509900000000000091e+02 1.123939315168829278e+00
2.503389999999999986e+02 1.125142244490245025e+00
2.496879999999999882e+02 1.148014476860946376e+00
2.490380000000000109e+02 1.150630139895242321e+00
2.483870000000000005e+02 1.182989076670720285e+00
2.477359999999999900e+02 1.211651540402870042e+00
2.470860000000000127e+02 1.194227324866282247e+00
2.464350000000000023e+02 1.227351382414032743e+00
2.457849999999999966e+02 1.172694610181120201e+00
2.451330000000000098e+02 1.197464948970720089e+00
2.444819999999999993e+02 1.172240904750844193e+00
2.438319999999999936e+02 1.150472217210046111e+00
2.431800000000000068e+02 1.133556550007082553e+00
2.425289999999999964e+02 1.127860107924696598e+00
2.418779999999999859e+02 1.169273048582371688e+00
2.412270000000000039e+02 1.196216166291499183e+00
2.405749999999999886e+02 1.165298760449059445e+00
2.399240000000000066e+02 1.211951890117802799e+00
2.392719999999999914e+02 1.205813321462769316e+00
2.386200000000000045e+02 1.225689594987814157e+00
2.379699999999999989e+02 1.216376961731947093e+00
2.373180000000000121e+02 1.246511699651238647e+00
2.366670000000000016e+02 1.240145794367601750e+00
2.360149999999999864e+02 1.235213185075406672e+00
2.353629999999999995e+02 1.255717353299224959e+00
2.347100000000000080e+02 1.298206353589208550e+00
2.340600000000000023e+02 1.287022404086473948e+00
2.334070000000000107e+02 1.277396214735003754e+00
2.327549999999999955e+02 1.321910647048708087e+00
2.321040000000000134e+02 1.354236587208519360e+00
2.314509999999999934e+02 1.342817335122315603e+00
2.307980000000000018e+02 1.373137774018392543e+00
2.301469999999999914e+02 1.365917672509683323e+00
2.294939999999999998e+02 1.344458695130748671e+00
2.288420000000000130e+02 1.313271743100333122e+00
2.281899999999999977e+02 1.355593732341576763e+00
2.275370000000000061e+02 1.386202695804369389e+00
2.268839999999999861e+02 1.401136956440538484e+00
2.262330000000000041e+02 1.428242360517145926e+00
2.255800000000000125e+02 1.464713497836998002e+00
2.249269999999999925e+02 1.458227408867497354e+00
2.242729999999999961e+02 1.461311727946482009e+00
2.236220000000000141e+02 1.488656982015234886e+00
2.229679999999999893e+02 1.492759276267094704e+00
2.223149999999999977e+02 1.499373834164277941e+00
2.216630000000000109e+02 1.473924951867862099e+00
2.210099999999999909e+02 1.445924311800704132e+00
2.203559999999999945e+02 1.416870976556296124e+00
2.197019999999999982e+02 1.401230194650843419e+00
2.190500000000000114e+02 1.402670428041095096e+00
2.183969999999999914e+02 1.397514925578103195e+00
2.177429999999999950e+02 1.388493615751172694e+00
2.170889999999999986e+02 1.392350531635289546e+00
2.164370000000000118e+02 1.365457092002846373e+00
2.157829999999999870e+02 1.380711493202672946e+00
2.151289999999999907e+02 1.362869760127801033e+00
2.144749999999999943e+02 1.392895392596946280e+00
2.138220000000000027e+02 1.388823930604812018e+00
2.131680000000000064e+02 1.387189187170675631e+00
2.125140000000000100e+02 1.390467901892769031e+00
2.118600000000000136e+02 1.364189254546719132e+00
2.112069999999999936e+02 1.385739434957167227e+00
2.105529999999999973e+02 1.370559572541715454e+00
2.098979999999999961e+02 1.356700483758402243e+00
2.092439999999999998e+02 1.334499098070673684e+00
2.085910000000000082e+02 1.328060931461878091e+00
2.079360000000000070e+02 1.319227137444564324e+00
2.072820000000000107e+02 1.308074138495043837e+00
2.066270000000000095e+02 1.275882663626598745e+00
2.059739999999999895e+02 1.291803106561635328e+00
2.053189999999999884e+02 1.283101445085961467e+00
2.046639999999999873e+02 1.265256428016339196e+00
2.040089999999999861e+02 1.262422419223883541e+00
2.033540000000000134e+02 1.256140392468920508e+00
2.027009999999999934e+02 1.217109901113688109e+00
2.020459999999999923e+02 1.200908764962965947e+00
2.013909999999999911e+02 1.171430226550129294e+00
2.007350000000000136e+02 1.191145962289089200e+00
2.000800000000000125e+02 1.176322659230994550e+00
1.994259999999999877e+02 1.148432289334960332e+00
1.987709999999999866e+02 1.142645251765282532e+00
1.981160000000000139e+02 1.129294954597851453e+00
1.974600000000000080e+02 1.139735033429753575e+00
1.968050000000000068e+02 1.112475406375220910e+00
1.961510000000000105e+02 1.102601536143848593e+00
1.954950000000000045e+02 1.122378948619942030e+00
1.948389999999999986e+02 1.095526536156189890e+00
1.941839999999999975e+02 1.078377921585983668e+00
1.935279999999999916e+02 1.083207472331355614e+00
1.928739999999999952e+02 1.091020624851839482e+00
1.922179999999999893e+02 1.082258283338329408e+00
1.915620000000000118e+02 1.104155603581266076e+00
1.909060000000000059e+02 1.135891389024317188e+00
1.902500000000000000e+02 1.145999296461878592e+00
1.895939999999999941e+02 1.123816314395779559e+00
1.889389999999999930e+02 1.145652762842602757e+00
1.882829999999999870e+02 1.160257991850811798e+00
1.876270000000000095e+02 1.176568492077808559e+00
1.869699999999999989e+02 1.165260503102200307e+00
1.863139999999999930e+02 1.157897917304830493e+00
1.856570000000000107e+02 1.133167985957707291e+00
1.850010000000000048e+02 1.114473564679701933e+00
1.843460000000000036e+02 1.124522698124831077e+00
1.836889999999999930e+02 1.141000463759788808e+00
1.830329999999999870e+02 1.156235864544211678e+00
1.823760000000000048e+02 1.161890957437266225e+00
1.817189999999999941e+02 1.148833896082421369e+00
1.810620000000000118e+02 1.198594477090690225e+00
1.804050000000000011e+02 1.233881692461353596e+00
1.797500000000000000e+02 1.244924624978443362e+00
1.790929999999999893e+02 1.272993618543137417e+00
1.784360000000000070e+02 1.269155461623491910e+00
1.777789999999999964e+02 1.277782611038824623e+00
1.771220000000000141e+02 1.278209761313316095e+00
1.764650000000000034e+02 1.279463829408767461e+00
1.758069999999999879e+02 1.284084858767942539e+00
1.751500000000000057e+02 1.267734372860937153e+00
1.744939999999999998e+02 1.273931539877851904e+00
1.738369999999999891e+02 1.295438575719921603e+00
1.731790000000000020e+02 1.306329354116555264e+00
1.725219999999999914e+02 1.322082851304151152e+00
1.718640000000000043e+02 1.343405551738499959e+00
1.712059999999999889e+02 1.358491088643155820e+00
1.705490000000000066e+02 1.369176839601396578e+00
1.698909999999999911e+02 1.372176849960911049e+00
1.692330000000000041e+02 1.361971491393948464e+00
1.685749999999999886e+02 1.350181264362106504e+00
1.679190000000000111e+02 1.360266335544826566e+00
1.672609999999999957e+02 1.348463297479900014e+00
1.666030000000000086e+02 1.369341245391403561e+00
1.659449999999999932e+02 1.343236310289015023e+00
1.652870000000000061e+02 1.311130038673101295e+00
1.646279999999999859e+02 1.308168752779710120e+00
1.639699999999999989e+02 1.318317822997185029e+00
1.633120000000000118e+02 1.336690808328155455e+00
1.626539999999999964e+02 1.334119017566120613e+00
1.619950000000000045e+02 1.312532873296673008e+00
1.613369999999999891e+02 1.302456470943895717e+00
1.606779999999999973e+02 1.278966621201990117e+00
1.600190000000000055e+02 1.275726118223508232e+00
1.593609999999999900e+02 1.279824814193061711e+00
1.587040000000000077e+02 1.276477621875835133e+00
1.580449999999999875e+02 1.279555020495171114e+00
1.573859999999999957e+02 1.268821632984357795e+00
1.567270000000000039e+02 1.272441400555344160e+00
1.560680000000000121e+02 1.261735217285757660e+00
1.554089999999999918e+02 1.258830141530929536e+00
1.547500000000000000e+02 1.259357301513067906e+00
1.540910000000000082e+02 1.248685838587225483e+00
1.534319999999999879e+02 1.244946172908743209e+00
1.527729999999999961e+02 1.240483147093877525e+00
1.521140000000000043e+02 1.227162961190485513e+00
1.514540000000000077e+02 1.221347073876183353e+00
1.507949999999999875e+02 1.215517861314877601e+00
1.501359999999999957e+02 1.250802392391337614e+00
1.494759999999999991e+02 1.259129366018473251e+00
1.488170000000000073e+02 1.259379110464098117e+00
1.481570000000000107e+02 1.280261795076824471e+00
1.474970000000000141e+02 1.273699429059651056e+00
1.468379999999999939e+02 1.282453102337602679e+00
1.461779999999999973e+02 1.284625196386250945e+00
1.455180000000000007e+02 1.301102649659033439e+00
1.448580000000000041e+02 1.302875346722752958e+00
1.441980000000000075e+02 1.272310664944138914e+00
1.435380000000000109e+02 1.280805228833361786e+00
1.428779999999999859e+02 1.283565105566121023e+00
1.422179999999999893e+02 1.297057876437794022e+00
1.415579999999999927e+02 1.298225213369637920e+00
1.408979999999999961e+02 1.296274442316873721e+00
1.402379999999999995e+02 1.293050149771187485e+00
1.395769999999999982e+02 1.287402157310385986e+00
1.389170000000000016e+02 1.299181381488043963e+00
1.382560000000000002e+02 1.329056202931043984e+00
1.375960000000000036e+02 1.344057689654896581e+00
1.369350000000000023e+02 1.355281274595821817e+00
1.362750000000000057e+02 1.356079796956267014e+00
1.356140000000000043e+02 1.370114955931150069e+00
1.349540000000000077e+02 1.382132448438615269e+00
1.342930000000000064e+02 1.409171611836778082e+00
1.336320000000000050e+02 1.435075256087387174e+00
1.329710000000000036e+02 1.448543803017055875e+00
1.323100000000000023e+02 1.454685935332412416e+00
1.316490000000000009e+02 1.481267972717588588e+00
1.309879999999999995e+02 1.485683415946213337e+00
1.303269999999999982e+02 1.486232035679480923e+00
1.296659999999999968e+02 1.510923396728970580e+00
1.290049999999999955e+02 1.517611453604051031e+00
1.283420000000000130e+02 1.513814379194398985e+00
1.276809999999999974e+02 1.513488719215348333e+00
1.270190000000000055e+02 1.526474012127265745e+00
1.263580000000000041e+02 1.505894965848746381e+00
1.256959999999999980e+02 1.480562258258727226e+00
1.250349999999999966e+02 1.479878471809588314e+00
1.243730000000000047e+02 1.473246057813093479e+00
1.237120000000000033e+02 1.461301845901113783e+00
1.230499999999999972e+02 1.458880961647960772e+00
1.223880000000000052e+02 1.450213019915242318e+00
1.217259999999999991e+02 1.419639259046632684e+00
1.210639999999999930e+02 1.383437342282076266e+00
1.204030000000000058e+02 1.376120969505826297e+00
1.197409999999999997e+02 1.361494843940205479e+00
1.190780000000000030e+02 1.322230952240235125e+00
1.184150000000000063e+02 1.307078843034479965e+00
1.177530000000000001e+02 1.283280199506386277e+00
1.170909999999999940e+02 1.253191980122695171e+00
1.164279999999999973e+02 1.223911880023100807e+00
1.157660000000000053e+02 1.208350220268933128e+00
1.151039999999999992e+02 1.189083193680794848e+00
1.144410000000000025e+02 1.161167158981717407e+00
1.137789999999999964e+02 1.134872863189137604e+00
1.131159999999999997e+02 1.125057000334066526e+00
1.124539999999999935e+02 1.108729231756869327e+00
1.117890000000000015e+02 1.091280342892761102e+00
1.111269999999999953e+02 1.083734342023785713e+00
1.104639999999999986e+02 1.064615432431838871e+00
1.098010000000000019e+02 1.047693180022694959e+00
1.091380000000000052e+02 1.027832046165235491e+00
1.084749999999999943e+02 1.016329830383094102e+00
1.078119999999999976e+02 9.827107415086678843e-01
1.071490000000000009e+02 9.613671800599328243e-01
1.064849999999999994e+02 9.161814458922794557e-01
1.058209999999999980e+02 8.777729745100419922e-01
1.051580000000000013e+02 8.311756596563747435e-01
1.044950000000000045e+02 8.137982780550280237e-01
1.038319999999999936e+02 7.778925325135184199e-01
1.031680000000000064e+02 7.461324564388271963e-01
1.025049999999999955e+02 7.166728620401516814e-01
1.018400000000000034e+02 7.027086871522038036e-01
1.011760000000000019e+02 6.813309302046993698e-01
1.005130000000000052e+02 6.832587406740160407e-01
9.984900000000000375e+01 6.796003690390779450e-01
9.918529999999999802e+01 6.728964617060413378e-01
9.852150000000000318e+01 6.638761661005608827e-01
9.785769999999999413e+01 6.776215347777182485e-01
9.719230000000000302e+01 6.949067517682681050e-01
9.652830000000000155e+01 7.107210559296578412e-01
9.586430000000000007e+01 7.222454639368071083e-01
9.520029999999999859e+01 7.387646860146711569e-01
9.453610000000000468e+01 7.638353492649904153e-01
9.387199999999999989e+01 7.882378551987350157e-01
9.320619999999999550e+01 8.025833674144752239e-01
9.254200000000000159e+01 8.194340565767023188e-01
9.187760000000000105e+01 8.172872262043933134e-01
9.121320000000000050e+01 8.206458525434708884e-01
9.054879999999999995e+01 8.170711450586783942e-01
8.988280000000000314e+01 8.292810588585963760e-01
8.921819999999999595e+01 8.273779722070281339e-01
8.855360000000000298e+01 8.183148478870896358e-01
8.788890000000000668e+01 8.087376656314239076e-01
8.722419999999999618e+01 8.190581595564888628e-01
8.655939999999999657e+01 8.259747964070633941e-01
8.589300000000000068e+01 8.377152263592705372e-01
8.522809999999999775e+01 8.383466468675010441e-01
8.456319999999999482e+01 8.448423251090531050e-01
8.389820000000000277e+01 8.390589835526061080e-01
8.323160000000000025e+01 8.422205129850002248e-01
8.256650000000000489e+01 8.400535206998754889e-01
8.190130000000000621e+01 8.447854810661522551e-01
8.123609999999999332e+01 8.427737721030085227e-01
8.057080000000000553e+01 8.276583988514011336e-01
7.990389999999999304e+01 8.257617968216627302e-01
7.923850000000000193e+01 8.282638978640443073e-01
7.857299999999999329e+01 8.331105380980590169e-01
7.790749999999999886e+01 8.341485471779795935e-01
7.724039999999999395e+01 8.310601224082683203e-01
7.657479999999999620e+01 8.321590048688302099e-01
7.590909999999999513e+01 8.191318271576915055e-01
7.524339999999999407e+01 8.201750675938523916e-01
7.457760000000000389e+01 8.161871511994823747e-01
7.391020000000000323e+01 7.982614255940874148e-01
7.324429999999999552e+01 7.884946764646999506e-01
7.257829999999999870e+01 7.689090150633374199e-01
7.191230000000000189e+01 7.550171021238877289e-01
7.124469999999999459e+01 7.482069240565623058e-01
7.057850000000000534e+01 7.363616388000169266e-01
6.991230000000000189e+01 7.357699799704574550e-01
6.924609999999999843e+01 7.200591640690555684e-01
6.857829999999999870e+01 7.130838670117843892e-01
6.791190000000000282e+01 7.045741357012054173e-01
6.724550000000000693e+01 6.925123033127371652e-01
6.657750000000000057e+01 6.842667370221688916e-01
6.591100000000000136e+01 6.696649469700786117e-01
6.524439999999999884e+01 6.617566997528975259e-01
6.457769999999999300e+01 6.501299194710513651e-01
6.390950000000000131e+01 6.363201984261124267e-01
6.324269999999999925e+01 6.280797428554518724e-01
6.257589999999999719e+01 6.230967717506662451e-01
6.190899999999999892e+01 6.168785615537767386e-01
6.124060000000000059e+01 6.084750317318078361e-01
6.057359999999999900e+01 6.014166320920355524e-01
5.990659999999999741e+01 5.948435183124282100e-01
5.923799999999999955e+01 5.789165625636141232e-01
5.857079999999999842e+01 5.622076280720128549e-01
5.790359999999999729e+01 5.557307259624572060e-01
5.723629999999999995e+01 5.447275339154989959e-01
5.656750000000000256e+01 5.299809271637120345e-01
5.590010000000000190e+01 5.232333854152131369e-01
5.523270000000000124e+01 5.126161625686601608e-01
5.456360000000000099e+01 5.049320213970425186e-01
5.389609999999999701e+01 4.993719958165748207e-01
5.322849999999999682e+01 4.975956514337644410e-01
5.255930000000000035e+01 4.983267589042251200e-01
5.189159999999999684e+01 4.856485927160226757e-01
5.122379999999999711e+01 4.806800506618276736e-01
5.055440000000000111e+01 4.742381327439249561e-01
4.988660000000000139e+01 4.648065488461481931e-01
4.921860000000000213e+01 4.549866155545283508e-01
4.854910000000000281e+01 4.459784239111943549e-01
4.788100000000000023e+01 4.413454016361019194e-01
4.721289999999999765e+01 4.336199596158720193e-01
4.654319999999999879e+01 4.231886801981283308e-01
4.587500000000000000e+01 4.170610209174350214e-01
4.520669999999999789e+01 4.042257168646477550e-01
4.453679999999999950e+01 3.962499432842510050e-01
4.386840000000000117e+01 3.890989381922113077e-01
4.320000000000000284e+01 3.861270487632945669e-01
4.252989999999999782e+01 3.766079356239378506e-01
4.186129999999999995e+01 3.662491659728427940e-01
4.119270000000000209e+01 3.532325003661741514e-01
4.052250000000000085e+01 3.449669939893370563e-01
3.985379999999999967e+01 3.386858743082336032e-01
3.918500000000000227e+01 3.340642367385233125e-01
3.851460000000000150e+01 3.268619616756224810e-01
3.784570000000000078e+01 3.190318486543499699e-01
3.717519999999999669e+01 3.094763384508434911e-01
3.650619999999999976e+01 3.009376837426896989e-01
3.583709999999999951e+01 2.951413913377450293e-01
3.516640000000000299e+01 2.890142111505804579e-01
3.449719999999999942e+01 2.803505796820078277e-01
3.382800000000000296e+01 2.737303052761166922e-01
3.315709999999999980e+01 2.646902228573770888e-01
3.248780000000000001e+01 2.532349525160562664e-01
3.181680000000000064e+01 2.455158346613799947e-01
3.114730000000000132e+01 2.394495633845002414e-01
3.047779999999999845e+01 2.348284672870751266e-01
2.980669999999999931e+01 2.236993286830963046e-01
2.913700000000000045e+01 2.174069243891469938e-01
2.846730000000000160e+01 2.119176804847373863e-01
2.779599999999999937e+01 2.025941116532809505e-01
2.712620000000000076e+01 1.955668525260189639e-01
2.645479999999999876e+01 1.893224824930868078e-01
2.578490000000000038e+01 1.820764487300224610e-01
2.511329999999999885e+01 1.730400057258514035e-01
2.444330000000000069e+01 1.638725780337113580e-01
2.377319999999999922e+01 1.582837910561638584e-01
2.310150000000000148e+01 1.488832901101092288e-01
2.243130000000000024e+01 1.414601327902076655e-01
2.175949999999999918e+01 1.342274535036795668e-01
2.108909999999999840e+01 1.266118959685399448e-01
2.041870000000000118e+01 1.202920201197816702e-01
1.974680000000000035e+01 1.119101795764172180e-01
1.907629999999999981e+01 1.055066101373074022e-01
1.840419999999999945e+01 9.966311298976412991e-02
1.773349999999999937e+01 9.307759053022497675e-02
1.706129999999999924e+01 8.867348655304423122e-02
1.639059999999999917e+01 8.243068287668199601e-02
1.571979999999999933e+01 7.740035502256545352e-02
1.504739999999999966e+01 7.334422198235727997e-02
1.437650000000000006e+01 6.877640728298863027e-02
1.370410000000000039e+01 6.534830525038035076e-02
1.303299999999999947e+01 6.073295617738263402e-02
1.236040000000000028e+01 5.676773733240702419e-02
1.168929999999999936e+01 5.279498277797822769e-02
1.101660000000000039e+01 4.997708058064187497e-02
1.034529999999999994e+01 4.888907441689094302e-02
9.672489999999999810e+00 4.713752415263142842e-02
9.001129999999999853e+00 4.534638588768651057e-02
8.329710000000000392e+00 4.305275905362100641e-02
7.656710000000000349e+00 4.178447127288611312e-02
6.985170000000000101e+00 4.328901696260335080e-02
6.312050000000000161e+00 4.392943550339954706e-02
5.640399999999999636e+00 4.368886938158694777e-02
4.967170000000000307e+00 4.175574990736157649e-02
4.295410000000000394e+00 3.849449355019757268e-02
3.622059999999999835e+00 3.444941397780565406e-02
2.950180000000000025e+00 2.955189151691211755e-02
2.276720000000000077e+00 2.409914547104658605e-02
1.604729999999999990e+00 1.763493703220361461e-02
9.311519999999999797e-01 1.024776100219264470e-02
2.590439999999999965e-01 2.837398445426081526e-03
