4.498670000000000186e+02 7.651120760428248291e-01
4.492339999999999804e+02 6.055418131921975755e-01
4.486009999999999991e+02 5.326481671980067834e-01
4.479680000000000177e+02 7.460702451009714187e-01
4.473360000000000127e+02 7.231367280387142049e-01
4.467029999999999745e+02 6.859551147205136257e-01
4.460690000000000168e+02 8.124724328098429371e-01
4.454359999999999786e+02 7.327889003698795367e-01
4.448029999999999973e+02 7.100660075836797702e-01
4.441689999999999827e+02 7.721530034458266023e-01
4.435360000000000014e+02 8.480602326947848102e-01
4.429019999999999868e+02 9.940071391948553936e-01
4.422699999999999818e+02 8.585370516553858522e-01
4.416360000000000241e+02 9.687921041954662416e-01
4.410029999999999859e+02 9.597786278958914119e-01
4.403690000000000282e+02 8.741009165428972327e-01
4.397350000000000136e+02 8.722828402699621675e-01
4.391009999999999991e+02 8.496449488057141730e-01
4.384669999999999845e+02 6.884328201186281637e-01
4.378330000000000268e+02 7.353688910775280085e-01
4.371990000000000123e+02 6.786355228499399983e-01
4.365649999999999977e+02 7.254001906803821953e-01
4.359329999999999927e+02 5.658305840870859749e-01
4.352980000000000018e+02 4.686183750106834300e-01
4.346639999999999873e+02 4.607980595952299030e-01
4.340299999999999727e+02 4.802948720454310871e-01
4.333960000000000150e+02 4.792764795131188582e-01
4.327610000000000241e+02 6.550628099988479169e-01
4.321270000000000095e+02 5.925842931013928228e-01
4.314920000000000186e+02 4.897522162760247766e-01
4.308580000000000041e+02 4.414110388780371208e-01
4.302230000000000132e+02 4.876799898305596015e-01
4.295889999999999986e+02 5.606474426796600463e-01
4.289540000000000077e+02 4.654129360054811149e-01
4.283190000000000168e+02 5.247378626838485882e-01
4.276859999999999786e+02 5.237023351562835050e-01
4.270509999999999877e+02 4.491437093608577347e-01
4.264159999999999968e+02 3.749451625647969299e-01
4.257810000000000059e+02 4.471845983459339924e-01
4.251460000000000150e+02 4.992415705760450684e-01
4.245110000000000241e+02 5.973494104446257502e-01
4.238759999999999764e+02 6.026439082497117017e-01
4.232409999999999854e+02 6.606317079737437092e-01
4.226050000000000182e+02 5.803538907856287121e-01
4.219700000000000273e+02 5.922226140907022041e-01
4.213349999999999795e+02 6.105635006383183239e-01
4.206990000000000123e+02 7.006093442579515163e-01
4.200640000000000214e+02 7.055991357429544086e-01
4.194289999999999736e+02 7.820270219267044798e-01
4.187930000000000064e+02 6.311746566801185176e-01
4.181569999999999823e+02 5.974400187436518239e-01
4.175219999999999914e+02 6.348897003998124067e-01
4.168860000000000241e+02 7.752103933723653029e-01
4.162500000000000000e+02 8.442242487991915567e-01
4.156150000000000091e+02 8.552159656080543515e-01
4.149789999999999850e+02 8.789232966924620527e-01
4.143430000000000177e+02 9.025199103639069964e-01
4.137069999999999936e+02 8.113199837597949715e-01
4.130710000000000264e+02 9.430509957071895322e-01
4.124350000000000023e+02 1.004408800527753609e+00
4.117989999999999782e+02 1.052841659274568409e+00
4.111630000000000109e+02 1.012600438582318851e+00
4.105260000000000105e+02 9.725535443548948278e-01
4.098899999999999864e+02 1.001835181521887330e+00
4.092540000000000191e+02 8.616065622531816626e-01
4.086170000000000186e+02 8.721933411955813398e-01
4.079809999999999945e+02 9.264659022501261498e-01
4.073439999999999941e+02 8.870034180082901898e-01
4.067080000000000268e+02 8.477133139158454789e-01
4.060710000000000264e+02 9.450582119141561765e-01
4.054350000000000023e+02 8.067661710495074301e-01
4.047980000000000018e+02 8.234986123378286171e-01
4.041610000000000014e+02 7.969974367439738305e-01
4.035240000000000009e+02 8.567059980619392556e-01
4.028879999999999768e+02 7.259575950433069247e-01
4.022509999999999764e+02 7.855056633273317379e-01
4.016139999999999759e+02 6.493969207826520984e-01
4.009769999999999754e+02 6.601159634713869018e-01
4.003399999999999750e+02 5.187746581402586932e-01
3.997029999999999745e+02 6.267864444955948411e-01
3.990649999999999977e+02 5.890359609248400075e-01
3.984279999999999973e+02 4.730329067462786807e-01
3.977909999999999968e+02 4.418595869681753996e-01
3.971519999999999868e+02 4.286855631422915036e-01
3.965149999999999864e+02 3.378404433039336463e-01
3.958770000000000095e+02 3.849102908447252225e-01
3.952400000000000091e+02 2.527199345702663691e-01
3.946019999999999754e+02 3.474391588089552063e-01
3.939649999999999750e+02 2.456076966095126768e-01
3.933269999999999982e+02 2.331856967272921966e-01
3.926890000000000214e+02 3.686862689349088007e-01
3.920520000000000209e+02 3.442446982837799041e-01
3.914139999999999873e+02 4.494091681685518092e-01
3.907760000000000105e+02 4.541950287464491254e-01
3.901379999999999768e+02 6.054626333742233468e-01
3.895000000000000000e+02 7.385980022046964022e-01
3.888609999999999900e+02 6.670052756865141319e-01
3.882230000000000132e+02 6.828673123775959031e-01
3.875849999999999795e+02 7.509470874958075193e-01
3.869460000000000264e+02 8.129082773865679012e-01
3.863079999999999927e+02 8.861488129002177416e-01
3.856700000000000159e+02 9.301979272010444388e-01
3.850319999999999823e+02 9.797864275175283133e-01
3.843929999999999723e+02 8.856527542954681920e-01
3.837549999999999955e+02 9.407988199906182070e-01
3.831159999999999854e+02 9.101022673702446886e-01
3.824759999999999991e+02 8.964875190975859498e-01
3.818380000000000223e+02 8.602922875774935418e-01
3.811990000000000123e+02 7.165008724055185185e-01
3.805600000000000023e+02 7.940547361365558610e-01
3.799220000000000255e+02 7.583093851838912380e-01
3.792830000000000155e+02 6.720241336297417822e-01
3.786440000000000055e+02 7.265930469954040571e-01
3.780049999999999955e+02 6.687442044418483444e-01
3.773650000000000091e+02 6.896654587416758408e-01
3.767259999999999991e+02 8.944204943623159654e-01
3.760860000000000127e+02 8.755668255665443045e-01
3.754470000000000027e+02 1.056658644922483958e+00
3.748079999999999927e+02 1.042997819557658579e+00
3.741689999999999827e+02 1.095710884251086537e+00
3.735299999999999727e+02 1.153757849582725870e+00
3.728890000000000100e+02 1.167586794313417053e+00
3.722500000000000000e+02 1.076951484044871954e+00
3.716100000000000136e+02 1.216657760622456230e+00
3.709710000000000036e+02 1.115471203676478007e+00
3.703310000000000173e+02 1.069337725385802296e+00
3.696909999999999741e+02 1.034083864701009770e+00
3.690500000000000114e+02 1.058629538800331726e+00
3.684110000000000014e+02 1.002011394693844704e+00
3.677710000000000150e+02 9.779931176420356698e-01
3.671309999999999718e+02 9.325601949112142242e-01
3.664909999999999854e+02 1.069879442009067816e+00
3.658509999999999991e+02 9.868987295842599483e-01
3.652099999999999795e+02 9.845444294727123680e-01
3.645699999999999932e+02 1.104642215654860093e+00
3.639300000000000068e+02 1.080690022557390551e+00
3.632900000000000205e+02 1.067392013238728898e+00
3.626490000000000009e+02 1.091180589504584519e+00
3.620079999999999814e+02 1.062194653350728268e+00
3.613670000000000186e+02 1.043776605479375119e+00
3.607269999999999754e+02 9.677482034230795449e-01
3.600869999999999891e+02 9.967954457696444059e-01
3.594460000000000264e+02 9.003828195128676937e-01
3.588039999999999736e+02 8.302104050026206661e-01
3.581639999999999873e+02 8.022293053095652660e-01
3.575230000000000246e+02 7.380329965218412891e-01
3.568829999999999814e+02 8.292057606361994404e-01
3.562420000000000186e+02 8.013637196465769330e-01
3.556000000000000227e+02 8.148795982699291729e-01
3.549590000000000032e+02 8.538932106459065086e-01
3.543179999999999836e+02 7.698192845944532570e-01
3.536770000000000209e+02 7.934872093682728833e-01
3.530350000000000250e+02 9.086334567885054891e-01
3.523940000000000055e+02 9.368464754956259410e-01
3.517520000000000095e+02 9.344858022682601684e-01
3.511109999999999900e+02 7.551126497558989792e-01
3.504689999999999941e+02 8.188128066828749274e-01
3.498269999999999982e+02 8.418874716898255839e-01
3.491859999999999786e+02 8.247010094203761632e-01
3.485450000000000159e+02 8.076472751475842760e-01
3.479019999999999868e+02 7.905145470494788773e-01
3.472599999999999909e+02 7.387503664218770805e-01
3.466190000000000282e+02 7.269238918796561144e-01
3.459769999999999754e+02 7.052368430365835161e-01
3.453340000000000032e+02 7.677062634023948950e-01
3.446929999999999836e+02 8.051731242804751609e-01
3.440509999999999877e+02 7.735841225799060528e-01
3.434089999999999918e+02 7.617783269653625178e-01
3.427660000000000196e+02 7.109175386148685050e-01
3.421240000000000236e+02 8.115768699712928580e-01
3.414820000000000277e+02 8.338082323148985342e-01
3.408399999999999750e+02 8.267485508720632259e-01
3.401970000000000027e+02 8.682457187385638209e-01
3.395539999999999736e+02 8.756312509665105104e-01
3.389119999999999777e+02 8.492354633455988511e-01
3.382690000000000055e+02 8.711403070958972927e-01
3.376259999999999764e+02 9.886091936961016735e-01
3.369839999999999804e+02 1.062499823142024846e+00
3.363419999999999845e+02 1.016858912735671527e+00
3.356979999999999791e+02 9.523589694900332914e-01
3.350550000000000068e+02 9.356482571368737178e-01
3.344130000000000109e+02 8.906839543780976642e-01
3.337690000000000055e+02 9.024182767257541427e-01
3.331259999999999764e+02 9.235850229817229584e-01
3.324830000000000041e+02 1.047773319199256870e+00
3.318389999999999986e+02 9.889786994616914795e-01
3.311960000000000264e+02 1.065615430166817701e+00
3.305539999999999736e+02 1.030193357387505948e+00
3.299110000000000014e+02 1.092436206150592337e+00
3.292660000000000196e+02 1.131236589786249969e+00
3.286229999999999905e+02 1.192876656901302068e+00
3.279800000000000182e+02 1.171325712427438548e+00
3.273360000000000127e+02 1.135953104190517093e+00
3.266929999999999836e+02 1.027604621932258988e+00
3.260489999999999782e+02 1.006584782750061358e+00
3.254049999999999727e+02 9.810901026263815217e-01
3.247610000000000241e+02 1.032991189624888895e+00
3.241179999999999950e+02 9.939675621244276060e-01
3.234730000000000132e+02 1.018380565959920991e+00
3.228290000000000077e+02 1.020097567432836083e+00
3.221840000000000259e+02 1.102820244491778512e+00
3.215409999999999968e+02 1.108743965916423102e+00
3.208969999999999914e+02 1.199546188575056238e+00
3.202520000000000095e+02 1.249890593927384330e+00
3.196080000000000041e+02 1.241992390629831577e+00
3.189639999999999986e+02 1.278505639842736130e+00
3.183190000000000168e+02 1.332507657162653514e+00
3.176750000000000114e+02 1.249496619694078436e+00
3.170310000000000059e+02 1.118668595036043101e+00
3.163860000000000241e+02 1.115422859420061030e+00
3.157420000000000186e+02 1.086197429455354690e+00
3.150980000000000132e+02 1.017786604121755811e+00
3.144519999999999982e+02 9.975149806324052904e-01
3.138079999999999927e+02 9.644130955354703882e-01
3.131619999999999777e+02 9.444331292999150751e-01
3.125179999999999723e+02 9.159048073795682532e-01
3.118729999999999905e+02 9.262176398512342868e-01
3.112269999999999754e+02 1.078115678310051617e+00
3.105830000000000268e+02 1.010935455840018760e+00
3.099370000000000118e+02 9.824928055150529138e-01
3.092919999999999732e+02 9.925423269021029782e-01
3.086469999999999914e+02 9.643079438860361341e-01
3.080009999999999764e+02 1.050429715868716363e+00
3.073570000000000277e+02 1.098045063771789565e+00
3.067099999999999795e+02 1.111867999942536045e+00
3.060649999999999977e+02 1.091898729192288364e+00
3.054200000000000159e+02 1.084576165635543488e+00
3.047740000000000009e+02 1.077393566734409669e+00
3.041290000000000191e+02 1.070233637018853212e+00
3.034820000000000277e+02 1.183240679839511200e+00
3.028369999999999891e+02 1.254292002455183130e+00
3.021920000000000073e+02 1.308331095328785887e+00
3.015450000000000159e+02 1.267694953216240261e+00
3.008999999999999773e+02 1.182035730916748184e+00
3.002529999999999859e+02 1.297249721478361151e+00
2.996080000000000041e+02 1.244601761896760195e+00
2.989610000000000127e+02 1.184037917710568877e+00
2.983149999999999977e+02 1.286097631907347161e+00
2.976700000000000159e+02 1.229878394977057310e+00
2.970230000000000246e+02 1.234312954714964494e+00
2.963770000000000095e+02 1.154326367684665344e+00
2.957300000000000182e+02 1.127028006653693515e+00
2.950840000000000032e+02 1.159692978684994547e+00
2.944370000000000118e+02 1.072668373300206479e+00
2.937909999999999968e+02 1.105288321138745422e+00
2.931429999999999723e+02 1.292075875712904942e+00
2.924970000000000141e+02 1.284352733835058435e+00
2.918500000000000227e+02 1.221541145808844764e+00
2.912040000000000077e+02 1.198301728960311952e+00
2.905570000000000164e+02 1.253350058254908195e+00
2.899100000000000250e+02 1.323907935688314774e+00
2.892629999999999768e+02 1.428824178492503538e+00
2.886159999999999854e+02 1.490610452507599826e+00
2.879689999999999941e+02 1.532582060439144689e+00
2.873210000000000264e+02 1.535744306466344744e+00
2.866750000000000114e+02 1.515765301079568639e+00
2.860269999999999868e+02 1.595568906640784324e+00
2.853799999999999955e+02 1.621358822301686375e+00
2.847320000000000277e+02 1.601254995177332940e+00
2.840849999999999795e+02 1.676172713842327466e+00
2.834370000000000118e+02 1.709043013328725547e+00
2.827900000000000205e+02 1.783098381060844506e+00
2.821419999999999959e+02 1.845527415508768199e+00
2.814950000000000045e+02 1.873608806943872995e+00
2.808469999999999800e+02 1.942856491570208899e+00
2.801990000000000123e+02 1.877273664789316676e+00
2.795509999999999877e+02 1.834348657513262815e+00
2.789039999999999964e+02 1.854809230818385668e+00
2.782549999999999955e+02 1.852740903037934483e+00
2.776080000000000041e+02 1.854462914004168184e+00
2.769590000000000032e+02 1.826718870206986534e+00
2.763120000000000118e+02 1.861349210093302231e+00
2.756630000000000109e+02 1.826475502700445563e+00
2.750149999999999864e+02 1.857134693184094854e+00
2.743659999999999854e+02 2.011114227562311729e+00
2.737189999999999941e+02 2.127781468653057395e+00
2.730699999999999932e+02 2.157307004217339674e+00
2.724220000000000255e+02 2.125371449428521853e+00
2.717730000000000246e+02 2.075790511224496093e+00
2.711240000000000236e+02 2.037133029986148536e+00
2.704759999999999991e+02 1.973852321839224766e+00
2.698260000000000218e+02 2.006677282536201368e+00
2.691779999999999973e+02 2.071154817114663871e+00
2.685289999999999964e+02 1.969399264610523392e+00
2.678809999999999718e+02 1.942007323958294007e+00
2.672309999999999945e+02 1.907924299703695148e+00
2.665830000000000268e+02 1.947248771756427077e+00
2.659329999999999927e+02 2.080384874823006935e+00
2.652839999999999918e+02 2.136312972612029348e+00
2.646349999999999909e+02 2.226385617843965825e+00
2.639850000000000136e+02 2.167558477670484152e+00
2.633369999999999891e+02 2.139915814624609336e+00
2.626870000000000118e+02 2.194794886624574115e+00
2.620380000000000109e+02 2.143396603573193282e+00
2.613879999999999768e+02 2.228368169873776061e+00
2.607400000000000091e+02 2.180576057535478451e+00
2.600899999999999750e+02 2.082092355436101272e+00
2.594390000000000214e+02 2.132666394129926424e+00
2.587900000000000205e+02 2.088718938142642756e+00
2.581399999999999864e+02 2.091982778859831971e+00
2.574909999999999854e+02 2.071826329802668898e+00
2.568410000000000082e+02 2.168241509860427740e+00
2.561899999999999977e+02 2.240828836196070206e+00
2.555409999999999968e+02 2.197057635934883457e+00
2.548899999999999864e+02 2.242583479383979839e+00
2.542410000000000139e+02 2.238543522412115294e+00
2.535910000000000082e+02 2.162333606211281456e+00
2.529399999999999977e+02 2.161656646420402783e+00
2.522899999999999920e+02 2.190396912458300704e+00
2.516399999999999864e+02 2.257634146413662002e+00
2.509900000000000091e+02 2.156383631160462944e+00
2.503389999999999986e+02 2.162050435949637084e+00
2.496879999999999882e+02 2.209446607526263318e+00
2.490380000000000109e+02 2.217939979406189366e+00
2.483870000000000005e+02 2.283896726755834550e+00
2.477359999999999900e+02 2.342916658951083697e+00
2.470860000000000127e+02 2.312857940739536211e+00
2.464350000000000023e+02 2.380773389320477218e+00
2.457849999999999966e+02 2.278345477507926375e+00
2.451330000000000098e+02 2.330178748363530783e+00
2.444819999999999993e+02 2.284727634833510823e+00
2.438319999999999936e+02 2.245875745565232062e+00
2.431800000000000068e+02 2.216404170599446832e+00
2.425289999999999964e+02 2.208809970398808886e+00
2.418779999999999859e+02 2.293610972576936913e+00
2.412270000000000039e+02 2.350258276158385673e+00
2.405749999999999886e+02 2.293224773442409159e+00
2.399240000000000066e+02 2.388917755772494544e+00
2.392719999999999914e+02 2.380695633069080053e+00
2.386200000000000045e+02 2.423901199327287426e+00
2.379699999999999989e+02 2.409418119591911100e+00
2.373180000000000121e+02 2.473176328756468756e+00
2.366670000000000016e+02 2.464597974059276275e+00
2.360149999999999864e+02 2.458855251412852994e+00
2.353629999999999995e+02 2.503820841095480976e+00
2.347100000000000080e+02 2.592859406486756502e+00
2.340600000000000023e+02 2.574794462863376765e+00
2.334070000000000107e+02 2.559815364132554283e+00
2.327549999999999955e+02 2.653467710047168193e+00
2.321040000000000134e+02 2.722923681576094879e+00
2.314509999999999934e+02 2.704520983515649402e+00
2.307980000000000018e+02 2.770275160061902220e+00
2.301469999999999914e+02 2.760372190957943062e+00
2.294939999999999998e+02 2.721628643185782792e+00
2.288420000000000130e+02 2.663023097827598829e+00
2.281899999999999977e+02 2.753546649116831446e+00
2.275370000000000061e+02 2.820558067401121249e+00
2.268839999999999861e+02 2.855854051228036816e+00
2.262330000000000041e+02 2.916113397314733291e+00
2.255800000000000125e+02 2.995758070235449377e+00
2.249269999999999925e+02 2.987666553917713408e+00
2.242729999999999961e+02 2.999203495586831192e+00
2.236220000000000141e+02 3.060644601165468437e+00
2.229679999999999893e+02 3.074456653909756643e+00
2.223149999999999977e+02 3.093497745838226454e+00
2.216630000000000109e+02 3.046329539595261870e+00
2.210099999999999909e+02 2.993724915978923651e+00
2.203559999999999945e+02 2.938763797969909941e+00
2.197019999999999982e+02 2.911482910436689053e+00
2.190500000000000114e+02 2.919650320120304343e+00
2.183969999999999914e+02 2.914105359491654390e+00
2.177429999999999950e+02 2.900477484792542082e+00
2.170889999999999986e+02 2.913757334568718438e+00
2.164370000000000118e+02 2.862603291351008217e+00
2.157829999999999870e+02 2.899811085663885457e+00
2.151289999999999907e+02 2.867518714370942856e+00
2.144749999999999943e+02 2.936017391076120919e+00
2.138220000000000027e+02 2.932755128594075611e+00
2.131680000000000064e+02 2.934649242635924082e+00
2.125140000000000100e+02 2.946969344850602912e+00
2.118600000000000136e+02 2.896576565526229885e+00
2.112069999999999936e+02 2.947742699487520657e+00
2.105529999999999973e+02 2.920829501258300542e+00
2.098979999999999961e+02 2.896649791097220206e+00
2.092439999999999998e+02 2.854531272517141005e+00
2.085910000000000082e+02 2.846035410780796582e+00
2.079360000000000070e+02 2.832384900390305660e+00
2.072820000000000107e+02 2.813690763362044933e+00
2.066270000000000095e+02 2.749597016808468020e+00
2.059739999999999895e+02 2.789136072846349901e+00
2.053189999999999884e+02 2.775579186914128638e+00
2.046639999999999873e+02 2.742157896904514391e+00
2.040089999999999861e+02 2.741210890837150860e+00
2.033540000000000134e+02 2.732762821417233923e+00
2.027009999999999934e+02 2.652885577336383971e+00
2.020459999999999923e+02 2.622581510290846740e+00
2.013909999999999911e+02 2.563111967149086290e+00
2.007350000000000136e+02 2.611277837471424945e+00
2.000800000000000125e+02 2.583756852544942806e+00
1.994259999999999877e+02 2.527366914439455048e+00
1.987709999999999866e+02 2.519510508853401110e+00
1.981160000000000139e+02 2.494916868000861765e+00
1.974600000000000080e+02 2.522904168442901884e+00
1.968050000000000068e+02 2.467376509701979526e+00
1.961510000000000105e+02 2.450265930414807780e+00
1.954950000000000045e+02 2.499133761232776418e+00
1.948389999999999986e+02 2.444158005443341164e+00
1.941839999999999975e+02 2.410654787820858846e+00
1.935279999999999916e+02 2.426261584897260626e+00
1.928739999999999952e+02 2.448615877743198332e+00
1.922179999999999893e+02 2.433799773694585333e+00
1.915620000000000118e+02 2.488018806996983745e+00
1.909060000000000059e+02 2.564674331009929809e+00
1.902500000000000000e+02 2.592707829093871208e+00
1.895939999999999941e+02 2.547650813770347522e+00
1.889389999999999930e+02 2.602406277487215647e+00
1.882829999999999870e+02 2.640934906743032773e+00
1.876270000000000095e+02 2.683513574694501802e+00
1.869699999999999989e+02 2.663153114638571850e+00
1.863139999999999930e+02 2.651740703418605349e+00
1.856570000000000107e+02 2.600435427708791103e+00
1.850010000000000048e+02 2.562794219905410564e+00
1.843460000000000036e+02 2.591231270476570092e+00
1.836889999999999930e+02 2.634650832741293858e+00
1.830329999999999870e+02 2.675370873263345661e+00
1.823760000000000048e+02 2.694057202251216143e+00
1.817189999999999941e+02 2.669344076939344390e+00
1.810620000000000118e+02 2.790804403815609014e+00
1.804050000000000011e+02 2.879005634524515411e+00
1.797500000000000000e+02 2.910871667256350825e+00
1.790929999999999893e+02 2.982790950653698925e+00
1.784360000000000070e+02 2.980093115476086130e+00
1.777789999999999964e+02 3.006721006249464700e+00
1.771220000000000141e+02 3.014128480970595270e+00
1.764650000000000034e+02 3.023525427150893119e+00
1.758069999999999879e+02 3.040950122630305508e+00
1.751500000000000057e+02 3.008669520584158708e+00
1.744939999999999998e+02 3.029873404410806881e+00
1.738369999999999891e+02 3.087675214869570972e+00
1.731790000000000020e+02 3.120380894164972219e+00
1.725219999999999914e+02 3.164863015917029898e+00
1.718640000000000043e+02 3.222914347630291498e+00
1.712059999999999889e+02 3.266225975932260717e+00
1.705490000000000066e+02 3.299117747107038312e+00
1.698909999999999911e+02 3.313607540096118242e+00
1.692330000000000041e+02 3.296203814705568114e+00
1.685749999999999886e+02 3.274882474678427524e+00
1.679190000000000111e+02 3.306627004663637681e+00
1.672609999999999957e+02 3.285210033367202520e+00
1.666030000000000086e+02 3.343501903748887560e+00
1.659449999999999932e+02 3.287078000107674924e+00
1.652870000000000061e+02 3.215685273636211594e+00
1.646279999999999859e+02 3.215631728186630678e+00
1.639699999999999989e+02 3.247871078896663377e+00
1.633120000000000118e+02 3.300566555373263267e+00
1.626539999999999964e+02 3.301666877070779549e+00
1.619950000000000045e+02 3.255620825268584984e+00
1.613369999999999891e+02 3.237972296692974705e+00
1.606779999999999973e+02 3.186833034411363119e+00
1.600190000000000055e+02 3.186036488464098593e+00
1.593609999999999900e+02 3.203600109596210110e+00
1.587040000000000077e+02 3.202554004332866633e+00
1.580449999999999875e+02 3.217684924459402573e+00
1.573859999999999957e+02 3.198076529370859955e+00
1.567270000000000039e+02 3.214642873347660856e+00
1.560680000000000121e+02 3.195010316943451834e+00
1.554089999999999918e+02 3.195090058787866560e+00
1.547500000000000000e+02 3.203904982883426289e+00
1.540910000000000082e+02 3.184205201535059260e+00
1.534319999999999879e+02 3.182134038097501616e+00
1.527729999999999961e+02 3.178202030469269523e+00
1.521140000000000043e+02 3.151506223219008529e+00
1.514540000000000077e+02 3.144016038143504499e+00
1.507949999999999875e+02 3.136446640246683071e+00
1.501359999999999957e+02 3.235188965176531539e+00
1.494759999999999991e+02 3.264521378635409032e+00
1.488170000000000073e+02 3.272991698517121240e+00
1.481570000000000107e+02 3.335271157188569813e+00
1.474970000000000141e+02 3.326178620281951215e+00
1.468379999999999939e+02 3.357127206608840453e+00
1.461779999999999973e+02 3.370968490506789816e+00
1.455180000000000007e+02 3.422510489866794181e+00
1.448580000000000041e+02 3.435529001677358085e+00
1.441980000000000075e+02 3.363130559893273031e+00
1.435380000000000109e+02 3.393883227228305710e+00
1.428779999999999859e+02 3.409554732536657529e+00
1.422179999999999893e+02 3.453886534081199500e+00
1.415579999999999927e+02 3.465535272846141712e+00
1.408979999999999961e+02 3.468898523261866540e+00
1.402379999999999995e+02 3.468863201121497486e+00
1.395769999999999982e+02 3.462323509875099070e+00
1.389170000000000016e+02 3.502726989765676091e+00
1.382560000000000002e+02 3.592259449921971992e+00
1.375960000000000036e+02 3.641925770369827120e+00
1.369350000000000023e+02 3.681594119094029782e+00
1.362750000000000057e+02 3.693057545021274812e+00
1.356140000000000043e+02 3.740734739171962087e+00
1.349540000000000077e+02 3.783117516324001617e+00
1.342930000000000064e+02 3.866954508394122136e+00
1.336320000000000050e+02 3.948096241540581808e+00
1.329710000000000036e+02 3.995354398397089835e+00
1.323100000000000023e+02 4.022595443920460312e+00
1.316490000000000009e+02 4.106646669841714115e+00
1.309879999999999995e+02 4.129516770068554443e+00
1.303269999999999982e+02 4.141729323926981010e+00
1.296659999999999968e+02 4.221461857067668078e+00
1.290049999999999955e+02 4.251176017264629792e+00
1.283420000000000130e+02 4.251629818699789176e+00
1.276809999999999974e+02 4.261827824240968177e+00
1.270190000000000055e+02 4.309678113895050622e+00
1.263580000000000041e+02 4.262748422146641403e+00
1.256959999999999980e+02 4.202095684578580403e+00
1.250349999999999966e+02 4.211250380385042291e+00
1.243730000000000047e+02 4.203496574757694226e+00
1.237120000000000033e+02 4.180487506744729131e+00
1.230499999999999972e+02 4.184689886529429081e+00
1.223880000000000052e+02 4.170946127763066613e+00
1.217259999999999991e+02 4.093953442065108028e+00
1.210639999999999930e+02 4.000271270128358481e+00
1.204030000000000058e+02 3.989819029047001475e+00
1.197409999999999997e+02 3.958074068753911323e+00
1.190780000000000030e+02 3.854349184448122134e+00
1.184150000000000063e+02 3.820539401892119713e+00
1.177530000000000001e+02 3.761184987871543761e+00
1.170909999999999940e+02 3.683019822326595527e+00
1.164279999999999973e+02 3.606821811791394605e+00
1.157660000000000053e+02 3.570729125414300764e+00
1.151039999999999992e+02 3.523456082827245428e+00
1.144410000000000025e+02 3.450234673239111594e+00
1.137789999999999964e+02 3.381424125489009835e+00
1.131159999999999997e+02 3.361481048463808907e+00
1.124539999999999935e+02 3.321899553269477057e+00
1.117890000000000015e+02 3.278768317134846733e+00
1.111269999999999953e+02 3.265189770884002307e+00
1.104639999999999986e+02 3.216579290151611037e+00
1.098010000000000019e+02 3.174349021744934607e+00
1.091380000000000052e+02 3.122948468668882427e+00
1.084749999999999943e+02 3.096725562911878615e+00
1.078119999999999976e+02 3.002768092146006484e+00
1.071490000000000009e+02 2.945891775431533688e+00
1.064849999999999994e+02 2.815430528332089288e+00
1.058209999999999980e+02 2.705107870358732569e+00
1.051580000000000013e+02 2.568829173761145057e+00
1.044950000000000045e+02 2.522337107788943378e+00
1.038319999999999936e+02 2.417978650593521017e+00
1.031680000000000064e+02 2.325950080149443711e+00
1.025049999999999955e+02 2.240568885472041583e+00
1.018400000000000034e+02 2.203297095061186095e+00
1.011760000000000019e+02 2.142482137274265064e+00
1.005130000000000052e+02 2.154804633503027755e+00
9.984900000000000375e+01 2.149536258398295985e+00
9.918529999999999802e+01 2.134569863468046780e+00
9.852150000000000318e+01 2.112143674142708427e+00
9.785769999999999413e+01 2.162230543934466453e+00
9.719230000000000302e+01 2.223955840332076495e+00
9.652830000000000155e+01 2.281308731977419235e+00
9.586430000000000007e+01 2.325187574556546899e+00
9.520029999999999859e+01 2.385453558556109410e+00
9.453610000000000468e+01 2.473774567358763665e+00
9.387199999999999989e+01 2.560449089849043958e+00
9.320619999999999550e+01 2.614891939645529462e+00
9.254200000000000159e+01 2.677826895201878887e+00
9.187760000000000105e+01 2.678867450396186012e+00
9.121320000000000050e+01 2.698011039954252066e+00
9.054879999999999995e+01 2.694401591417827202e+00
8.988280000000000314e+01 2.742998448474903483e+00
8.921819999999999595e+01 2.745043739789309267e+00
8.855360000000000298e+01 2.723267737852273829e+00
8.788890000000000668e+01 2.699638683208770651e+00
8.722419999999999618e+01 2.742487003836388215e+00
8.655939999999999657e+01 2.774162500715233293e+00
8.589300000000000068e+01 2.822301513021841401e+00
8.522809999999999775e+01 2.833169416433635845e+00
8.456319999999999482e+01 2.863979695105861367e+00
8.389820000000000277e+01 2.853220595442170104e+00
8.323160000000000025e+01 2.872923371075541077e+00
8.256650000000000489e+01 2.874489367412274010e+00
8.190130000000000621e+01 2.899742289292009279e+00
8.123609999999999332e+01 2.901926195479096915e+00
8.057080000000000553e+01 2.858854899465015809e+00
7.990389999999999304e+01 2.861332638501383308e+00
7.923850000000000193e+01 2.879089944458234740e+00
7.857299999999999329e+01 2.905130703486598964e+00
7.790749999999999886e+01 2.918006555185134854e+00
7.724039999999999395e+01 2.916498281383502977e+00
7.657479999999999620e+01 2.929694644920763036e+00
7.590909999999999513e+01 2.893076172728638706e+00
7.524339999999999407e+01 2.906071818915389571e+00
7.457760000000000389e+01 2.901260485106700315e+00
7.391020000000000323e+01 2.846726490896656525e+00
7.324429999999999552e+01 2.821002109457747764e+00
7.257829999999999870e+01 2.759859739180952065e+00
7.191230000000000189e+01 2.718815789453560061e+00
7.124469999999999459e+01 2.703103216466179237e+00
7.057850000000000534e+01 2.669010493811188489e+00
6.991230000000000189e+01 2.675611824070375455e+00
6.924609999999999843e+01 2.627085235689544440e+00
6.857829999999999870e+01 2.610229000438826663e+00
6.791190000000000282e+01 2.587599725755435731e+00
6.724550000000000693e+01 2.551723546460552328e+00
6.657750000000000057e+01 2.529730621292065162e+00
6.591100000000000136e+01 2.483986040267443407e+00
6.524439999999999884e+01 2.462841775154422042e+00
6.457769999999999300e+01 2.427663262373919828e+00
6.390950000000000131e+01 2.384079753966926063e+00
6.324269999999999925e+01 2.361115357759568933e+00
6.257589999999999719e+01 2.350275799024707180e+00
6.190899999999999892e+01 2.334681019725627582e+00
6.124060000000000059e+01 2.310691055326554277e+00
6.057359999999999900e+01 2.291639154439956805e+00
5.990659999999999741e+01 2.274304961660901014e+00
5.923799999999999955e+01 2.220975701630817145e+00
5.857079999999999842e+01 2.164246707646784618e+00
5.790359999999999729e+01 2.146646288883368392e+00
5.723629999999999995e+01 2.111373149275408867e+00
5.656750000000000256e+01 2.061304671087676788e+00
5.590010000000000190e+01 2.042087518469321239e+00
5.523270000000000124e+01 2.007573675126980373e+00
5.456360000000000099e+01 1.984357233291642597e+00
5.389609999999999701e+01 1.969331694553779766e+00
5.322849999999999682e+01 1.969168606814989175e+00
5.255930000000000035e+01 1.978971009284180349e+00
5.189159999999999684e+01 1.935377974328661432e+00
5.122379999999999711e+01 1.922304905173713108e+00
5.055440000000000111e+01 1.903234418035095743e+00
4.988660000000000139e+01 1.871963684561644525e+00
4.921860000000000213e+01 1.838895862069714449e+00
4.854910000000000281e+01 1.808892332540873449e+00
4.788100000000000023e+01 1.796463352332582808e+00
4.721289999999999765e+01 1.771304775705210277e+00
4.654319999999999879e+01 1.734880058122077795e+00
4.587500000000000000e+01 1.715879130495840510e+00
4.520669999999999789e+01 1.669037603500483913e+00
4.453679999999999950e+01 1.642003327021304804e+00
4.386840000000000117e+01 1.618182898475512888e+00
4.320000000000000284e+01 1.611626247115927724e+00
4.252989999999999782e+01 1.577601426799745798e+00
4.186129999999999995e+01 1.539778200488037596e+00
4.119270000000000209e+01 1.490456318497004107e+00
4.052250000000000085e+01 1.460901283373425841e+00
3.985379999999999967e+01 1.439545183298801545e+00
3.918500000000000227e+01 1.425105523300443489e+00
3.851460000000000150e+01 1.399514660934766841e+00
3.784570000000000078e+01 1.371017831582606483e+00
3.717519999999999669e+01 1.334872479854576799e+00
3.650619999999999976e+01 1.302843462536589225e+00
3.583709999999999951e+01 1.282487575585684825e+00
3.516640000000000299e+01 1.260541209914024741e+00
3.449719999999999942e+01 1.227308873944039425e+00
3.382800000000000296e+01 1.202800590761154975e+00
3.315709999999999980e+01 1.167439749929287007e+00
3.248780000000000001e+01 1.121102984106122857e+00
3.181680000000000064e+01 1.091025118936222116e+00
3.114730000000000132e+01 1.068077584665657165e+00
3.047779999999999845e+01 1.051421307016913831e+00
2.980669999999999931e+01 1.005390471384067785e+00
2.913700000000000045e+01 9.808175896981949915e-01
2.846730000000000160e+01 9.596891133894749348e-01
2.779599999999999937e+01 9.209705606162893465e-01
2.712620000000000076e+01 8.924213117716861543e-01
2.645479999999999876e+01 8.672420464178386412e-01
2.578490000000000038e+01 8.372498868398730032e-01
2.511329999999999885e+01 7.987641461545821331e-01
2.444330000000000069e+01 7.593615341821614573e-01
2.377319999999999922e+01 7.362978179445746063e-01
2.310150000000000148e+01 6.952558160709115809e-01
2.243130000000000024e+01 6.631542270064931799e-01
2.175949999999999918e+01 6.317005867898065619e-01
2.108909999999999840e+01 5.981826683895089536e-01
2.041870000000000118e+01 5.705443661739686423e-01
1.974680000000000035e+01 5.328711494011209027e-01
1.907629999999999981e+01 5.043509981742689829e-01
1.840419999999999945e+01 4.782952709259650215e-01
1.773349999999999937e+01 4.484508769324803690e-01
1.706129999999999924e+01 4.289235993254901791e-01
1.639059999999999917e+01 4.003043931604090000e-01
1.571979999999999933e+01 3.773671328370938327e-01
1.504739999999999966e+01 3.590169151127763358e-01
1.437650000000000006e+01 3.379993077529576118e-01
1.370410000000000039e+01 3.224379626617825401e-01
1.303299999999999947e+01 3.008646871132502065e-01
1.236040000000000028e+01 2.823522497181225055e-01
1.168929999999999936e+01 2.636482316213287769e-01
1.101660000000000039e+01 2.505846298930741178e-01
1.034529999999999994e+01 2.461208157576097455e-01
9.672489999999999810e+00 2.382667308311308962e-01
9.001129999999999853e+00 2.301438476423498247e-01
8.329710000000000392e+00 2.193922149269490474e-01
7.656710000000000349e+00 2.137999409548672070e-01
6.985170000000000101e+00 2.224052777059199182e-01
6.312050000000000161e+00 2.266233566159834290e-01
5.640399999999999636e+00 2.263084082229342708e-01
4.967170000000000307e+00 2.171870693120818707e-01
4.295410000000000394e+00 2.010496353847450179e-01
3.622059999999999835e+00 1.806680036591799543e-01
2.950180000000000025e+00 1.556248525228827173e-01
2.276720000000000077e+00 1.274375735867048498e-01
1.604729999999999990e+00 9.364213550777424067e-02
9.311519999999999797e-01 5.464308181020093025e-02
2.590439999999999965e-01 1.519269941702290454e-02
