4.498670000000000186e+02 8.624562739389906030e-01
4.492339999999999804e+02 6.826521000908826187e-01
4.486009999999999991e+02 6.005390437974906792e-01
4.479680000000000177e+02 8.412794017561299187e-01
4.473360000000000127e+02 8.155110941751926301e-01
4.467029999999999745e+02 7.736661354774460042e-01
4.460690000000000168e+02 9.164750812328191776e-01
4.454359999999999786e+02 8.266817157594191778e-01
4.448029999999999973e+02 8.011379446155296735e-01
4.441689999999999827e+02 8.712927154224836546e-01
4.435360000000000014e+02 9.570608656089569788e-01
4.429019999999999868e+02 1.121903925076376929e+00
4.422699999999999818e+02 9.691082513087089234e-01
4.416360000000000241e+02 1.093695605443869345e+00
4.410029999999999859e+02 1.083644740224608771e+00
4.403690000000000282e+02 9.870197233562556516e-01
4.397350000000000136e+02 9.850807938538983510e-01
4.391009999999999991e+02 9.596255309495871355e-01
4.384669999999999845e+02 7.776268480567626318e-01
4.378330000000000268e+02 8.307436907715515240e-01
4.371990000000000123e+02 7.667376470583374681e-01
4.365649999999999977e+02 8.196719925802877782e-01
4.359329999999999927e+02 6.394287874595411258e-01
4.352980000000000018e+02 5.296257740477275933e-01
4.346639999999999873e+02 5.208473041512828861e-01
4.340299999999999727e+02 5.429501964005363224e-01
4.333960000000000150e+02 5.418621202965632211e-01
4.327610000000000241e+02 7.407071465610133298e-01
4.321270000000000095e+02 6.701339262561675225e-01
4.314920000000000186e+02 5.539013298277638553e-01
4.308580000000000041e+02 4.992821459415510699e-01
4.302230000000000132e+02 5.516868349039423247e-01
4.295889999999999986e+02 6.343124637910544372e-01
4.289540000000000077e+02 5.266188189957987653e-01
4.283190000000000168e+02 5.938212858280778050e-01
4.276859999999999786e+02 5.927188929999741562e-01
4.270509999999999877e+02 5.083877809639067991e-01
4.264159999999999968e+02 4.244445025813521899e-01
4.257810000000000059e+02 5.062894888852279562e-01
4.251460000000000150e+02 5.652990313402748157e-01
4.245110000000000241e+02 6.764770881203034936e-01
4.238759999999999764e+02 6.825540331065628186e-01
4.232409999999999854e+02 7.483239523619173994e-01
4.226050000000000182e+02 6.574624351447290183e-01
4.219700000000000273e+02 6.709885493645981747e-01
4.213349999999999795e+02 6.918522547983760873e-01
4.206990000000000123e+02 7.939876985060134729e-01
4.200640000000000214e+02 7.997378370099514910e-01
4.194289999999999736e+02 8.864727871404681769e-01
4.187930000000000064e+02 7.155493327937022530e-01
4.181569999999999823e+02 6.773834035682282373e-01
4.175219999999999914e+02 7.199328414905710183e-01
4.168860000000000241e+02 8.791644502865209043e-01
4.162500000000000000e+02 9.575513618188042919e-01
4.156150000000000091e+02 9.701349752574951468e-01
4.149789999999999850e+02 9.971485160418828153e-01
4.143430000000000177e+02 1.024042964124445065e+00
4.137069999999999936e+02 9.206688262729852967e-01
4.130710000000000264e+02 1.070290081808474403e+00
4.124350000000000023e+02 1.140066186074134125e+00
4.117989999999999782e+02 1.195186164769433512e+00
4.111630000000000109e+02 1.149640737286987902e+00
4.105260000000000105e+02 1.104305318379693146e+00
4.098899999999999864e+02 1.137692002540964697e+00
4.092540000000000191e+02 9.785588306037926731e-01
4.086170000000000186e+02 9.907027770611086526e-01
4.079809999999999945e+02 1.052479364640491299e+00
4.073439999999999941e+02 1.007769307179896323e+00
4.067080000000000268e+02 9.632442133986387489e-01
4.060710000000000264e+02 1.073990951246047931e+00
4.054350000000000023e+02 9.169363537528866237e-01
4.047980000000000018e+02 9.360681680173671415e-01
4.041610000000000014e+02 9.060528838678173491e-01
4.035240000000000009e+02 9.740531514923502776e-01
4.028879999999999768e+02 8.254888997928451211e-01
4.022509999999999764e+02 8.933134949963595917e-01
4.016139999999999759e+02 7.386065462908975032e-01
4.009769999999999754e+02 7.508902925031117892e-01
4.003399999999999750e+02 5.901752583340095226e-01
3.997029999999999745e+02 7.131492358252079500e-01
3.990649999999999977e+02 6.702765482730458357e-01
3.984279999999999973e+02 5.383313228214352542e-01
3.977909999999999968e+02 5.029133843543550642e-01
3.971519999999999868e+02 4.879776480601971667e-01
3.965149999999999864e+02 3.846054449076683479e-01
3.958770000000000095e+02 4.382507674095816319e-01
3.952400000000000091e+02 2.877619092494742570e-01
3.946019999999999754e+02 3.956798666155995070e-01
3.939649999999999750e+02 2.797310671790496639e-01
3.933269999999999982e+02 2.656137522780541160e-01
3.926890000000000214e+02 4.200348097791061219e-01
3.920520000000000209e+02 3.922345763351337000e-01
3.914139999999999873e+02 5.121360873629609012e-01
3.907760000000000105e+02 5.176543236875654763e-01
3.901379999999999768e+02 6.901564405970398441e-01
3.895000000000000000e+02 8.420287527932415195e-01
3.888609999999999900e+02 7.605004729396467322e-01
3.882230000000000132e+02 7.786833467536459219e-01
3.875849999999999795e+02 8.564260806911292434e-01
3.869460000000000264e+02 9.272090969350048617e-01
3.863079999999999927e+02 1.010877062562468343e+00
3.856700000000000159e+02 1.061260113143800421e+00
3.850319999999999823e+02 1.117976663990954300e+00
3.843929999999999723e+02 1.010688012950522241e+00
3.837549999999999955e+02 1.073755781065922621e+00
3.831159999999999854e+02 1.038849243999764305e+00
3.824759999999999991e+02 1.023435780827815833e+00
3.818380000000000223e+02 9.822358410111211580e-01
3.811990000000000123e+02 8.181576372081920123e-01
3.805600000000000023e+02 9.068328227940739561e-01
3.799220000000000255e+02 8.661169657020936219e-01
3.792830000000000155e+02 7.676560356239483518e-01
3.786440000000000055e+02 8.300978320949303768e-01
3.780049999999999955e+02 7.641007958277354906e-01
3.773650000000000091e+02 7.881056411211122548e-01
3.767259999999999991e+02 1.022227531614478657e+00
3.760860000000000127e+02 1.000804918067098370e+00
3.754470000000000027e+02 1.207960132474310333e+00
3.748079999999999927e+02 1.192492809344385618e+00
3.741689999999999827e+02 1.252921298307858589e+00
3.735299999999999727e+02 1.319465279967344529e+00
3.728890000000000100e+02 1.335449897247293016e+00
3.722500000000000000e+02 1.231936311397906714e+00
3.716100000000000136e+02 1.391929344696541060e+00
3.709710000000000036e+02 1.276323774784415166e+00
3.703310000000000173e+02 1.223691136948600544e+00
3.696909999999999741e+02 1.183497285350928907e+00
3.690500000000000114e+02 1.211744537660805587e+00
3.684110000000000014e+02 1.147080667722971015e+00
3.677710000000000150e+02 1.119726396574953098e+00
3.671309999999999718e+02 1.067843124489142426e+00
3.664909999999999854e+02 1.225244759236059355e+00
3.658509999999999991e+02 1.130354576091118446e+00
3.652099999999999795e+02 1.127801938567940532e+00
3.645699999999999932e+02 1.265541147291684654e+00
3.639300000000000068e+02 1.238257319803229839e+00
3.632900000000000205e+02 1.223176172550052287e+00
3.626490000000000009e+02 1.250597678655179568e+00
3.620079999999999814e+02 1.217531926724986002e+00
3.613670000000000186e+02 1.196573106722075508e+00
3.607269999999999754e+02 1.109554237957128375e+00
3.600869999999999891e+02 1.143005588359219393e+00
3.594460000000000264e+02 1.032579909536643914e+00
3.588039999999999736e+02 9.522240504345232948e-01
3.581639999999999873e+02 9.202475352888728199e-01
3.575230000000000246e+02 8.467129484336278766e-01
3.568829999999999814e+02 9.514388815946340783e-01
3.562420000000000186e+02 9.196099052094218740e-01
3.556000000000000227e+02 9.352417121866193339e-01
3.549590000000000032e+02 9.801463617806246420e-01
3.543179999999999836e+02 8.837518955235112994e-01
3.536770000000000209e+02 9.110417268079582520e-01
3.530350000000000250e+02 1.043387862010783040e+00
3.523940000000000055e+02 1.075925596199807766e+00
3.517520000000000095e+02 1.073353713481073557e+00
3.511109999999999900e+02 8.674299633777051710e-01
3.504689999999999941e+02 9.407307001477294151e-01
3.498269999999999982e+02 9.673680688004364647e-01
3.491859999999999786e+02 9.477424175466786505e-01
3.485450000000000159e+02 9.282642924386395045e-01
3.479019999999999868e+02 9.086907326801201279e-01
3.472599999999999909e+02 8.492964259139702543e-01
3.466190000000000282e+02 8.358085907830858918e-01
3.459769999999999754e+02 8.109778825564172289e-01
3.453340000000000032e+02 8.829328933123429257e-01
3.446929999999999836e+02 9.261461527254704063e-01
3.440509999999999877e+02 8.899260750600498371e-01
3.434089999999999918e+02 8.764590298782108935e-01
3.427660000000000196e+02 8.180463336413820175e-01
3.421240000000000236e+02 9.340021992436996490e-01
3.414820000000000277e+02 9.597142354783559925e-01
3.408399999999999750e+02 9.517132799166613255e-01
3.401970000000000027e+02 9.996164419763527986e-01
3.395539999999999736e+02 1.008252676208394760e+00
3.389119999999999777e+02 9.779866695459747961e-01
3.382690000000000055e+02 1.003345907270141391e+00
3.376259999999999764e+02 1.138797670590786515e+00
3.369839999999999804e+02 1.224078105993235965e+00
3.363419999999999845e+02 1.171649498256455368e+00
3.356979999999999791e+02 1.097474164669215879e+00
3.350550000000000068e+02 1.078359340069307892e+00
3.344130000000000109e+02 1.026670842100754655e+00
3.337690000000000055e+02 1.040335450366738357e+00
3.331259999999999764e+02 1.064879381670974956e+00
3.324830000000000041e+02 1.208232202507772968e+00
3.318389999999999986e+02 1.140583339917522476e+00
3.311960000000000264e+02 1.229134480174807864e+00
3.305539999999999736e+02 1.188433579709941457e+00
3.299110000000000014e+02 1.260407271816891051e+00
3.292660000000000196e+02 1.305349428787639043e+00
3.286229999999999905e+02 1.376662448685878282e+00
3.279800000000000182e+02 1.351970963769490774e+00
3.273360000000000127e+02 1.311317406588732304e+00
3.266929999999999836e+02 1.186397511305762542e+00
3.260489999999999782e+02 1.162284508740904387e+00
3.254049999999999727e+02 1.132997259350734254e+00
3.247610000000000241e+02 1.193096525190004531e+00
3.241179999999999950e+02 1.148177079490415364e+00
3.234730000000000132e+02 1.176536906207334754e+00
3.228290000000000077e+02 1.178679121082702563e+00
3.221840000000000259e+02 1.274436402711012439e+00
3.215409999999999968e+02 1.281454435414222104e+00
3.208969999999999914e+02 1.386590905817560504e+00
3.202520000000000095e+02 1.444982187977578381e+00
3.196080000000000041e+02 1.436044720923891349e+00
3.189639999999999986e+02 1.478463621797792005e+00
3.183190000000000168e+02 1.541121660893425060e+00
3.176750000000000114e+02 1.445307780732848713e+00
3.170310000000000059e+02 1.294148724666610351e+00
3.163860000000000241e+02 1.290568779793182408e+00
3.157420000000000186e+02 1.256923692239790391e+00
3.150980000000000132e+02 1.177917644193384517e+00
3.144519999999999982e+02 1.154613090424978283e+00
3.138079999999999927e+02 1.116448426849008024e+00
3.131619999999999777e+02 1.093467030433000087e+00
3.125179999999999723e+02 1.060580019061851953e+00
3.118729999999999905e+02 1.072668477658401232e+00
3.112269999999999754e+02 1.248760700486081010e+00
3.105830000000000268e+02 1.171104500108370194e+00
3.099370000000000118e+02 1.138310214860309921e+00
3.092919999999999732e+02 1.150111106842382824e+00
3.086469999999999914e+02 1.117546288361945805e+00
3.080009999999999764e+02 1.217523793677930177e+00
3.073570000000000277e+02 1.272889116740470783e+00
3.067099999999999795e+02 1.289090800467367348e+00
3.060649999999999977e+02 1.266111618863276611e+00
3.054200000000000159e+02 1.257793148524268378e+00
3.047740000000000009e+02 1.249635102962036504e+00
3.041290000000000191e+02 1.241500942370944216e+00
3.034820000000000277e+02 1.372785411911432440e+00
3.028369999999999891e+02 1.455420975289907659e+00
3.021920000000000073e+02 1.518336023821196923e+00
3.015450000000000159e+02 1.471379572640893141e+00
3.008999999999999773e+02 1.372144103484282951e+00
3.002529999999999859e+02 1.506100052277638657e+00
2.996080000000000041e+02 1.445174246370085180e+00
2.989610000000000127e+02 1.375039254649305320e+00
2.983149999999999977e+02 1.493772518126233351e+00
2.976700000000000159e+02 1.428671411188181306e+00
2.970230000000000246e+02 1.434022127192663199e+00
2.963770000000000095e+02 1.341277843679600235e+00
2.957300000000000182e+02 1.309739736022032419e+00
2.950840000000000032e+02 1.347888678726476108e+00
2.944370000000000118e+02 1.246912821919716086e+00
2.937909999999999968e+02 1.285011501700241254e+00
2.931429999999999723e+02 1.502387012123616694e+00
2.924970000000000141e+02 1.493614786150469165e+00
2.918500000000000227e+02 1.420766021901664455e+00
2.912040000000000077e+02 1.393930363181071330e+00
2.905570000000000164e+02 1.458171184704438073e+00
2.899100000000000250e+02 1.540477148796095985e+00
2.892629999999999768e+02 1.662791586605077754e+00
2.886159999999999854e+02 1.734939952914758665e+00
2.879689999999999941e+02 1.784042470143083037e+00
2.873210000000000264e+02 1.787975040439293117e+00
2.866750000000000114e+02 1.764961819624076833e+00
2.860269999999999868e+02 1.858148788697119080e+00
2.853799999999999955e+02 1.888449118379302627e+00
2.847320000000000277e+02 1.865296127949276794e+00
2.840849999999999795e+02 1.952844181234190568e+00
2.834370000000000118e+02 1.991421926077089344e+00
2.827900000000000205e+02 2.078007779088359541e+00
2.821419999999999959e+02 2.151067340699661212e+00
2.814950000000000045e+02 2.184106842945983118e+00
2.808469999999999800e+02 2.265152309093787952e+00
2.801990000000000123e+02 2.188999121809480641e+00
2.795509999999999877e+02 2.139248864020648622e+00
2.789039999999999964e+02 2.163417163715193325e+00
2.782549999999999955e+02 2.161311987099800103e+00
2.776080000000000041e+02 2.163627741558535877e+00
2.769590000000000032e+02 2.131561400331480005e+00
2.763120000000000118e+02 2.172280032662384119e+00
2.756630000000000109e+02 2.131884179922791667e+00
2.750149999999999864e+02 2.167979361421024986e+00
2.743659999999999854e+02 2.348069730515640607e+00
2.737189999999999941e+02 2.484639964176910354e+00
2.730699999999999932e+02 2.519478013120805659e+00
2.724220000000000255e+02 2.482535244000926955e+00
2.717730000000000246e+02 2.424968781653237926e+00
2.711240000000000236e+02 2.380148958449021190e+00
2.704759999999999991e+02 2.306542123955823698e+00
2.698260000000000218e+02 2.345237204618146887e+00
2.691779999999999973e+02 2.420941236064567903e+00
2.685289999999999964e+02 2.302329929230446215e+00
2.678809999999999718e+02 2.270632826638132595e+00
2.672309999999999945e+02 2.231103208883979505e+00
2.665830000000000268e+02 2.277416779634465094e+00
2.659329999999999927e+02 2.433480203469656988e+00
2.652839999999999918e+02 2.499261894620735891e+00
2.646349999999999909e+02 2.605014556000253112e+00
2.639850000000000136e+02 2.536548917299846995e+00
2.633369999999999891e+02 2.504561399047776860e+00
2.626870000000000118e+02 2.569164727638906687e+00
2.620380000000000109e+02 2.509361613624161436e+00
2.613879999999999768e+02 2.609220794832194823e+00
2.607400000000000091e+02 2.553629148111961733e+00
2.600899999999999750e+02 2.438649480294974303e+00
2.594390000000000214e+02 2.498248539201094243e+00
2.587900000000000205e+02 2.447122167510797919e+00
2.581399999999999864e+02 2.451302701429947994e+00
2.574909999999999854e+02 2.428036791090811164e+00
2.568410000000000082e+02 2.541400338475848120e+00
2.561899999999999977e+02 2.626864629976291887e+00
2.555409999999999968e+02 2.575927383067500021e+00
2.548899999999999864e+02 2.629688971826559030e+00
2.542410000000000139e+02 2.625334491994751662e+00
2.535910000000000082e+02 2.536326202795895934e+00
2.529399999999999977e+02 2.535903645760445801e+00
2.522899999999999920e+02 2.569996277478959090e+00
2.516399999999999864e+02 2.649274796001261478e+00
2.509900000000000091e+02 2.530829547669392277e+00
2.503389999999999986e+02 2.537853242864339887e+00
2.496879999999999882e+02 2.593869653115653762e+00
2.490380000000000109e+02 2.604223384788761919e+00
2.483870000000000005e+02 2.682063036599419803e+00
2.477359999999999900e+02 2.751778377727404745e+00
2.470860000000000127e+02 2.716873573223393290e+00
2.464350000000000023e+02 2.797066074301091554e+00
2.457849999999999966e+02 2.677121266177541425e+00
2.451330000000000098e+02 2.738432587028404530e+00
2.444819999999999993e+02 2.685414625114388443e+00
2.438319999999999936e+02 2.640138399856105433e+00
2.431800000000000068e+02 2.605878966463102131e+00
2.425289999999999964e+02 2.597334839422098973e+00
2.418779999999999859e+02 2.697453023748752621e+00
2.412270000000000039e+02 2.764485043732631819e+00
2.405749999999999886e+02 2.697799790119663310e+00
2.399240000000000066e+02 2.810793707415205844e+00
2.392719999999999914e+02 2.801536418260258010e+00
2.386200000000000045e+02 2.852804903052629903e+00
2.379699999999999989e+02 2.836180269520108599e+00
2.373180000000000121e+02 2.911666454303038165e+00
2.366670000000000016e+02 2.901999461123281332e+00
2.360149999999999864e+02 2.895669889881925751e+00
2.353629999999999995e+02 2.949064789836127520e+00
2.347100000000000080e+02 3.054395136575522862e+00
2.340600000000000023e+02 3.033566902607104598e+00
2.334070000000000107e+02 3.016371019995771618e+00
2.327549999999999955e+02 3.127196300873625212e+00
2.321040000000000134e+02 3.209533580980209688e+00
2.314509999999999934e+02 3.188321051366144410e+00
2.307980000000000018e+02 3.266329519787269486e+00
2.301469999999999914e+02 3.255141470151013294e+00
2.294939999999999998e+02 3.209936435762470897e+00
2.288420000000000130e+02 3.141287990683393705e+00
2.281899999999999977e+02 3.248559061041849105e+00
2.275370000000000061e+02 3.328120078068671717e+00
2.268839999999999861e+02 3.370276756724076783e+00
2.262330000000000041e+02 3.441909525464273312e+00
2.255800000000000125e+02 3.536450058224571258e+00
2.249269999999999925e+02 3.527431662223197595e+00
2.242729999999999961e+02 3.541589945434541864e+00
2.236220000000000141e+02 3.614688687789421095e+00
2.229679999999999893e+02 3.631552444628353804e+00
2.223149999999999977e+02 3.654598293536795328e+00
2.216630000000000109e+02 3.599419752888387336e+00
2.210099999999999909e+02 3.537801112812591686e+00
2.203559999999999945e+02 3.473379628590560930e+00
2.197019999999999982e+02 3.441659813837198989e+00
2.190500000000000114e+02 3.451839088721266879e+00
2.183969999999999914e+02 3.445808104584948683e+00
2.177429999999999950e+02 3.430217114683051349e+00
2.170889999999999986e+02 3.446448858715857710e+00
2.164370000000000118e+02 3.386458354241566493e+00
2.157829999999999870e+02 3.431000198588153083e+00
2.151289999999999907e+02 3.393311478304041451e+00
2.144749999999999943e+02 3.474902929001462581e+00
2.138220000000000027e+02 3.471573022385836982e+00
2.131680000000000064e+02 3.474347891413829270e+00
2.125140000000000100e+02 3.489469258338611546e+00
2.118600000000000136e+02 3.430326053382495299e+00
2.112069999999999936e+02 3.491456598656201393e+00
2.105529999999999973e+02 3.460110973771212350e+00
2.098979999999999961e+02 3.431995488459913091e+00
2.092439999999999998e+02 3.382613194734158668e+00
2.085910000000000082e+02 3.373064374731579385e+00
2.079360000000000070e+02 3.357404290054679663e+00
2.072820000000000107e+02 3.335759347590138368e+00
2.066270000000000095e+02 3.260276719186510075e+00
2.059739999999999895e+02 3.307669815420394954e+00
2.053189999999999884e+02 3.292102039272861269e+00
2.046639999999999873e+02 3.252964789191530315e+00
2.040089999999999861e+02 3.252345501587430299e+00
2.033540000000000134e+02 3.242825093984685214e+00
2.027009999999999934e+02 3.148525459580646224e+00
2.020459999999999923e+02 3.113042887301267214e+00
2.013909999999999911e+02 3.042924025929492959e+00
2.007350000000000136e+02 3.100589910559649276e+00
2.000800000000000125e+02 3.068389184132013892e+00
1.994259999999999877e+02 3.001888473584425565e+00
1.987709999999999866e+02 2.993023329234020036e+00
1.981160000000000139e+02 2.964269587725007149e+00
1.974600000000000080e+02 2.997990743640007949e+00
1.968050000000000068e+02 2.932464041467452986e+00
1.961510000000000105e+02 2.912582414132485198e+00
1.954950000000000045e+02 2.971136349652288455e+00
1.948389999999999986e+02 2.906232355007333901e+00
1.941839999999999975e+02 2.866843748171360229e+00
1.935279999999999916e+02 2.885856884206665640e+00
1.928739999999999952e+02 2.912901789887388126e+00
1.922179999999999893e+02 2.895731157375149412e+00
1.915620000000000118e+02 2.960706842615887791e+00
1.909060000000000059e+02 3.052406715631966083e+00
1.902500000000000000e+02 3.086257498527020804e+00
1.895939999999999941e+02 3.033100740309916166e+00
1.889389999999999930e+02 3.098777929653278029e+00
1.882829999999999870e+02 3.145151739208057240e+00
1.876270000000000095e+02 3.196364513876426727e+00
1.869699999999999989e+02 3.172614554506685725e+00
1.863139999999999930e+02 3.159518144482746926e+00
1.856570000000000107e+02 3.098878840447359284e+00
1.850010000000000048e+02 3.054505684338830740e+00
1.843460000000000036e+02 3.088887426292231009e+00
1.836889999999999930e+02 3.141144724222132201e+00
1.830329999999999870e+02 3.190199068676221827e+00
1.823760000000000048e+02 3.212991932803439532e+00
1.817189999999999941e+02 3.184024554976299104e+00
1.810620000000000118e+02 3.329434583682365556e+00
1.804050000000000011e+02 3.435206415976292948e+00
1.797500000000000000e+02 3.473780669887981176e+00
1.790929999999999893e+02 3.560175899542878497e+00
1.784360000000000070e+02 3.557523291264955922e+00
1.777789999999999964e+02 3.589883874477105774e+00
1.771220000000000141e+02 3.599302991768718485e+00
1.764650000000000034e+02 3.611101511439749334e+00
1.758069999999999879e+02 3.632494384490224881e+00
1.751500000000000057e+02 3.594509370309148188e+00
1.744939999999999998e+02 3.620421053577848269e+00
1.738369999999999891e+02 3.690080640183301952e+00
1.731790000000000020e+02 3.729766388511186914e+00
1.725219999999999914e+02 3.783542889557715672e+00
1.718640000000000043e+02 3.853562363748890718e+00
1.712059999999999889e+02 3.905977819983849297e+00
1.705490000000000066e+02 3.945946635102919320e+00
1.698909999999999911e+02 3.963916035072063693e+00
1.692330000000000041e+02 3.943732435945456860e+00
1.685749999999999886e+02 3.918854637167581423e+00
1.679190000000000111e+02 3.957478499389910809e+00
1.672609999999999957e+02 3.932481043015195521e+00
1.666030000000000086e+02 4.002905287109725485e+00
1.659449999999999932e+02 3.935989738713832065e+00
1.652870000000000061e+02 3.851125985731910895e+00
1.646279999999999859e+02 3.851686577096415043e+00
1.639699999999999989e+02 3.890933641583905089e+00
1.633120000000000118e+02 3.954704179872369441e+00
1.626539999999999964e+02 3.956664592574927752e+00
1.619950000000000045e+02 3.902117990521253965e+00
1.613369999999999891e+02 3.881595374164519718e+00
1.606779999999999973e+02 3.820912792512069167e+00
1.600190000000000055e+02 3.820580233983001062e+00
1.593609999999999900e+02 3.842267473819873214e+00
1.587040000000000077e+02 3.841637626189971844e+00
1.580449999999999875e+02 3.860418267923154900e+00
1.573859999999999957e+02 3.837519820610704180e+00
1.567270000000000039e+02 3.858029252579580071e+00
1.560680000000000121e+02 3.835094529577830702e+00
1.554089999999999918e+02 3.835818031048269461e+00
1.547500000000000000e+02 3.847030735315955852e+00
1.540910000000000082e+02 3.824003114691740368e+00
1.534319999999999879e+02 3.822142534815006432e+00
1.527729999999999961e+02 3.818046158309156279e+00
1.521140000000000043e+02 3.786597438093691093e+00
1.514540000000000077e+02 3.778219471630381410e+00
1.507949999999999875e+02 3.769742895179451825e+00
1.501359999999999957e+02 3.889063172830226733e+00
1.494759999999999991e+02 3.924971298319307689e+00
1.488170000000000073e+02 3.935803599833445521e+00
1.481570000000000107e+02 4.011357760565497976e+00
1.474970000000000141e+02 4.001082927292722857e+00
1.468379999999999939e+02 4.038977927812228863e+00
1.461779999999999973e+02 4.056301391546366375e+00
1.455180000000000007e+02 4.119004061424456076e+00
1.448580000000000041e+02 4.135356769818919531e+00
1.441980000000000075e+02 4.048881074030505012e+00
1.435380000000000109e+02 4.086582052348661342e+00
1.428779999999999859e+02 4.106133504595628203e+00
1.422179999999999893e+02 4.160213304628230802e+00
1.415579999999999927e+02 4.174937867566409722e+00
1.408979999999999961e+02 4.179684403118426594e+00
1.402379999999999995e+02 4.180337196964117652e+00
1.395769999999999982e+02 4.173151815060787584e+00
1.389170000000000016e+02 4.222553762932475863e+00
1.382560000000000002e+02 4.331208934235165842e+00
1.375960000000000036e+02 4.391824551537048649e+00
1.369350000000000023e+02 4.440403174264345942e+00
1.362750000000000057e+02 4.454973231404334655e+00
1.356140000000000043e+02 4.513242158429726203e+00
1.349540000000000077e+02 4.565140918292472705e+00
1.342930000000000064e+02 4.667090520216115479e+00
1.336320000000000050e+02 4.765821155782084872e+00
1.329710000000000036e+02 4.823676772779471378e+00
1.323100000000000023e+02 4.857380958017905925e+00
1.316490000000000009e+02 4.959708269640095146e+00
1.309879999999999995e+02 4.988167587354008781e+00
1.303269999999999982e+02 5.003761085896980099e+00
1.296659999999999968e+02 5.100947360159385546e+00
1.290049999999999955e+02 5.137717345433063798e+00
1.283420000000000130e+02 5.139134347253589752e+00
1.276809999999999974e+02 5.152329885586970804e+00
1.270190000000000055e+02 5.211059102336137450e+00
1.263580000000000041e+02 5.155184052351130752e+00
1.256959999999999980e+02 5.082692913126132694e+00
1.250349999999999966e+02 5.094627272663989181e+00
1.243730000000000047e+02 5.086108513332049164e+00
1.237120000000000033e+02 5.059124357003842221e+00
1.230499999999999972e+02 5.065069068611793845e+00
1.223880000000000052e+02 5.049290773033388469e+00
1.217259999999999991e+02 4.956925976291926439e+00
1.210639999999999930e+02 4.844319185724297760e+00
1.204030000000000058e+02 4.832481961068299192e+00
1.197409999999999997e+02 4.794848046754849769e+00
1.190780000000000030e+02 4.669990611261331637e+00
1.184150000000000063e+02 4.629815923017495116e+00
1.177530000000000001e+02 4.558665757599250412e+00
1.170909999999999940e+02 4.464688534152188026e+00
1.164279999999999973e+02 4.373065782399659263e+00
1.157660000000000053e+02 4.330044821121787457e+00
1.151039999999999992e+02 4.273449271360346913e+00
1.144410000000000025e+02 4.185358625375677377e+00
1.137789999999999964e+02 4.102588656110335741e+00
1.131159999999999997e+02 4.079091643751548091e+00
1.124539999999999935e+02 4.031750830979449418e+00
1.117890000000000015e+02 3.980088162496380644e+00
1.111269999999999953e+02 3.964285166634712976e+00
1.104639999999999986e+02 3.905938143375724092e+00
1.098010000000000019e+02 3.855320299013847318e+00
1.091380000000000052e+02 3.793545851632387222e+00
1.084749999999999943e+02 3.762339904355192832e+00
1.078119999999999976e+02 3.648815479688701124e+00
1.071490000000000009e+02 3.580319324305376583e+00
1.064849999999999994e+02 3.422352733598335028e+00
1.058209999999999980e+02 3.288815985378907847e+00
1.051580000000000013e+02 3.123670051292106731e+00
1.044950000000000045e+02 3.067666254223920586e+00
1.038319999999999936e+02 2.941253733119976843e+00
1.031680000000000064e+02 2.829799290946751089e+00
1.025049999999999955e+02 2.726394475540486528e+00
1.018400000000000034e+02 2.681506905874203817e+00
1.011760000000000019e+02 2.607945081061473491e+00
1.005130000000000052e+02 2.623399997570246889e+00
9.984900000000000375e+01 2.617441065785720333e+00
9.918529999999999802e+01 2.599668888759675944e+00
9.852150000000000318e+01 2.572803968940871489e+00
9.785769999999999413e+01 2.634273939133836784e+00
9.719230000000000302e+01 2.709948461419483756e+00
9.652830000000000155e+01 2.780319775667909443e+00
9.586430000000000007e+01 2.834291575845811817e+00
9.520029999999999859e+01 2.908261156884438314e+00
9.453610000000000468e+01 3.016466795123304401e+00
9.387199999999999989e+01 3.122702381644924863e+00
9.320619999999999550e+01 3.189660298890689472e+00
9.254200000000000159e+01 3.267001168130416744e+00
9.187760000000000105e+01 3.268843669428743048e+00
9.121320000000000050e+01 3.292780954551105310e+00
9.054879999999999995e+01 3.288953030029966307e+00
8.988280000000000314e+01 3.348863097597154503e+00
8.921819999999999595e+01 3.351949346835093380e+00
8.855360000000000298e+01 3.325943745120531592e+00
8.788890000000000668e+01 3.297665784827523261e+00
8.722419999999999618e+01 3.350596230118135566e+00
8.655939999999999657e+01 3.389892978550800962e+00
8.589300000000000068e+01 3.449326551744425817e+00
8.522809999999999775e+01 3.463220271987718757e+00
8.456319999999999482e+01 3.501500786860484382e+00
8.389820000000000277e+01 3.488963336901039991e+00
8.323160000000000025e+01 3.513679188485462124e+00
8.256650000000000489e+01 3.516216796596488781e+00
8.190130000000000621e+01 3.547735903569576799e+00
8.123609999999999332e+01 3.551037210667874700e+00
8.057080000000000553e+01 3.498952052517695588e+00
7.990389999999999304e+01 3.502607696754258981e+00
7.923850000000000193e+01 3.524970875008642146e+00
7.857299999999999329e+01 3.557485922418327728e+00
7.790749999999999886e+01 3.573888768920330694e+00
7.724039999999999395e+01 3.572678815767863725e+00
7.657479999999999620e+01 3.589483554637693086e+00
7.590909999999999513e+01 3.545250096892795355e+00
7.524339999999999407e+01 3.561810573504581967e+00
7.457760000000000389e+01 3.556548347594417070e+00
7.391020000000000323e+01 3.490321780034041588e+00
7.324429999999999552e+01 3.459399758891325227e+00
7.257829999999999870e+01 3.385026005143906058e+00
7.191230000000000189e+01 3.335281512916655977e+00
7.124469999999999459e+01 3.316601572230160500e+00
7.057850000000000534e+01 3.275358105706058343e+00
6.991230000000000189e+01 3.284048155668364277e+00
6.924609999999999843e+01 3.225065186997668754e+00
6.857829999999999870e+01 3.204948955658203591e+00
6.791190000000000282e+01 3.177734848230575615e+00
6.724550000000000693e+01 3.134240195241959182e+00
6.657750000000000057e+01 3.107787166096127152e+00
6.591100000000000136e+01 3.052139208388276792e+00
6.524439999999999884e+01 3.026704107023856505e+00
6.457769999999999300e+01 2.984009627570920475e+00
6.390950000000000131e+01 2.930968101192166664e+00
6.324269999999999925e+01 2.903260132698201712e+00
6.257589999999999719e+01 2.890453979890921232e+00
6.190899999999999892e+01 2.871794279341769229e+00
6.124060000000000059e+01 2.842800736291129393e+00
6.057359999999999900e+01 2.819872146871872154e+00
5.990659999999999741e+01 2.799049501587813182e+00
5.923799999999999955e+01 2.733912433232820849e+00
5.857079999999999842e+01 2.664565192709246855e+00
5.790359999999999729e+01 2.643375967082431721e+00
5.723629999999999995e+01 2.600413143606166155e+00
5.656750000000000256e+01 2.539210306698553854e+00
5.590010000000000190e+01 2.515995519262185454e+00
5.523270000000000124e+01 2.473922383731289809e+00
5.456360000000000099e+01 2.445759550979159869e+00
5.389609999999999701e+01 2.427682877476515788e+00
5.322849999999999682e+01 2.427924863856222970e+00
5.255930000000000035e+01 2.440457617543775548e+00
5.189159999999999684e+01 2.387134917521819055e+00
5.122379999999999711e+01 2.371443916284245113e+00
5.055440000000000111e+01 2.348348318441567439e+00
4.988660000000000139e+01 2.310187058580259301e+00
4.921860000000000213e+01 2.269793923899438681e+00
4.854910000000000281e+01 2.233170108911753271e+00
4.788100000000000023e+01 2.218232879634816523e+00
4.721289999999999765e+01 2.187569181806783281e+00
4.654319999999999879e+01 2.142978999281252683e+00
4.587500000000000000e+01 2.119898125080947882e+00
4.520669999999999789e+01 2.062406634496169566e+00
4.453679999999999950e+01 2.029375156316119977e+00
4.386840000000000117e+01 2.000303595661625966e+00
4.320000000000000284e+01 1.992565946197321525e+00
4.252989999999999782e+01 1.950859332144374347e+00
4.186129999999999995e+01 1.904438661533848887e+00
4.119270000000000209e+01 1.843776475918439850e+00
4.052250000000000085e+01 1.807550081384876828e+00
3.985379999999999967e+01 1.781455980595956889e+00
3.918500000000000227e+01 1.763913201934007358e+00
3.851460000000000150e+01 1.732559916105124831e+00
3.784570000000000078e+01 1.697596224513886254e+00
3.717519999999999669e+01 1.653148232131885553e+00
3.650619999999999976e+01 1.613781922962850723e+00
3.583709999999999951e+01 1.588862947435597084e+00
3.516640000000000299e+01 1.561964723188720150e+00
3.449719999999999942e+01 1.521068609674439465e+00
3.382800000000000296e+01 1.490971617130415261e+00
3.315709999999999980e+01 1.447409018867378716e+00
3.248780000000000001e+01 1.390218941228513527e+00
3.181680000000000064e+01 1.353173890846003591e+00
3.114730000000000132e+01 1.324959805083952391e+00
3.047779999999999845e+01 1.304541127028051584e+00
2.980669999999999931e+01 1.247662341830883870e+00
2.913700000000000045e+01 1.217395678094559619e+00
2.846730000000000160e+01 1.191393808459265902e+00
2.779599999999999937e+01 1.143541669117017712e+00
2.712620000000000076e+01 1.108300516928891088e+00
2.645479999999999876e+01 1.077232710106551528e+00
2.578490000000000038e+01 1.040173451401227300e+00
2.511329999999999885e+01 9.925466521730991198e-01
2.444330000000000069e+01 9.437620443359987510e-01
2.377319999999999922e+01 9.152696575114717126e-01
2.310150000000000148e+01 8.644144601952425955e-01
2.243130000000000024e+01 8.246575844811369072e-01
2.175949999999999918e+01 7.856920533462776746e-01
2.108909999999999840e+01 7.441435795901476524e-01
2.041870000000000118e+01 7.098951825739719945e-01
1.974680000000000035e+01 6.631459252547151628e-01
1.907629999999999981e+01 6.277717584780100335e-01
1.840419999999999945e+01 5.954526292407240629e-01
1.773349999999999937e+01 5.584034665838155664e-01
1.706129999999999924e+01 5.341897367865781066e-01
1.639059999999999917e+01 4.986411820690455632e-01
1.571979999999999933e+01 4.701583252803923085e-01
1.504739999999999966e+01 4.473809707275407943e-01
1.437650000000000006e+01 4.212702513641536362e-01
1.370410000000000039e+01 4.019516335678761654e-01
1.303299999999999947e+01 3.751296073756743565e-01
1.236040000000000028e+01 3.521146738067161275e-01
1.168929999999999936e+01 3.288518875051540946e-01
1.101660000000000039e+01 3.126171507949085382e-01
1.034529999999999994e+01 3.071068926503771612e-01
9.672489999999999810e+00 2.973635145975699889e-01
9.001129999999999853e+00 2.872807814161367213e-01
8.329710000000000392e+00 2.739122053121976763e-01
7.656710000000000349e+00 2.669814044054353852e-01
6.985170000000000101e+00 2.777805022932232082e-01
6.312050000000000161e+00 2.831031997600942374e-01
5.640399999999999636e+00 2.827639739082021264e-01
4.967170000000000307e+00 2.714193645999596338e-01
4.295410000000000394e+00 2.513005689103036122e-01
3.622059999999999835e+00 2.258681431408594009e-01
2.950180000000000025e+00 1.945969807265253704e-01
2.276720000000000077e+00 1.593816403238053347e-01
1.604729999999999990e+00 1.171374078451164619e-01
9.311519999999999797e-01 6.836647715150336035e-02
2.590439999999999965e-01 1.901194456774180433e-02
