4.498670000000000186e+02 5.603442535191486273e-01
4.492339999999999804e+02 4.432447940315955015e-01
4.486009999999999991e+02 3.896721649281442157e-01
4.479680000000000177e+02 5.454253330712819370e-01
4.473360000000000127e+02 5.283477560719666011e-01
4.467029999999999745e+02 5.008881203138514371e-01
4.460690000000000168e+02 5.928894286144407166e-01
4.454359999999999786e+02 5.344330609352850869e-01
4.448029999999999973e+02 5.175527874901616476e-01
4.441689999999999827e+02 5.624540941239803971e-01
4.435360000000000014e+02 6.173591559236677462e-01
4.429019999999999868e+02 7.231403521058554773e-01
4.422699999999999818e+02 6.242252809878395814e-01
4.416360000000000241e+02 7.039423204134493961e-01
4.410029999999999859e+02 6.969685829704127533e-01
4.403690000000000282e+02 6.343747864073965292e-01
4.397350000000000136e+02 6.326670999314905064e-01
4.391009999999999991e+02 6.158724095742813542e-01
4.384669999999999845e+02 4.987346448322258485e-01
4.378330000000000268e+02 5.323993503266286620e-01
4.371990000000000123e+02 4.910315015742779954e-01
4.365649999999999977e+02 5.245338167958716324e-01
4.359329999999999927e+02 4.089260857123845905e-01
4.352980000000000018e+02 3.384828392787079254e-01
4.346639999999999873e+02 3.326289658538513772e-01
4.340299999999999727e+02 3.464805578683293197e-01
4.333960000000000150e+02 3.455297828069792132e-01
4.327610000000000241e+02 4.719154509232971750e-01
4.321270000000000095e+02 4.266496925201186396e-01
4.314920000000000186e+02 3.524133856954015931e-01
4.308580000000000041e+02 3.174411192580989249e-01
4.302230000000000132e+02 3.504794593747317943e-01
4.295889999999999986e+02 4.026436394761798154e-01
4.289540000000000077e+02 3.340587017254839086e-01
4.283190000000000168e+02 3.763834651758739547e-01
4.276859999999999786e+02 3.754020646790521831e-01
4.270509999999999877e+02 3.217697997689608624e-01
4.264159999999999968e+02 2.684632889790978250e-01
4.257810000000000059e+02 3.199561896960933516e-01
4.251460000000000150e+02 3.569573440286537558e-01
4.245110000000000241e+02 4.268032236001111368e-01
4.238759999999999764e+02 4.303070050277147951e-01
4.232409999999999854e+02 4.713943686323124327e-01
4.226050000000000182e+02 4.138593040859865901e-01
4.219700000000000273e+02 4.220461702088177947e-01
4.213349999999999795e+02 4.348296219300376020e-01
4.206990000000000123e+02 4.986131293027988853e-01
4.200640000000000214e+02 5.018353993780018119e-01
4.194289999999999736e+02 5.558142036559148291e-01
4.187930000000000064e+02 4.483287895820471936e-01
4.181569999999999823e+02 4.240945588716706904e-01
4.175219999999999914e+02 4.503734888464585584e-01
4.168860000000000241e+02 5.495210860545506337e-01
4.162500000000000000e+02 5.980350721528220337e-01
4.156150000000000091e+02 6.054186518905412262e-01
4.149789999999999850e+02 6.217843976289170183e-01
4.143430000000000177e+02 6.380490470121714663e-01
4.137069999999999936e+02 5.732045434642023540e-01
4.130710000000000264e+02 6.658073192732477663e-01
4.124350000000000023e+02 7.086435519417256801e-01
4.117989999999999782e+02 7.423099528159087246e-01
4.111630000000000109e+02 7.134627695297014460e-01
4.105260000000000105e+02 6.847892055574907877e-01
4.098899999999999864e+02 7.049269295590077089e-01
4.092540000000000191e+02 6.058651940818788884e-01
4.086170000000000186e+02 6.128918821194599964e-01
4.079809999999999945e+02 6.505794029797816735e-01
4.073439999999999941e+02 6.224493900688227166e-01
4.067080000000000268e+02 5.944780995361099718e-01
4.060710000000000264e+02 6.622754846021866593e-01
4.054350000000000023e+02 5.649955006333461371e-01
4.047980000000000018e+02 5.763150090920174939e-01
4.041610000000000014e+02 5.573889418751892810e-01
4.035240000000000009e+02 5.987242966291674851e-01
4.028879999999999768e+02 5.070180823289925920e-01
4.022509999999999764e+02 5.482171989448246796e-01
4.016139999999999759e+02 4.529325142235915425e-01
4.009769999999999754e+02 4.600867844719218613e-01
4.003399999999999750e+02 3.613504028589907269e-01
3.997029999999999745e+02 4.362547570841361910e-01
3.990649999999999977e+02 4.097004550465427886e-01
3.984279999999999973e+02 3.288097729677190162e-01
3.977909999999999968e+02 3.069337658617893871e-01
3.971519999999999868e+02 2.975763582756859038e-01
3.965149999999999864e+02 2.343768448126281878e-01
3.958770000000000095e+02 2.668253129023899772e-01
3.952400000000000091e+02 1.751083528183244586e-01
3.946019999999999754e+02 2.405209725299114198e-01
3.939649999999999750e+02 1.699423731771396162e-01
3.933269999999999982e+02 1.612386615728977624e-01
3.926890000000000214e+02 2.546773242221502254e-01
3.920520000000000209e+02 2.376323448087186430e-01
3.914139999999999873e+02 3.099670903421045676e-01
3.907760000000000105e+02 3.130418223598377958e-01
3.901379999999999768e+02 4.169574435352553232e-01
3.895000000000000000e+02 5.082485366085605083e-01
3.888609999999999900e+02 4.586638956569255021e-01
3.882230000000000132e+02 4.692287802744728453e-01
3.875849999999999795e+02 5.156231478092838660e-01
3.869460000000000264e+02 5.577514595817086862e-01
3.863079999999999927e+02 6.075496925994284814e-01
3.856700000000000159e+02 6.372790691396666984e-01
3.850319999999999823e+02 6.707553740200011827e-01
3.843929999999999723e+02 6.058795477702323407e-01
3.837549999999999955e+02 6.431257239162595507e-01
3.831159999999999854e+02 6.216879753896272787e-01
3.824759999999999991e+02 6.119374766650295117e-01
3.818380000000000223e+02 5.868027012415052424e-01
3.811990000000000123e+02 4.883817967507795288e-01
3.805600000000000023e+02 5.408295505975641015e-01
3.799220000000000255e+02 5.161058266883330470e-01
3.792830000000000155e+02 4.570534407784518915e-01
3.786440000000000055e+02 4.937881024901641935e-01
3.780049999999999955e+02 4.541444551215977898e-01
3.773650000000000091e+02 4.679970670760835172e-01
3.767259999999999991e+02 6.064495576518608155e-01
3.760860000000000127e+02 5.932217351243757042e-01
3.754470000000000027e+02 7.153524917646130188e-01
3.748079999999999927e+02 7.055729788254433421e-01
3.741689999999999827e+02 7.406661498649472763e-01
3.735299999999999727e+02 7.793069586300077622e-01
3.728890000000000100e+02 7.880459093121640057e-01
3.722500000000000000e+02 7.263295484221384823e-01
3.716100000000000136e+02 8.199101022470481892e-01
3.709710000000000036e+02 7.511562835397792570e-01
3.703310000000000173e+02 7.195434456879746810e-01
3.696909999999999741e+02 6.952914884733000234e-01
3.690500000000000114e+02 7.112443208042295018e-01
3.684110000000000014e+02 6.726937115854429994e-01
3.677710000000000150e+02 6.560652083877751561e-01
3.671309999999999718e+02 6.251091912531846484e-01
3.664909999999999854e+02 7.165830809606852370e-01
3.658509999999999991e+02 6.605002908070218837e-01
3.652099999999999795e+02 6.584114958971125642e-01
3.645699999999999932e+02 7.381363143115069470e-01
3.639300000000000068e+02 7.215697525682471802e-01
3.632900000000000205e+02 7.121345474991560565e-01
3.626490000000000009e+02 7.274313599937218822e-01
3.620079999999999814e+02 7.075540345993702740e-01
3.613670000000000186e+02 6.947392957035569694e-01
3.607269999999999754e+02 6.436353025392766991e-01
3.600869999999999891e+02 6.624268932849910474e-01
3.594460000000000264e+02 5.978921924242271979e-01
3.588039999999999736e+02 5.508652480722565636e-01
3.581639999999999873e+02 5.318800224138453547e-01
3.575230000000000246e+02 4.889368378112552982e-01
3.568829999999999814e+02 5.488849090315202073e-01
3.562420000000000186e+02 5.300343909810812937e-01
3.556000000000000227e+02 5.385390603797349796e-01
3.549590000000000032e+02 5.638633737576476124e-01
3.543179999999999836e+02 5.079477558418894478e-01
3.536770000000000209e+02 5.231385521892710777e-01
3.530350000000000250e+02 5.985516207632181063e-01
3.523940000000000055e+02 6.166332435177481752e-01
3.517520000000000095e+02 6.145798801212920548e-01
3.511109999999999900e+02 4.962305710528296387e-01
3.504689999999999941e+02 5.376431330987593293e-01
3.498269999999999982e+02 5.523391702386482027e-01
3.491859999999999786e+02 5.406235256534123179e-01
3.485450000000000159e+02 5.290127545029339462e-01
3.479019999999999868e+02 5.173668118768566249e-01
3.472599999999999909e+02 4.830980149890373720e-01
3.466190000000000282e+02 4.749743324942805045e-01
3.459769999999999754e+02 4.604263092473666608e-01
3.453340000000000032e+02 5.007845972143554203e-01
3.446929999999999836e+02 5.247838660243453468e-01
3.440509999999999877e+02 5.037803820328250470e-01
3.434089999999999918e+02 4.956804568367029762e-01
3.427660000000000196e+02 4.622066748396821967e-01
3.421240000000000236e+02 5.271934813098023698e-01
3.414820000000000277e+02 5.411777629603268247e-01
3.408399999999999750e+02 5.361461054753433597e-01
3.401970000000000027e+02 5.625769174628203473e-01
3.395539999999999736e+02 5.668824119610585965e-01
3.389119999999999777e+02 5.493328824993516379e-01
3.382690000000000055e+02 5.630217159561731188e-01
3.376259999999999764e+02 6.383847511848783629e-01
3.369839999999999804e+02 6.855077899417011400e-01
3.363419999999999845e+02 6.555074870908558227e-01
3.356979999999999791e+02 6.134102442040946235e-01
3.350550000000000068e+02 6.021332625549002948e-01
3.344130000000000109e+02 5.727113607729518163e-01
3.337690000000000055e+02 5.797559263371685478e-01
3.331259999999999764e+02 5.928412263797280257e-01
3.324830000000000041e+02 6.719618661470000420e-01
3.318389999999999986e+02 6.337129319784270409e-01
3.311960000000000264e+02 6.822203129943767985e-01
3.305539999999999736e+02 6.589752861135955708e-01
3.299110000000000014e+02 6.981758953140313473e-01
3.292660000000000196e+02 7.223380341943228533e-01
3.286229999999999905e+02 7.610273090389105821e-01
3.279800000000000182e+02 7.466273206529262518e-01
3.273360000000000127e+02 7.234484916568258983e-01
3.266929999999999836e+02 6.538815295079292156e-01
3.260489999999999782e+02 6.399447210895483629e-01
3.254049999999999727e+02 6.231889581860682314e-01
3.247610000000000241e+02 6.555710467326206770e-01
3.241179999999999950e+02 6.302518799926700721e-01
3.234730000000000132e+02 6.451553218598237160e-01
3.228290000000000077e+02 6.456686012525264529e-01
3.221840000000000259e+02 6.973965409602015386e-01
3.215409999999999968e+02 7.005175095741198454e-01
3.208969999999999914e+02 7.572012596759462033e-01
3.202520000000000095e+02 7.882685669402627049e-01
3.196080000000000041e+02 7.825853733786442001e-01
3.189639999999999986e+02 8.048652958026101256e-01
3.183190000000000168e+02 8.381003763698895437e-01
3.176750000000000114e+02 7.851869348195914533e-01
3.170310000000000059e+02 7.023499547093090545e-01
3.163860000000000241e+02 6.996771754534693022e-01
3.157420000000000186e+02 6.807292906293314072e-01
3.150980000000000132e+02 6.372824051530822098e-01
3.144519999999999982e+02 6.240208223792412801e-01
3.138079999999999927e+02 6.027659999004167934e-01
3.131619999999999777e+02 5.897391313671773716e-01
3.125179999999999723e+02 5.714042193211443799e-01
3.118729999999999905e+02 5.773056804977002576e-01
3.112269999999999754e+02 6.713456417884184901e-01
3.105830000000000268e+02 6.289388768019968934e-01
3.099370000000000118e+02 6.106806517935230438e-01
3.092919999999999732e+02 6.163545295247807587e-01
3.086469999999999914e+02 5.982686199553428619e-01
3.080009999999999764e+02 6.510834139645322871e-01
3.073570000000000277e+02 6.799588687535953468e-01
3.067099999999999795e+02 6.878727335171269663e-01
3.060649999999999977e+02 6.748886502679242172e-01
3.054200000000000159e+02 6.697353159331665973e-01
3.047740000000000009e+02 6.646752305603744748e-01
3.041290000000000191e+02 6.596378227922186088e-01
3.034820000000000277e+02 7.285894678836322136e-01
3.028369999999999891e+02 7.716045943747076308e-01
3.021920000000000073e+02 8.040822690531869155e-01
3.015450000000000159e+02 7.783705109703374925e-01
3.008999999999999773e+02 7.250932694958083236e-01
3.002529999999999859e+02 7.949994843854550908e-01
2.996080000000000041e+02 7.620123001297085530e-01
2.989610000000000127e+02 7.242425431441189554e-01
2.983149999999999977e+02 7.859071482316840607e-01
2.976700000000000159e+02 7.508369499102397482e-01
2.970230000000000246e+02 7.528180988271579999e-01
2.963770000000000095e+02 7.033618428968322345e-01
2.957300000000000182e+02 6.860666950376924644e-01
2.950840000000000032e+02 7.052654944266667503e-01
2.944370000000000118e+02 6.517161234733652719e-01
2.937909999999999968e+02 6.708799026922800390e-01
2.931429999999999723e+02 7.834727497229606596e-01
2.924970000000000141e+02 7.780314187362993295e-01
2.918500000000000227e+02 7.392629680048097285e-01
2.912040000000000077e+02 7.244913202171060496e-01
2.905570000000000164e+02 7.570251458187915450e-01
2.899100000000000250e+02 7.988503034452332230e-01
2.892629999999999768e+02 8.612998705697045843e-01
2.886159999999999854e+02 8.976536893807973705e-01
2.879689999999999941e+02 9.220137968623257629e-01
2.873210000000000264e+02 9.229992880402267952e-01
2.866750000000000114e+02 9.100901526147692211e-01
2.860269999999999868e+02 9.570462091244564817e-01
2.853799999999999955e+02 9.715448914696871441e-01
2.847320000000000277e+02 9.585403553154392409e-01
2.840849999999999795e+02 1.002379456340667829e+00
2.834370000000000118e+02 1.021008963867741981e+00
2.827900000000000205e+02 1.064177283169291499e+00
2.821419999999999959e+02 1.100322981714564552e+00
2.814950000000000045e+02 1.115938433983677758e+00
2.808469999999999800e+02 1.156009496502596434e+00
2.801990000000000123e+02 1.115859284818581099e+00
2.795509999999999877e+02 1.089240240689299366e+00
2.789039999999999964e+02 1.100270666944507258e+00
2.782549999999999955e+02 1.097922658168078991e+00
2.776080000000000041e+02 1.097823300564162663e+00
2.769590000000000032e+02 1.080293230052497000e+00
2.763120000000000118e+02 1.099645474845325044e+00
2.756630000000000109e+02 1.077935592085117911e+00
2.750149999999999864e+02 1.094901337471626102e+00
2.743659999999999854e+02 1.184451153014332681e+00
2.737189999999999941e+02 1.251865890625788236e+00
2.730699999999999932e+02 1.267921454212701082e+00
2.724220000000000255e+02 1.247859381346178909e+00
2.717730000000000246e+02 1.217484669305519018e+00
2.711240000000000236e+02 1.193569057411232315e+00
2.704759999999999991e+02 1.155290803359911411e+00
2.698260000000000218e+02 1.173272161409002479e+00
2.691779999999999973e+02 1.209702056051388475e+00
2.685289999999999964e+02 1.149067470964153959e+00
2.678809999999999718e+02 1.131897596676045614e+00
2.672309999999999945e+02 1.110861235632657262e+00
2.665830000000000268e+02 1.132561230762539894e+00
2.659329999999999927e+02 1.208708857523558944e+00
2.652839999999999918e+02 1.239886488781849261e+00
2.646349999999999909e+02 1.290788763506552250e+00
2.639850000000000136e+02 1.255347451257657454e+00
2.633369999999999891e+02 1.238021761563587342e+00
2.626870000000000118e+02 1.268412432014763169e+00
2.620380000000000109e+02 1.237386774018169433e+00
2.613879999999999768e+02 1.285057894282322533e+00
2.607400000000000091e+02 1.256152270820486194e+00
2.600899999999999750e+02 1.198132520369724396e+00
2.594390000000000214e+02 1.225907600860014490e+00
2.587900000000000205e+02 1.199352387513280771e+00
2.581399999999999864e+02 1.199926293171524661e+00
2.574909999999999854e+02 1.187079226033322277e+00
2.568410000000000082e+02 1.240967800995517401e+00
2.561899999999999977e+02 1.281111398023369041e+00
2.555409999999999968e+02 1.254721188300155665e+00
2.548899999999999864e+02 1.279317658300558103e+00
2.542410000000000139e+02 1.275617848859850412e+00
2.535910000000000082e+02 1.230842335806434873e+00
2.529399999999999977e+02 1.229103462136046154e+00
2.522899999999999920e+02 1.244073329534984174e+00
2.516399999999999864e+02 1.280845553521687163e+00
2.509900000000000091e+02 1.222054933310144254e+00
2.503389999999999986e+02 1.223908358781247374e+00
2.496879999999999882e+02 1.249348185224147256e+00
2.490380000000000109e+02 1.252757699568399552e+00
2.483870000000000005e+02 1.288571936802495266e+00
2.477359999999999900e+02 1.320392987046009603e+00
2.470860000000000127e+02 1.301998455726784298e+00
2.464350000000000023e+02 1.338726508539873850e+00
2.457849999999999966e+02 1.279698448247295506e+00
2.451330000000000098e+02 1.307336029699888602e+00
2.444819999999999993e+02 1.280393458311622545e+00
2.438319999999999936e+02 1.257203397704073300e+00
2.431800000000000068e+02 1.239301770527343916e+00
2.425289999999999964e+02 1.233656682599906906e+00
2.418779999999999859e+02 1.279562311132964592e+00
2.412270000000000039e+02 1.309671906597850821e+00
2.405749999999999886e+02 1.276434505629430838e+00
2.399240000000000066e+02 1.328177366325538733e+00
2.392719999999999914e+02 1.322090900180011630e+00
2.386200000000000045e+02 1.344539024056636167e+00
2.379699999999999989e+02 1.334974643097467828e+00
2.373180000000000121e+02 1.368721064050414382e+00
2.366670000000000016e+02 1.362403173364897579e+00
2.360149999999999864e+02 1.357658363993399453e+00
2.353629999999999995e+02 1.380884323203543262e+00
2.347100000000000080e+02 1.428326244553334901e+00
2.340600000000000023e+02 1.416732667642502497e+00
2.334070000000000107e+02 1.406849387177385724e+00
2.327549999999999955e+02 1.456616369354567064e+00
2.321040000000000134e+02 1.492998595412054375e+00
2.314509999999999934e+02 1.481170851484280293e+00
2.307980000000000018e+02 1.515398701206891241e+00
2.301469999999999914e+02 1.508211166689556126e+00
2.294939999999999998e+02 1.485291317501436170e+00
2.288420000000000130e+02 1.451596873224716422e+00
2.281899999999999977e+02 1.499165482522913262e+00
2.275370000000000061e+02 1.533828323881311517e+00
2.268839999999999861e+02 1.551177997389246555e+00
2.262330000000000041e+02 1.582028917342467533e+00
2.255800000000000125e+02 1.623298889267086098e+00
2.249269999999999925e+02 1.616982582224759435e+00
2.242729999999999961e+02 1.621282653208938829e+00
2.236220000000000141e+02 1.652518731582324207e+00
2.229679999999999893e+02 1.657981031074349243e+00
2.223149999999999977e+02 1.666243637081027407e+00
2.216630000000000109e+02 1.638865879366455003e+00
2.210099999999999909e+02 1.608624058779182686e+00
2.203559999999999945e+02 1.577181832632079894e+00
2.197019999999999982e+02 1.560646703575822691e+00
2.190500000000000114e+02 1.563129147640340166e+00
2.183969999999999914e+02 1.558264898669375897e+00
2.177429999999999950e+02 1.549087164965546215e+00
2.170889999999999986e+02 1.554278707125495540e+00
2.164370000000000118e+02 1.525130522462481597e+00
2.157829999999999870e+02 1.543059310282689944e+00
2.151289999999999907e+02 1.524002998452023805e+00
2.144749999999999943e+02 1.558486713617890818e+00
2.138220000000000027e+02 1.554839658131910385e+00
2.131680000000000064e+02 1.553923077988347723e+00
2.125140000000000100e+02 1.558516505678945174e+00
2.118600000000000136e+02 1.529969512338576809e+00
2.112069999999999936e+02 1.555064538229847582e+00
2.105529999999999973e+02 1.538951468557261615e+00
2.098979999999999961e+02 1.524308146187013380e+00
2.092439999999999998e+02 1.500270765210143686e+00
2.085910000000000082e+02 1.493938810470270440e+00
2.079360000000000070e+02 1.484909066940209854e+00
2.072820000000000107e+02 1.473258426583073266e+00
2.066270000000000095e+02 1.437888344964469267e+00
2.059739999999999895e+02 1.456730515898238876e+00
2.053189999999999884e+02 1.447819174029929767e+00
2.046639999999999873e+02 1.428576605873477234e+00
2.040089999999999861e+02 1.426272969783304312e+00
2.033540000000000134e+02 1.420071966340902492e+00
2.027009999999999934e+02 1.376817787967882012e+00
2.020459999999999923e+02 1.359356584317152672e+00
2.013909999999999911e+02 1.326837460910580635e+00
2.007350000000000136e+02 1.350038467629584682e+00
2.000800000000000125e+02 1.334099371720442351e+00
1.994259999999999877e+02 1.303312195573173238e+00
1.987709999999999866e+02 1.297590522502944932e+00
1.981160000000000139e+02 1.283270096035836305e+00
1.974600000000000080e+02 1.295987732213142118e+00
1.968050000000000068e+02 1.265827107570105525e+00
1.961510000000000105e+02 1.255424238288322059e+00
1.954950000000000045e+02 1.278797369779339999e+00
1.948389999999999986e+02 1.249040443634118924e+00
1.941839999999999975e+02 1.230316639363494557e+00
1.935279999999999916e+02 1.236664161983586752e+00
1.928739999999999952e+02 1.246429620584988518e+00
1.922179999999999893e+02 1.237264467948911095e+00
1.915620000000000118e+02 1.263165482358198366e+00
1.909060000000000059e+02 1.300368750388565697e+00
1.902500000000000000e+02 1.312849844608825922e+00
1.895939999999999941e+02 1.288333270262268515e+00
1.889389999999999930e+02 1.314283988326091057e+00
1.882829999999999870e+02 1.331974449295685980e+00
1.876270000000000095e+02 1.351652461268914918e+00
1.869699999999999989e+02 1.339612118779297978e+00
1.863139999999999930e+02 1.332095829786895669e+00
1.856570000000000107e+02 1.304579117404170097e+00
1.850010000000000048e+02 1.283978582646992495e+00
1.843460000000000036e+02 1.296490068570925969e+00
1.836889999999999930e+02 1.316443263522335760e+00
1.830329999999999870e+02 1.334993166677278742e+00
1.823760000000000048e+02 1.342505612951030658e+00
1.817189999999999941e+02 1.328395637899719484e+00
1.810620000000000118e+02 1.386959171020497372e+00
1.804050000000000011e+02 1.428852767001870028e+00
1.797500000000000000e+02 1.442712883381160438e+00
1.790929999999999893e+02 1.476347086706629508e+00
1.784360000000000070e+02 1.473003476282769952e+00
1.777789999999999964e+02 1.484137478548717803e+00
1.771220000000000141e+02 1.485760890121935907e+00
1.764650000000000034e+02 1.488352856644631350e+00
1.758069999999999879e+02 1.494874407568314023e+00
1.751500000000000057e+02 1.476975245123402392e+00
1.744939999999999998e+02 1.485340660562166404e+00
1.738369999999999891e+02 1.511589578623364627e+00
1.731790000000000020e+02 1.525487985406445146e+00
1.725219999999999914e+02 1.545093678525252034e+00
1.718640000000000043e+02 1.571250241443003848e+00
1.712059999999999889e+02 1.590151736786011405e+00
1.705490000000000066e+02 1.603931591260574718e+00
1.698909999999999911e+02 1.608729103366968616e+00
1.692330000000000041e+02 1.598044442110233554e+00
1.685749999999999886e+02 1.585486093097802973e+00
1.679190000000000111e+02 1.598616810256003440e+00
1.672609999999999957e+02 1.586032707399879449e+00
1.666030000000000086e+02 1.611903145322391984e+00
1.659449999999999932e+02 1.582469288539352759e+00
1.652870000000000061e+02 1.545915565443840789e+00
1.646279999999999859e+02 1.543700776339764547e+00
1.639699999999999989e+02 1.556968729527896445e+00
1.633120000000000118e+02 1.579984178780607929e+00
1.626539999999999964e+02 1.578264719362748369e+00
1.619950000000000045e+02 1.554035782183918357e+00
1.613369999999999891e+02 1.543407699671828670e+00
1.606779999999999973e+02 1.516859522272842487e+00
1.600190000000000055e+02 1.514307179426790384e+00
1.593609999999999900e+02 1.520472274449870653e+00
1.587040000000000077e+02 1.517796778951577608e+00
1.580449999999999875e+02 1.522770987537501508e+00
1.573859999999999957e+02 1.511307940743693123e+00
1.567270000000000039e+02 1.516940751193381676e+00
1.560680000000000121e+02 1.505494075154069966e+00
1.554089999999999918e+02 1.503348317449043181e+00
1.547500000000000000e+02 1.505305851793622862e+00
1.540910000000000082e+02 1.493873631856851292e+00
1.534319999999999879e+02 1.490725944175028239e+00
1.527729999999999961e+02 1.486710148083202121e+00
1.521140000000000043e+02 1.472066699348372643e+00
1.514540000000000077e+02 1.466413470527239804e+00
1.507949999999999875e+02 1.460736401777843918e+00
1.501359999999999957e+02 1.504507029864806000e+00
1.494759999999999991e+02 1.515908653375853010e+00
1.488170000000000073e+02 1.517600162054334012e+00
1.481570000000000107e+02 1.544188230543140250e+00
1.474970000000000141e+02 1.537696242795731028e+00
1.468379999999999939e+02 1.549702673067628211e+00
1.461779999999999973e+02 1.553777748168674977e+00
1.455180000000000007e+02 1.575184231837047033e+00
1.448580000000000041e+02 1.578816445569475757e+00
1.441980000000000075e+02 1.543236563138203676e+00
1.435380000000000109e+02 1.555016019342975397e+00
1.428779999999999859e+02 1.559853509610657385e+00
1.422179999999999893e+02 1.577760847348883111e+00
1.415579999999999927e+02 1.580699978514376047e+00
1.408979999999999961e+02 1.579849360304508732e+00
1.402379999999999995e+02 1.577448310666446529e+00
1.395769999999999982e+02 1.572090078913267908e+00
1.389170000000000016e+02 1.588025931424483561e+00
1.382560000000000002e+02 1.626141102158648266e+00
1.375960000000000036e+02 1.646117850153881124e+00
1.369350000000000023e+02 1.661510110971472942e+00
1.362750000000000057e+02 1.664142122741935070e+00
1.356140000000000043e+02 1.683047106569136364e+00
1.349540000000000077e+02 1.699511625004690218e+00
1.342930000000000064e+02 1.734507056970934880e+00
1.336320000000000050e+02 1.768179523784765506e+00
1.329710000000000036e+02 1.786588623469181680e+00
1.323100000000000023e+02 1.795995323955027034e+00
1.316490000000000009e+02 1.830688673937668876e+00
1.309879999999999995e+02 1.838035016825924961e+00
1.303269999999999982e+02 1.840613370453277220e+00
1.296659999999999968e+02 1.873133546553187756e+00
1.290049999999999955e+02 1.883384556741123150e+00
1.283420000000000130e+02 1.880642846002716473e+00
1.276809999999999974e+02 1.882212502168734813e+00
1.270190000000000055e+02 1.900365849794375839e+00
1.263580000000000041e+02 1.876730356185717818e+00
1.256959999999999980e+02 1.847122929012071202e+00
1.250349999999999966e+02 1.848239872068384360e+00
1.243730000000000047e+02 1.841930644154988306e+00
1.237120000000000033e+02 1.828962352733485064e+00
1.230499999999999972e+02 1.827907204021912868e+00
1.223880000000000052e+02 1.819019691512936854e+00
1.217259999999999991e+02 1.782611594568146884e+00
1.210639999999999930e+02 1.739054568071968232e+00
1.204030000000000058e+02 1.731755524026729054e+00
1.197409999999999997e+02 1.715239671535784938e+00
1.190780000000000030e+02 1.667621601767796502e+00
1.184150000000000063e+02 1.650347325992212788e+00
1.177530000000000001e+02 1.622107323988384087e+00
1.170909999999999940e+02 1.585850001758090766e+00
1.164279999999999973e+02 1.550542641452349324e+00
1.157660000000000053e+02 1.532557207703485691e+00
1.151039999999999992e+02 1.509830953674942133e+00
1.144410000000000025e+02 1.476065669112144096e+00
1.137789999999999964e+02 1.444289290182175112e+00
1.131159999999999997e+02 1.433442651857540051e+00
1.124539999999999935e+02 1.414266555200161424e+00
1.117890000000000015e+02 1.393626202608120757e+00
1.111269999999999953e+02 1.385596374142464393e+00
1.104639999999999986e+02 1.362740776431346390e+00
1.098010000000000019e+02 1.342651123995707296e+00
1.091380000000000052e+02 1.318747771077504405e+00
1.084749999999999943e+02 1.305529839366461831e+00
1.078119999999999976e+02 1.263840356552424771e+00
1.071490000000000009e+02 1.237862050733682162e+00
1.064849999999999994e+02 1.181091346235018547e+00
1.058209999999999980e+02 1.132935699676281160e+00
1.051580000000000013e+02 1.074083517264044607e+00
1.044950000000000045e+02 1.052898287925112752e+00
1.038319999999999936e+02 1.007663414553159997e+00
1.031680000000000064e+02 9.677003093025090541e-01
1.025049999999999955e+02 9.306281518073422632e-01
1.018400000000000034e+02 9.136179522782533757e-01
1.011760000000000019e+02 8.869162447192537879e-01
1.005130000000000052e+02 8.905256270643557848e-01
9.984900000000000375e+01 8.868584870243516605e-01
9.918529999999999802e+01 8.792051362052066832e-01
9.852150000000000318e+01 8.685051429289780689e-01
9.785769999999999413e+01 8.876018818555838630e-01
9.719230000000000302e+01 9.113950278048523757e-01
9.652830000000000155e+01 9.333172463010263042e-01
9.586430000000000007e+01 9.496573241040457969e-01
9.520029999999999859e+01 9.726180665437417217e-01
9.453610000000000468e+01 1.006914001870478748e+00
9.387199999999999989e+01 1.040419070684607261e+00
9.320619999999999550e+01 1.060725405404761679e+00
9.254200000000000159e+01 1.084399671407543231e+00
9.187760000000000105e+01 1.082965748354960400e+00
9.121320000000000050e+01 1.088836251147117684e+00
9.054879999999999995e+01 1.085514143050729130e+00
8.988280000000000314e+01 1.103188663436498906e+00
8.921819999999999595e+01 1.102110692824113558e+00
8.855360000000000298e+01 1.091482960411082725e+00
8.788890000000000668e+01 1.080144008733329830e+00
8.722419999999999618e+01 1.095389268169023156e+00
8.655939999999999657e+01 1.106120558832252909e+00
8.589300000000000068e+01 1.123356435639694562e+00
8.522809999999999775e+01 1.125721666300630641e+00
8.456319999999999482e+01 1.135982029245719449e+00
8.389820000000000277e+01 1.129740831305513060e+00
8.323160000000000025e+01 1.135550165693717029e+00
8.256650000000000489e+01 1.134181120060180348e+00
8.190130000000000621e+01 1.142139466637580147e+00
8.123609999999999332e+01 1.140993189902978378e+00
8.057080000000000553e+01 1.122082161253678434e+00
7.990389999999999304e+01 1.121072058222499335e+00
7.923850000000000193e+01 1.126039241594213980e+00
7.857299999999999329e+01 1.134215957718060386e+00
7.790749999999999886e+01 1.137226573892340609e+00
7.724039999999999395e+01 1.134619240211550917e+00
7.657479999999999620e+01 1.137729322201862514e+00
7.590909999999999513e+01 1.121511004501456910e+00
7.524339999999999407e+01 1.124542060471191984e+00
7.457760000000000389e+01 1.120677219752169718e+00
7.391020000000000323e+01 1.097643153209787004e+00
7.324429999999999552e+01 1.085777641520874193e+00
7.257829999999999870e+01 1.060340613440868163e+00
7.191230000000000189e+01 1.042696220469514046e+00
7.124469999999999459e+01 1.034801609622845397e+00
7.057850000000000534e+01 1.019909724762264602e+00
6.991230000000000189e+01 1.020587318178948433e+00
6.924609999999999843e+01 1.000266891727221941e+00
6.857829999999999870e+01 9.920459370128178467e-01
6.791190000000000282e+01 9.816624895085642732e-01
6.724550000000000693e+01 9.662945249722729724e-01
6.657750000000000057e+01 9.562199794484262938e-01
6.591100000000000136e+01 9.372188742213722890e-01
6.524439999999999884e+01 9.275456453753677666e-01
6.457769999999999300e+01 9.126261022129324996e-01
6.390950000000000131e+01 8.945980304994638477e-01
6.324269999999999925e+01 8.843566527147175282e-01
6.257589999999999719e+01 8.786802993096805015e-01
6.190899999999999892e+01 8.712446794458026389e-01
6.124060000000000059e+01 8.607004662926007743e-01
6.057359999999999900e+01 8.520290651223506595e-01
5.990659999999999741e+01 8.440218413700626421e-01
5.923799999999999955e+01 8.227022307161501180e-01
5.857079999999999842e+01 8.002027297197368272e-01
5.790359999999999729e+01 7.922216665287975523e-01
5.723629999999999995e+01 7.777552768200909350e-01
5.656750000000000256e+01 7.578948879795028848e-01
5.590010000000000190e+01 7.494285911930641531e-01
5.523270000000000124e+01 7.353860901979014653e-01
5.456360000000000099e+01 7.255184087246604463e-01
5.389609999999999701e+01 7.186754240646141545e-01
5.322849999999999682e+01 7.172668208900173648e-01
5.255930000000000035e+01 7.194787165673112161e-01
5.189159999999999684e+01 7.023053491052388964e-01
5.122379999999999711e+01 6.962457901923996273e-01
5.055440000000000111e+01 6.880334911726213587e-01
4.988660000000000139e+01 6.754489701864030415e-01
4.921860000000000213e+01 6.622601858797634300e-01
4.854910000000000281e+01 6.502158177386058169e-01
4.788100000000000023e+01 6.445206882674531235e-01
4.721289999999999765e+01 6.342848854708675876e-01
4.654319999999999879e+01 6.200546672769569057e-01
4.587500000000000000e+01 6.120926827373689427e-01
4.520669999999999789e+01 5.942449109574968746e-01
4.453679999999999950e+01 5.834973274558440393e-01
4.386840000000000117e+01 5.739295166409396076e-01
4.320000000000000284e+01 5.705057657773150437e-01
4.252989999999999782e+01 5.573841783392493587e-01
4.186129999999999995e+01 5.429725205344910766e-01
4.119270000000000209e+01 5.245660403096746860e-01
4.052250000000000085e+01 5.131680592602800850e-01
3.985379999999999967e+01 5.046873996737861745e-01
3.918500000000000227e+01 4.986561564305834193e-01
3.851460000000000150e+01 4.887485526209332520e-01
3.784570000000000078e+01 4.778655346328585241e-01
3.717519999999999669e+01 4.643589235052578701e-01
3.650619999999999976e+01 4.523330323763419258e-01
3.583709999999999951e+01 4.443956567939800761e-01
3.516640000000000299e+01 4.359342790305255622e-01
3.449719999999999942e+01 4.236097977285828708e-01
3.382800000000000296e+01 4.143359164833324004e-01
3.315709999999999980e+01 4.013626859980431449e-01
3.248780000000000001e+01 3.846737687833146069e-01
3.181680000000000064e+01 3.736136646552445373e-01
3.114730000000000132e+01 3.650331780900092915e-01
3.047779999999999845e+01 3.586299303909664116e-01
2.980669999999999931e+01 3.422487745069349718e-01
2.913700000000000045e+01 3.332215013660242975e-01
2.846730000000000160e+01 3.253956121379949495e-01
2.779599999999999937e+01 3.116450489981993366e-01
2.712620000000000076e+01 3.013827035310102098e-01
2.645479999999999876e+01 2.922935736018324460e-01
2.578490000000000038e+01 2.816212374388876727e-01
2.511329999999999885e+01 2.681371469290129150e-01
2.444330000000000069e+01 2.543993745364088732e-01
2.377319999999999922e+01 2.461774519696695307e-01
2.310150000000000148e+01 2.319871043809265676e-01
2.243130000000000024e+01 2.208303454264633203e-01
2.175949999999999918e+01 2.099312908338620276e-01
2.108909999999999840e+01 1.983910665307897503e-01
2.041870000000000118e+01 1.888420549236890789e-01
1.974680000000000035e+01 1.760150155938652039e-01
1.907629999999999981e+01 1.662566180639927227e-01
1.840419999999999945e+01 1.573465738251751955e-01
1.773349999999999937e+01 1.472285610369947761e-01
1.706129999999999924e+01 1.405301281852237294e-01
1.639059999999999917e+01 1.308860728334357570e-01
1.571979999999999933e+01 1.231343197010199564e-01
1.504739999999999966e+01 1.169064052156064543e-01
1.437650000000000006e+01 1.098369637089088025e-01
1.370410000000000039e+01 1.045645787369327423e-01
1.303299999999999947e+01 9.736801784766170587e-02
1.236040000000000028e+01 9.118840409462374008e-02
1.168929999999999936e+01 8.497228545437451874e-02
1.101660000000000039e+01 8.059480229436205567e-02
1.034529999999999994e+01 7.899522957268947931e-02
9.672489999999999810e+00 7.631551755340651444e-02
9.001129999999999853e+00 7.356079628799273851e-02
8.329710000000000392e+00 6.997851848878201830e-02
7.656710000000000349e+00 6.805243035431543519e-02
6.985170000000000101e+00 7.064364467765077427e-02
6.312050000000000161e+00 7.183262437775134179e-02
5.640399999999999636e+00 7.158267299524115335e-02
4.967170000000000307e+00 6.855331570814689190e-02
4.295410000000000394e+00 6.332659431423327823e-02
3.622059999999999835e+00 5.678702778983164834e-02
2.950180000000000025e+00 4.881269428824529244e-02
2.276720000000000077e+00 3.988722843779560212e-02
1.604729999999999990e+00 2.924766411790322845e-02
9.311519999999999797e-01 1.703081911108140015e-02
2.590439999999999965e-01 4.725160866798905172e-03
