4.498670000000000186e+02 7.890068770594578229e-01
4.492339999999999804e+02 6.244706983891969987e-01
4.486009999999999991e+02 5.493146671457829200e-01
4.479680000000000177e+02 7.694445022321111383e-01
4.473360000000000127e+02 7.458161591634913101e-01
4.467029999999999745e+02 7.074906761403949584e-01
4.460690000000000168e+02 8.380094449829488257e-01
4.454359999999999786e+02 7.558446310585487105e-01
4.448029999999999973e+02 7.324301683537164376e-01
4.441689999999999827e+02 7.964996065859051289e-01
4.435360000000000014e+02 8.748298638236691183e-01
4.429019999999999868e+02 1.025419173929162708e+00
4.422699999999999818e+02 8.856951247055817600e-01
4.416360000000000241e+02 9.994720259038343269e-01
4.410029999999999859e+02 9.902052487428683047e-01
4.403690000000000282e+02 9.018397632772815475e-01
4.397350000000000136e+02 8.999933781635004459e-01
4.391009999999999991e+02 8.766646865388763032e-01
4.384669999999999845e+02 7.103467593206845843e-01
4.378330000000000268e+02 7.588025736948605937e-01
4.371990000000000123e+02 7.002833335189995179e-01
4.365649999999999977e+02 7.485651527607106726e-01
4.359329999999999927e+02 5.839162951905247922e-01
4.352980000000000018e+02 4.836107255123818782e-01
4.346639999999999873e+02 4.755556662468582441e-01
4.340299999999999727e+02 4.956937257154325760e-01
4.333960000000000150e+02 4.946589626321089006e-01
4.327610000000000241e+02 6.761139559369934160e-01
4.321270000000000095e+02 6.116466675445553225e-01
4.314920000000000186e+02 5.055213091366316247e-01
4.308580000000000041e+02 4.556375208355838424e-01
4.302230000000000132e+02 5.034156480699132352e-01
4.295889999999999986e+02 5.787584609245179923e-01
4.289540000000000077e+02 4.804614412845713556e-01
4.283190000000000168e+02 5.417240888565113544e-01
4.276859999999999786e+02 5.406729427093074358e-01
4.270509999999999877e+02 4.637119770039498934e-01
4.264159999999999968e+02 3.871176819325030105e-01
4.257810000000000059e+02 4.617200490198477003e-01
4.251460000000000150e+02 5.154876876466109037e-01
4.245110000000000241e+02 6.168110468201424279e-01
4.238759999999999764e+02 6.222989421690291456e-01
4.232409999999999854e+02 6.822019532774409312e-01
4.226050000000000182e+02 5.993216451619898244e-01
4.219700000000000273e+02 6.115990076386679242e-01
4.213349999999999795e+02 6.305614819329988796e-01
4.206990000000000123e+02 7.235826848514719245e-01
4.200640000000000214e+02 7.287606516021253311e-01
4.194289999999999736e+02 8.077257290987550631e-01
4.187930000000000064e+02 6.519358008004356719e-01
4.181569999999999823e+02 6.171117158902041933e-01
4.175219999999999914e+02 6.558173232631354654e-01
4.168860000000000241e+02 8.007929874302947004e-01
4.162500000000000000e+02 8.721148757976151522e-01
4.156150000000000091e+02 8.834997155878885344e-01
4.149789999999999850e+02 9.080221593080037845e-01
4.143430000000000177e+02 9.324318990912744409e-01
4.137069999999999936e+02 8.382366028746326414e-01
4.130710000000000264e+02 9.743729206058462378e-01
4.124350000000000023e+02 1.037804627812098257e+00
4.117989999999999782e+02 1.087885377446416557e+00
4.111630000000000109e+02 1.046339881937488281e+00
4.105260000000000105e+02 1.004992451869288095e+00
4.098899999999999864e+02 1.035286382422567986e+00
4.092540000000000191e+02 8.904042880021617590e-01
4.086170000000000186e+02 9.013758660873185669e-01
4.079809999999999945e+02 9.574977431520895754e-01
4.073439999999999941e+02 9.167443670361055119e-01
4.067080000000000268e+02 8.761663459124027220e-01
4.060710000000000264e+02 9.768133894261096239e-01
4.054350000000000023e+02 8.339014573727917545e-01
4.047980000000000018e+02 8.512261671986479650e-01
4.041610000000000014e+02 8.238606422422292130e-01
4.035240000000000009e+02 8.856130387167364670e-01
4.028879999999999768e+02 7.504769758342424435e-01
4.022509999999999764e+02 8.120652160745311932e-01
4.016139999999999759e+02 6.713755463346202657e-01
4.009769999999999754e+02 6.824811213178297864e-01
4.003399999999999750e+02 5.363671852924174477e-01
3.997029999999999745e+02 6.480666065141068577e-01
3.990649999999999977e+02 6.090548790345802210e-01
3.984279999999999973e+02 4.891240744113752870e-01
3.977909999999999968e+02 4.569054300745787334e-01
3.971519999999999868e+02 4.432979113377442659e-01
3.965149999999999864e+02 3.493659575931945538e-01
3.958770000000000095e+02 3.980570332103705034e-01
3.952400000000000091e+02 2.613569081129690774e-01
3.946019999999999754e+02 3.593300037630005050e-01
3.939649999999999750e+02 2.540190074995494762e-01
3.933269999999999982e+02 2.411794564900140714e-01
3.926890000000000214e+02 3.813449087501807888e-01
3.920520000000000209e+02 3.560758503238025119e-01
3.914139999999999873e+02 4.648743420801333404e-01
3.907760000000000105e+02 4.698414763042092490e-01
3.901379999999999768e+02 6.263457245162562526e-01
3.895000000000000000e+02 7.641023336119970866e-01
3.888609999999999900e+02 6.900606508418825058e-01
3.882230000000000132e+02 7.064960580373382815e-01
3.875849999999999795e+02 7.769599744257618124e-01
3.869460000000000264e+02 8.410980676252348687e-01
3.863079999999999927e+02 9.169117067555960787e-01
3.856700000000000159e+02 9.625244746687190434e-01
3.850319999999999823e+02 1.013872644731624861e+00
3.843929999999999723e+02 9.164954673994561984e-01
3.837549999999999955e+02 9.735970714758992450e-01
3.831159999999999854e+02 9.418633738101716002e-01
3.824759999999999991e+02 9.278062691455430944e-01
3.818380000000000223e+02 8.903776558880291958e-01
3.811990000000000123e+02 7.415822037480486184e-01
3.805600000000000023e+02 8.218812508808616135e-01
3.799220000000000255e+02 7.849106363454610991e-01
3.792830000000000155e+02 6.956220490888355146e-01
3.786440000000000055e+02 7.521348081019274545e-01
3.780049999999999955e+02 6.922762362610246356e-01
3.773650000000000091e+02 7.139595295795095886e-01
3.767259999999999991e+02 9.259635151718663693e-01
3.760860000000000127e+02 9.064771596397013242e-01
3.754470000000000027e+02 1.094003457910812882e+00
3.748079999999999927e+02 1.079898335396598075e+00
3.741689999999999827e+02 1.134517529009799519e+00
3.735299999999999727e+02 1.194663727445192780e+00
3.728890000000000100e+02 1.209026606055541908e+00
3.722500000000000000e+02 1.115213688547291859e+00
3.716100000000000136e+02 1.259930213721861092e+00
3.709710000000000036e+02 1.155185440149314458e+00
3.703310000000000173e+02 1.107448943855637635e+00
3.696909999999999741e+02 1.070976918583224302e+00
3.690500000000000114e+02 1.096438209190333968e+00
3.684110000000000014e+02 1.037834835994650984e+00
3.677710000000000150e+02 1.012994246189328429e+00
3.671309999999999718e+02 9.659698044848362697e-01
3.664909999999999854e+02 1.108250305748990971e+00
3.658509999999999991e+02 1.022329756108756982e+00
3.652099999999999795e+02 1.019927966280124387e+00
3.645699999999999932e+02 1.144384778483622522e+00
3.639300000000000068e+02 1.119611290415317928e+00
3.632900000000000205e+02 1.105874434076404178e+00
3.626490000000000009e+02 1.130562095132205291e+00
3.620079999999999814e+02 1.100569903249198012e+00
3.613670000000000186e+02 1.081525745090319068e+00
3.607269999999999754e+02 1.002783526430664596e+00
3.600869999999999891e+02 1.032920387997556366e+00
3.594460000000000264e+02 9.330468021924366306e-01
3.588039999999999736e+02 8.603594313167709506e-01
3.581639999999999873e+02 8.313922783235069280e-01
3.575230000000000246e+02 7.648895098698950124e-01
3.568829999999999814e+02 8.594127716924836458e-01
3.562420000000000186e+02 8.305866486791091408e-01
3.556000000000000227e+02 8.446266859588696940e-01
3.549590000000000032e+02 8.850975522777844162e-01
3.543179999999999836e+02 7.979796381284846030e-01
3.536770000000000209e+02 8.225439825359617263e-01
3.530350000000000250e+02 9.419430705958626859e-01
3.523940000000000055e+02 9.712265233733665681e-01
3.517520000000000095e+02 9.688150422615233737e-01
3.511109999999999900e+02 7.828794298608032776e-01
3.504689999999999941e+02 8.489542771711277025e-01
3.498269999999999982e+02 8.729110138470138613e-01
3.491859999999999786e+02 8.551227174222010285e-01
3.485450000000000159e+02 8.374707570749641006e-01
3.479019999999999868e+02 8.197356907429310668e-01
3.472599999999999909e+02 7.660859060529249254e-01
3.466190000000000282e+02 7.538496926062965287e-01
3.459769999999999754e+02 7.313862980421403925e-01
3.453340000000000032e+02 7.962026583362967758e-01
3.446929999999999836e+02 8.350918626489240992e-01
3.440509999999999877e+02 8.023586522653877173e-01
3.434089999999999918e+02 7.901431122858609823e-01
3.427660000000000196e+02 7.374154909789543133e-01
3.421240000000000236e+02 8.418596287557157387e-01
3.414820000000000277e+02 8.649532083050390785e-01
3.408399999999999750e+02 8.576619101413768265e-01
3.401970000000000027e+02 9.007450794228499813e-01
3.395539999999999736e+02 9.084413207781801836e-01
3.389119999999999777e+02 8.810893003770459142e-01
3.382690000000000055e+02 9.038500822717338012e-01
3.376259999999999764e+02 1.025769732629339126e+00
3.369839999999999804e+02 1.102480092869072781e+00
3.363419999999999845e+02 1.055161146605658518e+00
3.356979999999999791e+02 9.882684564345166622e-01
3.350550000000000068e+02 9.709642082251067619e-01
3.344130000000000109e+02 9.243371980022719869e-01
3.337690000000000055e+02 9.365505523096058216e-01
3.331259999999999764e+02 9.585544651284992890e-01
3.324830000000000041e+02 1.087487447008439689e+00
3.318389999999999986e+02 1.026502806454749894e+00
3.311960000000000264e+02 1.106090099663903370e+00
3.305539999999999736e+02 1.069362894052475310e+00
3.299110000000000014e+02 1.134016061638295270e+00
3.292660000000000196e+02 1.174338464925851699e+00
3.286229999999999905e+02 1.238374849450544435e+00
3.279800000000000182e+02 1.216048135255999529e+00
3.273360000000000127e+02 1.179369770971842701e+00
3.266929999999999836e+02 1.066920006461831161e+00
3.260489999999999782e+02 1.045135796434655484e+00
3.254049999999999727e+02 1.018703504428916107e+00
3.247610000000000241e+02 1.072636049139685133e+00
3.241179999999999950e+02 1.032153946854249771e+00
3.234730000000000132e+02 1.057545781968028509e+00
3.228290000000000077e+02 1.059369565259820289e+00
3.221840000000000259e+02 1.145321835223206186e+00
3.215409999999999968e+02 1.151518176582347008e+00
3.208969999999999914e+02 1.245872247612619610e+00
3.202520000000000095e+02 1.298211480530449657e+00
3.196080000000000041e+02 1.290057664326597076e+00
3.189639999999999986e+02 1.328035556717323873e+00
3.183190000000000168e+02 1.384183626885945317e+00
3.176750000000000114e+02 1.298002967150304166e+00
3.170310000000000059e+02 1.162140115922847716e+00
3.163860000000000241e+02 1.158813195283536324e+00
3.157420000000000186e+02 1.128494401636644939e+00
3.150980000000000132e+02 1.057460080521735568e+00
3.144519999999999982e+02 1.036438460106593018e+00
3.138079999999999927e+02 1.002083566516647650e+00
3.131619999999999777e+02 9.813612739862698220e-01
3.125179999999999723e+02 9.517542425603637835e-01
3.118729999999999905e+02 9.625083932424978173e-01
3.112269999999999754e+02 1.120403390257622034e+00
3.105830000000000268e+02 1.050628528457618671e+00
3.099370000000000118e+02 1.021108853406582861e+00
3.092919999999999732e+02 1.031593835321588326e+00
3.086469999999999914e+02 1.002287572437606356e+00
3.080009999999999764e+02 1.091844971463596936e+00
3.073570000000000277e+02 1.141382771836228160e+00
3.067099999999999795e+02 1.155796906018108805e+00
3.060649999999999977e+02 1.135083102029293078e+00
3.054200000000000159e+02 1.127515207152222976e+00
3.047740000000000009e+02 1.120092330639076206e+00
3.041290000000000191e+02 1.112692401980338364e+00
3.034820000000000277e+02 1.230232302632372265e+00
3.028369999999999891e+02 1.304157363108269463e+00
3.021920000000000073e+02 1.360398908148977348e+00
3.015450000000000159e+02 1.318197516084181231e+00
3.008999999999999773e+02 1.229173776068622104e+00
3.002529999999999859e+02 1.349036763632265101e+00
2.996080000000000041e+02 1.294337945414334667e+00
2.989610000000000127e+02 1.231402385345093498e+00
2.983149999999999977e+02 1.337598636282270936e+00
2.976700000000000159e+02 1.279178506219225353e+00
2.970230000000000246e+02 1.283842004107036416e+00
2.963770000000000095e+02 1.200693029348461671e+00
2.957300000000000182e+02 1.172344721466546114e+00
2.950840000000000032e+02 1.206371473744626055e+00
2.944370000000000118e+02 1.115887992176303412e+00
2.937909999999999968e+02 1.149868435770481589e+00
2.931429999999999723e+02 1.344245152127032217e+00
2.924970000000000141e+02 1.336263561448946868e+00
2.918500000000000227e+02 1.270963774658186551e+00
2.912040000000000077e+02 1.246833878695374542e+00
2.905570000000000164e+02 1.304164463574701838e+00
2.899100000000000250e+02 1.377638795785181891e+00
2.892629999999999768e+02 1.486873536803781093e+00
2.886159999999999854e+02 1.551232811591124472e+00
2.879689999999999941e+02 1.594975847101564925e+00
2.873210000000000264e+02 1.598331353759322004e+00
2.866750000000000114e+02 1.577601538381819601e+00
2.860269999999999868e+02 1.660728340682614101e+00
2.853799999999999955e+02 1.687639754141085691e+00
2.847320000000000277e+02 1.666781448011988909e+00
2.840849999999999795e+02 1.744835919830550086e+00
2.834370000000000118e+02 1.779125021208662671e+00
2.827900000000000205e+02 1.856292711455278965e+00
2.821419999999999959e+02 1.921362700847057070e+00
2.814950000000000045e+02 1.950677262126976341e+00
2.808469999999999800e+02 2.022855928085047772e+00
2.801990000000000123e+02 1.954651904285001018e+00
2.795509999999999877e+02 1.910035187246184263e+00
2.789039999999999964e+02 1.931418666330749989e+00
2.782549999999999955e+02 1.929343712232129082e+00
2.776080000000000041e+02 1.931215633181800895e+00
2.769590000000000032e+02 1.902401018839671165e+00
2.763120000000000118e+02 1.938545398176763079e+00
2.756630000000000109e+02 1.902303150771027740e+00
2.750149999999999864e+02 1.934314515292224312e+00
2.743659999999999854e+02 2.094779865124312135e+00
2.737189999999999941e+02 2.216391872190220713e+00
2.730699999999999932e+02 2.247239450857708931e+00
2.724220000000000255e+02 2.214063380771252643e+00
2.717730000000000246e+02 2.162502236600610583e+00
2.711240000000000236e+02 2.122317183883515757e+00
2.704759999999999991e+02 2.056474730227739744e+00
2.698260000000000218e+02 2.090760209630855737e+00
2.691779999999999973e+02 2.158028669078512873e+00
2.685289999999999964e+02 2.052089392791414557e+00
2.678809999999999718e+02 2.023630757560256566e+00
2.672309999999999945e+02 1.988197456169668031e+00
2.665830000000000268e+02 2.029260513022972834e+00
2.659329999999999927e+02 2.168094408276683982e+00
2.652839999999999918e+02 2.226472995598474558e+00
2.646349999999999909e+02 2.320443666577709507e+00
2.639850000000000136e+02 2.259225016871899694e+00
2.633369999999999891e+02 2.230505798605654455e+00
2.626870000000000118e+02 2.287803600476292942e+00
2.620380000000000109e+02 2.234320029745212821e+00
2.613879999999999768e+02 2.322993343969252944e+00
2.607400000000000091e+02 2.273266240886157252e+00
2.600899999999999750e+02 2.170686609368587483e+00
2.594390000000000214e+02 2.223505913352604058e+00
2.587900000000000205e+02 2.177777370699741422e+00
2.581399999999999864e+02 2.181271731601770458e+00
2.574909999999999854e+02 2.160345295860149228e+00
2.568410000000000082e+02 2.260975014101830549e+00
2.561899999999999977e+02 2.336765316732935194e+00
2.555409999999999968e+02 2.291216076200682128e+00
2.548899999999999864e+02 2.338791623361142769e+00
2.542410000000000139e+02 2.334676391643585536e+00
2.535910000000000082e+02 2.255288360595501196e+00
2.529399999999999977e+02 2.254677427266167822e+00
2.522899999999999920e+02 2.284750875333999343e+00
2.516399999999999864e+02 2.354984028620116465e+00
2.509900000000000091e+02 2.249462189032680026e+00
2.503389999999999986e+02 2.255469064784622724e+00
2.496879999999999882e+02 2.305010932117794731e+00
2.490380000000000109e+02 2.313969612126186348e+00
2.483870000000000005e+02 2.382883365693717614e+00
2.477359999999999900e+02 2.444565242443850206e+00
2.470860000000000127e+02 2.413304662893466901e+00
2.464350000000000023e+02 2.484275481480050285e+00
2.457849999999999966e+02 2.377495256592419004e+00
2.451330000000000098e+02 2.431688073586332433e+00
2.444819999999999993e+02 2.384358408669719154e+00
2.438319999999999936e+02 2.343911941441485514e+00
2.431800000000000068e+02 2.313252631858647046e+00
2.425289999999999964e+02 2.305425002935186374e+00
2.418779999999999859e+02 2.394037847046066148e+00
2.412270000000000039e+02 2.453270566788041673e+00
2.405749999999999886e+02 2.393839686815041112e+00
2.399240000000000066e+02 2.493838290018628889e+00
2.392719999999999914e+02 2.485361701904419185e+00
2.386200000000000045e+02 2.530575607395217475e+00
2.379699999999999989e+02 2.515562889346512510e+00
2.373180000000000121e+02 2.582241181606747649e+00
2.366670000000000016e+02 2.573395111653953293e+00
2.360149999999999864e+02 2.567509471496428386e+00
2.353629999999999995e+02 2.614574893752033891e+00
2.347100000000000080e+02 2.707669247218158493e+00
2.340600000000000023e+02 2.688920086961651634e+00
2.334070000000000107e+02 2.673392693939658393e+00
2.327549999999999955e+02 2.771320424368971302e+00
2.321040000000000134e+02 2.843984313681331866e+00
2.314509999999999934e+02 2.824885895472481145e+00
2.307980000000000018e+02 2.893692226765904874e+00
2.301469999999999914e+02 2.883472899924700350e+00
2.294939999999999998e+02 2.843125028261218823e+00
2.288420000000000130e+02 2.782023935651463109e+00
2.281899999999999977e+02 2.876717922537567418e+00
2.275370000000000061e+02 2.946855422131486879e+00
2.268839999999999861e+02 2.983862028093838603e+00
2.262330000000000041e+02 3.046955038826619333e+00
2.255800000000000125e+02 3.130310094655631481e+00
2.249269999999999925e+02 3.121991525030337389e+00
2.242729999999999961e+02 3.134184425211233194e+00
2.236220000000000141e+02 3.198530376993888424e+00
2.229679999999999893e+02 3.213105604822429129e+00
2.223149999999999977e+02 3.233147096506246321e+00
2.216630000000000109e+02 3.183988870108612979e+00
2.210099999999999909e+02 3.129144301475400791e+00
2.203559999999999945e+02 3.071832016711897317e+00
2.197019999999999982e+02 3.043449721353250315e+00
2.190500000000000114e+02 3.052121361708294067e+00
2.183969999999999914e+02 3.046458867771675294e+00
2.177429999999999950e+02 3.032345754951772054e+00
2.170889999999999986e+02 3.046363859723440370e+00
2.164370000000000118e+02 2.993013452873177549e+00
2.157829999999999870e+02 3.032050419692617460e+00
2.151289999999999907e+02 2.998417989955854512e+00
2.144749999999999943e+02 3.070179632967906524e+00
2.138220000000000027e+02 3.066903949646125227e+00
2.131680000000000064e+02 3.069020764946861934e+00
2.125140000000000100e+02 3.082041741093658693e+00
2.118600000000000136e+02 3.029473627158324245e+00
2.112069999999999936e+02 3.083124190042808799e+00
2.105529999999999973e+02 3.055110718637339406e+00
2.098979999999999961e+02 3.029954344195211924e+00
2.092439999999999998e+02 2.986030381200953432e+00
2.085910000000000082e+02 2.977275582841976131e+00
2.079360000000000070e+02 2.963127900800469394e+00
2.072820000000000107e+02 2.943702155815429933e+00
2.066270000000000095e+02 2.876775359844940816e+00
2.059739999999999895e+02 2.918273539709453690e+00
2.053189999999999884e+02 2.904219012190022653e+00
2.046639999999999873e+02 2.869377275705619734e+00
2.040089999999999861e+02 2.868514995447876803e+00
2.033540000000000134e+02 2.859802936214852931e+00
2.027009999999999934e+02 2.776336515740042810e+00
2.020459999999999923e+02 2.744745567669878206e+00
2.013909999999999911e+02 2.682626367340626317e+00
2.007350000000000136e+02 2.733161490570353180e+00
2.000800000000000125e+02 2.704477706172967011e+00
1.994259999999999877e+02 2.645572006831963030e+00
1.987709999999999866e+02 2.637467123431620930e+00
1.981160000000000139e+02 2.611839929064010413e+00
1.974600000000000080e+02 2.641258422626970415e+00
1.968050000000000068e+02 2.583242509790815156e+00
1.961510000000000105e+02 2.565444282348269489e+00
1.954950000000000045e+02 2.616727999064194954e+00
1.948389999999999986e+02 2.559281413542324302e+00
1.941839999999999975e+02 2.524314517838435634e+00
1.935279999999999916e+02 2.540772660546117390e+00
1.928739999999999952e+02 2.564298313993740308e+00
1.922179999999999893e+02 2.548898198223321643e+00
1.915620000000000118e+02 2.605800147859654636e+00
1.909060000000000059e+02 2.686207108246376762e+00
1.902500000000000000e+02 2.715692955592754920e+00
1.895939999999999941e+02 2.668620348687928523e+00
1.889389999999999930e+02 2.726100200144160102e+00
1.882829999999999870e+02 2.766586652645093736e+00
1.876270000000000095e+02 2.811319828446845470e+00
1.869699999999999989e+02 2.790117523956622492e+00
1.863139999999999930e+02 2.778288259150789141e+00
1.856570000000000107e+02 2.724659531114643762e+00
1.850010000000000048e+02 2.685343270028858420e+00
1.843460000000000036e+02 2.715264647390611685e+00
1.836889999999999930e+02 2.760889665247253877e+00
1.830329999999999870e+02 2.803689765304931747e+00
1.823760000000000048e+02 2.823402459691540578e+00
1.817189999999999941e+02 2.797631747168941807e+00
1.810620000000000118e+02 2.925064623329709068e+00
1.804050000000000011e+02 3.017648545257483939e+00
1.797500000000000000e+02 3.051189735296101269e+00
1.790929999999999893e+02 3.126720574582580792e+00
1.784360000000000070e+02 3.124037089906802844e+00
1.777789999999999964e+02 3.152097144978174281e+00
1.771220000000000141e+02 3.160009195306406671e+00
1.764650000000000034e+02 3.170007936490259137e+00
1.758069999999999879e+02 3.188425007814819523e+00
1.751500000000000057e+02 3.154725329413308188e+00
1.744939999999999998e+02 3.177105988081296850e+00
1.738369999999999891e+02 3.237867253196676565e+00
1.731790000000000020e+02 3.272316363734073974e+00
1.725219999999999914e+02 3.319119001488217702e+00
1.718640000000000043e+02 3.380157603459633453e+00
1.712059999999999889e+02 3.425742420037336089e+00
1.705490000000000066e+02 3.460402083285705199e+00
1.698909999999999911e+02 3.475762805972006930e+00
1.692330000000000041e+02 3.457669189759021044e+00
1.685749999999999886e+02 3.435464267444754416e+00
1.679190000000000111e+02 3.468927494929255673e+00
1.672609999999999957e+02 3.446620905143907621e+00
1.666030000000000086e+02 3.507941527919546054e+00
1.659449999999999932e+02 3.448904470821474444e+00
1.652870000000000061e+02 3.374155456541608089e+00
1.646279999999999859e+02 3.374258201540655477e+00
1.639699999999999989e+02 3.408248365897894594e+00
1.633120000000000118e+02 3.463709113189729294e+00
1.626539999999999964e+02 3.465027124808883308e+00
1.619950000000000045e+02 3.416864116975766752e+00
1.613369999999999891e+02 3.398501860779896688e+00
1.606779999999999973e+02 3.344985391781469808e+00
1.600190000000000055e+02 3.344307610536812803e+00
1.593609999999999900e+02 3.362902805595724409e+00
1.587040000000000077e+02 3.361963551157417740e+00
1.580449999999999875e+02 3.378007876176045698e+00
1.573859999999999957e+02 3.357581820962168173e+00
1.567270000000000039e+02 3.375134760075443108e+00
1.560680000000000121e+02 3.354681468074029560e+00
1.554089999999999918e+02 3.354924774484164818e+00
1.547500000000000000e+02 3.364340819212922273e+00
1.540910000000000082e+02 3.343813812020660414e+00
1.534319999999999879e+02 3.341798116864949098e+00
1.527729999999999961e+02 3.337828024732062193e+00
1.521140000000000043e+02 3.309949363399284472e+00
1.514540000000000077e+02 3.302240567660472692e+00
1.507949999999999875e+02 3.294447694568092277e+00
1.501359999999999957e+02 3.398326948983912299e+00
1.494759999999999991e+02 3.429302920554171852e+00
1.488170000000000073e+02 3.438365498595002290e+00
1.481570000000000107e+02 3.503960038601807270e+00
1.474970000000000141e+02 3.494575486138052689e+00
1.468379999999999939e+02 3.527260278244363167e+00
1.461779999999999973e+02 3.541973419700249703e+00
1.455180000000000007e+02 3.596303272497969772e+00
1.448580000000000041e+02 3.610156781701312045e+00
1.441980000000000075e+02 3.534248600367753568e+00
1.435380000000000109e+02 3.566738080031083946e+00
1.428779999999999859e+02 3.583380755243238180e+00
1.422179999999999893e+02 3.630148100084277019e+00
1.415579999999999927e+02 3.642567401465937937e+00
1.408979999999999961e+02 3.646278843852793994e+00
1.402379999999999995e+02 3.646418224799249153e+00
1.395769999999999982e+02 3.639720362687719479e+00
1.389170000000000016e+02 3.682372519921200293e+00
1.382560000000000002e+02 3.776680449850596144e+00
1.375960000000000036e+02 3.829082488825830577e+00
1.369350000000000023e+02 3.870977735499466554e+00
1.362750000000000057e+02 3.883219613858813979e+00
1.356140000000000043e+02 3.933543469101241641e+00
1.349540000000000077e+02 3.978304473461308888e+00
1.342930000000000064e+02 4.066665445226393061e+00
1.336320000000000050e+02 4.152200569174870459e+00
1.329710000000000036e+02 4.202107145820966672e+00
1.323100000000000023e+02 4.230964717528518548e+00
1.316490000000000009e+02 4.319581159426382655e+00
1.309879999999999995e+02 4.343849754443823485e+00
1.303269999999999982e+02 4.356909600087593759e+00
1.296659999999999968e+02 4.441002340062418341e+00
1.290049999999999955e+02 4.472481215506775243e+00
1.283420000000000130e+02 4.473178867047035823e+00
1.276809999999999974e+02 4.484128543064121786e+00
1.270190000000000055e+02 4.534698017839756012e+00
1.263580000000000041e+02 4.485538576682396972e+00
1.256959999999999980e+02 4.421933770534127284e+00
1.250349999999999966e+02 4.431785692697805423e+00
1.243730000000000047e+02 4.423844192594334146e+00
1.237120000000000033e+02 4.399845966241406892e+00
1.230499999999999972e+02 4.404486565113932883e+00
1.223880000000000052e+02 4.390238067693637447e+00
1.217259999999999991e+02 4.309410634606260615e+00
1.210639999999999930e+02 4.211006623268594318e+00
1.204030000000000058e+02 4.200211610376539895e+00
1.197409999999999997e+02 4.166999306406911963e+00
1.190780000000000030e+02 4.058000955230636642e+00
1.184150000000000063e+02 4.022604822993859131e+00
1.177530000000000001e+02 3.960307964963806882e+00
1.170909999999999940e+02 3.878197410448156024e+00
1.164279999999999973e+02 3.798150600849946823e+00
1.157660000000000053e+02 3.760330561258312443e+00
1.151039999999999992e+02 3.710732252998687031e+00
1.144410000000000025e+02 3.633800443286605120e+00
1.137789999999999964e+02 3.561506566104046367e+00
1.131159999999999997e+02 3.540678451197190491e+00
1.124539999999999935e+02 3.499161718467001858e+00
1.117890000000000015e+02 3.453902375936152680e+00
1.111269999999999953e+02 3.439770647343072696e+00
1.104639999999999986e+02 3.388730983296639021e+00
1.098010000000000019e+02 3.344408331917110289e+00
1.091380000000000052e+02 3.290419276192768638e+00
1.084749999999999943e+02 3.262954083002315819e+00
1.078119999999999976e+02 3.164112087831459696e+00
1.071490000000000009e+02 3.104335848985460444e+00
1.064849999999999994e+02 2.967007243615174428e+00
1.058209999999999980e+02 2.850888780979996984e+00
1.051580000000000013e+02 2.707402229145090988e+00
1.044950000000000045e+02 2.658536271904265558e+00
1.038319999999999936e+02 2.548671291136250794e+00
1.031680000000000064e+02 2.451792476300432178e+00
1.025049999999999955e+02 2.361911139508967583e+00
1.018400000000000034e+02 2.322738640618380312e+00
1.011760000000000019e+02 2.258741318019990896e+00
1.005130000000000052e+02 2.271847598615546637e+00
9.984900000000000375e+01 2.266408126367582376e+00
9.918529999999999802e+01 2.250742278593631518e+00
9.852150000000000318e+01 2.227208727712207903e+00
9.785769999999999413e+01 2.280140271965442000e+00
9.719230000000000302e+01 2.345351291690829676e+00
9.652830000000000155e+01 2.405957466793280819e+00
9.586430000000000007e+01 2.452358891423003673e+00
9.520029999999999859e+01 2.516049432203316005e+00
9.453610000000000468e+01 2.609339087195325035e+00
9.387199999999999989e+01 2.700901527601001550e+00
9.320619999999999550e+01 2.758472265827846215e+00
9.254200000000000159e+01 2.825007512178493663e+00
9.187760000000000105e+01 2.826250002195106692e+00
9.121320000000000050e+01 2.846592712927770386e+00
9.054879999999999995e+01 2.842930275735783940e+00
8.988280000000000314e+01 2.894354970763953094e+00
8.921819999999999595e+01 2.896661911266157574e+00
8.855360000000000298e+01 2.873830837385145998e+00
8.788890000000000668e+01 2.849041922580002328e+00
8.722419999999999618e+01 2.894410593646405516e+00
8.655939999999999657e+01 2.927991675018164486e+00
8.589300000000000068e+01 2.978954021477090208e+00
8.522809999999999775e+01 2.990579459779366012e+00
8.456319999999999482e+01 3.023257667545232952e+00
8.389820000000000277e+01 3.012055834491381479e+00
8.323160000000000025e+01 3.033012659468609318e+00
8.256650000000000489e+01 3.034822965010328666e+00
8.190130000000000621e+01 3.061643033640254252e+00
8.123609999999999332e+01 3.064107670151751783e+00
8.057080000000000553e+01 3.018785758329864954e+00
7.990389999999999304e+01 3.021559308650088926e+00
7.923850000000000193e+01 3.040468922438072763e+00
7.857299999999999329e+01 3.068128841891343939e+00
7.790749999999999886e+01 3.081887449258950085e+00
7.724039999999999395e+01 3.080455202183925767e+00
7.657479999999999620e+01 3.094554653181922799e+00
7.590909999999999513e+01 3.056034888324371757e+00
7.524339999999999407e+01 3.069922721240763597e+00
7.457760000000000389e+01 3.065000149586362799e+00
7.391020000000000323e+01 3.007545871394399661e+00
7.324429999999999552e+01 2.980524085373113863e+00
7.257829999999999870e+01 2.916076795977648572e+00
7.191230000000000189e+01 2.872860038547481398e+00
7.124469999999999459e+01 2.856407246626954333e+00
7.057850000000000534e+01 2.820528905305284439e+00
6.991230000000000189e+01 2.827653416953055832e+00
6.924609999999999843e+01 2.776515095686811208e+00
6.857829999999999870e+01 2.758845403349931669e+00
6.791190000000000282e+01 2.735071573421468116e+00
6.724550000000000693e+01 2.697292710448896180e+00
6.657750000000000057e+01 2.674186336052032598e+00
6.591100000000000136e+01 2.625967995027577384e+00
6.524439999999999884e+01 2.603752510330100911e+00
6.457769999999999300e+01 2.566696774942294645e+00
6.390950000000000131e+01 2.520750675287596110e+00
6.324269999999999925e+01 2.496601818913975812e+00
6.257589999999999719e+01 2.485271766527692439e+00
6.190899999999999892e+01 2.468911990226508202e+00
6.124060000000000059e+01 2.443672511691871385e+00
6.057359999999999900e+01 2.423652693224488175e+00
5.990659999999999741e+01 2.405447585197153515e+00
5.923799999999999955e+01 2.349168224938129601e+00
5.857079999999999842e+01 2.289286532996108736e+00
5.790359999999999729e+01 2.270790021275621129e+00
5.723629999999999995e+01 2.233595859561801511e+00
5.656750000000000256e+01 2.180745413707607661e+00
5.590010000000000190e+01 2.160529906440785908e+00
5.523270000000000124e+01 2.124127525611793743e+00
5.456360000000000099e+01 2.099675557576480500e+00
5.389609999999999701e+01 2.083888150561609365e+00
5.322849999999999682e+01 2.083826997192248953e+00
5.255930000000000035e+01 2.094312494712006867e+00
5.189159999999999684e+01 2.048288342460236500e+00
5.122379999999999711e+01 2.034561608027080748e+00
5.055440000000000111e+01 2.014485731195343021e+00
4.988660000000000139e+01 1.981493402306133245e+00
4.921860000000000213e+01 1.946595284930197511e+00
4.854910000000000281e+01 1.914937649235520345e+00
4.788100000000000023e+01 1.901882315936413104e+00
4.721289999999999765e+01 1.875348314725676868e+00
4.654319999999999879e+01 1.836883205125981355e+00
4.587500000000000000e+01 1.816863023675688193e+00
4.520669999999999789e+01 1.767360049997598548e+00
4.453679999999999950e+01 1.738827255455088761e+00
4.386840000000000117e+01 1.713694766565701189e+00
4.320000000000000284e+01 1.706843377907677484e+00
4.252989999999999782e+01 1.670898907003496525e+00
4.186129999999999995e+01 1.630927131215764936e+00
4.119270000000000209e+01 1.578771075904660925e+00
4.052250000000000085e+01 1.547548875242870547e+00
3.985379999999999967e+01 1.525008847227480091e+00
3.918500000000000227e+01 1.509793897190053302e+00
3.851460000000000150e+01 1.482763008928868365e+00
3.784570000000000078e+01 1.452650050801269410e+00
3.717519999999999669e+01 1.414429673944747501e+00
3.650619999999999976e+01 1.380566910119294333e+00
3.583709999999999951e+01 1.359070709967202140e+00
3.516640000000000299e+01 1.335886837257423965e+00
3.449719999999999942e+01 1.300739087684461781e+00
3.382800000000000296e+01 1.274834071182767259e+00
3.315709999999999980e+01 1.237423301130800679e+00
3.248780000000000001e+01 1.188373777176364499e+00
3.181680000000000064e+01 1.156554547299996294e+00
3.114730000000000132e+01 1.132290740368982140e+00
3.047779999999999845e+01 1.114694171931137845e+00
2.980669999999999931e+01 1.065951839640956189e+00
2.913700000000000045e+01 1.039955845120617894e+00
2.846730000000000160e+01 1.017609318653134753e+00
2.779599999999999937e+01 9.766077621054908287e-01
2.712620000000000076e+01 9.463858532175623006e-01
2.645479999999999876e+01 9.197347360220852197e-01
2.578490000000000038e+01 8.879760997114539700e-01
2.511329999999999885e+01 8.472054257516545839e-01
2.444330000000000069e+01 8.054576357714592350e-01
2.377319999999999922e+01 7.810369742847489416e-01
2.310150000000000148e+01 7.375419763828782171e-01
2.243130000000000024e+01 7.035268106466165960e-01
2.175949999999999918e+01 6.701954285613850315e-01
2.108909999999999840e+01 6.346701009806687832e-01
2.041870000000000118e+01 6.053794674745007764e-01
1.974680000000000035e+01 5.654374686279642903e-01
1.907629999999999981e+01 5.352039913845774155e-01
1.840419999999999945e+01 5.075825730297300886e-01
1.773349999999999937e+01 4.759371545188892383e-01
1.706129999999999924e+01 4.552383822573660144e-01
1.639059999999999917e+01 4.248869878814831580e-01
1.571979999999999933e+01 4.005634487271143573e-01
1.504739999999999966e+01 3.811065443175576384e-01
1.437650000000000006e+01 3.588157620799069525e-01
1.370410000000000039e+01 3.423151774290936755e-01
1.303299999999999947e+01 3.194298111933260298e-01
1.236040000000000028e+01 2.997918319378927721e-01
1.168929999999999936e+01 2.799482013819027948e-01
1.101660000000000039e+01 2.660918728045575943e-01
1.034529999999999994e+01 2.613664724327467992e-01
9.672489999999999810e+00 2.530400990866698008e-01
9.001129999999999853e+00 2.444272874870963563e-01
8.329710000000000392e+00 2.330214603733312684e-01
7.656710000000000349e+00 2.270945771668202440e-01
6.985170000000000101e+00 2.362483275455754261e-01
6.312050000000000161e+00 2.407425481391543554e-01
5.640399999999999636e+00 2.404215315016127730e-01
4.967170000000000307e+00 2.307444046655090231e-01
4.295410000000000394e+00 2.136116828028321035e-01
3.622059999999999835e+00 1.919674189696323474e-01
2.950180000000000025e+00 1.653673473250255321e-01
2.276720000000000077e+00 1.354231467078993167e-01
1.604729999999999990e+00 9.951562446306097542e-02
9.311519999999999797e-01 5.807373639017032046e-02
2.590439999999999965e-01 1.614745600036817871e-02
