4.498670000000000186e+02 6.530615521628725384e-01
4.492339999999999804e+02 5.167644044612078602e-01
4.486009999999999991e+02 4.544689347042035754e-01
4.479680000000000177e+02 6.364044158649670990e-01
4.473360000000000127e+02 6.167128610112384557e-01
4.467029999999999745e+02 5.848819720696540880e-01
4.460690000000000168e+02 6.925973158086248249e-01
4.454359999999999786e+02 6.245435913539231221e-01
4.448029999999999973e+02 6.050498939479355132e-01
4.441689999999999827e+02 6.578077042582864964e-01
4.435360000000000014e+02 7.223129042155815860e-01
4.429019999999999868e+02 8.464262429471393068e-01
4.422699999999999818e+02 7.309216114587687718e-01
4.416360000000000241e+02 8.246021032528282335e-01
4.410029999999999859e+02 8.167549368765133488e-01
4.403690000000000282e+02 7.436899591494207096e-01
4.397350000000000136e+02 7.419829312729910864e-01
4.391009999999999991e+02 7.225720084955815636e-01
4.384669999999999845e+02 5.853562537731401560e-01
4.378330000000000268e+02 6.251248109161008371e-01
4.371990000000000123e+02 5.767764931015952889e-01
4.365649999999999977e+02 6.163836850583336302e-01
4.359329999999999927e+02 4.807048314321863969e-01
4.352980000000000018e+02 3.980417982586001435e-01
4.346639999999999873e+02 3.913149952683876442e-01
4.340299999999999727e+02 4.077801685121590913e-01
4.333960000000000150e+02 4.068267473794432987e-01
4.327610000000000241e+02 5.558950962065856150e-01
4.321270000000000095e+02 5.027709611656935307e-01
4.314920000000000186e+02 4.154441600429536474e-01
4.308580000000000041e+02 3.743616875456612370e-01
4.302230000000000132e+02 4.135047851528558804e-01
4.295889999999999986e+02 4.752599436385924192e-01
4.289540000000000077e+02 3.944535711789362575e-01
4.283190000000000168e+02 4.446272089415222450e-01
4.276859999999999786e+02 4.436521147427124889e-01
4.270509999999999877e+02 3.804149095785916423e-01
4.264159999999999968e+02 3.175104376136675399e-01
4.257810000000000059e+02 3.785879478123204134e-01
4.251460000000000150e+02 4.225583575459673780e-01
4.245110000000000241e+02 5.054721281931070509e-01
4.238759999999999764e+02 5.098382613296754684e-01
4.232409999999999854e+02 5.587655433376863545e-01
4.226050000000000182e+02 4.907641654372658646e-01
4.219700000000000273e+02 5.006876167968187241e-01
4.213349999999999795e+02 5.160763961549136303e-01
4.206990000000000123e+02 5.920453637602514085e-01
4.200640000000000214e+02 5.961279633159580760e-01
4.194289999999999736e+02 6.605434385755256654e-01
4.187930000000000064e+02 5.330173246195080150e-01
4.181569999999999823e+02 5.044187073386731113e-01
4.175219999999999914e+02 5.359129852334186817e-01
4.168860000000000241e+02 6.541969232040163451e-01
4.162500000000000000e+02 7.122710445755126019e-01
4.156150000000000091e+02 7.213810918285655793e-01
4.149789999999999850e+02 7.412089199155530439e-01
4.143430000000000177e+02 7.609342102995428903e-01
4.137069999999999936e+02 6.838926702668051139e-01
4.130710000000000264e+02 7.947432863743014719e-01
4.124350000000000023e+02 8.462553443361542360e-01
4.117989999999999782e+02 8.868572046940503828e-01
4.111630000000000109e+02 8.527682300315962971e-01
4.105260000000000105e+02 8.188578396769223833e-01
4.098899999999999864e+02 8.433176051333917123e-01
4.092540000000000191e+02 7.251197893982391784e-01
4.086170000000000186e+02 7.338605663816791802e-01
4.079809999999999945e+02 7.793429755817543603e-01
4.073439999999999941e+02 7.459783871679850353e-01
4.067080000000000268e+02 7.127740828540511941e-01
4.060710000000000264e+02 7.944337188332344368e-01
4.054350000000000023e+02 6.780357102846734652e-01
4.047980000000000018e+02 6.919373619275042131e-01
4.041610000000000014e+02 6.695172985676987043e-01
4.035240000000000009e+02 7.195045411503596666e-01
4.028879999999999768e+02 6.095638492306186818e-01
4.022509999999999764e+02 6.594067307219467766e-01
4.016139999999999759e+02 5.450318358519352646e-01
4.009769999999999754e+02 5.538985708747118375e-01
4.003399999999999750e+02 4.352117910160442915e-01
3.997029999999999745e+02 5.256904283658619947e-01
3.990649999999999977e+02 4.939171595911520662e-01
3.984279999999999973e+02 3.965658254464503596e-01
3.977909999999999968e+02 3.703492037304343398e-01
3.971519999999999868e+02 3.592247791007699975e-01
3.965149999999999864e+02 2.830458762973168119e-01
3.958770000000000095e+02 3.223974344675646919e-01
3.952400000000000091e+02 2.116467747399531363e-01
3.946019999999999754e+02 2.908810496744299590e-01
3.939649999999999750e+02 2.055953615554941827e-01
3.933269999999999982e+02 1.951540209233007528e-01
3.926890000000000214e+02 3.084476929583550020e-01
3.920520000000000209e+02 2.879355577266397570e-01
3.914139999999999873e+02 3.757910001536102773e-01
3.907760000000000105e+02 3.797023577158738505e-01
3.901379999999999768e+02 5.060209368835767441e-01
3.895000000000000000e+02 6.171306851331835874e-01
3.888609999999999900e+02 5.571850385405712203e-01
3.882230000000000132e+02 5.702984668119653877e-01
3.875849999999999795e+02 6.270004048959046949e-01
3.869460000000000264e+02 6.785679159462298937e-01
3.863079999999999927e+02 7.395231588671180578e-01
3.856700000000000159e+02 7.760955462913771141e-01
3.850319999999999823e+02 8.172704749581463091e-01
3.843929999999999723e+02 7.385792596858358205e-01
3.837549999999999955e+02 7.843761528196849797e-01
3.831159999999999854e+02 7.586031125367799222e-01
3.824759999999999991e+02 7.470757161608077013e-01
3.818380000000000223e+02 7.167430278976486546e-01
3.811990000000000123e+02 5.968106894704137133e-01
3.805600000000000023e+02 6.612435636409429440e-01
3.799220000000000255e+02 6.313272732108733409e-01
3.792830000000000155e+02 5.593622075642282754e-01
3.786440000000000055e+02 6.046318852808982847e-01
3.780049999999999955e+02 5.563629765384742187e-01
3.773650000000000091e+02 5.736273245729544001e-01
3.767259999999999991e+02 7.437341610233615397e-01
3.760860000000000127e+02 7.278808898063718891e-01
3.754470000000000027e+02 8.782016304832764853e-01
3.748079999999999927e+02 8.666376524275798410e-01
3.741689999999999827e+02 9.102127055057880334e-01
3.735299999999999727e+02 9.581957641667214753e-01
3.728890000000000100e+02 9.694424457326152877e-01
3.722500000000000000e+02 8.939741091604007650e-01
3.716100000000000136e+02 1.009688909710735771e+00
3.709710000000000036e+02 9.254933582414139881e-01
3.703310000000000173e+02 8.870013289864357997e-01
3.696909999999999741e+02 8.575496307230329185e-01
3.690500000000000114e+02 8.776871538346495694e-01
3.684110000000000014e+02 8.305448423217367537e-01
3.677710000000000150e+02 8.104379669214346604e-01
3.671309999999999718e+02 7.726005944240658119e-01
3.664909999999999854e+02 8.861383966891607233e-01
3.658509999999999991e+02 8.172108094548747870e-01
3.652099999999999795e+02 8.150591118178820427e-01
3.645699999999999932e+02 9.142488905625990592e-01
3.639300000000000068e+02 8.942041497814494644e-01
3.632900000000000205e+02 8.829820102249715807e-01
3.626490000000000009e+02 9.024344938502906199e-01
3.620079999999999814e+02 8.782446787786309939e-01
3.613670000000000186e+02 8.628016631200952080e-01
3.607269999999999754e+02 7.997597601272161683e-01
3.600869999999999891e+02 8.235572483331421445e-01
3.594460000000000264e+02 7.437196148124579631e-01
3.588039999999999736e+02 6.855889499159990574e-01
3.581639999999999873e+02 6.623178729031992118e-01
3.575230000000000246e+02 6.091688403527960594e-01
3.568829999999999814e+02 6.842436305892954929e-01
3.562420000000000186e+02 6.611042040468334546e-01
3.556000000000000227e+02 6.720837271232135146e-01
3.549590000000000032e+02 7.040803526677552604e-01
3.543179999999999836e+02 6.346018949056613234e-01
3.536770000000000209e+02 6.539454240761380932e-01
3.530350000000000250e+02 7.486443230462906939e-01
3.523940000000000055e+02 7.716923101232014970e-01
3.517520000000000095e+02 7.695522756232701100e-01
3.511109999999999900e+02 6.216902994312673014e-01
3.504689999999999941e+02 6.739588511359499989e-01
3.498269999999999982e+02 6.927732122551425453e-01
3.491859999999999786e+02 6.784589386777852837e-01
3.485450000000000159e+02 6.642608903791377140e-01
3.479019999999999868e+02 6.500043990819350803e-01
3.472599999999999909e+02 6.072890170089260131e-01
3.466190000000000282e+02 5.974149803159329863e-01
3.459769999999999754e+02 5.794445575556973482e-01
3.453340000000000032e+02 6.306043352051142747e-01
3.446929999999999836e+02 6.612076926271555077e-01
3.440509999999999877e+02 6.351053771885271093e-01
3.434089999999999918e+02 6.252525667465177461e-01
3.427660000000000196e+02 5.833598219861618750e-01
3.421240000000000236e+02 6.657786487285149990e-01
3.414820000000000277e+02 6.838379047157761015e-01
3.408399999999999750e+02 6.778729681750734759e-01
3.401970000000000027e+02 7.117102245361089929e-01
3.395539999999999736e+02 7.175773471360409328e-01
3.389119999999999777e+02 6.957669946403959305e-01
3.382690000000000055e+02 7.135262093053015287e-01
3.376259999999999764e+02 8.095235597378552805e-01
3.369839999999999804e+02 8.697984846700489436e-01
3.363419999999999845e+02 8.322205392133561475e-01
3.356979999999999791e+02 7.792316047241522048e-01
3.350550000000000068e+02 7.653593155925815239e-01
3.344130000000000109e+02 7.283905410904903954e-01
3.337690000000000055e+02 7.377922464357562493e-01
3.331259999999999764e+02 7.548981866661444995e-01
3.324830000000000041e+02 8.561723021128812006e-01
3.318389999999999986e+02 8.079191966225307553e-01
3.311960000000000264e+02 8.702922813428520810e-01
3.305539999999999736e+02 8.411432575917652255e-01
3.299110000000000014e+02 8.917255205476348756e-01
3.292660000000000196e+02 9.231507468690748341e-01
3.286229999999999905e+02 9.731922474313975391e-01
3.279800000000000182e+02 9.553582335422038385e-01
3.273360000000000127e+02 9.262632957554290947e-01
3.266929999999999836e+02 8.376979312641447128e-01
3.260489999999999782e+02 8.203455297182690176e-01
3.254049999999999727e+02 7.993563674271014774e-01
3.247610000000000241e+02 8.414165235524420083e-01
3.241179999999999950e+02 8.094163790575382711e-01
3.234730000000000132e+02 8.290735722910272942e-01
3.228290000000000077e+02 8.302493447612417921e-01
3.221840000000000259e+02 8.973320454532933699e-01
3.215409999999999968e+02 9.019104810876164002e-01
3.208969999999999914e+02 9.755080261123353358e-01
3.202520000000000095e+02 1.016174319575703811e+00
3.196080000000000041e+02 1.009482037994418935e+00
3.189639999999999986e+02 1.038878789316847850e+00
3.183190000000000168e+02 1.082465294130335209e+00
3.176750000000000114e+02 1.014760688516674891e+00
3.170310000000000059e+02 9.082707329173715927e-01
3.163860000000000241e+02 9.053906427179463368e-01
3.157420000000000186e+02 8.814312681576960129e-01
3.150980000000000132e+02 8.256966359121730159e-01
3.144519999999999982e+02 8.090320166079747466e-01
3.138079999999999927e+02 7.819743431716947857e-01
3.131619999999999777e+02 7.655664982949254016e-01
3.125179999999999723e+02 7.422409016565555406e-01
3.118729999999999905e+02 7.503932677492830550e-01
3.112269999999999754e+02 8.732097624853366602e-01
3.105830000000000268e+02 8.185776394391972577e-01
3.099370000000000118e+02 7.953306007129228306e-01
3.092919999999999732e+02 8.032454080286064446e-01
3.086469999999999914e+02 7.801835407276108691e-01
3.080009999999999764e+02 8.496235735187618321e-01
3.073570000000000277e+02 8.878909539478991864e-01
3.067099999999999795e+02 8.988199838288143395e-01
3.060649999999999977e+02 8.824352384232966306e-01
3.054200000000000159e+02 8.762764509553623293e-01
3.047740000000000009e+02 8.702334146617202171e-01
3.041290000000000191e+02 8.642120752823172491e-01
3.034820000000000277e+02 9.551953784010249748e-01
3.028369999999999891e+02 1.012270280633714936e+00
3.021920000000000073e+02 1.055588079401733603e+00
3.015450000000000159e+02 1.022519371268666877e+00
3.008999999999999773e+02 9.531657901612385908e-01
3.002529999999999859e+02 1.045775783616158749e+00
2.996080000000000041e+02 1.003056933138076534e+00
2.989610000000000127e+02 9.539830940995300823e-01
2.983149999999999977e+02 1.035919938610355917e+00
2.976700000000000159e+02 9.903627673127702868e-01
2.970230000000000246e+02 9.936554380193012292e-01
2.963770000000000095e+02 9.290072589482818444e-01
2.957300000000000182e+02 9.067842175609722721e-01
2.950840000000000032e+02 9.328029666015569266e-01
2.944370000000000118e+02 8.625655588794816087e-01
2.937909999999999968e+02 8.885452573977394852e-01
2.931429999999999723e+02 1.038403660635402570e+00
2.924970000000000141e+02 1.031906657632831292e+00
2.918500000000000227e+02 9.811664424544562779e-01
2.912040000000000077e+02 9.622295974978910538e-01
2.905570000000000164e+02 1.006146483435427230e+00
2.899100000000000250e+02 1.062484607148900917e+00
2.892629999999999768e+02 1.146355290594009979e+00
2.886159999999999854e+02 1.195585778454008485e+00
2.879689999999999941e+02 1.228900124776606706e+00
2.873210000000000264e+02 1.231085306247762023e+00
2.866750000000000114e+02 1.214725314196300143e+00
2.860269999999999868e+02 1.278312485000028476e+00
2.853799999999999955e+02 1.298603564549240863e+00
2.847320000000000277e+02 1.282135891819157436e+00
2.840849999999999795e+02 1.341737686647101579e+00
2.834370000000000118e+02 1.367657110663008435e+00
2.827900000000000205e+02 1.426509518262892851e+00
2.821419999999999959e+02 1.476028754969179513e+00
2.814950000000000045e+02 1.498057628142571263e+00
2.808469999999999800e+02 1.552976996381015606e+00
2.801990000000000123e+02 1.500124725417102400e+00
2.795509999999999877e+02 1.465402360603944576e+00
2.789039999999999964e+02 1.481320669876574181e+00
2.782549999999999955e+02 1.479241241920054240e+00
2.776080000000000041e+02 1.480189047664922652e+00
2.769590000000000032e+02 1.457622834895196506e+00
2.763120000000000118e+02 1.484825907665352940e+00
2.756630000000000109e+02 1.456584686619014191e+00
2.750149999999999864e+02 1.480604626328980045e+00
2.743659999999999854e+02 1.602895280625080243e+00
2.737189999999999941e+02 1.695386613684229715e+00
2.730699999999999932e+02 1.718410762942394365e+00
2.724220000000000255e+02 1.692480083273544711e+00
2.717730000000000246e+02 1.652516179588232825e+00
2.711240000000000236e+02 1.621268271642350989e+00
2.704759999999999991e+02 1.570448397718146705e+00
2.698260000000000218e+02 1.596095874847595297e+00
2.691779999999999973e+02 1.646897327335914207e+00
2.685289999999999964e+02 1.565528194430178655e+00
2.678809999999999718e+02 1.543301544948965098e+00
2.672309999999999945e+02 1.515770320537954241e+00
2.665830000000000268e+02 1.546556633301765293e+00
2.659329999999999927e+02 1.651806457955795171e+00
2.652839999999999918e+02 1.695711567105816053e+00
2.646349999999999909e+02 1.766683892609185014e+00
2.639850000000000136e+02 1.719495519445528142e+00
2.633369999999999891e+02 1.697066257295677394e+00
2.626870000000000118e+02 1.740071111807206528e+00
2.620380000000000109e+02 1.698819127058677658e+00
2.613879999999999768e+02 1.765639757679952515e+00
2.607400000000000091e+02 1.727260556008985759e+00
2.600899999999999750e+02 1.648761425017746252e+00
2.594390000000000214e+02 1.688304853561647834e+00
2.587900000000000205e+02 1.653022732137465978e+00
2.581399999999999864e+02 1.655111402598477444e+00
2.574909999999999854e+02 1.638675548018086126e+00
2.568410000000000082e+02 1.714418519500487070e+00
2.561899999999999977e+02 1.771280215697976335e+00
2.555409999999999968e+02 1.736162010865583749e+00
2.548899999999999864e+02 1.771604128992978922e+00
2.542410000000000139e+02 1.767882417745123780e+00
2.535910000000000082e+02 1.707183922596143821e+00
2.529399999999999977e+02 1.706135108010717660e+00
2.522899999999999920e+02 1.728297690018702815e+00
2.516399999999999864e+02 1.780811781421199669e+00
2.509900000000000091e+02 1.700434299619149048e+00
2.503389999999999986e+02 1.704386930662450617e+00
2.496879999999999882e+02 1.741221832013576831e+00
2.490380000000000109e+02 1.747386025850035329e+00
2.483870000000000005e+02 1.798802247737906868e+00
2.477359999999999900e+02 1.844724884786929753e+00
2.470860000000000127e+02 1.820505418969753819e+00
2.464350000000000023e+02 1.873391717429575554e+00
2.457849999999999966e+02 1.792249238275312129e+00
2.451330000000000098e+02 1.832462836491258962e+00
2.444819999999999993e+02 1.796172185821474976e+00
2.438319999999999936e+02 1.765090195179077615e+00
2.431800000000000068e+02 1.741394650899118934e+00
2.425289999999999964e+02 1.734896807767010163e+00
2.418779999999999859e+02 1.800949622027041119e+00
2.412270000000000039e+02 1.844862140579616394e+00
2.405749999999999886e+02 1.799540403839894998e+00
2.399240000000000066e+02 1.874054790491988198e+00
2.392719999999999914e+02 1.867029362771936096e+00
2.386200000000000045e+02 1.900325725685358069e+00
2.379699999999999989e+02 1.888389885110237643e+00
2.373180000000000121e+02 1.937760528005750160e+00
2.366670000000000016e+02 1.930442988109510871e+00
2.360149999999999864e+02 1.925348619651705784e+00
2.353629999999999995e+02 1.959949478808128642e+00
2.347100000000000080e+02 2.029015345927902558e+00
2.340600000000000023e+02 2.014255275167015302e+00
2.334070000000000107e+02 2.001913935872510208e+00
2.327549999999999955e+02 2.074508019906923462e+00
2.321040000000000134e+02 2.128146377690975921e+00
2.314509999999999934e+02 2.113103702362907121e+00
2.307980000000000018e+02 2.163801511171010716e+00
2.301469999999999914e+02 2.155394203535977660e+00
2.294939999999999998e+02 2.124476946603707894e+00
2.288420000000000130e+02 2.078080254576458064e+00
2.281899999999999977e+02 2.148045537585230758e+00
2.275370000000000061e+02 2.199629279810855653e+00
2.268839999999999861e+02 2.226454452977149945e+00
2.262330000000000041e+02 2.272719302006313224e+00
2.255800000000000125e+02 2.334055221146484449e+00
2.249269999999999925e+02 2.327017172306303117e+00
2.242729999999999961e+02 2.335264526207843971e+00
2.236220000000000141e+02 2.382353055039112544e+00
2.229679999999999893e+02 2.392346112416123827e+00
2.223149999999999977e+02 2.406400585412158399e+00
2.216630000000000109e+02 2.368959898177851464e+00
2.210099999999999909e+02 2.327314619310712374e+00
2.203559999999999945e+02 2.283862378833529938e+00
2.197019999999999982e+02 2.261941359715208932e+00
2.190500000000000114e+02 2.267566271203369066e+00
2.183969999999999914e+02 2.262539335920843886e+00
2.177429999999999950e+02 2.251240028945323157e+00
2.170889999999999986e+02 2.260824755868396707e+00
2.164370000000000118e+02 2.220426239158318271e+00
2.157829999999999870e+02 2.248566733845144938e+00
2.151289999999999907e+02 2.222814713756924299e+00
2.144749999999999943e+02 2.275182173289513887e+00
2.138220000000000027e+02 2.271925872486766362e+00
2.131680000000000064e+02 2.272662772038901657e+00
2.125140000000000100e+02 2.281469675425187749e+00
2.118600000000000136e+02 2.241735620275583152e+00
2.112069999999999936e+02 2.280599857356539584e+00
2.105529999999999973e+02 2.259049259483415728e+00
2.098979999999999961e+02 2.239623965717146170e+00
2.092439999999999998e+02 2.206346225024992780e+00
2.085910000000000082e+02 2.199069235055107541e+00
2.079360000000000070e+02 2.187812338901514053e+00
2.072820000000000107e+02 2.172668403292129735e+00
2.066270000000000095e+02 2.122487711487367257e+00
2.059739999999999895e+02 2.152310507203568424e+00
2.053189999999999884e+02 2.141152011719272608e+00
2.046639999999999873e+02 2.114681225370853568e+00
2.040089999999999861e+02 2.113261563140203858e+00
2.033540000000000134e+02 2.106061187758770270e+00
2.027009999999999934e+02 2.043837157851498443e+00
2.020459999999999923e+02 2.019829902894392681e+00
2.013909999999999911e+02 1.973382906784119317e+00
2.007350000000000136e+02 2.009806227815872148e+00
2.000800000000000125e+02 1.987972467362301154e+00
1.994259999999999877e+02 1.943948734785088117e+00
1.987709999999999866e+02 1.937269226498867569e+00
1.981160000000000139e+02 1.917728374548361092e+00
1.974600000000000080e+02 1.938601151672150857e+00
1.968050000000000068e+02 1.895309634082094297e+00
1.961510000000000105e+02 1.881546545696579420e+00
1.954950000000000045e+02 1.918436687184394085e+00
1.948389999999999986e+02 1.875614814341870717e+00
1.941839999999999975e+02 1.849293430100275248e+00
1.935279999999999916e+02 1.860648524067154863e+00
1.928739999999999952e+02 1.877169902597088713e+00
1.922179999999999893e+02 1.865191846690624322e+00
1.915620000000000118e+02 1.906108923247410214e+00
1.909060000000000059e+02 1.964180896551535271e+00
1.902500000000000000e+02 1.984988737234515188e+00
1.895939999999999941e+02 1.949843012411571319e+00
1.889389999999999930e+02 1.991085580384675424e+00
1.882829999999999870e+02 2.019888066561661422e+00
1.876270000000000095e+02 2.051766983951643475e+00
1.869699999999999989e+02 2.035517374274565583e+00
1.863139999999999930e+02 2.026115652229912634e+00
1.856570000000000107e+02 1.986248105845253020e+00
1.850010000000000048e+02 1.956840623254898270e+00
1.843460000000000036e+02 1.977889848342786028e+00
1.836889999999999930e+02 2.010354190368231819e+00
1.830329999999999870e+02 2.040737718397395373e+00
1.823760000000000048e+02 2.054297752659108856e+00
1.817189999999999941e+02 2.034766070117505876e+00
1.810620000000000118e+02 2.126631265526019998e+00
1.804050000000000011e+02 2.193098477356799858e+00
1.797500000000000000e+02 2.216623528516960207e+00
1.790929999999999893e+02 2.270619143599532208e+00
1.784360000000000070e+02 2.267795681657270634e+00
1.777789999999999964e+02 2.287281613042022599e+00
1.771220000000000141e+02 2.292137071284138905e+00
1.764650000000000034e+02 2.298500624428616135e+00
1.758069999999999879e+02 2.310958233920640481e+00
1.751500000000000057e+02 2.285647566838560962e+00
1.744939999999999998e+02 2.300971446117582087e+00
1.738369999999999891e+02 2.344066328865627380e+00
1.731790000000000020e+02 2.368084077342852645e+00
1.725219999999999914e+02 2.401019666539597974e+00
1.718640000000000043e+02 2.444221007574621574e+00
1.712059999999999889e+02 2.476217192153892910e+00
1.705490000000000066e+02 2.500294851977420407e+00
1.698909999999999911e+02 2.510412271657441519e+00
1.692330000000000041e+02 2.496367479784417753e+00
1.685749999999999886e+02 2.479365335689284855e+00
1.679190000000000111e+02 2.502537515898162646e+00
1.672609999999999957e+02 2.485470423782341953e+00
1.666030000000000086e+02 2.528697304413463520e+00
1.659449999999999932e+02 2.485164412647272059e+00
1.652870000000000061e+02 2.430347560447521094e+00
1.646279999999999859e+02 2.429463668055170888e+00
1.639699999999999989e+02 2.452969677718242814e+00
1.633120000000000118e+02 2.491902343384061247e+00
1.626539999999999964e+02 2.491866906813180460e+00
1.619950000000000045e+02 2.456259093642799929e+00
1.613369999999999891e+02 2.442093584938830553e+00
1.606779999999999973e+02 2.402685814082075488e+00
1.600190000000000055e+02 2.401246259188531962e+00
1.593609999999999900e+02 2.413640589188830621e+00
1.587040000000000077e+02 2.412010690200257823e+00
1.580449999999999875e+02 2.422557658991933316e+00
1.573859999999999957e+02 2.406950799597204593e+00
1.567270000000000039e+02 2.418569950642599053e+00
1.560680000000000121e+02 2.402955122903246199e+00
1.554089999999999918e+02 2.402170363342858384e+00
1.547500000000000000e+02 2.407950090526465470e+00
1.540910000000000082e+02 2.392301744124337937e+00
1.534319999999999879e+02 2.389902966339841672e+00
1.527729999999999961e+02 2.386107758638247756e+00
1.521140000000000043e+02 2.365229947060061289e+00
1.514540000000000077e+02 2.358773275011075921e+00
1.507949999999999875e+02 2.352261974421387070e+00
1.501359999999999957e+02 2.425456428408288900e+00
1.494759999999999991e+02 2.446578269931549254e+00
1.488170000000000073e+02 2.452056071075034982e+00
1.481570000000000107e+02 2.497825468783810621e+00
1.474970000000000141e+02 2.490129398529425053e+00
1.468379999999999939e+02 2.512404672148394358e+00
1.461779999999999973e+02 2.521863540963558137e+00
1.455180000000000007e+02 2.559508551451898928e+00
1.448580000000000041e+02 2.568326497514530349e+00
1.441980000000000075e+02 2.513304591249472253e+00
1.435380000000000109e+02 2.535378508571490830e+00
1.428779999999999859e+02 2.546173340426601150e+00
1.422179999999999893e+02 2.578354222804087659e+00
1.415579999999999927e+02 2.586121678742782759e+00
1.408979999999999961e+02 2.587701703535430386e+00
1.402379999999999995e+02 2.586745115620835200e+00
1.395769999999999982e+02 2.580938091874971363e+00
1.389170000000000016e+02 2.610115648902082253e+00
1.382560000000000002e+02 2.675865284932501531e+00
1.375960000000000036e+02 2.711882512814349333e+00
1.369350000000000023e+02 2.740428991600862396e+00
1.362750000000000057e+02 2.747968259174915939e+00
1.356140000000000043e+02 2.782435630504406898e+00
1.349540000000000077e+02 2.812941659958379859e+00
1.342930000000000064e+02 2.874234635648212688e+00
1.336320000000000050e+02 2.933479204093487169e+00
1.329710000000000036e+02 2.967512859743385967e+00
1.323100000000000023e+02 2.986658403161531083e+00
1.316490000000000009e+02 3.047952830127642621e+00
1.309879999999999995e+02 3.063809469302436028e+00
1.303269999999999982e+02 3.071748936453981838e+00
1.296659999999999968e+02 3.129739304049862891e+00
1.290049999999999955e+02 3.150616691337998265e+00
1.283420000000000130e+02 3.149796628897359341e+00
1.276809999999999974e+02 3.156195445950253475e+00
1.270190000000000055e+02 3.190460204740397820e+00
1.263580000000000041e+02 3.154560609166599860e+00
1.256959999999999980e+02 3.108532514385977663e+00
1.250349999999999966e+02 3.114159781874617838e+00
1.243730000000000047e+02 3.107280834943068726e+00
1.237120000000000033e+02 3.089134582293257214e+00
1.230499999999999972e+02 3.091098650043612395e+00
1.223880000000000052e+02 3.079808575007404681e+00
1.217259999999999991e+02 3.021840271226889474e+00
1.210639999999999930e+02 2.951599189759275710e+00
1.204030000000000058e+02 2.942798371392735923e+00
1.197409999999999997e+02 2.918301971033440356e+00
1.190780000000000030e+02 2.840769806180986734e+00
1.184150000000000063e+02 2.814803903169272203e+00
1.177530000000000001e+02 2.770044551848839465e+00
1.170909999999999940e+02 2.711468666517363513e+00
1.164279999999999973e+02 2.654381295296509347e+00
1.157660000000000053e+02 2.626840352931599121e+00
1.151039999999999992e+02 2.591096911192809493e+00
1.144410000000000025e+02 2.536302727627863352e+00
1.137789999999999964e+02 2.484790967589867172e+00
1.131159999999999997e+02 2.469210987455496387e+00
1.124539999999999935e+02 2.439222819115906216e+00
1.117890000000000015e+02 2.406646345828273414e+00
1.111269999999999953e+02 2.395780928846411140e+00
1.104639999999999986e+02 2.359226932943411015e+00
1.098010000000000019e+02 2.327377128879672075e+00
1.091380000000000052e+02 2.288829290229204450e+00
1.084749999999999943e+02 2.268755155859573325e+00
1.078119999999999976e+02 2.199089823613192163e+00
1.071490000000000009e+02 2.156622064519424065e+00
1.064849999999999994e+02 2.060335115334026135e+00
1.058209999999999980e+02 1.978851797922956290e+00
1.051580000000000013e+02 1.878450256862046475e+00
1.044950000000000045e+02 1.843754577041286646e+00
1.038319999999999936e+02 1.766802143861509355e+00
1.031680000000000064e+02 1.698912124218696640e+00
1.025049999999999955e+02 1.635927301304573422e+00
1.018400000000000034e+02 1.608100528596521528e+00
1.011760000000000019e+02 1.563118622883107545e+00
1.005130000000000052e+02 1.571510039268017467e+00
9.984900000000000375e+01 1.567069337538603113e+00
9.918529999999999802e+01 1.555564212847425631e+00
9.852150000000000318e+01 1.538632872388530304e+00
9.785769999999999413e+01 1.574516499779234469e+00
9.719230000000000302e+01 1.618842070328132765e+00
9.652830000000000155e+01 1.659952703638278182e+00
9.586430000000000007e+01 1.691230730657874215e+00
9.520029999999999859e+01 1.734398465236383524e+00
9.453610000000000468e+01 1.797921999748817390e+00
9.387199999999999989e+01 1.860199736160351724e+00
9.320619999999999550e+01 1.899019268515381498e+00
9.254200000000000159e+01 1.943974512187466752e+00
9.187760000000000105e+01 1.943979267164716696e+00
9.121320000000000050e+01 1.957114761084273846e+00
9.054879999999999995e+01 1.953740815608083103e+00
8.988280000000000314e+01 1.988207095971134653e+00
8.921819999999999595e+01 1.988918703158466528e+00
8.855360000000000298e+01 1.972375934035732525e+00
8.788890000000000668e+01 1.954503351315816762e+00
8.722419999999999618e+01 1.984753368030422349e+00
8.655939999999999657e+01 2.006896170997162887e+00
8.589300000000000068e+01 2.040924240335661111e+00
8.522809999999999775e+01 2.047984991096970298e+00
8.456319999999999482e+01 2.069449061349077024e+00
8.389820000000000277e+01 2.060870083135911912e+00
8.323160000000000025e+01 2.074288585338601720e+00
8.256650000000000489e+01 2.074607625495978880e+00
8.190130000000000621e+01 2.092014052387997758e+00
8.123609999999999332e+01 2.092769365732989328e+00
8.057080000000000553e+01 2.060899474037448886e+00
7.990389999999999304e+01 2.061874026018975403e+00
7.923850000000000193e+01 2.073854666676614222e+00
7.857299999999999329e+01 2.091789069281309033e+00
7.790749999999999886e+01 2.100232969989434650e+00
7.724039999999999395e+01 2.098318388561490444e+00
7.657479999999999620e+01 2.106981378524606097e+00
7.590909999999999513e+01 2.079824858142099941e+00
7.524339999999999407e+01 2.088341890423664804e+00
7.457760000000000389e+01 2.084059851404062247e+00
7.391020000000000323e+01 2.044075363060876782e+00
7.324429999999999552e+01 2.024801629074224341e+00
7.257829999999999870e+01 1.980130696506042343e+00
7.191230000000000189e+01 1.949908522167383085e+00
7.124469999999999459e+01 1.937867610898333703e+00
7.057850000000000534e+01 1.912665451535166650e+00
6.991230000000000189e+01 1.916632751359962139e+00
6.924609999999999843e+01 1.881121914631218583e+00
6.857829999999999870e+01 1.868304987462255706e+00
6.791190000000000282e+01 1.851368484226015187e+00
6.724550000000000693e+01 1.824970578696138546e+00
6.657750000000000057e+01 1.808516272310063178e+00
6.591100000000000136e+01 1.775102611767278793e+00
6.524439999999999884e+01 1.759287396982087248e+00
6.457769999999999300e+01 1.733462848852449278e+00
6.390950000000000131e+01 1.701657514414690819e+00
6.324269999999999925e+01 1.684589387274227468e+00
6.257589999999999719e+01 1.676181329724054647e+00
6.190899999999999892e+01 1.664389134298067674e+00
6.124060000000000059e+01 1.646621650971525463e+00
6.057359999999999900e+01 1.632386541148028503e+00
5.990659999999999741e+01 1.619385157339970682e+00
5.923799999999999955e+01 1.580772698124842224e+00
5.857079999999999842e+01 1.539773271429351942e+00
5.790359999999999729e+01 1.526633161847255504e+00
5.723629999999999995e+01 1.500939680086741168e+00
5.656750000000000256e+01 1.464751510769520593e+00
5.590010000000000190e+01 1.450506961405793271e+00
5.523270000000000124e+01 1.425412406509595886e+00
5.456360000000000099e+01 1.408354099197655973e+00
5.389609999999999701e+01 1.397121251408613540e+00
5.322849999999999682e+01 1.396436394692222027e+00
5.255930000000000035e+01 1.402814118315151459e+00
5.189159999999999684e+01 1.371353006878186953e+00
5.122379999999999711e+01 1.361533384917273048e+00
5.055440000000000111e+01 1.347473681321331940e+00
4.988660000000000139e+01 1.324792049649283765e+00
4.921860000000000213e+01 1.300856877666919376e+00
4.854910000000000281e+01 1.279106293050695342e+00
4.788100000000000023e+01 1.269796166584086894e+00
4.721289999999999765e+01 1.251499120734333781e+00
4.654319999999999879e+01 1.225258602374899475e+00
4.587500000000000000e+01 1.211340591227306529e+00
4.520669999999999789e+01 1.177787250436909572e+00
4.453679999999999950e+01 1.158231299923400348e+00
4.386840000000000117e+01 1.140957996681732034e+00
4.320000000000000284e+01 1.135865700425841895e+00
4.252989999999999782e+01 1.111424577111181700e+00
4.186129999999999995e+01 1.084329287631913274e+00
4.119270000000000209e+01 1.049161794625489863e+00
4.052250000000000085e+01 1.027930281310565963e+00
3.985379999999999967e+01 1.012483379478221535e+00
3.918500000000000227e+01 1.001911237091209550e+00
3.851460000000000150e+01 9.835099168711345374e-01
3.784570000000000078e+01 9.630830170541799795e-01
3.717519999999999669e+01 9.373011915578058906e-01
3.650619999999999976e+01 9.144303768412013200e-01
3.583709999999999951e+01 8.997676741580813431e-01
3.516640000000000299e+01 8.840004845752147400e-01
3.449719999999999942e+01 8.603355164156853974e-01
3.382800000000000296e+01 8.428027856197805034e-01
3.315709999999999980e+01 8.176822648774524360e-01
3.248780000000000001e+01 7.848988694786189768e-01
3.181680000000000064e+01 7.635199360247167943e-01
3.114730000000000132e+01 7.471470868968330681e-01
3.047779999999999845e+01 7.351866069443098173e-01
2.980669999999999931e+01 7.027042761980731855e-01
2.913700000000000045e+01 6.852408723225850151e-01
2.846730000000000160e+01 6.701971910006130351e-01
2.779599999999999937e+01 6.428864669764129403e-01
2.712620000000000076e+01 6.226947382208077864e-01
2.645479999999999876e+01 6.048695418014479186e-01
2.578490000000000038e+01 5.837043091485073498e-01
2.511329999999999885e+01 5.566371679808722606e-01
2.444330000000000069e+01 5.289545693454351660e-01
2.377319999999999922e+01 5.126715059716535627e-01
2.310150000000000148e+01 4.838889390556436187e-01
2.243130000000000024e+01 4.613507465314776179e-01
2.175949999999999918e+01 4.392815874585757618e-01
2.108909999999999840e+01 4.157965090898679827e-01
2.041870000000000118e+01 3.964163389843812224e-01
1.974680000000000035e+01 3.700828569938526269e-01
1.907629999999999981e+01 3.501260784420092698e-01
1.840419999999999945e+01 3.318958876485083032e-01
1.773349999999999937e+01 3.110535471025283050e-01
1.706129999999999924e+01 2.973815739384125245e-01
1.639059999999999917e+01 2.774205833441825697e-01
1.571979999999999933e+01 2.614125154540404283e-01
1.504739999999999966e+01 2.485939455565867873e-01
1.437650000000000006e+01 2.339403256998100200e-01
1.370410000000000039e+01 2.230737391046996865e-01
1.303299999999999947e+01 2.080591441271476272e-01
1.236040000000000028e+01 1.951729136316522895e-01
1.168929999999999936e+01 1.821655036724325882e-01
1.101660000000000039e+01 1.730644959101155511e-01
1.034529999999999994e+01 1.699081575007956590e-01
9.672489999999999810e+00 1.644148760380290397e-01
9.001129999999999853e+00 1.587410108444083090e-01
8.329710000000000392e+00 1.512595930362654606e-01
7.656710000000000349e+00 1.473399525236250285e-01
6.985170000000000101e+00 1.532036996594565159e-01
6.312050000000000161e+00 1.560412998722942868e-01
5.640399999999999636e+00 1.557566673445076044e-01
4.967170000000000307e+00 1.494137262116062848e-01
4.295410000000000394e+00 1.382517780785706418e-01
3.622059999999999835e+00 1.241821031200371211e-01
2.950180000000000025e+00 1.069220650382989579e-01
2.276720000000000077e+00 8.751770158210138428e-02
1.604729999999999990e+00 6.428061920412721231e-02
9.311519999999999797e-01 3.749330614955681540e-02
2.590439999999999965e-01 1.041990086466630487e-02
