4.498670000000000186e+02 6.329538945326222965e-01
4.492339999999999804e+02 5.008289276784673172e-01
4.486009999999999991e+02 4.404319892522077784e-01
4.479680000000000177e+02 6.167076679683827223e-01
4.473360000000000127e+02 5.975929436132872974e-01
4.467029999999999745e+02 5.667182183241937787e-01
4.460690000000000168e+02 6.710481241951442577e-01
4.454359999999999786e+02 6.050796033132442853e-01
4.448029999999999973e+02 5.861611925142194979e-01
4.441689999999999827e+02 6.372349393918934624e-01
4.435360000000000014e+02 6.996820462893491577e-01
4.429019999999999868e+02 8.198580493774966227e-01
4.422699999999999818e+02 7.079413827608351806e-01
4.416360000000000241e+02 7.986295656568077606e-01
4.410029999999999859e+02 7.909851518582374785e-01
4.403690000000000282e+02 7.201861727939841140e-01
4.397350000000000136e+02 7.184924680369422223e-01
4.391009999999999991e+02 6.996568263038984714e-01
4.384669999999999845e+02 5.667634133386267870e-01
4.378330000000000268e+02 6.052333284754884968e-01
4.371990000000000123e+02 5.583928570724235874e-01
4.365649999999999977e+02 5.967025576151386845e-01
4.359329999999999927e+02 4.653328361746380537e-01
4.352980000000000018e+02 3.852937827328648535e-01
4.346639999999999873e+02 3.787609778410530592e-01
4.340299999999999727e+02 3.946746272717048809e-01
4.333960000000000150e+02 3.937292582460995005e-01
4.327610000000000241e+02 5.379618184486520960e-01
4.321270000000000095e+02 4.865249075794764733e-01
4.314920000000000186e+02 4.019993264189145599e-01
4.308580000000000041e+02 3.622269635368686735e-01
4.302230000000000132e+02 4.000764567288686013e-01
4.295889999999999986e+02 4.597972055224252008e-01
4.289540000000000077e+02 3.816003020498434650e-01
4.283190000000000168e+02 4.301120340234199091e-01
4.276859999999999786e+02 4.291438511357009156e-01
4.270509999999999877e+02 3.679552999874962094e-01
4.264159999999999968e+02 3.070956691267123784e-01
4.257810000000000059e+02 3.661453671489242057e-01
4.251460000000000150e+02 4.086449063178959618e-01
4.245110000000000241e+02 4.887968900978884035e-01
4.238759999999999764e+02 4.929898407792736026e-01
4.232409999999999854e+02 5.402669416620622389e-01
4.226050000000000182e+02 4.744906229256108388e-01
4.219700000000000273e+02 4.840560931073712991e-01
4.213349999999999795e+02 4.989036939582170427e-01
4.206990000000000123e+02 5.723085421628546499e-01
4.200640000000000214e+02 5.762207214750323381e-01
4.194289999999999736e+02 6.384454931183766169e-01
4.187930000000000064e+02 5.151578446702866909e-01
4.181569999999999823e+02 4.874891483817226367e-01
4.175219999999999914e+02 5.178945218118653493e-01
4.168860000000000241e+02 6.321603208700826704e-01
4.162500000000000000e+02 6.882355872926007034e-01
4.156150000000000091e+02 6.969962085077139324e-01
4.149789999999999850e+02 7.161102880751676336e-01
4.143430000000000177e+02 7.351229422421442505e-01
4.137069999999999936e+02 6.606563296712726352e-01
4.130710000000000264e+02 7.676917901911127773e-01
4.124350000000000023e+02 8.174000291807680396e-01
4.117989999999999782e+02 8.565648172029783902e-01
4.111630000000000109e+02 8.235907904751199604e-01
4.105260000000000105e+02 7.907930770850337687e-01
4.098899999999999864e+02 8.143644971435880509e-01
4.092540000000000191e+02 7.001840794431901660e-01
4.086170000000000186e+02 7.085807506644197229e-01
4.079809999999999945e+02 7.524494508451265995e-01
4.073439999999999941e+02 7.201926557929981820e-01
4.067080000000000268e+02 6.880945496609671697e-01
4.060710000000000264e+02 7.668778667972654395e-01
4.054350000000000023e+02 6.544791567515854114e-01
4.047980000000000018e+02 6.678563117430154072e-01
4.041610000000000014e+02 6.461770593843022548e-01
4.035240000000000009e+02 6.943776001655684871e-01
4.028879999999999768e+02 5.882421627941911701e-01
4.022509999999999764e+02 6.363009037701357062e-01
4.016139999999999759e+02 5.259035961358619060e-01
4.009769999999999754e+02 5.344256309516448589e-01
4.003399999999999750e+02 4.198883816460734497e-01
3.997029999999999745e+02 5.071466261754487004e-01
3.990649999999999977e+02 4.764652025580512484e-01
3.984279999999999973e+02 3.825325817692011299e-01
3.977909999999999968e+02 3.572222415019646879e-01
3.971519999999999868e+02 3.464707217784459559e-01
3.965149999999999864e+02 2.729824215914288810e-01
3.958770000000000095e+02 3.109132161366338631e-01
3.952400000000000091e+02 2.040997606473041737e-01
3.946019999999999754e+02 2.804854496786188256e-01
3.939649999999999750e+02 1.982394408288351284e-01
3.933269999999999982e+02 1.881604638060868362e-01
3.926890000000000214e+02 2.973667985706842098e-01
3.920520000000000209e+02 2.775748723830140929e-01
3.914139999999999873e+02 3.622415255662018718e-01
3.907760000000000105e+02 3.659883356228028628e-01
3.901379999999999768e+02 4.877085699923311979e-01
3.895000000000000000e+02 5.947561220049990549e-01
3.888609999999999900e+02 5.369507705697488253e-01
3.882230000000000132e+02 5.495523545558791412e-01
3.875849999999999795e+02 6.041513283511535937e-01
3.869460000000000264e+02 6.537962706850697359e-01
3.863079999999999927e+02 7.124790577553313797e-01
3.856700000000000159e+02 7.476650107927188538e-01
3.850319999999999823e+02 7.872799100369192171e-01
3.843929999999999723e+02 7.114315766661105656e-01
3.837549999999999955e+02 7.554952396033315365e-01
3.831159999999999854e+02 7.306241049706397872e-01
3.824759999999999991e+02 7.194751325128793118e-01
3.818380000000000223e+02 6.902186941372077111e-01
3.811990000000000123e+02 5.746894934663514531e-01
3.805600000000000023e+02 6.366909168577679079e-01
3.799220000000000255e+02 6.078463194374714718e-01
3.792830000000000155e+02 5.385241254949629797e-01
3.786440000000000055e+02 5.820679529991356072e-01
3.780049999999999955e+02 5.355662455055306692e-01
3.773650000000000091e+02 5.521483632731478686e-01
3.767259999999999991e+02 7.158342549664385990e-01
3.760860000000000127e+02 7.005296143054726699e-01
3.754470000000000027e+02 8.451429552814873070e-01
3.748079999999999927e+02 8.339591899688117982e-01
3.741689999999999827e+02 8.758323005379434756e-01
3.735299999999999727e+02 9.219409191170381268e-01
3.728890000000000100e+02 9.326996113042749226e-01
3.722500000000000000e+02 8.600353535534884797e-01
3.716100000000000136e+02 9.712904006473969121e-01
3.709710000000000036e+02 8.902384544439840841e-01
3.703310000000000173e+02 8.531560717057027343e-01
3.696909999999999741e+02 8.247732318713855149e-01
3.690500000000000114e+02 8.440838912092001323e-01
3.684110000000000014e+02 7.986935153753459415e-01
3.677710000000000150e+02 7.793055091376571708e-01
3.671309999999999718e+02 7.428721050696450723e-01
3.664909999999999854e+02 8.519814707095457740e-01
3.658509999999999991e+02 7.856586126757696409e-01
3.652099999999999795e+02 7.835367906408244876e-01
3.645699999999999932e+02 8.788290257863662358e-01
3.639300000000000068e+02 8.595026898151640893e-01
3.632900000000000205e+02 8.486584046068113008e-01
3.626490000000000009e+02 8.672951554245715844e-01
3.620079999999999814e+02 8.439898683147600833e-01
3.613670000000000186e+02 8.290926140338716888e-01
3.607269999999999754e+02 7.684620649062724462e-01
3.600869999999999891e+02 7.912735608267672527e-01
3.594460000000000264e+02 7.145177425219856326e-01
3.588039999999999736e+02 6.586251636568012380e-01
3.581639999999999873e+02 6.362259434360684196e-01
3.575230000000000246e+02 5.851313636082654535e-01
3.568829999999999814e+02 6.571966370729116491e-01
3.562420000000000186e+02 6.349283234320702851e-01
3.556000000000000227e+02 6.454280217194331426e-01
3.549590000000000032e+02 6.761079721140129672e-01
3.543179999999999836e+02 6.093487460616358042e-01
3.536770000000000209e+02 6.278783392789012430e-01
3.530350000000000250e+02 7.187502002566685810e-01
3.523940000000000055e+02 7.408256514431725837e-01
3.517520000000000095e+02 7.387194578408131651e-01
3.511109999999999900e+02 5.967424724067990072e-01
3.504689999999999941e+02 6.468669152848227633e-01
3.498269999999999982e+02 6.648777781564418898e-01
3.491859999999999786e+02 6.510943262130372000e-01
3.485450000000000159e+02 6.374242750936677249e-01
3.479019999999999868e+02 6.236998713597408095e-01
3.472599999999999909e+02 5.826727259416927263e-01
3.466190000000000282e+02 5.731585654915718475e-01
3.459769999999999754e+02 5.558787092518059358e-01
3.453340000000000032e+02 6.049135637175757640e-01
3.446929999999999836e+02 6.342243971846009964e-01
3.440509999999999877e+02 6.091443799583641239e-01
3.434089999999999918e+02 5.996517016379149245e-01
3.427660000000000196e+02 5.594350696365505415e-01
3.421240000000000236e+02 6.384261315423283012e-01
3.414820000000000277e+02 6.556960650665722978e-01
3.408399999999999750e+02 6.499300421585576526e-01
3.401970000000000027e+02 6.823226672425032335e-01
3.395539999999999736e+02 6.878978005463424195e-01
3.389119999999999777e+02 6.669418440284463623e-01
3.382690000000000055e+02 6.839154998469164637e-01
3.376259999999999764e+02 7.758710703620361748e-01
3.369839999999999804e+02 8.335789737099194019e-01
3.363419999999999845e+02 7.975085553825287388e-01
3.356979999999999791e+02 7.466762367923119870e-01
3.350550000000000068e+02 7.333303349459542320e-01
3.344130000000000109e+02 6.978584514421066753e-01
3.337690000000000055e+02 7.068141866254364913e-01
3.331259999999999764e+02 7.231486933530769656e-01
3.324830000000000041e+02 8.201016020656056726e-01
3.318389999999999986e+02 7.738252993827390291e-01
3.311960000000000264e+02 8.335040363348147352e-01
3.305539999999999736e+02 8.055284566315908945e-01
3.299110000000000014e+02 8.539053445972965006e-01
3.292660000000000196e+02 8.839318992134340691e-01
3.286229999999999905e+02 9.317779318731088667e-01
3.279800000000000182e+02 9.146354394821327727e-01
3.273360000000000127e+02 8.867153140237750142e-01
3.266929999999999836e+02 8.018731244360547405e-01
3.260489999999999782e+02 7.852046720885955677e-01
3.254049999999999727e+02 7.650579572055838939e-01
3.247610000000000241e+02 8.052526733948962567e-01
3.241179999999999950e+02 7.745706089291609642e-01
3.234730000000000132e+02 7.933218073782368762e-01
3.228290000000000077e+02 7.943873585385743397e-01
3.221840000000000259e+02 8.585069465144730128e-01
3.215409999999999968e+02 8.628225168413361512e-01
3.208969999999999914e+02 9.331591868798262412e-01
3.202520000000000095e+02 9.719862227884643602e-01
3.196080000000000041e+02 9.655122214384190826e-01
3.189639999999999986e+02 9.935531396881605026e-01
3.183190000000000168e+02 1.035159053908001781e+00
3.176750000000000114e+02 9.703406074029959916e-01
3.170310000000000059e+02 8.684476092153705640e-01
3.163860000000000241e+02 8.656279989273377717e-01
3.157420000000000186e+02 8.426571191017362406e-01
3.150980000000000132e+02 7.893149443442097901e-01
3.144519999999999982e+02 7.733256992584804923e-01
3.138079999999999927e+02 7.474055542568035504e-01
3.131619999999999777e+02 7.316671940523402640e-01
3.125179999999999723e+02 7.093205238692806835e-01
3.118729999999999905e+02 7.170561057344674305e-01
3.112269999999999754e+02 8.343500136910716458e-01
3.105830000000000268e+02 7.820897912237753102e-01
3.099370000000000118e+02 7.598206556023318070e-01
3.092919999999999732e+02 7.673227083372261559e-01
3.086469999999999914e+02 7.452349468940442367e-01
3.080009999999999764e+02 8.115003527555137985e-01
3.073570000000000277e+02 8.479844452124787324e-01
3.067099999999999795e+02 8.583552672084285851e-01
3.060649999999999977e+02 8.426428759803319402e-01
3.054200000000000159e+02 8.366967614936654529e-01
3.047740000000000009e+02 8.308618914940565370e-01
3.041290000000000191e+02 8.250486526824812872e-01
3.034820000000000277e+02 9.118360801908766966e-01
3.028369999999999891e+02 9.662438094869713057e-01
3.021920000000000073e+02 1.007512518038992999e+00
3.015450000000000159e+02 9.758734421130127457e-01
3.008999999999999773e+02 9.096130178454306936e-01
3.002529999999999859e+02 9.979114398001147634e-01
2.996080000000000041e+02 9.570728741394765038e-01
2.989610000000000127e+02 9.101773209373188456e-01
2.983149999999999977e+02 9.882724632494872541e-01
2.976700000000000159e+02 9.447364897790703209e-01
2.970230000000000246e+02 9.478020950194483429e-01
2.963770000000000095e+02 8.860675557568423732e-01
2.957300000000000182e+02 8.648030547378624533e-01
2.950840000000000032e+02 8.895459938769145758e-01
2.944370000000000118e+02 8.225008932967922126e-01
2.937909999999999968e+02 8.472058279377431278e-01
2.931429999999999723e+02 9.900106143690775573e-01
2.924970000000000141e+02 9.837376610797621268e-01
2.918500000000000227e+02 9.352914249459876039e-01
2.912040000000000077e+02 9.171665409997813434e-01
2.905570000000000164e+02 9.589489166890392546e-01
2.899100000000000250e+02 1.012561912780393536e+00
2.892629999999999768e+02 1.092402606273361165e+00
2.886159999999999854e+02 1.139223429588257508e+00
2.879689999999999941e+02 1.170872108982001336e+00
2.873210000000000264e+02 1.172858821209391333e+00
2.866750000000000114e+02 1.157178935846656653e+00
2.860269999999999868e+02 1.217653940960918835e+00
2.853799999999999955e+02 1.236881266121390155e+00
2.847320000000000277e+02 1.221096731661865276e+00
2.840849999999999795e+02 1.277756171850370270e+00
2.834370000000000118e+02 1.302332752952308104e+00
2.827900000000000205e+02 1.358262457636600917e+00
2.821419999999999959e+02 1.405296817619928529e+00
2.814950000000000045e+02 1.426152824832682908e+00
2.808469999999999800e+02 1.478314018163016108e+00
2.801990000000000123e+02 1.427885444994991815e+00
2.795509999999999877e+02 1.394720307960804373e+00
2.789039999999999964e+02 1.409754357648214773e+00
2.782549999999999955e+02 1.407658735607258960e+00
2.776080000000000041e+02 1.408444135192636448e+00
2.769590000000000032e+02 1.386856630341437580e+00
2.763120000000000118e+02 1.412621614051940311e+00
2.756630000000000109e+02 1.385638469544042461e+00
2.750149999999999864e+02 1.408370944977137329e+00
2.743659999999999854e+02 1.524567129617169225e+00
2.737189999999999941e+02 1.612403583260750839e+00
2.730699999999999932e+02 1.634163737511708847e+00
2.724220000000000255e+02 1.609369726645736742e+00
2.717730000000000246e+02 1.571236577536498258e+00
2.711240000000000236e+02 1.541396190044957759e+00
2.704759999999999991e+02 1.492954789801343773e+00
2.698260000000000218e+02 1.517208373221941242e+00
2.691779999999999973e+02 1.565366617721646980e+00
2.685289999999999964e+02 1.487900476167646202e+00
2.678809999999999718e+02 1.466652134155412401e+00
2.672309999999999945e+02 1.440366182179646959e+00
2.665830000000000268e+02 1.469496213058337331e+00
2.659329999999999927e+02 1.569367385216642097e+00
2.652839999999999918e+02 1.610943858429074949e+00
2.646349999999999909e+02 1.678224830717990779e+00
2.639850000000000136e+02 1.633259928473889344e+00
2.633369999999999891e+02 1.611818170823438923e+00
2.626870000000000118e+02 1.652520896605271128e+00
2.620380000000000109e+02 1.613206535092184257e+00
2.613879999999999768e+02 1.676515246203957199e+00
2.607400000000000091e+02 1.639932918657444727e+00
2.600899999999999750e+02 1.565268257309352817e+00
2.594390000000000214e+02 1.602670499524884828e+00
2.587900000000000205e+02 1.569042891211690938e+00
2.581399999999999864e+02 1.570889589200953784e+00
2.574909999999999854e+02 1.555155742530663021e+00
2.568410000000000082e+02 1.626896691383741267e+00
2.561899999999999977e+02 1.680709072005764471e+00
2.555409999999999968e+02 1.647243814606645040e+00
2.548899999999999864e+02 1.680724007975139767e+00
2.542410000000000139e+02 1.677047296081330519e+00
2.535910000000000082e+02 1.619326589440982289e+00
2.529399999999999977e+02 1.618190135232162596e+00
2.522899999999999920e+02 1.639066762174384850e+00
2.516399999999999864e+02 1.688721303896534742e+00
2.509900000000000091e+02 1.612359396057223337e+00
2.503389999999999986e+02 1.615965109019232848e+00
2.496879999999999882e+02 1.650743408971986792e+00
2.490380000000000109e+02 1.656441377971440421e+00
2.483870000000000005e+02 1.705030685947811042e+00
2.477359999999999900e+02 1.748404488192854878e+00
2.470860000000000127e+02 1.725297222664981867e+00
2.464350000000000023e+02 1.775259985110312355e+00
2.457849999999999966e+02 1.698217831156963786e+00
2.451330000000000098e+02 1.736166795073169400e+00
2.444819999999999993e+02 1.701631975297209109e+00
2.438319999999999936e+02 1.672037361034342418e+00
2.431800000000000068e+02 1.649443734991125288e+00
2.425289999999999964e+02 1.643142219915164404e+00
2.418779999999999859e+02 1.705548667583584255e+00
2.412270000000000039e+02 1.746978274151477883e+00
2.405749999999999886e+02 1.703908385134994985e+00
2.399240000000000066e+02 1.774303106664327112e+00
2.392719999999999914e+02 1.767492475231170701e+00
2.386200000000000045e+02 1.798851301314744244e+00
2.379699999999999989e+02 1.787391979813476750e+00
2.373180000000000121e+02 1.833956018142420596e+00
2.366670000000000016e+02 1.826865382581670305e+00
2.360149999999999864e+02 1.821879234706031747e+00
2.353629999999999995e+02 1.854452125685603470e+00
2.347100000000000080e+02 1.919625334046137111e+00
2.340600000000000023e+02 1.905488240606970640e+00
2.334070000000000107e+02 1.893640585725391512e+00
2.327549999999999955e+02 1.962129056453915110e+00
2.321040000000000134e+02 2.012677925789143174e+00
2.314509999999999934e+02 1.998268464440689174e+00
2.307980000000000018e+02 2.046023236848430127e+00
2.301469999999999914e+02 2.037887016157092557e+00
2.294939999999999998e+02 2.008470763653992464e+00
2.288420000000000130e+02 1.964427181307327741e+00
2.281899999999999977e+02 2.030378744439831795e+00
2.275370000000000061e+02 2.078944673403744225e+00
2.268839999999999861e+02 2.104103478508930980e+00
2.262330000000000041e+02 2.147627590069452808e+00
2.255800000000000125e+02 2.205382941284550480e+00
2.249269999999999925e+02 2.198528958263586297e+00
2.242729999999999961e+02 2.206115655529135022e+00
2.236220000000000141e+02 2.250391153150439028e+00
2.229679999999999893e+02 2.259619892748686798e+00
2.223149999999999977e+02 2.272682663302625805e+00
2.216630000000000109e+02 2.237114082417127392e+00
2.210099999999999909e+02 2.197581343183598879e+00
2.203559999999999945e+02 2.156349342261941526e+00
2.197019999999999982e+02 2.135451886011317857e+00
2.190500000000000114e+02 2.140561676327060070e+00
2.183969999999999914e+02 2.135615673823850980e+00
2.177429999999999950e+02 2.124750102076772063e+00
2.170889999999999986e+02 2.133594985441350733e+00
2.164370000000000118e+02 2.095272805672956373e+00
2.157829999999999870e+02 2.121626408059874347e+00
2.151289999999999907e+02 2.097129724934602812e+00
2.144749999999999943e+02 2.146332446385589954e+00
2.138220000000000027e+02 2.143057449860433561e+00
2.131680000000000064e+02 2.143548812245149815e+00
2.125140000000000100e+02 2.151650580874801211e+00
2.118600000000000136e+02 2.113976190731253979e+00
2.112069999999999936e+02 2.150420495055558323e+00
2.105529999999999973e+02 2.129896666454206500e+00
2.098979999999999961e+02 2.111379774858114899e+00
2.092439999999999998e+02 2.079808539660764843e+00
2.085910000000000082e+02 2.072750492718674842e+00
2.079360000000000070e+02 2.061942009509732721e+00
2.072820000000000107e+02 2.047472600896715456e+00
2.066270000000000095e+02 1.999990913235190737e+00
2.059739999999999895e+02 2.027897278827582195e+00
2.053189999999999884e+02 2.017188923855262050e+00
2.046639999999999873e+02 1.992058061446644990e+00
2.040089999999999861e+02 1.990527904533994752e+00
2.033540000000000134e+02 1.983553357206074397e+00
2.027009999999999934e+02 1.924762774988860059e+00
2.020459999999999923e+02 1.901969364273325525e+00
2.013909999999999911e+02 1.858051955059329297e+00
2.007350000000000136e+02 1.892161692497438263e+00
2.000800000000000125e+02 1.871423436252486416e+00
1.994259999999999877e+02 1.829802362207458399e+00
1.987709999999999866e+02 1.823336710077405165e+00
1.981160000000000139e+02 1.804768374601186887e+00
1.974600000000000080e+02 1.824232393361530091e+00
1.968050000000000068e+02 1.783319961229248962e+00
1.961510000000000105e+02 1.770196387787875469e+00
1.954950000000000045e+02 1.804725259040838248e+00
1.948389999999999986e+02 1.764267607920364966e+00
1.941839999999999975e+02 1.739337290502508404e+00
1.935279999999999916e+02 1.749844014022627459e+00
1.928739999999999952e+02 1.765207079063343620e+00
1.922179999999999893e+02 1.753769530192059722e+00
1.915620000000000118e+02 1.792064128679869972e+00
1.909060000000000059e+02 1.846477697177539401e+00
1.902500000000000000e+02 1.865852764168538735e+00
1.895939999999999941e+02 1.832633895874495211e+00
1.889389999999999930e+02 1.871210622638496135e+00
1.882829999999999870e+02 1.898089226436731947e+00
1.876270000000000095e+02 1.927852826009895493e+00
1.869699999999999989e+02 1.912392794035899568e+00
1.863139999999999930e+02 1.903368899223944588e+00
1.856570000000000107e+02 1.865729145828714630e+00
1.850010000000000048e+02 1.837921347275830009e+00
1.843460000000000036e+02 1.857504593358428435e+00
1.836889999999999930e+02 1.887802277409507568e+00
1.830329999999999870e+02 1.916140125667168181e+00
1.823760000000000048e+02 1.928677034216212505e+00
1.817189999999999941e+02 1.910146279260944935e+00
1.810620000000000118e+02 1.996182303940628344e+00
1.804050000000000011e+02 2.058363068945615382e+00
1.797500000000000000e+02 2.080231868970989328e+00
1.790929999999999893e+02 2.130687951311784012e+00
1.784360000000000070e+02 2.127821620303355310e+00
1.777789999999999964e+02 2.145885772729731134e+00
1.771220000000000141e+02 2.150221362625939214e+00
1.764650000000000034e+02 2.155970350485692411e+00
1.758069999999999879e+02 2.167433090623975822e+00
1.751500000000000057e+02 2.143474665782480137e+00
1.744939999999999998e+02 2.157624125933949255e+00
1.738369999999999891e+02 2.197808188798972662e+00
1.731790000000000020e+02 2.220098435744458421e+00
1.725219999999999914e+02 2.250743796148457321e+00
1.718640000000000043e+02 2.291004384357622659e+00
1.712059999999999889e+02 2.320754705851255206e+00
1.705490000000000066e+02 2.343078337942848588e+00
1.698909999999999911e+02 2.352315632251702482e+00
1.692330000000000041e+02 2.338912555839434582e+00
1.685749999999999886e+02 2.322741422828413338e+00
1.679190000000000111e+02 2.344206508345750173e+00
1.672609999999999957e+02 2.327976720587481729e+00
1.666030000000000086e+02 2.368217318295108953e+00
1.659449999999999932e+02 2.327204258086811528e+00
1.652870000000000061e+02 2.275633854307940407e+00
1.646279999999999859e+02 2.274567745118068807e+00
1.639699999999999989e+02 2.296334309432325416e+00
1.633120000000000118e+02 2.332536013496782079e+00
1.626539999999999964e+02 2.332257803950370523e+00
1.619950000000000045e+02 2.298688685537601639e+00
1.613369999999999891e+02 2.285191279517502227e+00
1.606779999999999973e+02 2.248078145430569386e+00
1.600190000000000055e+02 2.246493711486636791e+00
1.593609999999999900e+02 2.257850590214055320e+00
1.587040000000000077e+02 2.256087528382040297e+00
1.580449999999999875e+02 2.265712259717694188e+00
1.573859999999999957e+02 2.250876784827674282e+00
1.567270000000000039e+02 2.261501954717254126e+00
1.560680000000000121e+02 2.246662013035066519e+00
1.554089999999999918e+02 2.245688890465774801e+00
1.547500000000000000e+02 2.250851856545044161e+00
1.540910000000000082e+02 2.235985542503601042e+00
1.534319999999999879e+02 2.233504557597379314e+00
1.527729999999999961e+02 2.229718894719753930e+00
1.521140000000000043e+02 2.209972514231051566e+00
1.514540000000000077e+02 2.203702728641292463e+00
1.507949999999999875e+02 2.197383314269857113e+00
1.501359999999999957e+02 2.265514431559417119e+00
1.494759999999999991e+02 2.284996803015685529e+00
1.488170000000000073e+02 2.289865803817375589e+00
1.481570000000000107e+02 2.332355399181784694e+00
1.474970000000000141e+02 2.324917421909281856e+00
1.468379999999999939e+02 2.345460842741223129e+00
1.461779999999999973e+02 2.354035652774373322e+00
1.455180000000000007e+02 2.388915713873710267e+00
1.448580000000000041e+02 2.396885143418748143e+00
1.441980000000000075e+02 2.345280764174007881e+00
1.435380000000000109e+02 2.365620924456394825e+00
1.428779999999999859e+02 2.375433609283873704e+00
1.422179999999999893e+02 2.405193539079781395e+00
1.415579999999999927e+02 2.412175347496671840e+00
1.408979999999999961e+02 2.413384684369444866e+00
1.402379999999999995e+02 2.412227948567807090e+00
1.395769999999999982e+02 2.406548042203679572e+00
1.389170000000000016e+02 2.433486496671480204e+00
1.382560000000000002e+02 2.494511631921485062e+00
1.375960000000000036e+02 2.527809185909387857e+00
1.369350000000000023e+02 2.554135744904076244e+00
1.362750000000000057e+02 2.560879622038780390e+00
1.356140000000000043e+02 2.592713146215786413e+00
1.349540000000000077e+02 2.620848876732474686e+00
1.342930000000000064e+02 2.677658845776186514e+00
1.336320000000000050e+02 2.732547727020111061e+00
1.329710000000000036e+02 2.763942621892287566e+00
1.323100000000000023e+02 2.781464923196231620e+00
1.316490000000000009e+02 2.838231572889827969e+00
1.309879999999999995e+02 2.852678639038744635e+00
1.303269999999999982e+02 2.859751326573720664e+00
1.296659999999999968e+02 2.913413334628750295e+00
1.290049999999999955e+02 2.932519113437523472e+00
1.283420000000000130e+02 2.931426038964398906e+00
1.276809999999999974e+02 2.937051426859925041e+00
1.270190000000000055e+02 2.968602787127561982e+00
1.263580000000000041e+02 2.934869332242534767e+00
1.256959999999999980e+02 2.891720520407019990e+00
1.250349999999999966e+02 2.896628538806906406e+00
1.243730000000000047e+02 2.889903257357373079e+00
1.237120000000000033e+02 2.872701714230964765e+00
1.230499999999999972e+02 2.874202344545967680e+00
1.223880000000000052e+02 2.863379524756538785e+00
1.217259999999999991e+02 2.809165792986716426e+00
1.210639999999999930e+02 2.743556276690253259e+00
1.204030000000000058e+02 2.735064800727497136e+00
1.197409999999999997e+02 2.711988469761219989e+00
1.190780000000000030e+02 2.639635967708981124e+00
1.184150000000000063e+02 2.615209281286068332e+00
1.177530000000000001e+02 2.573329472031379517e+00
1.170909999999999940e+02 2.518625028469860361e+00
1.164279999999999973e+02 2.465314819279107894e+00
1.157660000000000053e+02 2.439455601358205161e+00
1.151039999999999992e+02 2.405985489584093973e+00
1.144410000000000025e+02 2.354834665096273927e+00
1.137789999999999964e+02 2.306742907981840673e+00
1.131159999999999997e+02 2.292014657220340812e+00
1.124539999999999935e+02 2.263917230978870876e+00
1.117890000000000015e+02 2.233422797626372081e+00
1.111269999999999953e+02 2.223082253949093090e+00
1.104639999999999986e+02 2.188909391822466688e+00
1.098010000000000019e+02 2.159108213787017228e+00
1.091380000000000052e+02 2.123100619062767258e+00
1.084749999999999943e+02 2.104235122381683087e+00
1.078119999999999976e+02 2.039384129406861756e+00
1.071490000000000009e+02 1.999767340083812295e+00
1.064849999999999994e+02 1.910260303802465254e+00
1.058209999999999980e+02 1.834497624818479222e+00
1.051580000000000013e+02 1.741216674215960269e+00
1.044950000000000045e+02 1.708855593345165014e+00
1.038319999999999936e+02 1.637341545002524157e+00
1.031680000000000064e+02 1.574241125844347611e+00
1.025049999999999955e+02 1.515700284325727232e+00
1.018400000000000034e+02 1.489742744621761261e+00
1.011760000000000019e+02 1.447900811390056885e+00
1.005130000000000052e+02 1.455501952047766334e+00
9.984900000000000375e+01 1.451217416933913595e+00
9.918529999999999802e+01 1.440392402175038722e+00
9.852150000000000318e+01 1.424545862296224596e+00
9.785769999999999413e+01 1.457595726354169452e+00
9.719230000000000302e+01 1.498451209735538026e+00
9.652830000000000155e+01 1.536321645978232509e+00
9.586430000000000007e+01 1.565083673327474889e+00
9.520029999999999859e+01 1.604840142643301881e+00
9.453610000000000468e+01 1.663419769165817463e+00
9.387199999999999989e+01 1.720832735980462269e+00
9.320619999999999550e+01 1.756533141495596917e+00
9.254200000000000159e+01 1.797899886799971814e+00
9.187760000000000105e+01 1.797688679376741039e+00
9.121320000000000050e+01 1.809618379133336230e+00
9.054879999999999995e+01 1.806281603945463887e+00
8.988280000000000314e+01 1.837924756878051236e+00
8.921819999999999595e+01 1.838361053337681961e+00
8.855360000000000298e+01 1.822850688061992130e+00
8.788890000000000668e+01 1.806114915979651014e+00
8.722419999999999618e+01 1.833846503390382132e+00
8.655939999999999657e+01 1.854081207234577366e+00
8.589300000000000068e+01 1.885289094206904048e+00
8.522809999999999775e+01 1.891581857390877142e+00
8.456319999999999482e+01 1.911174515969407350e+00
8.389820000000000277e+01 1.903020222884040269e+00
8.323160000000000025e+01 1.915177162492554208e+00
8.256650000000000489e+01 1.915238233656558986e+00
8.190130000000000621e+01 1.931071761401369491e+00
8.123609999999999332e+01 1.931532935169171017e+00
8.057080000000000553e+01 1.901885813397286462e+00
7.990389999999999304e+01 1.902551578778856056e+00
7.923850000000000193e+01 1.913371797351376857e+00
7.857299999999999329e+01 1.929681393441494253e+00
7.790749999999999886e+01 1.937232777179551224e+00
7.724039999999999395e+01 1.935228085043098956e+00
7.657479999999999620e+01 1.942978351475811216e+00
7.590909999999999513e+01 1.917699131028068438e+00
7.524339999999999407e+01 1.925314475802645031e+00
7.457760000000000389e+01 1.921129194824599207e+00
7.391020000000000323e+01 1.884036991459539179e+00
7.324429999999999552e+01 1.866041055394557446e+00
7.257829999999999870e+01 1.824646364683701893e+00
7.191230000000000189e+01 1.796574204725034818e+00
7.124469999999999459e+01 1.785257650078452940e+00
7.057850000000000534e+01 1.761820869114396837e+00
6.991230000000000189e+01 1.765255233693911130e+00
6.924609999999999843e+01 1.732332976055774187e+00
6.857829999999999870e+01 1.720314422756484829e+00
6.791190000000000282e+01 1.704506293728009325e+00
6.724550000000000693e+01 1.679992110305968289e+00
6.657750000000000057e+01 1.664635812912726776e+00
6.591100000000000136e+01 1.633675467850356444e+00
6.524439999999999884e+01 1.618916882575900607e+00
6.457769999999999300e+01 1.594952207068966565e+00
6.390950000000000131e+01 1.565490687571962969e+00
6.324269999999999925e+01 1.549592974276852164e+00
6.257589999999999719e+01 1.541664101549315546e+00
6.190899999999999892e+01 1.530624817310856978e+00
6.124060000000000059e+01 1.514093306722894772e+00
6.057359999999999900e+01 1.500813811626743766e+00
5.990659999999999741e+01 1.488671595692720562e+00
5.923799999999999955e+01 1.452991032166631280e+00
5.857079999999999842e+01 1.415125976408678987e+00
5.790359999999999729e+01 1.402871079350134220e+00
5.723629999999999995e+01 1.379084871676127477e+00
5.656750000000000256e+01 1.345662714279990846e+00
5.590010000000000190e+01 1.332406168014513170e+00
5.523270000000000124e+01 1.309187509031946695e+00
5.456360000000000099e+01 1.293354196999572103e+00
5.389609999999999701e+01 1.282874225666725376e+00
5.322849999999999682e+01 1.282080906333072923e+00
5.255930000000000035e+01 1.287770572230701793e+00
5.189159999999999684e+01 1.258727786908377277e+00
5.122379999999999711e+01 1.249553792955073739e+00
5.055440000000000111e+01 1.236490744652510854e+00
4.988660000000000139e+01 1.215520505269090501e+00
4.921860000000000213e+01 1.193405451558177566e+00
4.854910000000000281e+01 1.173299465633732330e+00
4.788100000000000023e+01 1.164608714886279817e+00
4.721289999999999765e+01 1.147678663621015671e+00
4.654319999999999879e+01 1.123468931580923424e+00
4.587500000000000000e+01 1.110562955019140041e+00
4.520669999999999789e+01 1.079660756053104409e+00
4.453679999999999950e+01 1.061595608406817437e+00
4.386840000000000117e+01 1.045627238653007218e+00
4.320000000000000284e+01 1.040824635023035460e+00
4.252989999999999782e+01 1.018295286250649134e+00
4.186129999999999995e+01 9.933405312016057032e-01
4.119270000000000209e+01 9.609982921299144998e-01
4.052250000000000085e+01 9.414272844793692974e-01
3.985379999999999967e+01 9.271586601724297605e-01
3.918500000000000227e+01 9.173569743560511247e-01
3.851460000000000150e+01 9.003899490876622336e-01
3.784570000000000078e+01 8.815733774925024191e-01
3.717519999999999669e+01 8.578602961258423587e-01
3.650619999999999976e+01 8.368175258145450490e-01
3.583709999999999951e+01 8.232905979352580506e-01
3.516640000000000299e+01 8.087563886622674003e-01
3.449719999999999942e+01 7.870015797976190886e-01
3.382800000000000296e+01 7.708611871458304066e-01
3.315709999999999980e+01 7.477855429933639719e-01
3.248780000000000001e+01 7.177092593592591108e-01
3.181680000000000064e+01 6.980674144108434120e-01
3.114730000000000132e+01 6.830072192262097719e-01
3.047779999999999845e+01 6.719839649247236757e-01
2.980669999999999931e+01 6.422082643230335730e-01
2.913700000000000045e+01 6.261646742374483710e-01
2.846730000000000160e+01 6.123360855353446874e-01
2.779599999999999937e+01 5.873044672985082704e-01
2.712620000000000076e+01 5.687822647144573640e-01
2.645479999999999876e+01 5.524261057938376629e-01
2.578490000000000038e+01 5.330243909240428568e-01
2.511329999999999885e+01 5.082388932851501506e-01
2.444330000000000069e+01 4.828982859581599785e-01
2.377319999999999922e+01 4.679699584270876067e-01
2.310150000000000148e+01 4.416373805613919568e-01
2.243130000000000024e+01 4.210103313371662548e-01
2.175949999999999918e+01 4.008166209879813202e-01
2.108909999999999840e+01 3.793366709171083762e-01
2.041870000000000118e+01 3.616069205745864323e-01
1.974680000000000035e+01 3.375399566557559239e-01
1.907629999999999981e+01 3.192947376455902431e-01
1.840419999999999945e+01 3.026286549223067279e-01
1.773349999999999937e+01 2.835856749362138385e-01
1.706129999999999924e+01 2.710840200336769312e-01
1.639059999999999917e+01 2.528537403587681198e-01
1.571979999999999933e+01 2.382307577382695163e-01
1.504739999999999966e+01 2.265179063365213019e-01
1.437650000000000006e+01 2.131364387214889911e-01
1.370410000000000039e+01 2.032083113131238628e-01
1.303299999999999947e+01 1.895048467273413861e-01
1.236040000000000028e+01 1.777433443072833907e-01
1.168929999999999936e+01 1.658747594649160328e-01
1.101660000000000039e+01 1.575659150012110044e-01
1.034529999999999994e+01 1.546709151119643189e-01
9.672489999999999810e+00 1.496495756423095180e-01
9.001129999999999853e+00 1.444653004782255057e-01
8.329710000000000392e+00 1.376376671898750237e-01
7.656710000000000349e+00 1.340524118259961150e-01
6.985170000000000101e+00 1.393680013560711084e-01
6.312050000000000161e+00 1.419295817534613757e-01
5.640399999999999636e+00 1.416510019850498736e-01
4.967170000000000307e+00 1.358635554874067231e-01
4.295410000000000394e+00 1.256963807008135148e-01
3.622059999999999835e+00 1.128886893660135948e-01
2.950180000000000025e+00 9.718477031843431035e-02
2.276720000000000077e+00 7.953641842469701129e-02
1.604729999999999990e+00 5.841031093550209247e-02
9.311519999999999797e-01 3.406452726843891415e-02
2.590439999999999965e-01 9.465672067176916435e-03
