4.498670000000000186e+02 1.066031766524433433e+00
4.492339999999999804e+02 8.438950905000730529e-01
4.486009999999999991e+02 7.424874999960711097e-01
4.479680000000000177e+02 1.040316181800707618e+00
4.473360000000000127e+02 1.008598231553533786e+00
4.467029999999999745e+02 9.569836345254653098e-01
4.460690000000000168e+02 1.133813236218673470e+00
4.454359999999999786e+02 1.022870032471404400e+00
4.448029999999999973e+02 9.914090389667177261e-01
4.441689999999999827e+02 1.078392776418888088e+00
4.435360000000000014e+02 1.184730988022260290e+00
4.429019999999999868e+02 1.389007666996925350e+00
4.422699999999999818e+02 1.200002154502880503e+00
4.416360000000000241e+02 1.354484644914863090e+00
4.410029999999999859e+02 1.342236366233829914e+00
4.403690000000000282e+02 1.222729309126792119e+00
4.397350000000000136e+02 1.220509448732417290e+00
4.391009999999999991e+02 1.189146234925571033e+00
4.384669999999999845e+02 9.637473354278263127e-01
4.378330000000000268e+02 1.029736573770648533e+00
4.371990000000000123e+02 9.505352438818792660e-01
4.365649999999999977e+02 1.016316068014739837e+00
4.359329999999999927e+02 7.929333739861345043e-01
4.352980000000000018e+02 6.568562339880507084e-01
4.346639999999999873e+02 6.460646300443717571e-01
4.340299999999999727e+02 6.735855921085617259e-01
4.333960000000000150e+02 6.723365530344593832e-01
4.327610000000000241e+02 9.192270235568111847e-01
4.321270000000000095e+02 8.317626766706180952e-01
4.314920000000000186e+02 6.875867510784533509e-01
4.308580000000000041e+02 6.198710593159393323e-01
4.302230000000000132e+02 6.850439018645306799e-01
4.295889999999999986e+02 7.877721024709282149e-01
4.289540000000000077e+02 6.541102340549205252e-01
4.283190000000000168e+02 7.377029291748847806e-01
4.276859999999999786e+02 7.364442476580845831e-01
4.270509999999999877e+02 6.317491503071869241e-01
4.264159999999999968e+02 5.275045110630984802e-01
4.257810000000000059e+02 6.293319032570200422e-01
4.251460000000000150e+02 7.027974386900690540e-01
4.245110000000000241e+02 8.411593963371410965e-01
4.238759999999999764e+02 8.488450679485839423e-01
4.232409999999999854e+02 9.307867949853978473e-01
4.226050000000000182e+02 8.178860657374443788e-01
4.219700000000000273e+02 8.348408839164712658e-01
4.213349999999999795e+02 8.609324801711493169e-01
4.206990000000000123e+02 9.881897806702436560e-01
4.200640000000000214e+02 9.954982634936867525e-01
4.194289999999999736e+02 1.103640061343827306e+00
4.187930000000000064e+02 8.909657819909597709e-01
4.181569999999999823e+02 8.435683328177563389e-01
4.175219999999999914e+02 8.966977937550157929e-01
4.168860000000000241e+02 1.095208761078864335e+00
4.162500000000000000e+02 1.193047050604578496e+00
4.156150000000000091e+02 1.208910868050386833e+00
4.149789999999999850e+02 1.242765227510855164e+00
4.143430000000000177e+02 1.276481554252031581e+00
4.137069999999999936e+02 1.147792952150033186e+00
4.130710000000000264e+02 1.334541068685006326e+00
4.124350000000000023e+02 1.421767217683691076e+00
4.117989999999999782e+02 1.490738926474949766e+00
4.111630000000000109e+02 1.434148041603147350e+00
4.105260000000000105e+02 1.377802242193416626e+00
4.098899999999999864e+02 1.419677796648873391e+00
4.092540000000000191e+02 1.221279936468981031e+00
4.086170000000000186e+02 1.236627370160528594e+00
4.079809999999999945e+02 1.313945459991232800e+00
4.073439999999999941e+02 1.258319096187066055e+00
4.067080000000000268e+02 1.202906362583990418e+00
4.060710000000000264e+02 1.341422822844714702e+00
4.054350000000000023e+02 1.145426685956075774e+00
4.047980000000000018e+02 1.169508077231138143e+00
4.041610000000000014e+02 1.132180215833591186e+00
4.035240000000000009e+02 1.217345125664166305e+00
4.028879999999999768e+02 1.031822256974908480e+00
4.022509999999999764e+02 1.116778468166333083e+00
4.016139999999999759e+02 9.235020481264403225e-01
4.009769999999999754e+02 9.390074923576565702e-01
4.003399999999999750e+02 7.381287612812611476e-01
3.997029999999999745e+02 8.920845675874419234e-01
3.990649999999999977e+02 8.385809560888420888e-01
3.984279999999999973e+02 6.735956324863935363e-01
3.977909999999999968e+02 6.293716406224815207e-01
3.971519999999999868e+02 6.107735329599762730e-01
3.965149999999999864e+02 4.814487575927775542e-01
3.958770000000000095e+02 5.486971662427794216e-01
3.952400000000000091e+02 3.603150756587947257e-01
3.946019999999999754e+02 4.955455763264108859e-01
3.939649999999999750e+02 3.503669208209343466e-01
3.933269999999999982e+02 3.327333685655998186e-01
3.926890000000000214e+02 5.262983437899124706e-01
3.920520000000000209e+02 4.915372557334166670e-01
3.914139999999999873e+02 6.419158651391498882e-01
3.907760000000000105e+02 6.489348326919720522e-01
3.901379999999999768e+02 8.653429442470386146e-01
3.895000000000000000e+02 1.055946399839775340e+00
3.888609999999999900e+02 9.538490285696942239e-01
3.882230000000000132e+02 9.768095546529050877e-01
3.875849999999999795e+02 1.074508380164642896e+00
3.869460000000000264e+02 1.163504338328746002e+00
3.863079999999999927e+02 1.268700149513925624e+00
3.856700000000000159e+02 1.332146095120349205e+00
3.850319999999999823e+02 1.403563836800382214e+00
3.843929999999999723e+02 1.269061809728590173e+00
3.837549999999999955e+02 1.348468799138805352e+00
3.831159999999999854e+02 1.304835317927427019e+00
3.824759999999999991e+02 1.285677651795234633e+00
3.818380000000000223e+02 1.234112660272349338e+00
3.811990000000000123e+02 1.028110805105830527e+00
3.805600000000000023e+02 1.139728990002286224e+00
3.799220000000000255e+02 1.088725282787755599e+00
3.792830000000000155e+02 9.651032146678780732e-01
3.786440000000000055e+02 1.043776236084656972e+00
3.780049999999999955e+02 9.609376355187112528e-01
3.773650000000000091e+02 9.912857437384106074e-01
3.767259999999999991e+02 1.285989817067739294e+00
3.760860000000000127e+02 1.259238313157409639e+00
3.754470000000000027e+02 1.520141281982629211e+00
3.748079999999999927e+02 1.500914161159389026e+00
3.741689999999999827e+02 1.577225578625942148e+00
3.735299999999999727e+02 1.661261302472307522e+00
3.728890000000000100e+02 1.681655710358697542e+00
3.722500000000000000e+02 1.551548804461216902e+00
3.716100000000000136e+02 1.753338410532951697e+00
3.709710000000000036e+02 1.607967031118565870e+00
3.703310000000000173e+02 1.541901655351108014e+00
3.696909999999999741e+02 1.491491826775523943e+00
3.690500000000000114e+02 1.527336196403702662e+00
3.684110000000000014e+02 1.446058397255615136e+00
3.677710000000000150e+02 1.411798763247794408e+00
3.671309999999999718e+02 1.346594668753302360e+00
3.664909999999999854e+02 1.545341711483604774e+00
3.658509999999999991e+02 1.425884798650506102e+00
3.652099999999999795e+02 1.422893101013533279e+00
3.645699999999999932e+02 1.596936000849605186e+00
3.639300000000000068e+02 1.562757023837557879e+00
3.632900000000000205e+02 1.543970805970513949e+00
3.626490000000000009e+02 1.578839440464310906e+00
3.620079999999999814e+02 1.537340776121070673e+00
3.613670000000000186e+02 1.511118993739465122e+00
3.607269999999999754e+02 1.401446128557527926e+00
3.600869999999999891e+02 1.443931941460618651e+00
3.594460000000000264e+02 1.304638113136991517e+00
3.588039999999999736e+02 1.203300144774898994e+00
3.581639999999999873e+02 1.163077692782962691e+00
3.575230000000000246e+02 1.070307073131405939e+00
3.568829999999999814e+02 1.202890302316075744e+00
3.562420000000000186e+02 1.162835373261333682e+00
3.556000000000000227e+02 1.182794391951406121e+00
3.549590000000000032e+02 1.239788791060839612e+00
3.543179999999999836e+02 1.118034217408166331e+00
3.536770000000000209e+02 1.152747363053872931e+00
3.530350000000000250e+02 1.320429403383244882e+00
3.523940000000000055e+02 1.361829495736204931e+00
3.517520000000000095e+02 1.358794957770619094e+00
3.511109999999999900e+02 1.098275509091196644e+00
3.504689999999999941e+02 1.191282626086539453e+00
3.498269999999999982e+02 1.225215806023072007e+00
3.491859999999999786e+02 1.200553064595330399e+00
3.485450000000000159e+02 1.176069287496533500e+00
3.479019999999999868e+02 1.151457256346590796e+00
3.472599999999999909e+02 1.076366737492856940e+00
3.466190000000000282e+02 1.059444492066910382e+00
3.459769999999999754e+02 1.028136005985976986e+00
3.453340000000000032e+02 1.119547359295478994e+00
3.446929999999999836e+02 1.174535973803935596e+00
3.440509999999999877e+02 1.128784055256581320e+00
3.434089999999999918e+02 1.111883511862318707e+00
3.427660000000000196e+02 1.037946855774946497e+00
3.421240000000000236e+02 1.185275889180784414e+00
3.414820000000000277e+02 1.218106581384421405e+00
3.408399999999999750e+02 1.208149117858570376e+00
3.401970000000000027e+02 1.269171276679338156e+00
3.395539999999999736e+02 1.280347412512101934e+00
3.389119999999999777e+02 1.242115825591996403e+00
3.382690000000000055e+02 1.274535316430707610e+00
3.376259999999999764e+02 1.446844083998114483e+00
3.369839999999999804e+02 1.555453397072929622e+00
3.363419999999999845e+02 1.489074150009653819e+00
3.356979999999999791e+02 1.395029813434173427e+00
3.350550000000000068e+02 1.370957639316480181e+00
3.344130000000000109e+02 1.305456520508733620e+00
3.337690000000000055e+02 1.323051370805762517e+00
3.331259999999999764e+02 1.354490513328920454e+00
3.324830000000000041e+02 1.537092630066081878e+00
3.318389999999999986e+02 1.451268052191569291e+00
3.311960000000000264e+02 1.564203257445839323e+00
3.305539999999999736e+02 1.512655243762406343e+00
3.299110000000000014e+02 1.604533834203459408e+00
3.292660000000000196e+02 1.662024953995135279e+00
3.286229999999999905e+02 1.753117637687774621e+00
3.279800000000000182e+02 1.721958847452245145e+00
3.273360000000000127e+02 1.670455835794510735e+00
3.266929999999999836e+02 1.511568909493247403e+00
3.260489999999999782e+02 1.481092317058744445e+00
3.254049999999999727e+02 1.444010792242788721e+00
3.247610000000000241e+02 1.520864143092444332e+00
3.241179999999999950e+02 1.463845920856896132e+00
3.234730000000000132e+02 1.500254812598093901e+00
3.228290000000000077e+02 1.503237440518198298e+00
3.221840000000000259e+02 1.625638790238472575e+00
3.215409999999999968e+02 1.634863834966071572e+00
3.208969999999999914e+02 1.769296108562004699e+00
3.202520000000000095e+02 1.844114928674572385e+00
3.196080000000000041e+02 1.833015086720855003e+00
3.189639999999999986e+02 1.887477627643106892e+00
3.183190000000000168e+02 1.967802390787044997e+00
3.176750000000000114e+02 1.845766860258972075e+00
3.170310000000000059e+02 1.652996542829714421e+00
3.163860000000000241e+02 1.648700769251792764e+00
3.157420000000000186e+02 1.605987249689719620e+00
3.150980000000000132e+02 1.505289435062514780e+00
3.144519999999999982e+02 1.475755575570625089e+00
3.138079999999999927e+02 1.427213891110788113e+00
3.131619999999999777e+02 1.398070286689899300e+00
3.125179999999999723e+02 1.356248585467685785e+00
3.118729999999999905e+02 1.371939043527222513e+00
3.112269999999999754e+02 1.597439457747448444e+00
3.105830000000000268e+02 1.498349131434502102e+00
3.099370000000000118e+02 1.456635861489081529e+00
3.092919999999999732e+02 1.471986127363826169e+00
3.086469999999999914e+02 1.430547832290353982e+00
3.080009999999999764e+02 1.558795979092516104e+00
3.073570000000000277e+02 1.629958113733015468e+00
3.067099999999999795e+02 1.650985744199407135e+00
3.060649999999999977e+02 1.621829188504159358e+00
3.054200000000000159e+02 1.611446347069656060e+00
3.047740000000000009e+02 1.601266072749808034e+00
3.041290000000000191e+02 1.591112626008876152e+00
3.034820000000000277e+02 1.759672712669932304e+00
3.028369999999999891e+02 1.865917301581980992e+00
3.021920000000000073e+02 1.946910432714078931e+00
3.015450000000000159e+02 1.887019831347919396e+00
3.008999999999999773e+02 1.760047642677665891e+00
3.002529999999999859e+02 1.932207862973573942e+00
2.996080000000000041e+02 1.854358328520437915e+00
2.989610000000000127e+02 1.764664307340426008e+00
2.983149999999999977e+02 1.917373205399411917e+00
2.976700000000000159e+02 1.834121226658457449e+00
2.970230000000000246e+02 1.841305713413430967e+00
2.963770000000000095e+02 1.722511638158308545e+00
2.957300000000000182e+02 1.682296293256504427e+00
2.950840000000000032e+02 1.731594581386898257e+00
2.944370000000000118e+02 1.602144454328489953e+00
2.937909999999999968e+02 1.651381508310523882e+00
2.931429999999999723e+02 1.931073946919496409e+00
2.924970000000000141e+02 1.920127568525658246e+00
2.918500000000000227e+02 1.826787560733898363e+00
2.912040000000000077e+02 1.792589554594532730e+00
2.905570000000000164e+02 1.875527999980485472e+00
2.899100000000000250e+02 1.981735469678011841e+00
2.892629999999999768e+02 2.139458437008067815e+00
2.886159999999999854e+02 2.232676130323982822e+00
2.879689999999999941e+02 2.296262798819906692e+00
2.873210000000000264e+02 2.301721996136704806e+00
2.866750000000000114e+02 2.272486974025153650e+00
2.860269999999999868e+02 2.392886727877983954e+00
2.853799999999999955e+02 2.432327684854099559e+00
2.847320000000000277e+02 2.402921661782687845e+00
2.840849999999999795e+02 2.516140564701628612e+00
2.834370000000000118e+02 2.566291481886745274e+00
2.827900000000000205e+02 2.678337913448310292e+00
2.821419999999999959e+02 2.772986669858237274e+00
2.814950000000000045e+02 2.816067042974148560e+00
2.808469999999999800e+02 2.921071377937307645e+00
2.801990000000000123e+02 2.823355000459621511e+00
2.795509999999999877e+02 2.759665680002576504e+00
2.789039999999999964e+02 2.791328102100266051e+00
2.782549999999999955e+02 2.789097570855443742e+00
2.776080000000000041e+02 2.792571076970822297e+00
2.769590000000000032e+02 2.751662311098161506e+00
2.763120000000000118e+02 2.804715174482790285e+00
2.756630000000000109e+02 2.753037969617317060e+00
2.750149999999999864e+02 2.800138925596329376e+00
2.743659999999999854e+02 3.033275689386042639e+00
2.737189999999999941e+02 3.210261573274471036e+00
2.730699999999999932e+02 3.255843771699955091e+00
2.724220000000000255e+02 3.208663450885041790e+00
2.717730000000000246e+02 3.134806589131181376e+00
2.711240000000000236e+02 3.077405032894553472e+00
2.704759999999999991e+02 2.982755556633269745e+00
2.698260000000000218e+02 3.033328272907928724e+00
2.691779999999999973e+02 3.131793768573851722e+00
2.685289999999999964e+02 2.978875283343461522e+00
2.678809999999999718e+02 2.938378247984601455e+00
2.672309999999999945e+02 2.887730903217620160e+00
2.665830000000000268e+02 2.948193115038697965e+00
2.659329999999999927e+02 3.150780611885789284e+00
2.652839999999999918e+02 3.236522911799061486e+00
2.646349999999999909e+02 3.374067519651348324e+00
2.639850000000000136e+02 3.285967602706933999e+00
2.633369999999999891e+02 3.245099576454549606e+00
2.626870000000000118e+02 3.329393466949583491e+00
2.620380000000000109e+02 3.252466695756324189e+00
2.613879999999999768e+02 3.382497043330737529e+00
2.607400000000000091e+02 3.311012581755808259e+00
2.600899999999999750e+02 3.162488163032508126e+00
2.594390000000000214e+02 3.240352822612229566e+00
2.587900000000000205e+02 3.174599571138950083e+00
2.581399999999999864e+02 3.180586348253042761e+00
2.574909999999999854e+02 3.150955729369315783e+00
2.568410000000000082e+02 3.298658994537281952e+00
2.561899999999999977e+02 3.410196459609966535e+00
2.555409999999999968e+02 3.344661499954466155e+00
2.548899999999999864e+02 3.415075485668782385e+00
2.542410000000000139e+02 3.410025297169076097e+00
2.535910000000000082e+02 3.294997255924167590e+00
2.529399999999999977e+02 3.295035169096279581e+00
2.522899999999999920e+02 3.339928423056016449e+00
2.516399999999999864e+02 3.443572012913981073e+00
2.509900000000000091e+02 3.290198798924219403e+00
2.503389999999999986e+02 3.299918976842621809e+00
2.496879999999999882e+02 3.373359307816029329e+00
2.490380000000000109e+02 3.387428843186337524e+00
2.483870000000000005e+02 3.489303331371088834e+00
2.477359999999999900e+02 3.580642871829470497e+00
2.470860000000000127e+02 3.535855399700396529e+00
2.464350000000000023e+02 3.640874375577206834e+00
2.457849999999999966e+02 3.485366328165027561e+00
2.451330000000000098e+02 3.565828948747410188e+00
2.444819999999999993e+02 3.497418083168608582e+00
2.438319999999999936e+02 3.439066519343814576e+00
2.431800000000000068e+02 3.395049441301237980e+00
2.425289999999999964e+02 3.384525252807109919e+00
2.418779999999999859e+02 3.515620054658759042e+00
2.412270000000000039e+02 3.603632306478696368e+00
2.405749999999999886e+02 3.517337319071291990e+00
2.399240000000000066e+02 3.665317696971037709e+00
2.392719999999999914e+02 3.653904498314021865e+00
2.386200000000000045e+02 3.721443336157082449e+00
2.379699999999999989e+02 3.700422068733921765e+00
2.373180000000000121e+02 3.799597463297708089e+00
2.366670000000000016e+02 3.787665311912272958e+00
2.360149999999999864e+02 3.780086928463729734e+00
2.353629999999999995e+02 3.850486978019706186e+00
2.347100000000000080e+02 3.988737076074860166e+00
2.340600000000000023e+02 3.962251957359009147e+00
2.334070000000000107e+02 3.940506039707311281e+00
2.327549999999999955e+02 4.086026903819869993e+00
2.321040000000000134e+02 4.194369713946145772e+00
2.314509999999999934e+02 4.167404643054775981e+00
2.307980000000000018e+02 4.270145125527086805e+00
2.301469999999999914e+02 4.256289869640127677e+00
2.294939999999999998e+02 4.197944439936706296e+00
2.288420000000000130e+02 4.108911767710160312e+00
2.281899999999999977e+02 4.249999892282469105e+00
2.275370000000000061e+02 4.354881527028185317e+00
2.268839999999999861e+02 4.410848244856779843e+00
2.262330000000000041e+02 4.505417319574773316e+00
2.255800000000000125e+02 4.630015335350069705e+00
2.249269999999999925e+02 4.619050981311655590e+00
2.242729999999999961e+02 4.638439065143625584e+00
2.236220000000000141e+02 4.735039976018007302e+00
2.229679999999999893e+02 4.758001589165369971e+00
2.223149999999999977e+02 4.789071769183823157e+00
2.216630000000000109e+02 4.717625540437910381e+00
2.210099999999999909e+02 4.637712352509684166e+00
2.203559999999999945e+02 4.554096479756602811e+00
2.197019999999999982e+02 4.513334993746805246e+00
2.190500000000000114e+02 4.527512604809707852e+00
2.183969999999999914e+02 4.520431091792695533e+00
2.177429999999999950e+02 4.500804659207350511e+00
2.170889999999999986e+02 4.522934082174497661e+00
2.164370000000000118e+02 4.445020125163567037e+00
2.157829999999999870e+02 4.504314554756729372e+00
2.151289999999999907e+02 4.455655605326887425e+00
2.144749999999999943e+02 4.563632461680058761e+00
2.138220000000000027e+02 4.560098293585956419e+00
2.131680000000000064e+02 4.564584865044976070e+00
2.125140000000000100e+02 4.585297262581168987e+00
2.118600000000000136e+02 4.508412192487017300e+00
2.112069999999999936e+02 4.589601764392448047e+00
2.105529999999999973e+02 4.549237257973917536e+00
2.098979999999999961e+02 4.513107063173604772e+00
2.092439999999999998e+02 4.448991001952451008e+00
2.085910000000000082e+02 4.437251448853125169e+00
2.079360000000000070e+02 4.417469407084879229e+00
2.072820000000000107e+02 4.389802988680359341e+00
2.066270000000000095e+02 4.291264541511860209e+00
2.059739999999999895e+02 4.354451124301060183e+00
2.053189999999999884e+02 4.334761566421573065e+00
2.046639999999999873e+02 4.284024601178141545e+00
2.040089999999999861e+02 4.284005513905446705e+00
2.033540000000000134e+02 4.272259774291779166e+00
2.027009999999999934e+02 4.148793371441649391e+00
2.020459999999999923e+02 4.102801692212524109e+00
2.013909999999999911e+02 4.011135655334419958e+00
2.007350000000000136e+02 4.087913709620991654e+00
2.000800000000000125e+02 4.046213372977232048e+00
1.994259999999999877e+02 3.959257128131700387e+00
1.987709999999999866e+02 3.948301531231048322e+00
1.981160000000000139e+02 3.911100508462193925e+00
1.974600000000000080e+02 3.956333409118550026e+00
1.968050000000000068e+02 3.870583019484030718e+00
1.961510000000000105e+02 3.845058824906952388e+00
1.954950000000000045e+02 3.923094950218199983e+00
1.948389999999999986e+02 3.838114339428028821e+00
1.941839999999999975e+02 3.786804510617543418e+00
1.935279999999999916e+02 3.812634627073346660e+00
1.928739999999999952e+02 3.849085673736752256e+00
1.922179999999999893e+02 3.827115216942311271e+00
1.915620000000000118e+02 3.913726037032990934e+00
1.909060000000000059e+02 4.035703020484019632e+00
1.902500000000000000e+02 4.081226561856347246e+00
1.895939999999999941e+02 4.011687163165597703e+00
1.889389999999999930e+02 4.099325636569696840e+00
1.882829999999999870e+02 4.161457328507364828e+00
1.876270000000000095e+02 4.230016530331688784e+00
1.869699999999999989e+02 4.199379033703112718e+00
1.863139999999999930e+02 4.182833169007947660e+00
1.856570000000000107e+02 4.103328820813209710e+00
1.850010000000000048e+02 4.045336272456340865e+00
1.843460000000000036e+02 4.091643136161387417e+00
1.836889999999999930e+02 4.161653329418125047e+00
1.830329999999999870e+02 4.227444669761945661e+00
1.823760000000000048e+02 4.258455487928887173e+00
1.817189999999999941e+02 4.220862421918560869e+00
1.810620000000000118e+02 4.414462292213740646e+00
1.804050000000000011e+02 4.555569627762610097e+00
1.797500000000000000e+02 4.607597045345106501e+00
1.790929999999999893e+02 4.723089020704055230e+00
1.784360000000000070e+02 4.720466994301185437e+00
1.777789999999999964e+02 4.764312296796116009e+00
1.771220000000000141e+02 4.777721781324054895e+00
1.764650000000000034e+02 4.794295679786796605e+00
1.758069999999999879e+02 4.823618054198421490e+00
1.751500000000000057e+02 4.774086543248226455e+00
1.744939999999999998e+02 4.809416877318455796e+00
1.738369999999999891e+02 4.902889129052402595e+00
1.731790000000000020e+02 4.956565629026447262e+00
1.725219999999999914e+02 5.028990663864688848e+00
1.718640000000000043e+02 5.123039139255872065e+00
1.712059999999999889e+02 5.193715957215437662e+00
1.705490000000000066e+02 5.247865220162506894e+00
1.698909999999999911e+02 5.272773375755847702e+00
1.692330000000000041e+02 5.246930478300695810e+00
1.685749999999999886e+02 5.214831338771793057e+00
1.679190000000000111e+02 5.267235676066836625e+00
1.672609999999999957e+02 5.234969419958843240e+00
1.666030000000000086e+02 5.329742820047047580e+00
1.659449999999999932e+02 5.241653078910794683e+00
1.652870000000000061e+02 5.129622976931017320e+00
1.646279999999999859e+02 5.131357680337262472e+00
1.639699999999999989e+02 5.184641595994136765e+00
1.633120000000000118e+02 5.270630142735543977e+00
1.626539999999999964e+02 5.274258323029992646e+00
1.619950000000000045e+02 5.202550561643444205e+00
1.613369999999999891e+02 5.176185847125398531e+00
1.606779999999999973e+02 5.096247974922420987e+00
1.600190000000000055e+02 5.096789044226812671e+00
1.593609999999999900e+02 5.126710141081424865e+00
1.587040000000000077e+02 5.126858109260505003e+00
1.580449999999999875e+02 5.152918861499525605e+00
1.573859999999999957e+02 5.123345289417501114e+00
1.567270000000000039e+02 5.151724526125324388e+00
1.560680000000000121e+02 5.122091378772203996e+00
1.554089999999999918e+02 5.124050882605774682e+00
1.547500000000000000e+02 5.140026153720629765e+00
1.540910000000000082e+02 5.110250191503737049e+00
1.534319999999999879e+02 5.108755420092498944e+00
1.527729999999999961e+02 5.104271336930653824e+00
1.521140000000000043e+02 5.063211661238067762e+00
1.514540000000000077e+02 5.052992797447060092e+00
1.507949999999999875e+02 5.042636833199312107e+00
1.501359999999999957e+02 5.203260182478578244e+00
1.494759999999999991e+02 5.252326665658402227e+00
1.488170000000000073e+02 5.267848268166934744e+00
1.481570000000000107e+02 5.370021653415289364e+00
1.474970000000000141e+02 5.357312544271548127e+00
1.468379999999999939e+02 5.409107852562097918e+00
1.461779999999999973e+02 5.433369800624528345e+00
1.455180000000000007e+02 5.518438662298486008e+00
1.448580000000000041e+02 5.541431245697310715e+00
1.441980000000000075e+02 5.426614086560753059e+00
1.435380000000000109e+02 5.478216593791059630e+00
1.428779999999999859e+02 5.505504603796669727e+00
1.422179999999999893e+02 5.579108526970261828e+00
1.415579999999999927e+02 5.599953150273409008e+00
1.408979999999999961e+02 5.607419775171742948e+00
1.402379999999999995e+02 5.609396409924187310e+00
1.395769999999999982e+02 5.600855998859589846e+00
1.389170000000000016e+02 5.668272940700418872e+00
1.382560000000000002e+02 5.815274786058562739e+00
1.375960000000000036e+02 5.897820030393668311e+00
1.369350000000000023e+02 5.964232006423173083e+00
1.362750000000000057e+02 5.984980087746061272e+00
1.356140000000000043e+02 6.064457009736440085e+00
1.349540000000000077e+02 6.135402448065534031e+00
1.342930000000000064e+02 6.273658318414915058e+00
1.336320000000000050e+02 6.407641215619604758e+00
1.329710000000000036e+02 6.486709901823271451e+00
1.323100000000000023e+02 6.533325654717325293e+00
1.316490000000000009e+02 6.672279010839887725e+00
1.309879999999999995e+02 6.711893300351588820e+00
1.303269999999999982e+02 6.734208372108546392e+00
1.296659999999999968e+02 6.866364752462842169e+00
1.290049999999999955e+02 6.917231332762266760e+00
1.283420000000000130e+02 6.920515054069342753e+00
1.276809999999999974e+02 6.939660839251078350e+00
1.270190000000000055e+02 7.020158292302600245e+00
1.263580000000000041e+02 6.946263907760154233e+00
1.256959999999999980e+02 6.849949017654134664e+00
1.250349999999999966e+02 6.867397456162478875e+00
1.243730000000000047e+02 6.857279522677708350e+00
1.237120000000000033e+02 6.822255096941410635e+00
1.230499999999999972e+02 6.831632895508302994e+00
1.223880000000000052e+02 6.811709431067947129e+00
1.217259999999999991e+02 6.688438947183553474e+00
1.210639999999999930e+02 6.537801318484681268e+00
1.204030000000000058e+02 6.523126264455733292e+00
1.197409999999999997e+02 6.473618925520188583e+00
1.190780000000000030e+02 6.306307899388593263e+00
1.184150000000000063e+02 6.253308254712802494e+00
1.177530000000000001e+02 6.158439971175188710e+00
1.170909999999999940e+02 6.032689998978287171e+00
1.164279999999999973e+02 5.910073800971381353e+00
1.157660000000000053e+02 5.853104320311410369e+00
1.151039999999999992e+02 5.777759228819906667e+00
1.144410000000000025e+02 5.659795466673940290e+00
1.137789999999999964e+02 5.548979476576705316e+00
1.131159999999999997e+02 5.518307363868433235e+00
1.124539999999999935e+02 5.455358393154158492e+00
1.117890000000000015e+02 5.386540233669527389e+00
1.111269999999999953e+02 5.366231165857120011e+00
1.104639999999999986e+02 5.288314541846703243e+00
1.098010000000000019e+02 5.220833623923371469e+00
1.091380000000000052e+02 5.138214525641684460e+00
1.084749999999999943e+02 5.096974783831622169e+00
1.078119999999999976e+02 4.944175965802418027e+00
1.071490000000000009e+02 4.852341999499138581e+00
1.064849999999999994e+02 4.639189951845779092e+00
1.058209999999999980e+02 4.459074771531969184e+00
1.051580000000000013e+02 4.236020077809429019e+00
1.044950000000000045e+02 4.160914098411074846e+00
1.038319999999999936e+02 3.990257343531071754e+00
1.031680000000000064e+02 3.839830016109771371e+00
1.025049999999999955e+02 3.700265782636723788e+00
1.018400000000000034e+02 3.640083623322185158e+00
1.011760000000000019e+02 3.540943344664278403e+00
1.005130000000000052e+02 3.562649803716770425e+00
9.984900000000000375e+01 3.555279686332133871e+00
9.918529999999999802e+01 3.531857113092243594e+00
9.852150000000000318e+01 3.496069518710321677e+00
9.785769999999999413e+01 3.580327003663175578e+00
9.719230000000000302e+01 3.683930669856144480e+00
9.652830000000000155e+01 3.780364445961058362e+00
9.586430000000000007e+01 3.854534851566040032e+00
9.520029999999999859e+01 3.955937633492950578e+00
9.453610000000000468e+01 4.103961251502369123e+00
9.387199999999999989e+01 4.249364512939524552e+00
9.320619999999999550e+01 4.341369543378008622e+00
9.254200000000000159e+01 4.447545226046582201e+00
9.187760000000000105e+01 4.450963376216453327e+00
9.121320000000000050e+01 4.484474406063775120e+00
9.054879999999999995e+01 4.480177752421305115e+00
8.988280000000000314e+01 4.562723175516675056e+00
8.921819999999999595e+01 4.567863853773310723e+00
8.855360000000000298e+01 4.533353725356080055e+00
8.788890000000000668e+01 4.495731887132713211e+00
8.722419999999999618e+01 4.568830002355632303e+00
8.655939999999999657e+01 4.623363886261586231e+00
8.589300000000000068e+01 4.705392435793494421e+00
8.522809999999999775e+01 4.725316704991263883e+00
8.456319999999999482e+01 4.778530413191941051e+00
8.389820000000000277e+01 4.762400155970896165e+00
8.323160000000000025e+01 4.797126912572982960e+00
8.256650000000000489e+01 4.801580342118819011e+00
8.190130000000000621e+01 4.845620068731300023e+00
8.123609999999999332e+01 4.851129287250386390e+00
8.057080000000000553e+01 4.780960976919538474e+00
7.990389999999999304e+01 4.786946422505716114e+00
7.923850000000000193e+01 4.818504954766521742e+00
7.857299999999999329e+01 4.863957071441920021e+00
7.790749999999999886e+01 4.887394272477044943e+00
7.724039999999999395e+01 4.886752792017626135e+00
7.657479999999999620e+01 4.910754908807905217e+00
7.590909999999999513e+01 4.851243763420027832e+00
7.524339999999999407e+01 4.874914813940080194e+00
7.457760000000000389e+01 4.868721895035832858e+00
7.391020000000000323e+01 4.779054600723408264e+00
7.324429999999999552e+01 4.737698301272023294e+00
7.257829999999999870e+01 4.636804901829053804e+00
7.191230000000000189e+01 4.569614072847206998e+00
7.124469999999999459e+01 4.544967829310369467e+00
7.057850000000000534e+01 4.489382688304304203e+00
6.991230000000000189e+01 4.502230676963505651e+00
6.924609999999999843e+01 4.422289045232005833e+00
6.857829999999999870e+01 4.395622838576374036e+00
6.791190000000000282e+01 4.359206931603480051e+00
6.724550000000000693e+01 4.300437732775781008e+00
6.657750000000000057e+01 4.265033845362033560e+00
6.591100000000000136e+01 4.189538643743183854e+00
6.524439999999999884e+01 4.155492919007887309e+00
6.457769999999999300e+01 4.097732134931178827e+00
6.390950000000000131e+01 4.025737407853219096e+00
6.324269999999999925e+01 3.988514449916840565e+00
6.257589999999999719e+01 3.971752659007103503e+00
6.190899999999999892e+01 3.946939146816801358e+00
6.124060000000000059e+01 3.907911624648077176e+00
6.057359999999999900e+01 3.877205281814317228e+00
5.990659999999999741e+01 3.849382456433175559e+00
5.923799999999999955e+01 3.760593818666702948e+00
5.857079999999999842e+01 3.665973906792413750e+00
5.790359999999999729e+01 3.637585528292169634e+00
5.723629999999999995e+01 3.579216176224929935e+00
5.656750000000000256e+01 3.495713137981498075e+00
5.590010000000000190e+01 3.464482609433718441e+00
5.523270000000000124e+01 3.407265933005565461e+00
5.456360000000000099e+01 3.369189512654263474e+00
5.389609999999999701e+01 3.344992791690167611e+00
5.322849999999999682e+01 3.346031986803460256e+00
5.255930000000000035e+01 3.364015577943518132e+00
5.189159999999999684e+01 3.291208342566565026e+00
5.122379999999999711e+01 3.270265598974404053e+00
5.055440000000000111e+01 3.239102542282405128e+00
4.988660000000000139e+01 3.187140123014459370e+00
4.921860000000000213e+01 3.132076318027349426e+00
4.854910000000000281e+01 3.082193204967819344e+00
4.788100000000000023e+01 3.062225711884257962e+00
4.721289999999999765e+01 3.020535169161359779e+00
4.654319999999999879e+01 2.959595160923129686e+00
4.587500000000000000e+01 2.928340175251836097e+00
4.520669999999999789e+01 2.849528510308488194e+00
4.453679999999999950e+01 2.804487454668580071e+00
4.386840000000000117e+01 2.764899613218915420e+00
4.320000000000000284e+01 2.754790027715459555e+00
4.252989999999999782e+01 2.697704357449887347e+00
4.186129999999999995e+01 2.634073065161636862e+00
4.119270000000000209e+01 2.550712779617716031e+00
4.052250000000000085e+01 2.501130594703498300e+00
3.985379999999999967e+01 2.465549398563813277e+00
3.918500000000000227e+01 2.441790889156697730e+00
3.851460000000000150e+01 2.398901515526826511e+00
3.784570000000000078e+01 2.350992728159757572e+00
3.717519999999999669e+01 2.289927150726027261e+00
3.650619999999999976e+01 2.235875089351433864e+00
3.583709999999999951e+01 2.201821043699833780e+00
3.516640000000000299e+01 2.165010236360860763e+00
3.449719999999999942e+01 2.108776286951119960e+00
3.382800000000000296e+01 2.067493274978855045e+00
3.315709999999999980e+01 2.007517282903453104e+00
3.248780000000000001e+01 1.928609549000642076e+00
3.181680000000000064e+01 1.877621771174101895e+00
3.114730000000000132e+01 1.838867510805177963e+00
3.047779999999999845e+01 1.810918042722020616e+00
2.980669999999999931e+01 1.732333859932143172e+00
2.913700000000000045e+01 1.690673192432524230e+00
2.846730000000000160e+01 1.654918764786152741e+00
2.779599999999999937e+01 1.588791849514843202e+00
2.712620000000000076e+01 1.540160779653920065e+00
2.645479999999999876e+01 1.497310403739731788e+00
2.578490000000000038e+01 1.446111180101681049e+00
2.511329999999999885e+01 1.380195852951507929e+00
2.444330000000000069e+01 1.312641044087382136e+00
2.377319999999999922e+01 1.273287014151756047e+00
2.310150000000000148e+01 1.202799567702693695e+00
2.243130000000000024e+01 1.147727379797548908e+00
2.175949999999999918e+01 1.093733601387277155e+00
2.108909999999999840e+01 1.036119574652323294e+00
2.041870000000000118e+01 9.886472666297316803e-01
1.974680000000000035e+01 9.237415163666288231e-01
1.907629999999999981e+01 8.746558780236616260e-01
1.840419999999999945e+01 8.298068618772233007e-01
1.773349999999999937e+01 7.783449186432636058e-01
1.706129999999999924e+01 7.447559948618339698e-01
1.639059999999999917e+01 6.953458614913526903e-01
1.571979999999999933e+01 6.557694846436177283e-01
1.504739999999999966e+01 6.241359700138168209e-01
1.437650000000000006e+01 5.878370311845150242e-01
1.370410000000000039e+01 5.610023471938492268e-01
1.303299999999999947e+01 5.236809424189535767e-01
1.236040000000000028e+01 4.916594255015238057e-01
1.168929999999999936e+01 4.592775614577575549e-01
1.101660000000000039e+01 4.366994534070733902e-01
1.034529999999999994e+01 4.290958293660982470e-01
9.672489999999999810e+00 4.155731909442958449e-01
9.001129999999999853e+00 4.015700984266840079e-01
8.329710000000000392e+00 3.829668327925552784e-01
7.656710000000000349e+00 3.733585433056805236e-01
6.985170000000000101e+00 3.885456846930086527e-01
6.312050000000000161e+00 3.960778743206977981e-01
5.640399999999999636e+00 3.956900748066064510e-01
4.967170000000000307e+00 3.798983499576591427e-01
4.295410000000000394e+00 3.518158108548728458e-01
3.622059999999999835e+00 3.162805055685648514e-01
2.950180000000000025e+00 2.725517181641448627e-01
2.276720000000000077e+00 2.232784294887694421e-01
1.604729999999999990e+00 1.641343769351672754e-01
9.311519999999999797e-01 9.581706071976911487e-02
2.590439999999999965e-01 2.665150329586304240e-02
