4.498670000000000186e+02 5.966404427921752074e-01
4.492339999999999804e+02 4.720432723448326207e-01
4.486009999999999991e+02 4.150695610161033167e-01
4.479680000000000177e+02 5.811089991899799356e-01
4.473360000000000127e+02 5.630280362600621480e-01
4.467029999999999745e+02 5.338735666505886046e-01
4.460690000000000168e+02 6.320714104024840463e-01
4.454359999999999786e+02 5.698656715530590056e-01
4.448029999999999973e+02 5.519794041363519366e-01
4.441689999999999827e+02 5.999959236538081608e-01
4.435360000000000014e+02 6.587070270512140890e-01
4.429019999999999868e+02 7.717415687316866446e-01
4.422699999999999818e+02 6.663126072650762399e-01
4.416360000000000241e+02 7.515679917293657253e-01
4.410029999999999859e+02 7.442791265740580364e-01
4.403690000000000282e+02 6.775764695523616155e-01
4.397350000000000136e+02 6.758961121869878630e-01
4.391009999999999991e+02 6.580931643108731688e-01
4.384669999999999845e+02 5.330314465149428305e-01
4.378330000000000268e+02 5.691360374361740249e-01
4.371990000000000123e+02 5.250235735501534995e-01
4.365649999999999977e+02 5.609689531718728972e-01
4.359329999999999927e+02 4.374163928406390456e-01
4.352980000000000018e+02 3.621371034750934248e-01
4.346639999999999873e+02 3.559509695776449378e-01
4.340299999999999727e+02 3.708564447323114410e-01
4.333960000000000150e+02 3.699197154970153556e-01
4.327610000000000241e+02 5.053525447258063741e-01
4.321270000000000095e+02 4.569763716181526880e-01
4.314920000000000186e+02 3.775398470412819063e-01
4.308580000000000041e+02 3.401455322877259269e-01
4.302230000000000132e+02 3.756347358463465458e-01
4.295889999999999986e+02 4.316452064118631027e-01
4.289540000000000077e+02 3.581936268785206323e-01
4.283190000000000168e+02 4.036720617467053907e-01
4.276859999999999786e+02 4.027098740820871381e-01
4.270509999999999877e+02 3.452485307747696908e-01
4.264159999999999968e+02 2.881110249225034559e-01
4.257810000000000059e+02 3.434583022412535103e-01
4.251460000000000150e+02 3.832694066218614859e-01
4.245110000000000241e+02 4.583764880554532795e-01
4.238759999999999764e+02 4.622458329766423457e-01
4.232409999999999854e+02 5.065032135117273349e-01
4.226050000000000182e+02 4.447808953251148334e-01
4.219700000000000273e+02 4.536852401506647481e-01
4.213349999999999795e+02 4.675367574865724185e-01
4.206990000000000123e+02 5.362488881644020822e-01
4.200640000000000214e+02 5.398406837430677063e-01
4.194289999999999736e+02 5.980518162410898286e-01
4.187930000000000064e+02 4.825040605549478778e-01
4.181569999999999823e+02 4.565280359758585593e-01
4.175219999999999914e+02 4.849337599237287799e-01
4.168860000000000241e+02 5.918389450507884897e-01
4.162500000000000000e+02 6.442458171074264550e-01
4.156150000000000091e+02 6.523559129918351518e-01
4.149789999999999850e+02 6.701520054090928102e-01
4.143430000000000177e+02 6.878480746413155877e-01
4.137069999999999936e+02 6.180872985686566290e-01
4.130710000000000264e+02 7.181209509497940013e-01
4.124350000000000023e+02 7.645106834452629618e-01
4.117989999999999782e+02 8.010277545902171337e-01
4.111630000000000109e+02 7.700848007548346530e-01
4.105260000000000105e+02 7.393149839379227206e-01
4.098899999999999864e+02 7.612439202267388128e-01
4.092540000000000191e+02 6.544233177228568898e-01
4.086170000000000186e+02 6.621771491720931380e-01
4.079809999999999945e+02 7.030715984508736360e-01
4.073439999999999941e+02 6.728372896032298600e-01
4.067080000000000268e+02 6.427597558774498232e-01
4.060710000000000264e+02 7.162469531368388376e-01
4.054350000000000023e+02 6.111862436166758394e-01
4.047980000000000018e+02 6.235886808734166786e-01
4.041610000000000014e+02 6.032608813339384035e-01
4.035240000000000009e+02 6.481648612087500538e-01
4.028879999999999768e+02 5.490186874079355794e-01
4.022509999999999764e+02 5.937849052768637836e-01
4.016139999999999759e+02 4.906983317684356916e-01
4.009769999999999754e+02 4.985772697510580387e-01
4.003399999999999750e+02 3.916725391778735910e-01
3.997029999999999745e+02 4.729923531106344226e-01
3.990649999999999977e+02 4.443142447925753635e-01
3.984279999999999973e+02 3.566738383166948023e-01
3.977909999999999968e+02 3.330277650206267537e-01
3.971519999999999868e+02 3.229579317233041702e-01
3.965149999999999864e+02 2.544257605746074180e-01
3.958770000000000095e+02 2.897314279425703964e-01
3.952400000000000091e+02 1.901770179097948821e-01
3.946019999999999754e+02 2.613024911523061378e-01
3.939649999999999750e+02 1.846627672913600804e-01
3.933269999999999982e+02 1.752495808334811334e-01
3.926890000000000214e+02 2.769045169835288589e-01
3.920520000000000209e+02 2.584380847099114753e-01
3.914139999999999873e+02 3.372084610897025381e-01
3.907760000000000105e+02 3.406452188668973036e-01
3.901379999999999768e+02 4.538593318146225131e-01
3.895000000000000000e+02 5.533880476194532605e-01
3.888609999999999900e+02 4.995311130853335446e-01
3.882230000000000132e+02 5.111770110379882937e-01
3.875849999999999795e+02 5.618758653698461281e-01
3.869460000000000264e+02 6.079526995216213425e-01
3.863079999999999927e+02 6.624180341227789981e-01
3.856700000000000159e+02 6.950250967363883481e-01
3.850319999999999823e+02 7.317384072502145509e-01
3.843929999999999723e+02 6.611432763109015287e-01
3.837549999999999955e+02 7.019836503566692087e-01
3.831159999999999854e+02 6.787714531820200348e-01
3.824759999999999991e+02 6.683117894525396618e-01
3.818380000000000223e+02 6.410389371193124797e-01
3.811990000000000123e+02 5.336643669362360898e-01
3.805600000000000023e+02 5.911457114028986215e-01
3.799220000000000255e+02 5.642789959467718885e-01
3.792830000000000155e+02 4.998515890657900806e-01
3.786440000000000055e+02 5.401826057163935380e-01
3.780049999999999955e+02 4.969524533049310411e-01
3.773650000000000091e+02 5.122585183861669833e-01
3.767259999999999991e+02 6.640072660563612894e-01
3.760860000000000127e+02 6.497099737138266606e-01
3.754470000000000027e+02 7.837042530964467568e-01
3.748079999999999927e+02 7.732130505833153533e-01
3.741689999999999827e+02 8.119075607731196520e-01
3.735299999999999727e+02 8.545153187081663271e-01
3.728890000000000100e+02 8.643506256421390477e-01
3.722500000000000000e+02 7.968880529099264809e-01
3.716100000000000136e+02 8.998285305767600439e-01
3.709710000000000036e+02 8.246120283877808044e-01
3.703310000000000173e+02 7.901392327849913189e-01
3.696909999999999741e+02 7.637325255170873683e-01
3.690500000000000114e+02 7.814888678705868008e-01
3.684110000000000014e+02 7.393484205701357226e-01
3.677710000000000150e+02 7.212865490883948461e-01
3.671309999999999718e+02 6.874569863411632564e-01
3.664909999999999854e+02 7.882968424608985947e-01
3.658509999999999991e+02 7.268170977335074445e-01
3.652099999999999795e+02 7.247375746848484512e-01
3.645699999999999932e+02 8.127444608380489655e-01
3.639300000000000068e+02 7.947437945291047079e-01
3.632900000000000205e+02 7.845901211467315450e-01
3.626490000000000009e+02 8.016893053199286578e-01
3.620079999999999814e+02 7.800209727201894427e-01
3.613670000000000186e+02 7.661286544039485058e-01
3.607269999999999754e+02 7.099890650387565838e-01
3.600869999999999891e+02 7.309448022503887143e-01
3.594460000000000264e+02 6.599357867784154674e-01
3.588039999999999736e+02 6.082151793598605805e-01
3.581639999999999873e+02 5.874350051976928722e-01
3.575230000000000246e+02 5.401721569340292017e-01
3.568829999999999814e+02 6.065970088041460206e-01
3.562420000000000186e+02 5.859474299605293979e-01
3.556000000000000227e+02 5.955380594673067574e-01
3.549590000000000032e+02 6.237418983515365944e-01
3.543179999999999836e+02 5.620627919611773660e-01
3.536770000000000209e+02 5.790573827025512488e-01
3.530350000000000250e+02 6.627489423905564836e-01
3.523940000000000055e+02 6.829896206884087384e-01
3.517520000000000095e+02 6.809339787089557783e-01
3.511109999999999900e+02 5.499762057107147051e-01
3.504689999999999941e+02 5.960700158838795337e-01
3.498269999999999982e+02 6.125627066056388292e-01
3.491859999999999786e+02 5.997634325699017221e-01
3.485450000000000159e+02 5.870727122776231433e-01
3.479019999999999868e+02 5.743357310902796886e-01
3.472599999999999909e+02 5.364666786040519497e-01
3.466190000000000282e+02 5.276180281022845309e-01
3.459769999999999754e+02 5.116249841482509719e-01
3.453340000000000032e+02 5.566587926685200305e-01
3.446929999999999836e+02 5.835307386666216400e-01
3.440509999999999877e+02 5.603606746876841349e-01
3.434089999999999918e+02 5.515342180529968497e-01
3.427660000000000196e+02 5.144581118241937645e-01
3.421240000000000236e+02 5.869938417656574980e-01
3.414820000000000277e+02 6.027680186654666983e-01
3.408399999999999750e+02 5.973646808309200917e-01
3.401970000000000027e+02 6.270276332413914355e-01
3.395539999999999736e+02 6.320412245234783288e-01
3.389119999999999777e+02 6.126815104025628012e-01
3.382690000000000055e+02 6.281643330545986226e-01
3.376259999999999764e+02 7.124961855639057040e-01
3.369839999999999804e+02 7.653550511014671764e-01
3.363419999999999845e+02 7.321102061936507477e-01
3.356979999999999791e+02 6.853278411698288108e-01
3.350550000000000068e+02 6.729609152582114451e-01
3.344130000000000109e+02 6.402981322736761571e-01
3.337690000000000055e+02 6.484005490721100884e-01
3.331259999999999764e+02 6.632675621258145027e-01
3.324830000000000041e+02 7.520557850939306732e-01
3.318389999999999986e+02 7.094949330444138003e-01
3.311960000000000264e+02 7.640749446382488763e-01
3.305539999999999736e+02 7.382997055074792536e-01
3.299110000000000014e+02 7.824983560154612494e-01
3.292660000000000196e+02 8.098683271428213093e-01
3.286229999999999905e+02 8.535516614384196510e-01
3.279800000000000182e+02 8.376991014286053749e-01
3.273360000000000127e+02 8.119827272628266090e-01
3.266929999999999836e+02 7.341619064136944983e-01
3.260489999999999782e+02 7.187721655027949907e-01
3.254049999999999727e+02 7.002044274608963947e-01
3.247610000000000241e+02 7.368574233829116027e-01
3.241179999999999950e+02 7.086544026269114838e-01
3.234730000000000132e+02 7.256775427391340960e-01
3.228290000000000077e+02 7.265203384794954866e-01
3.221840000000000259e+02 7.850169267843956078e-01
3.215409999999999968e+02 7.888195065308276632e-01
3.208969999999999914e+02 8.529657663387827382e-01
3.202520000000000095e+02 8.882924355861170351e-01
3.196080000000000041e+02 8.822145657183724232e-01
3.189639999999999986e+02 9.076691173651159072e-01
3.183190000000000168e+02 9.455035349434618430e-01
3.176750000000000114e+02 8.861376239748122163e-01
3.170310000000000059e+02 7.929431467654641796e-01
3.163860000000000241e+02 7.902226420132462126e-01
3.157420000000000186e+02 7.691112171174898648e-01
3.150980000000000132e+02 7.202928697516109979e-01
3.144519999999999982e+02 7.055709948510651142e-01
3.138079999999999927e+02 6.817959618889751772e-01
3.131619999999999777e+02 6.673150622294553580e-01
3.125179999999999723e+02 6.468139824884386879e-01
3.118729999999999905e+02 6.537452748621392917e-01
3.112269999999999754e+02 7.605360037502071346e-01
3.105830000000000268e+02 7.127671675334033008e-01
3.099370000000000118e+02 6.923422263487621908e-01
3.092919999999999732e+02 6.990460798244984009e-01
3.086469999999999914e+02 6.787963270195117582e-01
3.080009999999999764e+02 7.390119010796674104e-01
3.073570000000000277e+02 7.720898788697621029e-01
3.067099999999999795e+02 7.813835320352874314e-01
3.060649999999999977e+02 7.669348763410175351e-01
3.054200000000000159e+02 7.613782710333069081e-01
3.047740000000000009e+02 7.559244938486006093e-01
3.041290000000000191e+02 7.504924271610519115e-01
3.034820000000000277e+02 8.292754563744676455e-01
3.028369999999999891e+02 8.785870856358419800e-01
3.021920000000000073e+02 9.159350701757681401e-01
3.015450000000000159e+02 8.870015567146792845e-01
3.008999999999999773e+02 8.266179351338929227e-01
3.002529999999999859e+02 9.066819405280870381e-01
2.996080000000000041e+02 8.694098978153358415e-01
2.989610000000000127e+02 8.266504782176301580e-01
2.983149999999999977e+02 8.974024460112469681e-01
2.976700000000000159e+02 8.577040771215944659e-01
2.970230000000000246e+02 8.603193220403276831e-01
2.963770000000000095e+02 8.041276254106177745e-01
2.957300000000000182e+02 7.846765560169450815e-01
2.950840000000000032e+02 8.069682739087274959e-01
2.944370000000000118e+02 7.460023914872452311e-01
2.937909999999999968e+02 7.682579143801597787e-01
2.931429999999999723e+02 8.975739114966057031e-01
2.924970000000000141e+02 8.917110534090213481e-01
2.918500000000000227e+02 8.476304654681636741e-01
2.912040000000000077e+02 8.310404764916730080e-01
2.905570000000000164e+02 8.687258183348917084e-01
2.899100000000000250e+02 9.171109786238843542e-01
2.892629999999999768e+02 9.892264943079360773e-01
2.886159999999999854e+02 1.031418440891979538e+00
2.879689999999999941e+02 1.059859841905264499e+00
2.873210000000000264e+02 1.061445477299069795e+00
2.866750000000000114e+02 1.047045911246078820e+00
2.860269999999999868e+02 1.101542571289385597e+00
2.853799999999999955e+02 1.118711145089701597e+00
2.847320000000000277e+02 1.104212246246997209e+00
2.840849999999999795e+02 1.155214043681152880e+00
2.834370000000000118e+02 1.177194946360815564e+00
2.827900000000000205e+02 1.227501047600847439e+00
2.821419999999999959e+02 1.269748727994867377e+00
2.814950000000000045e+02 1.288331115944151950e+00
2.808469999999999800e+02 1.335178660789390515e+00
2.801990000000000123e+02 1.289370502200781976e+00
2.795509999999999877e+02 1.259165841874221758e+00
2.789039999999999964e+02 1.272478374825968261e+00
2.782549999999999955e+02 1.270325978834769165e+00
2.776080000000000041e+02 1.270774152273643098e+00
2.769590000000000032e+02 1.251039351731624061e+00
2.763120000000000118e+02 1.274018568681145158e+00
2.756630000000000109e+02 1.249425129949441882e+00
2.750149999999999864e+02 1.269660048787309314e+00
2.743659999999999854e+02 1.374125091840580737e+00
2.737189999999999941e+02 1.452991707561229306e+00
2.730699999999999932e+02 1.472293865661162604e+00
2.724220000000000255e+02 1.449654496682333704e+00
2.717730000000000246e+02 1.415010891182505004e+00
2.711240000000000236e+02 1.387847749509926842e+00
2.704759999999999991e+02 1.343951616173959973e+00
2.698260000000000218e+02 1.365497317248748788e+00
2.691779999999999973e+02 1.408543797246596618e+00
2.685289999999999964e+02 1.338557878791480027e+00
2.678809999999999718e+02 1.319164939399416703e+00
2.672309999999999945e+02 1.295248823203177579e+00
2.665830000000000268e+02 1.321164536791663791e+00
2.659329999999999927e+02 1.410653792015225783e+00
2.652839999999999918e+02 1.447717753359131887e+00
2.646349999999999909e+02 1.507860172441490176e+00
2.639850000000000136e+02 1.467147706587659473e+00
2.633369999999999891e+02 1.447578840532556699e+00
2.626870000000000118e+02 1.483816129480411306e+00
2.620380000000000109e+02 1.448206117514076574e+00
2.613879999999999768e+02 1.504715760413586345e+00
2.607400000000000091e+02 1.471567371733796481e+00
2.600899999999999750e+02 1.404266984219827652e+00
2.594390000000000214e+02 1.437511097170007357e+00
2.587900000000000205e+02 1.407045967496053374e+00
2.581399999999999864e+02 1.408397308716472951e+00
2.574909999999999854e+02 1.393989623501695752e+00
2.568410000000000082e+02 1.457978350879674423e+00
2.561899999999999977e+02 1.505874883781907592e+00
2.555409999999999968e+02 1.475570507850246793e+00
2.548899999999999864e+02 1.505232235900952009e+00
2.542410000000000139e+02 1.501612000452538620e+00
2.535910000000000082e+02 1.449613083609180286e+00
2.529399999999999977e+02 1.448277914910083952e+00
2.522899999999999920e+02 1.466640288604511122e+00
2.516399999999999864e+02 1.510738495566683826e+00
2.509900000000000091e+02 1.442108250725867125e+00
2.503389999999999986e+02 1.445014023381432811e+00
2.496879999999999882e+02 1.475786208579493719e+00
2.490380000000000109e+02 1.480552640003541809e+00
2.483870000000000005e+02 1.523643710790919092e+00
2.477359999999999900e+02 1.562055474442702874e+00
2.470860000000000127e+02 1.541068755941040314e+00
2.464350000000000023e+02 1.585342296306817111e+00
2.457849999999999966e+02 1.516204969268218683e+00
2.451330000000000098e+02 1.549738900663933494e+00
2.444819999999999993e+02 1.518572583485032990e+00
2.438319999999999936e+02 1.491827826311132199e+00
2.431800000000000068e+02 1.471338376111642532e+00
2.425289999999999964e+02 1.465387471588314838e+00
2.418779999999999859e+02 1.520699070782767670e+00
2.412270000000000039e+02 1.557286244532016140e+00
2.405749999999999886e+02 1.518549520354545157e+00
2.399240000000000066e+02 1.580927306280747624e+00
2.392719999999999914e+02 1.574501193054902437e+00
2.386200000000000045e+02 1.602070907826327772e+00
2.379699999999999989e+02 1.591503554935516318e+00
2.373180000000000121e+02 1.632591065576816547e+00
2.366670000000000016e+02 1.625907764548991885e+00
2.360149999999999864e+02 1.621098815338722909e+00
2.353629999999999995e+02 1.649703130544124319e+00
2.347100000000000080e+02 1.707286925291397806e+00
2.340600000000000023e+02 1.694325000475508824e+00
2.334070000000000107e+02 1.683401773382676270e+00
2.327549999999999955e+02 1.743883010902700592e+00
2.321040000000000134e+02 1.788395907615670355e+00
2.314509999999999934e+02 1.775180545932775189e+00
2.307980000000000018e+02 1.817181268014846474e+00
2.301469999999999914e+02 1.809535382426428640e+00
2.294939999999999998e+02 1.783000090671130078e+00
2.288420000000000130e+02 1.743494963333749759e+00
2.281899999999999977e+02 1.801607942191189249e+00
2.275370000000000061e+02 1.844269424927798218e+00
2.268839999999999861e+02 1.866150368383662883e+00
2.262330000000000041e+02 1.904305995990373424e+00
2.255800000000000125e+02 1.955057314263750623e+00
2.249269999999999925e+02 1.948522278626157789e+00
2.242729999999999961e+02 1.954784188773720732e+00
2.236220000000000141e+02 1.993545468521145114e+00
2.229679999999999893e+02 2.001246368423020172e+00
2.223149999999999977e+02 2.012338287623047339e+00
2.216630000000000109e+02 1.980375029635289774e+00
2.210099999999999909e+02 1.944917036947771072e+00
2.203559999999999945e+02 1.907970874108814607e+00
2.197019999999999982e+02 1.889029354001723560e+00
2.190500000000000114e+02 1.893097828244826530e+00
2.183969999999999914e+02 1.888271810112778670e+00
2.177429999999999950e+02 1.878213943102291061e+00
2.170889999999999986e+02 1.885579161772034773e+00
2.164370000000000118e+02 1.851267660941606552e+00
2.157829999999999870e+02 1.874100062474391093e+00
2.151289999999999907e+02 1.852014298798227987e+00
2.144749999999999943e+02 1.895007275668039615e+00
2.138220000000000027e+02 1.891658214621857903e+00
2.131680000000000064e+02 1.891632949638306194e+00
2.125140000000000100e+02 1.898321186454250409e+00
2.118600000000000136e+02 1.864629002968061444e+00
2.112069999999999936e+02 1.896312757061995979e+00
2.105529999999999973e+02 1.877755927008192272e+00
2.098979999999999961e+02 1.860975550502273146e+00
2.092439999999999998e+02 1.832700082705389644e+00
2.085910000000000082e+02 1.826033526798708673e+00
2.079360000000000070e+02 1.816064898812497219e+00
2.072820000000000107e+02 1.802877514167810391e+00
2.066270000000000095e+02 1.760634079580919886e+00
2.059739999999999895e+02 1.784760628050486408e+00
2.053189999999999884e+02 1.774896948512831196e+00
2.046639999999999873e+02 1.752350491824157253e+00
2.040089999999999861e+02 1.750569857176802024e+00
2.033540000000000134e+02 1.744002510967662900e+00
2.027009999999999934e+02 1.691892512540082771e+00
2.020459999999999923e+02 1.671440154269302258e+00
2.013909999999999911e+02 1.632438460738499852e+00
2.007350000000000136e+02 1.661989666244727104e+00
2.000800000000000125e+02 1.643362585332488690e+00
1.994259999999999877e+02 1.606411608750268227e+00
1.987709999999999866e+02 1.600333204195682368e+00
1.981160000000000139e+02 1.583637482806490526e+00
1.974600000000000080e+02 1.600312442687947811e+00
1.968050000000000068e+02 1.564027494646831773e+00
1.961510000000000105e+02 1.552126019974629179e+00
1.954950000000000045e+02 1.581999716412565649e+00
1.948389999999999986e+02 1.546142770749207029e+00
1.941839999999999975e+02 1.523907932600526927e+00
1.935279999999999916e+02 1.532722747892230952e+00
1.928739999999999952e+02 1.545786214546492676e+00
1.922179999999999893e+02 1.535378195633601006e+00
1.915620000000000118e+02 1.568502301301680113e+00
1.909060000000000059e+02 1.615713074135755489e+00
1.902500000000000000e+02 1.632247588881953204e+00
1.895939999999999941e+02 1.602776059739671188e+00
1.889389999999999930e+02 1.636093365474797112e+00
1.882829999999999870e+02 1.659166640712893326e+00
1.876270000000000095e+02 1.684748432197894719e+00
1.869699999999999989e+02 1.670805353291059170e+00
1.863139999999999930e+02 1.662490953773091418e+00
1.856570000000000107e+02 1.629191796052764207e+00
1.850010000000000048e+02 1.604492966519151631e+00
1.843460000000000036e+02 1.621167722041169101e+00
1.836889999999999930e+02 1.647180434817707706e+00
1.830329999999999870e+02 1.671469915356014857e+00
1.823760000000000048e+02 1.681965702492068893e+00
1.817189999999999941e+02 1.665369043861497644e+00
1.810620000000000118e+02 1.739922407982300578e+00
1.804050000000000011e+02 1.793648663398495602e+00
1.797500000000000000e+02 1.812229217386023938e+00
1.790929999999999893e+02 1.855695205271175707e+00
1.784360000000000070e+02 1.852709647351899802e+00
1.777789999999999964e+02 1.867944145650692445e+00
1.771220000000000141e+02 1.871222603351206715e+00
1.764650000000000034e+02 1.875728128347949664e+00
1.758069999999999879e+02 1.885199322653874354e+00
1.751500000000000057e+02 1.863865074522688126e+00
1.744939999999999998e+02 1.875669774026500924e+00
1.738369999999999891e+02 1.910092763164231044e+00
1.731790000000000020e+02 1.928948672169112033e+00
1.725219999999999914e+02 1.955051778628063452e+00
1.718640000000000043e+02 1.989488907809674467e+00
1.712059999999999889e+02 2.014782125644067445e+00
1.705490000000000066e+02 2.033615885610791540e+00
1.698909999999999911e+02 2.041082930406301177e+00
1.692330000000000041e+02 2.028905615486996883e+00
1.685749999999999886e+02 2.014333426646501835e+00
1.679190000000000111e+02 2.032399713257748708e+00
1.672609999999999957e+02 2.017781720689654446e+00
1.666030000000000086e+02 2.052102914608826545e+00
1.659449999999999932e+02 2.016016460019924406e+00
1.652870000000000061e+02 1.970805610321778589e+00
1.646279999999999859e+02 1.969344438401541275e+00
1.639699999999999989e+02 1.987647154189776444e+00
1.633120000000000118e+02 2.018430093912118917e+00
1.626539999999999964e+02 2.017636715567141525e+00
1.619950000000000045e+02 1.988050149640679054e+00
1.613369999999999891e+02 1.975834084158800019e+00
1.606779999999999973e+02 1.943210013264939029e+00
1.600190000000000055e+02 1.941304825923674704e+00
1.593609999999999900e+02 1.950580622341572257e+00
1.587040000000000077e+02 1.948519963919569609e+00
1.580449999999999875e+02 1.956290395763448764e+00
1.573859999999999957e+02 1.942941874437259075e+00
1.567270000000000039e+02 1.951571008088349712e+00
1.560680000000000121e+02 1.938225499134005325e+00
1.554089999999999918e+02 1.936846152950137068e+00
1.547500000000000000e+02 1.940757339815919247e+00
1.540910000000000082e+02 1.927400485867682089e+00
1.534319999999999879e+02 1.924723149526629706e+00
1.527729999999999961e+02 1.920922406229563784e+00
1.521140000000000043e+02 1.903376543972800095e+00
1.514540000000000077e+02 1.897442399813595637e+00
1.507949999999999875e+02 1.891468771185862652e+00
1.501359999999999957e+02 1.949564711732202360e+00
1.494759999999999991e+02 1.965774084102561492e+00
1.488170000000000073e+02 1.969406011627067743e+00
1.481570000000000107e+02 2.005380367359160143e+00
1.474970000000000141e+02 1.998417677336516096e+00
1.468379999999999939e+02 2.015503651294475063e+00
1.461779999999999973e+02 2.022296193993792457e+00
1.455180000000000007e+02 2.051675489263935503e+00
1.448580000000000041e+02 2.057932102128193552e+00
1.441980000000000075e+02 2.013049895365407682e+00
1.435380000000000109e+02 2.029927170085068511e+00
1.428779999999999859e+02 2.037762868648985926e+00
1.422179999999999893e+02 2.062699758436509878e+00
1.415579999999999927e+02 2.068092497799873808e+00
1.408979999999999961e+02 2.068533520869314302e+00
1.402379999999999995e+02 2.066945893942141232e+00
1.395769999999999982e+02 2.061482681811233952e+00
1.389170000000000016e+02 2.083955584740806888e+00
1.382560000000000002e+02 2.135595548599354299e+00
1.375960000000000036e+02 2.163474425774754017e+00
1.369350000000000023e+02 2.185370611023829124e+00
1.362750000000000057e+02 2.190503588677058744e+00
1.356140000000000043e+02 2.217086101959922395e+00
1.349540000000000077e+02 2.240491875290183454e+00
1.342930000000000064e+02 2.288387378972136954e+00
1.336320000000000050e+02 2.334612405699130200e+00
1.329710000000000036e+02 2.360742587611684318e+00
1.323100000000000023e+02 2.375010933937026003e+00
1.316490000000000009e+02 2.422769255531135535e+00
1.309879999999999995e+02 2.434384299815230968e+00
1.303269999999999982e+02 2.439700121429095425e+00
1.296659999999999968e+02 2.484745730668840302e+00
1.290049999999999955e+02 2.500300591432932151e+00
1.283420000000000130e+02 2.498626170980764449e+00
1.276809999999999974e+02 2.502678542386580940e+00
1.270190000000000055e+02 2.528811111601016570e+00
1.263580000000000041e+02 2.499331825192911083e+00
1.256959999999999980e+02 2.461852041847749639e+00
1.250349999999999966e+02 2.465295006399740085e+00
1.243730000000000047e+02 2.458835579309820663e+00
1.237120000000000033e+02 2.443469016520835257e+00
1.230499999999999972e+02 2.444012199422648912e+00
1.223880000000000052e+02 2.434078063175633577e+00
1.217259999999999991e+02 2.387274570398531193e+00
1.210639999999999930e+02 2.330816683475064988e+00
1.204030000000000058e+02 2.322903018002095532e+00
1.197409999999999997e+02 2.302608717160363305e+00
1.190780000000000030e+02 2.240499533353685457e+00
1.184150000000000063e+02 2.219093285400646209e+00
1.177530000000000001e+02 2.182894917974257609e+00
1.170909999999999940e+02 2.135841936021285026e+00
1.164279999999999973e+02 2.089997467072886028e+00
1.157660000000000053e+02 2.067445458275358305e+00
1.151039999999999992e+02 2.038457888454577205e+00
1.144410000000000025e+02 1.994510823037351832e+00
1.137789999999999964e+02 1.953180704957134139e+00
1.131159999999999997e+02 1.940114918858700799e+00
1.124539999999999935e+02 1.915744021899608018e+00
1.117890000000000015e+02 1.889356734223226475e+00
1.111269999999999953e+02 1.880031117249851835e+00
1.104639999999999986e+02 1.850561070891384663e+00
1.098010000000000019e+02 1.824803022707424116e+00
1.091380000000000052e+02 1.793816154976113575e+00
1.084749999999999943e+02 1.777326377388653400e+00
1.078119999999999976e+02 1.722016891370701686e+00
1.071490000000000009e+02 1.688041339596111134e+00
1.064849999999999994e+02 1.611985342956353984e+00
1.058209999999999980e+02 1.547570445177015364e+00
1.051580000000000013e+02 1.468422030548966362e+00
1.044950000000000045e+02 1.440681390225745151e+00
1.038319999999999936e+02 1.379959290508396386e+00
1.031680000000000064e+02 1.326362584836512371e+00
1.025049999999999955e+02 1.276639792290338082e+00
1.018400000000000034e+02 1.254381640511232243e+00
1.011760000000000019e+02 1.218766906730026633e+00
1.005130000000000052e+02 1.224779631492033394e+00
9.984900000000000375e+01 1.220789004920684206e+00
9.918529999999999802e+01 1.211300256861471025e+00
9.852150000000000318e+01 1.197595328123042702e+00
9.785769999999999413e+01 1.224991561026996356e+00
9.719230000000000302e+01 1.258926686504529435e+00
9.652830000000000155e+01 1.290333358978317246e+00
9.586430000000000007e+01 1.314071877633956387e+00
9.520029999999999859e+01 1.347022714113254249e+00
9.453610000000000468e+01 1.395745769880361475e+00
9.387199999999999989e+01 1.443458461886387489e+00
9.320619999999999550e+01 1.472931857728156047e+00
9.254200000000000159e+01 1.507136653033133378e+00
9.187760000000000105e+01 1.506476198802144451e+00
9.121320000000000050e+01 1.515986204530694215e+00
9.054879999999999995e+01 1.512704189614157535e+00
8.988280000000000314e+01 1.538707254861510609e+00
8.921819999999999595e+01 1.538576045406014003e+00
8.855360000000000298e+01 1.525102293209999127e+00
8.788890000000000668e+01 1.510611458107147254e+00
8.722419999999999618e+01 1.533308842201307920e+00
8.655939999999999657e+01 1.549724433715809147e+00
8.589300000000000068e+01 1.575296157976555866e+00
8.522809999999999775e+01 1.580040058746704723e+00
8.456319999999999482e+01 1.595885759207892107e+00
8.389820000000000277e+01 1.588558395446513671e+00
8.323160000000000025e+01 1.598183002509251605e+00
8.256650000000000489e+01 1.597711197005081685e+00
8.190130000000000621e+01 1.610391923944579862e+00
8.123609999999999332e+01 1.610248183796521904e+00
8.057080000000000553e+01 1.585011801481460481e+00
7.990389999999999304e+01 1.585043889212736534e+00
7.923850000000000193e+01 1.593533269331284030e+00
7.857299999999999329e+01 1.606586360620199549e+00
7.790749999999999886e+01 1.612340635704777370e+00
7.724039999999999395e+01 1.610138200884792425e+00
7.657479999999999620e+01 1.616051092995616001e+00
7.590909999999999513e+01 1.594496458280301177e+00
7.524339999999999407e+01 1.600296658750666845e+00
7.457760000000000389e+01 1.596286846635141643e+00
7.391020000000000323e+01 1.564944122530247395e+00
7.324429999999999552e+01 1.549479256126553572e+00
7.257829999999999870e+01 1.514601078559727254e+00
7.191230000000000189e+01 1.490800382472819097e+00
7.124469999999999459e+01 1.480912706944433888e+00
7.057850000000000534e+01 1.460981318497960091e+00
6.991230000000000189e+01 1.463337668723603269e+00
6.924609999999999843e+01 1.435563511910798784e+00
6.857829999999999870e+01 1.425122824315449677e+00
6.791190000000000282e+01 1.411551168410589918e+00
6.724550000000000693e+01 1.390780635659325082e+00
6.657750000000000057e+01 1.377601000851801150e+00
6.591100000000000136e+01 1.351521603115972248e+00
6.524439999999999884e+01 1.338857979376312679e+00
6.457769999999999300e+01 1.318591257558946683e+00
6.390950000000000131e+01 1.293793765938005214e+00
6.324269999999999925e+01 1.280219247792496740e+00
6.257589999999999719e+01 1.273234566281398195e+00
6.190899999999999892e+01 1.263685938150051813e+00
6.124060000000000059e+01 1.249609360393381330e+00
6.057359999999999900e+01 1.238225642069718413e+00
5.990659999999999741e+01 1.227787006081734633e+00
5.923799999999999955e+01 1.197947301905798012e+00
5.857079999999999842e+01 1.166327892102799524e+00
5.790359999999999729e+01 1.155829741761738472e+00
5.723629999999999995e+01 1.135840768073369977e+00
5.656750000000000256e+01 1.107930518241366347e+00
5.590010000000000190e+01 1.096636952098370532e+00
5.523270000000000124e+01 1.077154152879115312e+00
5.456360000000000099e+01 1.063757567673457416e+00
5.389609999999999701e+01 1.054772030622581847e+00
5.322849999999999682e+01 1.053753585517555491e+00
5.255930000000000035e+01 1.058060916956531372e+00
5.189159999999999684e+01 1.033838636125484323e+00
5.122379999999999711e+01 1.025945772964619973e+00
5.055440000000000111e+01 1.014865021934521883e+00
4.988660000000000139e+01 9.973046861044372324e-01
4.921860000000000213e+01 9.788170165893741448e-01
4.854910000000000281e+01 9.619882200182301446e-01
4.788100000000000023e+01 9.545274192120901668e-01
4.721289999999999765e+01 9.403207080030603349e-01
4.654319999999999879e+01 9.201604026802533420e-01
4.587500000000000000e+01 9.092693750960929577e-01
4.520669999999999789e+01 8.836564169748872821e-01
4.453679999999999950e+01 8.685631170592079675e-01
4.386840000000000117e+01 8.551955998392425373e-01
4.320000000000000284e+01 8.509660092043161983e-01
4.252989999999999782e+01 8.322502363577440887e-01
4.186129999999999995e+01 8.115663964767484417e-01
4.119270000000000209e+01 7.848633582118630381e-01
4.052250000000000085e+01 7.686049235441820837e-01
3.985379999999999967e+01 7.566856962386265817e-01
3.918500000000000227e+01 7.484188015898621815e-01
3.851460000000000150e+01 7.343131003266847312e-01
3.784570000000000078e+01 7.187098279261553424e-01
3.717519999999999669e+01 6.991262637317167128e-01
3.650619999999999976e+01 6.817323448314158707e-01
3.583709999999999951e+01 6.704712072411356250e-01
3.516640000000000299e+01 6.583972119459804428e-01
3.449719999999999942e+01 6.404560470358890978e-01
3.382800000000000296e+01 6.270947471853561828e-01
3.315709999999999980e+01 6.081024341383811649e-01
3.248780000000000001e+01 5.834331944637051182e-01
3.181680000000000064e+01 5.672600889713309558e-01
3.114730000000000132e+01 5.548205993130010949e-01
3.047779999999999845e+01 5.456678970284458696e-01
2.980669999999999931e+01 5.212992637112859873e-01
2.913700000000000045e+01 5.080911018109286470e-01
2.846730000000000160e+01 4.966889324499209613e-01
2.779599999999999937e+01 4.762105624082947908e-01
2.712620000000000076e+01 4.610234203116490570e-01
2.645479999999999876e+01 4.476017503760836291e-01
2.578490000000000038e+01 4.317233006784155225e-01
2.511329999999999885e+01 4.114968988585548937e-01
2.444330000000000069e+01 3.908362141101212051e-01
2.377319999999999922e+01 3.786145406153601511e-01
2.310150000000000148e+01 3.571781098908132779e-01
2.243130000000000024e+01 3.403702456969774359e-01
2.175949999999999918e+01 3.239245098982304616e-01
2.108909999999999840e+01 3.064519099173736438e-01
2.041870000000000118e+01 2.920205621961276532e-01
1.974680000000000035e+01 2.724837515137709665e-01
1.907629999999999981e+01 2.576594008318548457e-01
1.840419999999999945e+01 2.441195170594422925e-01
1.773349999999999937e+01 2.286731398572285912e-01
1.706129999999999924e+01 2.185106214674333303e-01
1.639059999999999917e+01 2.037398843575785323e-01
1.571979999999999933e+01 1.918855531798863423e-01
1.504739999999999966e+01 1.823829055784451647e-01
1.437650000000000006e+01 1.715444418624265943e-01
1.370410000000000039e+01 1.634922389764869588e-01
1.303299999999999947e+01 1.524098160359831367e-01
1.236040000000000028e+01 1.428967365881332885e-01
1.168929999999999936e+01 1.333048035873391213e-01
1.101660000000000039e+01 1.265795697695863975e-01
1.034529999999999994e+01 1.242069280578510515e-01
9.672489999999999810e+00 1.201290304788622115e-01
9.001129999999999853e+00 1.159235040916561377e-01
8.329710000000000392e+00 1.104029200187491427e-01
7.656710000000000349e+00 1.074861480168826239e-01
6.985170000000000101e+00 1.117057344161841437e-01
6.312050000000000161e+00 1.137154194600216300e-01
5.640399999999999636e+00 1.134489183777663696e-01
4.967170000000000307e+00 1.087720893705908937e-01
4.295410000000000394e+00 1.005938159213581734e-01
3.622059999999999835e+00 9.030928214355457562e-02
2.950180000000000025e+00 7.771660406909701446e-02
2.276720000000000077e+00 6.357914619103352538e-02
1.604729999999999990e+00 4.667361590223457340e-02
9.311519999999999797e-01 2.720927984181869749e-02
2.590439999999999965e-01 7.557863950905280466e-03
