4.498670000000000186e+02 1.699872134656839728e+00
4.492339999999999804e+02 1.345886690005083430e+00
4.486009999999999991e+02 1.184368436080145415e+00
4.479680000000000177e+02 1.659832172756249058e+00
4.473360000000000127e+02 1.609534256741932401e+00
4.467029999999999745e+02 1.527456679625676772e+00
4.460690000000000168e+02 1.810079634628340095e+00
4.454359999999999786e+02 1.633267198563226996e+00
4.448029999999999973e+02 1.583335949344316651e+00
4.441689999999999827e+02 1.722604261998309738e+00
4.435360000000000014e+02 1.892851771166272679e+00
4.429019999999999868e+02 2.219686760459353536e+00
4.422699999999999818e+02 1.918001626769578749e+00
4.416360000000000241e+02 2.165359608508109712e+00
4.410029999999999859e+02 2.146196782957352056e+00
4.403690000000000282e+02 1.955477558310726227e+00
4.397350000000000136e+02 1.952309495888296276e+00
4.391009999999999991e+02 1.902510123011824872e+00
4.384669999999999845e+02 1.542168377024277337e+00
4.378330000000000268e+02 1.648096679818204402e+00
4.371990000000000123e+02 1.521621306741662183e+00
4.365649999999999977e+02 1.627253461586315009e+00
4.359329999999999927e+02 1.269803593751444470e+00
4.352980000000000018e+02 1.052070276429429629e+00
4.346639999999999873e+02 1.034986454708450632e+00
4.340299999999999727e+02 1.079293263208618736e+00
4.333960000000000150e+02 1.077503445543936067e+00
4.327610000000000241e+02 1.473522443706191565e+00
4.321270000000000095e+02 1.333564715278037216e+00
4.314920000000000186e+02 1.102598444267933298e+00
4.308580000000000041e+02 9.941918474304046738e-01
4.302230000000000132e+02 1.098953188212889565e+00
4.295889999999999986e+02 1.264022249129332920e+00
4.289540000000000077e+02 1.049736150821840353e+00
4.283190000000000168e+02 1.184141276198736215e+00
4.276859999999999786e+02 1.182353307646690777e+00
4.270509999999999877e+02 1.014445421137852632e+00
4.264159999999999968e+02 8.471948611416079133e-01
4.257810000000000059e+02 1.010962819861976003e+00
4.251460000000000150e+02 1.129219061076373709e+00
4.245110000000000241e+02 1.351828743195415683e+00
4.238759999999999764e+02 1.364451612328642094e+00
4.232409999999999854e+02 1.496476926958184794e+00
4.226050000000000182e+02 1.315202841800487077e+00
4.219700000000000273e+02 1.342735953029211782e+00
4.213349999999999795e+02 1.384979877725178499e+00
4.206990000000000123e+02 1.590035724317214294e+00
4.200640000000000214e+02 1.602113855874484960e+00
4.194289999999999736e+02 1.776520925568957576e+00
4.187930000000000064e+02 1.434437122473579684e+00
4.181569999999999823e+02 1.358390154854179244e+00
4.175219999999999914e+02 1.444239816827297629e+00
4.168860000000000241e+02 1.764348842058311773e+00
4.162500000000000000e+02 1.922358669762533223e+00
4.156150000000000091e+02 1.948308799017519188e+00
4.149789999999999850e+02 2.003271811755338305e+00
4.143430000000000177e+02 2.058034168208706660e+00
4.137069999999999936e+02 1.850906923169341578e+00
4.130710000000000264e+02 2.152505271959852085e+00
4.124350000000000023e+02 2.293660146818152779e+00
4.117989999999999782e+02 2.405414651937626491e+00
4.111630000000000109e+02 2.314556846488165398e+00
4.105260000000000105e+02 2.224059230683958166e+00
4.098899999999999864e+02 2.292116476315125606e+00
4.092540000000000191e+02 1.972169762891791356e+00
4.086170000000000186e+02 1.997354335539398562e+00
4.079809999999999945e+02 2.122668265362513740e+00
4.073439999999999941e+02 2.033204776505024736e+00
4.067080000000000268e+02 1.944050230255128797e+00
4.060710000000000264e+02 2.168360863936080296e+00
4.054350000000000023e+02 1.851889427034455471e+00
4.047980000000000018e+02 1.891205105270138853e+00
4.041610000000000014e+02 1.831204616808026264e+00
4.035240000000000009e+02 1.969356827734664916e+00
4.028879999999999768e+02 1.669540072505166561e+00
4.022509999999999764e+02 1.807377508459511395e+00
4.016139999999999759e+02 1.494857080890115375e+00
4.009769999999999754e+02 1.520262854466706059e+00
4.003399999999999750e+02 1.195247736189519738e+00
3.997029999999999745e+02 1.444867050917194140e+00
3.990649999999999977e+02 1.358474568941008487e+00
3.984279999999999973e+02 1.091395142185447309e+00
3.977909999999999968e+02 1.019936879148956033e+00
3.971519999999999868e+02 9.899930008809867399e-01
3.965149999999999864e+02 7.804998903037447811e-01
3.958770000000000095e+02 8.897184291836416348e-01
3.952400000000000091e+02 5.843245069575062622e-01
3.946019999999999754e+02 8.038429394563002539e-01
3.939649999999999750e+02 5.684169658829278937e-01
3.933269999999999982e+02 5.399112569544820550e-01
3.926890000000000214e+02 8.542536231153240456e-01
3.920520000000000209e+02 7.979834006698235394e-01
3.914139999999999873e+02 1.042367607012118391e+00
3.907760000000000105e+02 1.053979701859399265e+00
3.901379999999999768e+02 1.405793056736144298e+00
3.895000000000000000e+02 1.715814989750021446e+00
3.888609999999999900e+02 1.550216740479885891e+00
3.882230000000000132e+02 1.587857046737266575e+00
3.875849999999999795e+02 1.747038835703073723e+00
3.869460000000000264e+02 1.892131703229817941e+00
3.863079999999999927e+02 2.063634752772296022e+00
3.856700000000000159e+02 2.167279756880822639e+00
3.850319999999999823e+02 2.283939582302774163e+00
3.843929999999999723e+02 2.065478000646938206e+00
3.837549999999999955e+02 2.195171082499493664e+00
3.831159999999999854e+02 2.124566999388058708e+00
3.824759999999999991e+02 2.093797764521501126e+00
3.818380000000000223e+02 2.010223505270733124e+00
3.811990000000000123e+02 1.674988637781225753e+00
3.805600000000000023e+02 1.857228050446831036e+00
3.799220000000000255e+02 1.774469898727245143e+00
3.792830000000000155e+02 1.573287936680346277e+00
3.786440000000000055e+02 1.701895962969917520e+00
3.780049999999999955e+02 1.567134424003415516e+00
3.773650000000000091e+02 1.616961201769792744e+00
3.767259999999999991e+02 2.098142211443399852e+00
3.760860000000000127e+02 2.054912487052616310e+00
3.754470000000000027e+02 2.481205086100540580e+00
3.748079999999999927e+02 2.450319815431436954e+00
3.741689999999999827e+02 2.575433837665042969e+00
3.735299999999999727e+02 2.713215071875511253e+00
3.728890000000000100e+02 2.747087392343893875e+00
3.722500000000000000e+02 2.535056793793420749e+00
3.716100000000000136e+02 2.865361190107662104e+00
3.709710000000000036e+02 2.628316314578710955e+00
3.703310000000000173e+02 2.520838775258306352e+00
3.696909999999999741e+02 2.438918982901448818e+00
3.690500000000000114e+02 2.498047645653984183e+00
3.684110000000000014e+02 2.365589637264969625e+00
3.677710000000000150e+02 2.310014692636070066e+00
3.671309999999999718e+02 2.203771835995353090e+00
3.664909999999999854e+02 2.529569190635843512e+00
3.658509999999999991e+02 2.334498709537747629e+00
3.652099999999999795e+02 2.330078864397801208e+00
3.645699999999999932e+02 2.615637589423049469e+00
3.639300000000000068e+02 2.560177985767745135e+00
3.632900000000000205e+02 2.529919227271589577e+00
3.626490000000000009e+02 2.587589206391199603e+00
3.620079999999999814e+02 2.520091218888506290e+00
3.613670000000000186e+02 2.477614628832426558e+00
3.607269999999999754e+02 2.298259137643916983e+00
3.600869999999999891e+02 2.368423172070898808e+00
3.594460000000000264e+02 2.140373622919526930e+00
3.588039999999999736e+02 1.974517292113406874e+00
3.581639999999999873e+02 1.908904068300576462e+00
3.575230000000000246e+02 1.756996159150996162e+00
3.568829999999999814e+02 1.975064678216194247e+00
3.562420000000000186e+02 1.909686902085449001e+00
3.556000000000000227e+02 1.942868641958220177e+00
3.549590000000000032e+02 2.036914649997079607e+00
3.543179999999999836e+02 1.837244590634847352e+00
3.536770000000000209e+02 1.894683274171727216e+00
3.530350000000000250e+02 2.170756908178453237e+00
3.523940000000000055e+02 2.239284412781668898e+00
3.517520000000000095e+02 2.234757042572506514e+00
3.511109999999999900e+02 1.806640537875537467e+00
3.504689999999999941e+02 1.960051952217763516e+00
3.498269999999999982e+02 2.016304591145004821e+00
3.491859999999999786e+02 1.976124295519741336e+00
3.485450000000000159e+02 1.936222067518164724e+00
3.479019999999999868e+02 1.896093376713480883e+00
3.472599999999999909e+02 1.772802364978082856e+00
3.466190000000000282e+02 1.745290783285811775e+00
3.459769999999999754e+02 1.694062425923853921e+00
3.453340000000000032e+02 1.845075888922382834e+00
3.446929999999999836e+02 1.936107790196005984e+00
3.440509999999999877e+02 1.861072219625511837e+00
3.434089999999999918e+02 1.833586951785247665e+00
3.427660000000000196e+02 1.712007819503926775e+00
3.421240000000000236e+02 1.955438953629900611e+00
3.414820000000000277e+02 2.010023806398067769e+00
3.408399999999999750e+02 1.994006804875496863e+00
3.401970000000000027e+02 2.095164679851935219e+00
3.395539999999999736e+02 2.114056400203377262e+00
3.389119999999999777e+02 2.051353727331425514e+00
3.382690000000000055e+02 2.105337042548991455e+00
3.376259999999999764e+02 2.390480011013540906e+00
3.369839999999999804e+02 2.570469559759492650e+00
3.363419999999999845e+02 2.461282522321911692e+00
3.356979999999999791e+02 2.306312256779322833e+00
3.350550000000000068e+02 2.266987075686267783e+00
3.344130000000000109e+02 2.159120836808851251e+00
3.337690000000000055e+02 2.188681394182186768e+00
3.331259999999999764e+02 2.241161859113685928e+00
3.324830000000000041e+02 2.543846581351620451e+00
3.318389999999999986e+02 2.402306295666710945e+00
3.311960000000000264e+02 2.589801145274410743e+00
3.305539999999999736e+02 2.504974741231920543e+00
3.299110000000000014e+02 2.657690736757586158e+00
3.292660000000000196e+02 2.753499985790358817e+00
3.286229999999999905e+02 2.905029937509540972e+00
3.279800000000000182e+02 2.853994210620283134e+00
3.273360000000000127e+02 2.769210843648148401e+00
3.266929999999999836e+02 2.506329690526421405e+00
3.260489999999999782e+02 2.456310570693534423e+00
3.254049999999999727e+02 2.395313729370270650e+00
3.247610000000000241e+02 2.523334448319111356e+00
3.241179999999999950e+02 2.429238998713290520e+00
3.234730000000000132e+02 2.490187078788000274e+00
3.228290000000000077e+02 2.495663484857426617e+00
3.221840000000000259e+02 2.699452078351684658e+00
3.215409999999999968e+02 2.715342544076410736e+00
3.208969999999999914e+02 2.939249707332783679e+00
3.202520000000000095e+02 3.064194515681503805e+00
3.196080000000000041e+02 3.046392626816608384e+00
3.189639999999999986e+02 3.137572219367116944e+00
3.183190000000000168e+02 3.271793063371886578e+00
3.176750000000000114e+02 3.069529861084335121e+00
3.170310000000000059e+02 2.749519462729576258e+00
3.163860000000000241e+02 2.742953974690534924e+00
3.157420000000000186e+02 2.672452888661821735e+00
3.150980000000000132e+02 2.505408494803447628e+00
3.144519999999999982e+02 2.456771016787448136e+00
3.138079999999999927e+02 2.376459878392363390e+00
3.131619999999999777e+02 2.328424528298752794e+00
3.125179999999999723e+02 2.259247049151986708e+00
3.118729999999999905e+02 2.285870192185831318e+00
3.112269999999999754e+02 2.662173661492940546e+00
3.105830000000000268e+02 2.497559166364828442e+00
3.099370000000000118e+02 2.428541413906623703e+00
3.092919999999999732e+02 2.454655938956891159e+00
3.086469999999999914e+02 2.386057720071712573e+00
3.080009999999999764e+02 2.600530025697240788e+00
3.073570000000000277e+02 2.719831292863624128e+00
3.067099999999999795e+02 2.755507836108787245e+00
3.060649999999999977e+02 2.707418885338330306e+00
3.054200000000000159e+02 2.690657582467737452e+00
3.047740000000000009e+02 2.674228401675729838e+00
3.041290000000000191e+02 2.657836212164105039e+00
3.034820000000000277e+02 2.940042526247055754e+00
3.028369999999999891e+02 3.118225197038713592e+00
3.021920000000000073e+02 3.254274410360936898e+00
3.015450000000000159e+02 3.154837610740271803e+00
3.008999999999999773e+02 2.943177448112243688e+00
3.002529999999999859e+02 3.231767734631190603e+00
2.996080000000000041e+02 3.102215416529927605e+00
2.989610000000000127e+02 2.952789934990083687e+00
2.983149999999999977e+02 3.209010634705014908e+00
2.976700000000000159e+02 3.070326576658431783e+00
2.970230000000000246e+02 3.083014000627251505e+00
2.963770000000000095e+02 2.884719695376050996e+00
2.957300000000000182e+02 2.817971680715060767e+00
2.950840000000000032e+02 2.901173917236286481e+00
2.944370000000000118e+02 2.684856402392179930e+00
2.937909999999999968e+02 2.767963259376321705e+00
2.931429999999999723e+02 3.237483104528737776e+00
2.924970000000000141e+02 3.219820527816069866e+00
2.918500000000000227e+02 3.063953265403881243e+00
2.912040000000000077e+02 3.007237893570638754e+00
2.905570000000000164e+02 3.147055679456673527e+00
2.899100000000000250e+02 3.325987694631374225e+00
2.892629999999999768e+02 3.591477467100652188e+00
2.886159999999999854e+02 3.748770981163401572e+00
2.879689999999999941e+02 3.856368213981197446e+00
2.873210000000000264e+02 3.866369588418812064e+00
2.866750000000000114e+02 3.818080300145628048e+00
2.860269999999999868e+02 4.021240105953870270e+00
2.853799999999999955e+02 4.088402376943291117e+00
2.847320000000000277e+02 4.039845047439102110e+00
2.840849999999999795e+02 4.231107395264667836e+00
2.834370000000000118e+02 4.316374020091556574e+00
2.827900000000000205e+02 4.505806117786809395e+00
2.821419999999999959e+02 4.666046208826524655e+00
2.814950000000000045e+02 4.739560374515239261e+00
2.808469999999999800e+02 4.917353342714276820e+00
2.801990000000000123e+02 4.753880957266711782e+00
2.795509999999999877e+02 4.647645322401133150e+00
2.789039999999999964e+02 4.701985507548599230e+00
2.782549999999999955e+02 4.699246249167466694e+00
2.776080000000000041e+02 4.706115554658979683e+00
2.769590000000000032e+02 4.638179078816730083e+00
2.763120000000000118e+02 4.728628740548160181e+00
2.756630000000000109e+02 4.642508457221675044e+00
2.750149999999999864e+02 4.722960782443239580e+00
2.743659999999999854e+02 5.117308696748048114e+00
2.737189999999999941e+02 5.417072196306502718e+00
2.730699999999999932e+02 5.495183528079090607e+00
2.724220000000000255e+02 5.416726547658258895e+00
2.717730000000000246e+02 5.293192631996902264e+00
2.711240000000000236e+02 5.197396821122617361e+00
2.704759999999999991e+02 5.038635285475930203e+00
2.698260000000000218e+02 5.125183665347101680e+00
2.691779999999999973e+02 5.292706251809739193e+00
2.685289999999999964e+02 5.035366456651926725e+00
2.678809999999999718e+02 4.967990575944152276e+00
2.672309999999999945e+02 4.883423317190004553e+00
2.665830000000000268e+02 4.986757247177141750e+00
2.659329999999999927e+02 5.330596277234223024e+00
2.652839999999999918e+02 5.476854370467414412e+00
2.646349999999999909e+02 5.710857009890401237e+00
2.639850000000000136e+02 5.562954118958065131e+00
2.633369999999999891e+02 5.494962709828599579e+00
2.626870000000000118e+02 5.638933439057153052e+00
2.620380000000000109e+02 5.509844587975635477e+00
2.613879999999999768e+02 5.731379858777202685e+00
2.607400000000000091e+02 5.611476820932558063e+00
2.600899999999999750e+02 5.360927833091892580e+00
2.594390000000000214e+02 5.494127824925516101e+00
2.587900000000000205e+02 5.383816151009597206e+00
2.581399999999999864e+02 5.395151055944859664e+00
2.574909999999999854e+02 5.346058027474147600e+00
2.568410000000000082e+02 5.597889459831499437e+00
2.561899999999999977e+02 5.788444819550128351e+00
2.555409999999999968e+02 5.678447803607022060e+00
2.548899999999999864e+02 5.799270211841083267e+00
2.542410000000000139e+02 5.791963132569806660e+00
2.535910000000000082e+02 5.597812442575041736e+00
2.529399999999999977e+02 5.599108105866132945e+00
2.522899999999999920e+02 5.676641230523009618e+00
2.516399999999999864e+02 5.854085867653149755e+00
2.509900000000000091e+02 5.594576255198237646e+00
2.503389999999999986e+02 5.612340133958952926e+00
2.496879999999999882e+02 5.738509650634627590e+00
2.490380000000000109e+02 5.763711866759277491e+00
2.483870000000000005e+02 5.938362652103527317e+00
2.477359999999999900e+02 6.095157139980805994e+00
2.470860000000000127e+02 6.020241854640564938e+00
2.464350000000000023e+02 6.200420180631144973e+00
2.457849999999999966e+02 5.936893557625222861e+00
2.451330000000000098e+02 6.075296639963119638e+00
2.444819999999999993e+02 5.960055393577859739e+00
2.438319999999999936e+02 5.861907764695494905e+00
2.431800000000000068e+02 5.788159839263514073e+00
2.425289999999999964e+02 5.771492352733332609e+00
2.418779999999999859e+02 5.996371698927793759e+00
2.412270000000000039e+02 6.147850083471289473e+00
2.405749999999999886e+02 6.001956916765641026e+00
2.399240000000000066e+02 6.255857079429802070e+00
2.392719999999999914e+02 6.237759588206476913e+00
2.386200000000000045e+02 6.354468820666178352e+00
2.379699999999999989e+02 6.319971185028745886e+00
2.373180000000000121e+02 6.490795543495178954e+00
2.366670000000000016e+02 6.471845646231875193e+00
2.360149999999999864e+02 6.460330533552562926e+00
2.353629999999999995e+02 6.582110248815228104e+00
2.347100000000000080e+02 6.819958173051714923e+00
2.340600000000000023e+02 6.776174051691917555e+00
2.334070000000000107e+02 6.740484336173606650e+00
2.327549999999999955e+02 6.990964126689675595e+00
2.321040000000000134e+02 7.177928501955008755e+00
2.314509999999999934e+02 7.133371069662470809e+00
2.307980000000000018e+02 7.310863735743610370e+00
2.301469999999999914e+02 7.288761758479060937e+00
2.294939999999999998e+02 7.190449172625621443e+00
2.288420000000000130e+02 7.039515477165012136e+00
2.281899999999999977e+02 7.282857216246768850e+00
2.275370000000000061e+02 7.464251625314860306e+00
2.268839999999999861e+02 7.561867518465998472e+00
2.262330000000000041e+02 7.725716435848863028e+00
2.255800000000000125e+02 7.941148380727685918e+00
2.249269999999999925e+02 7.924113256206934075e+00
2.242729999999999961e+02 7.959156018898759122e+00
2.236220000000000141e+02 8.126727740507391218e+00
2.229679999999999893e+02 8.167966488168872274e+00
2.223149999999999977e+02 8.223144108197246283e+00
2.216630000000000109e+02 8.102275410989697946e+00
2.210099999999999909e+02 7.966810598911237662e+00
2.203559999999999945e+02 7.824925861869895805e+00
2.197019999999999982e+02 7.756628002422472967e+00
2.190500000000000114e+02 7.782734894397880687e+00
2.183969999999999914e+02 7.772303563968410600e+00
2.177429999999999950e+02 7.740295904593846643e+00
2.170889999999999986e+02 7.780100833093161583e+00
2.164370000000000118e+02 7.647789040545614370e+00
2.157829999999999870e+02 7.751549823336859824e+00
2.151289999999999907e+02 7.669534988799714625e+00
2.144749999999999943e+02 7.857164499619243792e+00
2.138220000000000027e+02 7.852843252060476509e+00
2.131680000000000064e+02 7.862338474172322123e+00
2.125140000000000100e+02 7.899793085974304852e+00
2.118600000000000136e+02 7.769079113708465378e+00
2.112069999999999936e+02 7.910768351325238257e+00
2.105529999999999973e+02 7.842960939467318759e+00
2.098979999999999961e+02 7.782427520466909776e+00
2.092439999999999998e+02 7.673593902067364247e+00
2.085910000000000082e+02 7.655068651074027564e+00
2.079360000000000070e+02 7.622662418687865760e+00
2.072820000000000107e+02 7.576630783966681548e+00
2.066270000000000095e+02 7.408229848123716543e+00
2.059739999999999895e+02 7.519007842541885367e+00
2.053189999999999884e+02 7.486701796263839803e+00
2.046639999999999873e+02 7.400745648334161153e+00
2.040089999999999861e+02 7.402387660730465058e+00
2.033540000000000134e+02 7.383763116715864605e+00
2.027009999999999934e+02 7.171992399482151725e+00
2.020459999999999923e+02 7.094092739073239784e+00
2.013909999999999911e+02 6.937164344286151696e+00
2.007350000000000136e+02 7.071556541313335664e+00
2.000800000000000125e+02 7.001006679707157510e+00
1.994259999999999877e+02 6.852099446203688160e+00
1.987709999999999866e+02 6.834689151807113561e+00
1.981160000000000139e+02 6.771828256435952653e+00
1.974600000000000080e+02 6.851704450013544445e+00
1.968050000000000068e+02 6.704719763605174521e+00
1.961510000000000105e+02 6.662016223261420400e+00
1.954950000000000045e+02 6.798771170308702594e+00
1.948389999999999986e+02 6.653011250358995987e+00
1.941839999999999975e+02 6.565561843315288471e+00
1.935279999999999916e+02 6.611852154603502285e+00
1.928739999999999952e+02 6.676582177528706197e+00
1.922179999999999893e+02 6.639984941162762944e+00
1.915620000000000118e+02 6.791802856939995081e+00
1.909060000000000059e+02 7.005078466678670956e+00
1.902500000000000000e+02 7.085713799500813259e+00
1.895939999999999941e+02 6.966569389967649073e+00
1.889389999999999930e+02 7.120383352643378849e+00
1.882829999999999870e+02 7.229955155030856062e+00
1.876270000000000095e+02 7.350746669514366616e+00
1.869699999999999989e+02 7.299175155544388893e+00
1.863139999999999930e+02 7.272076907237106091e+00
1.856570000000000107e+02 7.135486184633894169e+00
1.850010000000000048e+02 7.036247452927955948e+00
1.843460000000000036e+02 7.118417149983035763e+00
1.836889999999999930e+02 7.241877104383683594e+00
1.830329999999999870e+02 7.358048023520493253e+00
1.823760000000000048e+02 7.413723432857575624e+00
1.817189999999999941e+02 7.349960662167480230e+00
1.810620000000000118e+02 7.688850439146661664e+00
1.804050000000000011e+02 7.936445668555766275e+00
1.797500000000000000e+02 8.028922357132778131e+00
1.790929999999999893e+02 8.232062992849542127e+00
1.784360000000000070e+02 8.229382474007602255e+00
1.777789999999999964e+02 8.307728483605988146e+00
1.771220000000000141e+02 8.333025820197596190e+00
1.764650000000000034e+02 8.363855411009721408e+00
1.758069999999999879e+02 8.416947799767068972e+00
1.751500000000000057e+02 8.332433433895054975e+00
1.744939999999999998e+02 8.396025867480542360e+00
1.738369999999999891e+02 8.561175823069527624e+00
1.731790000000000020e+02 8.656899139970299473e+00
1.725219999999999914e+02 8.785416732510585192e+00
1.718640000000000043e+02 8.951780924672327444e+00
1.712059999999999889e+02 9.077373671908722130e+00
1.705490000000000066e+02 9.174128230122812866e+00
1.698909999999999911e+02 9.219800391461737021e+00
1.692330000000000041e+02 9.176731052747161499e+00
1.685749999999999886e+02 9.122697364353916427e+00
1.679190000000000111e+02 9.216495818915312555e+00
1.672609999999999957e+02 9.162154168773648522e+00
1.666030000000000086e+02 9.330183050605237227e+00
1.659449999999999932e+02 9.178095681527487670e+00
1.652870000000000061e+02 8.984008712541097452e+00
1.646279999999999859e+02 8.989130046976535837e+00
1.639699999999999989e+02 9.084576317805941770e+00
1.633120000000000118e+02 9.237385921632542463e+00
1.626539999999999964e+02 9.245886063603428795e+00
1.619950000000000045e+02 9.122296554209421870e+00
1.613369999999999891e+02 9.078171334907622736e+00
1.606779999999999973e+02 8.940048118754354789e+00
1.600190000000000055e+02 8.943074064650970101e+00
1.593609999999999900e+02 8.997662312866021139e+00
1.587040000000000077e+02 9.000006886011806984e+00
1.580449999999999875e+02 9.047858813403804490e+00
1.573859999999999957e+02 8.998023113639396442e+00
1.567270000000000039e+02 9.049969978264730486e+00
1.560680000000000121e+02 9.000007162901505708e+00
1.554089999999999918e+02 9.005545819015280173e+00
1.547500000000000000e+02 9.035725856051222138e+00
1.540910000000000082e+02 8.985474097092934542e+00
1.534319999999999879e+02 8.984938439620503203e+00
1.527729999999999961e+02 8.979144001267071573e+00
1.521140000000000043e+02 8.908989891694229613e+00
1.514540000000000077e+02 8.893085381707374282e+00
1.507949999999999875e+02 8.876929077935198364e+00
1.501359999999999957e+02 9.161825056621703212e+00
1.494759999999999991e+02 9.250382674132223926e+00
1.488170000000000073e+02 9.279885231395645917e+00
1.481570000000000107e+02 9.462088081527291195e+00
1.474970000000000141e+02 9.441902487771139718e+00
1.468379999999999939e+02 9.535416138591774171e+00
1.461779999999999973e+02 9.580428377255143957e+00
1.455180000000000007e+02 9.732705751305079644e+00
1.448580000000000041e+02 9.775546263069731623e+00
1.441980000000000075e+02 9.575240854882125063e+00
1.435380000000000109e+02 9.668559030649687358e+00
1.428779999999999859e+02 9.718997895714560187e+00
1.422179999999999893e+02 9.851242735350444590e+00
1.415579999999999927e+02 9.890368310585097689e+00
1.408979999999999961e+02 9.905879134590669821e+00
1.402379999999999995e+02 9.911696616518520742e+00
1.395769999999999982e+02 9.898932609176631203e+00
1.389170000000000016e+02 1.002043818080374216e+01
1.382560000000000002e+02 1.028272948914965035e+01
1.375960000000000036e+02 1.043113933320472952e+01
1.369350000000000023e+02 1.055108199112922485e+01
1.362750000000000057e+02 1.059027594185392651e+01
1.356140000000000043e+02 1.073343646553648156e+01
1.349540000000000077e+02 1.086155727557097350e+01
1.342930000000000064e+02 1.110893131202008277e+01
1.336320000000000050e+02 1.134885402933252863e+01
1.329710000000000036e+02 1.149160571831965427e+01
1.323100000000000023e+02 1.157691872443678704e+01
1.316490000000000009e+02 1.182593175712749201e+01
1.309879999999999995e+02 1.189895187548554212e+01
1.303269999999999982e+02 1.194133093248963817e+01
1.296659999999999968e+02 1.217855133309488913e+01
1.290049999999999955e+02 1.227166940427927244e+01
1.283420000000000130e+02 1.228040471040927173e+01
1.276809999999999974e+02 1.231728941210504757e+01
1.270190000000000055e+02 1.246311615885040958e+01
1.263580000000000041e+02 1.233484492227466411e+01
1.256959999999999980e+02 1.216669468854477643e+01
1.250349999999999966e+02 1.220057256007789626e+01
1.243730000000000047e+02 1.218548498328986263e+01
1.237120000000000033e+02 1.212611621154766262e+01
1.230499999999999972e+02 1.214566489210090872e+01
1.223880000000000052e+02 1.211311700522904289e+01
1.217259999999999991e+02 1.189672974396760097e+01
1.210639999999999930e+02 1.163155021563897762e+01
1.204030000000000058e+02 1.160819319561754348e+01
1.197409999999999997e+02 1.152282884591483736e+01
1.190780000000000030e+02 1.122769080516736473e+01
1.184150000000000063e+02 1.113598054904342938e+01
1.177530000000000001e+02 1.096964451595136758e+01
1.170909999999999940e+02 1.074820859654112049e+01
1.164279999999999973e+02 1.053225593145818806e+01
1.157660000000000053e+02 1.043321313726205624e+01
1.151039999999999992e+02 1.030136070450802599e+01
1.144410000000000025e+02 1.009344459402756655e+01
1.137789999999999964e+02 9.898176009007144671e+00
1.131159999999999997e+02 9.845812017866101939e+00
1.124539999999999935e+02 9.735817017571724463e+00
1.117890000000000015e+02 9.615303199449698468e+00
1.111269999999999953e+02 9.581334222585942584e+00
1.104639999999999986e+02 9.444470074088137324e+00
1.098010000000000019e+02 9.326182442589757926e+00
1.091380000000000052e+02 9.180789877154802880e+00
1.084749999999999943e+02 9.109281160325371829e+00
1.078119999999999976e+02 8.838312132223364870e+00
1.071490000000000009e+02 8.676222183092056284e+00
1.064849999999999994e+02 8.297082288148763141e+00
1.058209999999999980e+02 7.976860843427973968e+00
1.051580000000000013e+02 7.579649705413835648e+00
1.044950000000000045e+02 7.447042652591599143e+00
1.038319999999999936e+02 7.143317242310803117e+00
1.031680000000000064e+02 6.875672234298825458e+00
1.025049999999999955e+02 6.627352859386127726e+00
1.018400000000000034e+02 6.521131197049894190e+00
1.011760000000000019e+02 6.345046397922992298e+00
1.005130000000000052e+02 6.385474344709398231e+00
9.984900000000000375e+01 6.373796203565005314e+00
9.918529999999999802e+01 6.333326402737567307e+00
9.852150000000000318e+01 6.270659037081688147e+00
9.785769999999999413e+01 6.423331216555960843e+00
9.719230000000000302e+01 6.610797555590721686e+00
9.652830000000000155e+01 6.785481446076121692e+00
9.586430000000000007e+01 6.920278550692101405e+00
9.520029999999999859e+01 7.104044606587766708e+00
9.453610000000000468e+01 7.371641757637267034e+00
9.387199999999999989e+01 7.634659803240879228e+00
9.320619999999999550e+01 7.801847574444931155e+00
9.254200000000000159e+01 7.994583882728300672e+00
9.187760000000000105e+01 8.002659040479601416e+00
9.121320000000000050e+01 8.064857305763766249e+00
9.054879999999999995e+01 8.059075842679202850e+00
8.988280000000000314e+01 8.209548919221553831e+00
8.921819999999999595e+01 8.220784833758395749e+00
8.855360000000000298e+01 8.160649181061055302e+00
8.788890000000000668e+01 8.094881960541169263e+00
8.722419999999999618e+01 8.228491113871120533e+00
8.655939999999999657e+01 8.328722808056877369e+00
8.589300000000000068e+01 8.478550297285272208e+00
8.522809999999999775e+01 8.516513953395618231e+00
8.456319999999999482e+01 8.614508945513971838e+00
8.389820000000000277e+01 8.587511069869744773e+00
8.323160000000000025e+01 8.652232656655201026e+00
8.256650000000000489e+01 8.662365779487892326e+00
8.190130000000000621e+01 8.743938088603913528e+00
8.123609999999999332e+01 8.756004543010023511e+00
8.057080000000000553e+01 8.631450126332881112e+00
7.990389999999999304e+01 8.644360666325235698e+00
7.923850000000000193e+01 8.703464603544341927e+00
7.857299999999999329e+01 8.787699277727783809e+00
7.790749999999999886e+01 8.832190919414353303e+00
7.724039999999999395e+01 8.833185267887960990e+00
7.657479999999999620e+01 8.878731553689881650e+00
7.590909999999999513e+01 8.773269742892805922e+00
7.524339999999999407e+01 8.818225270194028909e+00
7.457760000000000389e+01 8.809168903984136989e+00
7.391020000000000323e+01 8.649042553033380543e+00
7.324429999999999552e+01 8.576287292081632430e+00
7.257829999999999870e+01 8.395694929618931823e+00
7.191230000000000189e+01 8.276053640727461413e+00
7.124469999999999459e+01 8.233430659185964728e+00
7.057850000000000534e+01 8.134721513800238668e+00
6.991230000000000189e+01 8.159995141206868752e+00
6.924609999999999843e+01 8.017064534166161494e+00
6.857829999999999870e+01 7.970674511009072205e+00
6.791190000000000282e+01 7.906574047435706909e+00
6.724550000000000693e+01 7.801888654425319203e+00
6.657750000000000057e+01 7.739556701235381198e+00
6.591100000000000136e+01 7.604420143296698242e+00
6.524439999999999884e+01 7.544471254453171127e+00
6.457769999999999300e+01 7.441426975762984064e+00
6.390950000000000131e+01 7.312481226759911301e+00
6.324269999999999925e+01 7.246644757772028989e+00
6.257589999999999719e+01 7.217960753298231502e+00
6.190899999999999892e+01 7.174626790261432241e+00
6.124060000000000059e+01 7.105431328899046939e+00
6.057359999999999900e+01 7.051331732036280719e+00
5.990659999999999741e+01 7.002451082905336577e+00
5.923799999999999955e+01 6.842619383968493452e+00
5.857079999999999842e+01 6.672092569088851732e+00
5.790359999999999729e+01 6.622053739727555843e+00
5.723629999999999995e+01 6.517398041856442781e+00
5.656750000000000256e+01 6.366917058106321470e+00
5.590010000000000190e+01 6.311588962743876152e+00
5.523270000000000124e+01 6.208880341287363436e+00
5.456360000000000099e+01 6.141012015271986257e+00
5.389609999999999701e+01 6.098411435772603362e+00
5.322849999999999682e+01 6.101810399478147851e+00
5.255930000000000035e+01 6.136122180191319053e+00
5.189159999999999684e+01 6.004799457569623300e+00
5.122379999999999711e+01 5.968062454640955750e+00
5.055440000000000111e+01 5.912654668908811750e+00
4.988660000000000139e+01 5.819239404474391364e+00
4.921860000000000213e+01 5.720114380399656362e+00
4.854910000000000281e+01 5.630407402483719181e+00
4.788100000000000023e+01 5.595315298515529889e+00
4.721289999999999765e+01 5.520503467665768937e+00
4.654319999999999879e+01 5.410467626625979243e+00
4.587500000000000000e+01 5.354655403769344346e+00
4.520669999999999789e+01 5.211833574046369044e+00
4.453679999999999950e+01 5.130726562650583134e+00
4.386840000000000117e+01 5.059555494686253319e+00
4.320000000000000284e+01 5.042305693320593640e+00
4.252989999999999782e+01 4.939044934307742274e+00
4.186129999999999995e+01 4.823743219625594492e+00
4.119270000000000209e+01 4.672245784643877187e+00
4.052250000000000085e+01 4.582564194588599982e+00
3.985379999999999967e+01 4.518494519397482811e+00
3.918500000000000227e+01 4.476065542503282479e+00
3.851460000000000150e+01 4.398540366144903402e+00
3.784570000000000078e+01 4.311768440393497492e+00
3.717519999999999669e+01 4.200819985470772622e+00
3.650619999999999976e+01 4.102683325580119167e+00
3.583709999999999951e+01 4.041202292312542355e+00
3.516640000000000299e+01 3.974632029952572143e+00
3.449719999999999942e+01 3.872359417512539981e+00
3.382800000000000296e+01 3.797497300626864192e+00
3.315709999999999980e+01 3.688256964523457970e+00
3.248780000000000001e+01 3.544169288112819061e+00
3.181680000000000064e+01 3.451332892299024291e+00
3.114730000000000132e+01 3.380940815367630137e+00
3.047779999999999845e+01 3.330384331147127952e+00
2.980669999999999931e+01 3.186660746891467610e+00
2.913700000000000045e+01 3.110802330453422915e+00
2.846730000000000160e+01 3.045776126068206580e+00
2.779599999999999937e+01 2.924806313114486578e+00
2.712620000000000076e+01 2.835990564958448701e+00
2.645479999999999876e+01 2.757779084503049205e+00
2.578490000000000038e+01 2.664145886561753773e+00
2.511329999999999885e+01 2.543349325758932800e+00
2.444330000000000069e+01 2.419468757514166679e+00
2.377319999999999922e+01 2.347519299956130734e+00
2.310150000000000148e+01 2.218120809058127030e+00
2.243130000000000024e+01 2.117091121200700421e+00
2.175949999999999918e+01 2.018001705712499927e+00
2.108909999999999840e+01 1.912180181257841616e+00
2.041870000000000118e+01 1.825027061983541143e+00
1.974680000000000035e+01 1.705641066907297665e+00
1.907629999999999981e+01 1.615412620299878199e+00
1.840419999999999945e+01 1.532966422657229710e+00
1.773349999999999937e+01 1.438258223392705037e+00
1.706129999999999924e+01 1.376538134048202355e+00
1.639059999999999917e+01 1.285536231289762465e+00
1.571979999999999933e+01 1.212673615292610529e+00
1.504739999999999966e+01 1.154467018485161978e+00
1.437650000000000006e+01 1.087598550303724876e+00
1.370410000000000039e+01 1.038211957749467951e+00
1.303299999999999947e+01 9.693878311966193095e-01
1.236040000000000028e+01 9.103426775936594995e-01
1.168929999999999936e+01 8.505998128679118642e-01
1.101660000000000039e+01 8.089889009603848935e-01
1.034529999999999994e+01 7.951040194677208017e-01
9.672489999999999810e+00 7.702419572274433746e-01
9.001129999999999853e+00 7.444761790683662728e-01
8.329710000000000392e+00 7.101668828457864402e-01
7.656710000000000349e+00 6.925250702884327980e-01
6.985170000000000101e+00 7.208776401058549776e-01
6.312050000000000161e+00 7.350389496136906509e-01
5.640399999999999636e+00 7.345053977524227395e-01
4.967170000000000307e+00 7.053709218366598366e-01
4.295410000000000394e+00 6.533946460800634792e-01
3.622059999999999835e+00 5.875475210005703941e-01
2.950180000000000025e+00 5.064419035334053465e-01
2.276720000000000077e+00 4.149902578423679267e-01
1.604729999999999990e+00 3.051412213585302791e-01
9.311519999999999797e-01 1.781782258264412167e-01
2.590439999999999965e-01 4.957283291173025797e-02
