4.498670000000000186e+02 5.544844837383928748e-01
4.492339999999999804e+02 4.385875104933998903e-01
4.486009999999999991e+02 3.855578671335120888e-01
4.479680000000000177e+02 5.396347963029890504e-01
4.473360000000000127e+02 5.227104300943560267e-01
4.467029999999999745e+02 4.955171237996941480e-01
4.460690000000000168e+02 5.864985408634247888e-01
4.454359999999999786e+02 5.286438544340070766e-01
4.448029999999999973e+02 5.119183475009612128e-01
4.441689999999999827e+02 5.562993115395452604e-01
4.435360000000000014e+02 6.105688463740571725e-01
4.429019999999999868e+02 7.151452662500606960e-01
4.422699999999999818e+02 6.172899836988253730e-01
4.416360000000000241e+02 6.960810363046208149e-01
4.410029999999999859e+02 6.891460430718838737e-01
4.403690000000000282e+02 6.272194663758435818e-01
4.397350000000000136e+02 6.254950819452660404e-01
4.391009999999999991e+02 6.088557668948846313e-01
4.384669999999999845e+02 4.930251839506762379e-01
4.378330000000000268e+02 5.262733470323004425e-01
4.371990000000000123e+02 4.853535553283512272e-01
4.365649999999999977e+02 5.184374829486237957e-01
4.359329999999999927e+02 4.041510086280605263e-01
4.352980000000000018e+02 3.345115578547955826e-01
4.346639999999999873e+02 3.287068420170343175e-01
4.340299999999999727e+02 3.423742764700535846e-01
4.333960000000000150e+02 3.414141950764246758e-01
4.327610000000000241e+02 4.662637516760937961e-01
4.321270000000000095e+02 4.215150708388329948e-01
4.314920000000000186e+02 3.481520050145843759e-01
4.308580000000000041e+02 3.135840086157881679e-01
4.302230000000000132e+02 3.461988004647634232e-01
4.295889999999999986e+02 3.977001859117179072e-01
4.289540000000000077e+02 3.299378327848873083e-01
4.283190000000000168e+02 3.717163152247772162e-01
4.276859999999999786e+02 3.707238019383377603e-01
4.270509999999999877e+02 3.177407327921211722e-01
4.264159999999999968e+02 2.650859441361433921e-01
4.257810000000000059e+02 3.159095611859324970e-01
4.251460000000000150e+02 3.524193254131837150e-01
4.245110000000000241e+02 4.213487338755204092e-01
4.238759999999999764e+02 4.247801289654117851e-01
4.232409999999999854e+02 4.653087970720352073e-01
4.226050000000000182e+02 4.084905261799404719e-01
4.219700000000000273e+02 4.165436504681201413e-01
4.213349999999999795e+02 4.291318643279184442e-01
4.206990000000000123e+02 4.920458677270918568e-01
4.200640000000000214e+02 4.951926089454019575e-01
4.194289999999999736e+02 5.484193993485488861e-01
4.187930000000000064e+02 4.423354851712748004e-01
4.181569999999999823e+02 4.183972249024245915e-01
4.175219999999999914e+02 4.442924894841960293e-01
4.168860000000000241e+02 5.420627973469013261e-01
4.162500000000000000e+02 5.898771797297824859e-01
4.156150000000000091e+02 5.971187723198528863e-01
4.149789999999999850e+02 6.132174117109829847e-01
4.143430000000000177e+02 6.292139122888859015e-01
4.137069999999999936e+02 5.652284108011019770e-01
4.130710000000000264e+02 6.564953094130375755e-01
4.124350000000000023e+02 6.986825824318014799e-01
4.117989999999999782e+02 7.318234320635165213e-01
4.111630000000000109e+02 7.033338254026993974e-01
4.105260000000000105e+02 6.750191207051873254e-01
4.098899999999999864e+02 6.948192638766175211e-01
4.092540000000000191e+02 5.971356662607332222e-01
4.086170000000000186e+02 6.040170281081262971e-01
4.079809999999999945e+02 6.411115489949801294e-01
4.073439999999999941e+02 6.133461040772555384e-01
4.067080000000000268e+02 5.857409933483145315e-01
4.060710000000000264e+02 6.524927355179861443e-01
4.054350000000000023e+02 5.566092819389842905e-01
4.047980000000000018e+02 5.677181014492336253e-01
4.041610000000000014e+02 5.490332530804661326e-01
4.035240000000000009e+02 5.897038496455274670e-01
4.028879999999999768e+02 4.993424688160676972e-01
4.022509999999999764e+02 5.398761098589215379e-01
4.016139999999999759e+02 4.460081733677599969e-01
4.009769999999999754e+02 4.530180572094292257e-01
4.003399999999999750e+02 3.557726000790243925e-01
3.997029999999999745e+02 4.294858936417078055e-01
3.990649999999999977e+02 4.033124663323252035e-01
3.984279999999999973e+02 3.236589869510116957e-01
3.977909999999999968e+02 3.021023065427243526e-01
3.971519999999999868e+02 2.928691320185137781e-01
3.965149999999999864e+02 2.306524656486778346e-01
3.958770000000000095e+02 2.625633172367737855e-01
3.952400000000000091e+02 1.722999095307265471e-01
3.946019999999999754e+02 2.366416853248223262e-01
3.939649999999999750e+02 1.671899233642210880e-01
3.933269999999999982e+02 1.586146007326010299e-01
3.926890000000000214e+02 2.505080170586104216e-01
3.920520000000000209e+02 2.337233341342587201e-01
3.914139999999999873e+02 3.048408315840377414e-01
3.907760000000000105e+02 3.078390581928913683e-01
3.901379999999999768e+02 4.099910303526250743e-01
3.895000000000000000e+02 4.997133933483951518e-01
3.888609999999999900e+02 4.509240617332490597e-01
3.882230000000000132e+02 4.612714471225481394e-01
3.875849999999999795e+02 5.068352322347547956e-01
3.869460000000000264e+02 5.481980392589611562e-01
3.863079999999999927e+02 5.970914100605066999e-01
3.856700000000000159e+02 6.262546655393517181e-01
3.850319999999999823e+02 6.590943732754808160e-01
3.843929999999999723e+02 5.952951872764592478e-01
3.837549999999999955e+02 6.318350014944065229e-01
3.831159999999999854e+02 6.107201099823333923e-01
3.824759999999999991e+02 6.010885210095051612e-01
3.818380000000000223e+02 5.763485435637850651e-01
3.811990000000000123e+02 4.796394544795997694e-01
3.805600000000000023e+02 5.310999938898632866e-01
3.799220000000000255e+02 5.067758184880871708e-01
3.792830000000000155e+02 4.487511900775469353e-01
3.786440000000000055e+02 4.847739514515592152e-01
3.780049999999999955e+02 4.458138803085209267e-01
3.773650000000000091e+02 4.593699763610156195e-01
3.767259999999999991e+02 5.952132671675979259e-01
3.760860000000000127e+02 5.821767188190868358e-01
3.754470000000000027e+02 7.019668126271676467e-01
3.748079999999999927e+02 6.923057258625830990e-01
3.741689999999999827e+02 7.266704766904688029e-01
3.735299999999999727e+02 7.645086838655478223e-01
3.728890000000000100e+02 7.730081782534692358e-01
3.722500000000000000e+02 7.124023009511962767e-01
3.716100000000000136e+02 8.041105664468741754e-01
3.709710000000000036e+02 7.366115114504268035e-01
3.703310000000000173e+02 7.055429527940663137e-01
3.696909999999999741e+02 6.816969737543788765e-01
3.690500000000000114e+02 6.972696518416734435e-01
3.684110000000000014e+02 6.594124158536873725e-01
3.677710000000000150e+02 6.430491408541793019e-01
3.671309999999999718e+02 6.126470822806246996e-01
3.664909999999999854e+02 7.022265856961530384e-01
3.658509999999999991e+02 6.472034264555455163e-01
3.652099999999999795e+02 6.450919834411558140e-01
3.645699999999999932e+02 7.231303350296682808e-01
3.639300000000000068e+02 7.068292763051908789e-01
3.632900000000000205e+02 6.975160820100925196e-01
3.626490000000000009e+02 7.124259423995022988e-01
3.620079999999999814e+02 6.928877332681687706e-01
3.613670000000000186e+02 6.802686190406158628e-01
3.607269999999999754e+02 6.301644463191493628e-01
3.600869999999999891e+02 6.484951668494669530e-01
3.594460000000000264e+02 5.852572718872484092e-01
3.588039999999999736e+02 5.391680120251124420e-01
3.581639999999999873e+02 5.205313728854309430e-01
3.575230000000000246e+02 4.784543750367737935e-01
3.568829999999999814e+02 5.370592383613921328e-01
3.562420000000000186e+02 5.185596787819664044e-01
3.556000000000000227e+02 5.268234578219651576e-01
3.549590000000000032e+02 5.515370200058044015e-01
3.543179999999999836e+02 4.967906586941145952e-01
3.536770000000000209e+02 5.115918892377238070e-01
3.530350000000000250e+02 5.852752926637798669e-01
3.523940000000000055e+02 6.028894188610229854e-01
3.517520000000000095e+02 6.008154658666295944e-01
3.511109999999999900e+02 4.850644489738062948e-01
3.504689999999999941e+02 5.254859474443388523e-01
3.498269999999999982e+02 5.397890275843609809e-01
3.491859999999999786e+02 5.282804115027416314e-01
3.485450000000000159e+02 5.168765793588731006e-01
3.479019999999999868e+02 5.054405185683704671e-01
3.472599999999999909e+02 4.719083797488465848e-01
3.466190000000000282e+02 4.639199431640431137e-01
3.459769999999999754e+02 4.496590125721468545e-01
3.453340000000000032e+02 4.890162520625587761e-01
3.446929999999999836e+02 5.123918050687815695e-01
3.440509999999999877e+02 4.918272537879667672e-01
3.434089999999999918e+02 4.838629744382211273e-01
3.427660000000000196e+02 4.511346011659413402e-01
3.421240000000000236e+02 5.145028091752066324e-01
3.414820000000000277e+02 5.280875853865788505e-01
3.408399999999999750e+02 5.231153455590201728e-01
3.401970000000000027e+02 5.488375755029228920e-01
3.395539999999999736e+02 5.529712498756514938e-01
3.389119999999999777e+02 5.357878877770431147e-01
3.382690000000000055e+02 5.490722706796260510e-01
3.376259999999999764e+02 6.224910959303897595e-01
3.369839999999999804e+02 6.683585358084485062e-01
3.363419999999999845e+02 6.390304939821623842e-01
3.356979999999999791e+02 5.979178211694933243e-01
3.350550000000000068e+02 5.868528689505595475e-01
3.344130000000000109e+02 5.581084315113067351e-01
3.337690000000000055e+02 5.649023504055856737e-01
3.331259999999999764e+02 5.775794954744096765e-01
3.324830000000000041e+02 6.545794858015957507e-01
3.318389999999999986e+02 6.172418776854445843e-01
3.311960000000000264e+02 6.644031158033006923e-01
3.305539999999999736e+02 6.416833130433352572e-01
3.299110000000000014e+02 6.797673020650578657e-01
3.292660000000000196e+02 7.032008876802602337e-01
3.286229999999999905e+02 7.407685320237221704e-01
3.279800000000000182e+02 7.266572297548798964e-01
3.273360000000000127e+02 7.040062212532490760e-01
3.266929999999999836e+02 6.362258491115815318e-01
3.260489999999999782e+02 6.225830981041614587e-01
3.254049999999999727e+02 6.062015154377139448e-01
3.247610000000000241e+02 6.376153454535353760e-01
3.241179999999999950e+02 6.129078689429376947e-01
3.234730000000000132e+02 6.273163480307825113e-01
3.228290000000000077e+02 6.277304842201114621e-01
3.221840000000000259e+02 6.779283977284852325e-01
3.215409999999999968e+02 6.808694063389175710e-01
3.208969999999999914e+02 7.358617658286565888e-01
3.202520000000000095e+02 7.659475685240242360e-01
3.196080000000000041e+02 7.603201970400433884e-01
3.189639999999999986e+02 7.818574005824654449e-01
3.183190000000000168e+02 8.140283440962459149e-01
3.176750000000000114e+02 7.625283285629972374e-01
3.170310000000000059e+02 6.819866676918556747e-01
3.163860000000000241e+02 6.792952372261211735e-01
3.157420000000000186e+02 6.608057094224805139e-01
3.150980000000000132e+02 6.185427315174564233e-01
3.144519999999999982e+02 6.055842814640740590e-01
3.138079999999999927e+02 5.848735712700172673e-01
3.131619999999999777e+02 5.721506518055321511e-01
3.125179999999999723e+02 5.542823898473864253e-01
3.118729999999999905e+02 5.599252174100317614e-01
3.112269999999999754e+02 6.510371267886436719e-01
3.105830000000000268e+02 6.098240515924042704e-01
3.099370000000000118e+02 5.920332954253123559e-01
3.092919999999999732e+02 5.974451288176282349e-01
3.086469999999999914e+02 5.798278453715957070e-01
3.080009999999999764e+02 6.309193484285323672e-01
3.073570000000000277e+02 6.588012263810533176e-01
3.067099999999999795e+02 6.663677629369797462e-01
3.060649999999999977e+02 6.536905660199826551e-01
3.054200000000000159e+02 6.486003198271136361e-01
3.047740000000000009e+02 6.436013256757304735e-01
3.041290000000000191e+02 6.386255341864186530e-01
3.034820000000000277e+02 7.052707278052376960e-01
3.028369999999999891e+02 7.467928908033354407e-01
3.021920000000000073e+02 7.781047264561731236e-01
3.015450000000000159e+02 7.531057717407758645e-01
3.008999999999999773e+02 7.014482277393566667e-01
3.002529999999999859e+02 7.689523982604929975e-01
2.996080000000000041e+02 7.369296088322838667e-01
2.989610000000000127e+02 7.002917582745828984e-01
2.983149999999999977e+02 7.597948546537474090e-01
2.976700000000000159e+02 7.257738119794332476e-01
2.970230000000000246e+02 7.275712207525308894e-01
2.963770000000000095e+02 6.796639437463273259e-01
2.957300000000000182e+02 6.628436662317656047e-01
2.950840000000000032e+02 6.812810177257689892e-01
2.944370000000000118e+02 6.294498800180458042e-01
2.937909999999999968e+02 6.478518877485875960e-01
2.931429999999999723e+02 7.564529937003890980e-01
2.924970000000000141e+02 7.510745110816352543e-01
2.918500000000000227e+02 7.135303893369177031e-01
2.912040000000000077e+02 6.991558602488771035e-01
2.905570000000000164e+02 7.304284343129920920e-01
2.899100000000000250e+02 7.706531763250017431e-01
2.892629999999999768e+02 8.307565240381341587e-01
2.886159999999999854e+02 8.656729700228874558e-01
2.879689999999999941e+02 8.890124971005252119e-01
2.873210000000000264e+02 8.898092067660972049e-01
2.866750000000000114e+02 8.772128883846869174e-01
2.860269999999999868e+02 9.223117649556014097e-01
2.853799999999999955e+02 9.361208240752971754e-01
2.847320000000000277e+02 9.234285565420723429e-01
2.840849999999999795e+02 9.654915926833534945e-01
2.834370000000000118e+02 9.832614122408906976e-01
2.827900000000000205e+02 1.024651644584169574e+00
2.821419999999999959e+02 1.059265548312858796e+00
2.814950000000000045e+02 1.074106060733031498e+00
2.808469999999999800e+02 1.112474554342042898e+00
2.801990000000000123e+02 1.073642694621957716e+00
2.795509999999999877e+02 1.047840821175625159e+00
2.789039999999999964e+02 1.058259413274416971e+00
2.782549999999999955e+02 1.055807611038467542e+00
2.776080000000000041e+02 1.055518443145213814e+00
2.769590000000000032e+02 1.038472147750186814e+00
2.763120000000000118e+02 1.056879569074060221e+00
2.756630000000000109e+02 1.035821167145000166e+00
2.750149999999999864e+02 1.051927426352099237e+00
2.743659999999999854e+02 1.137748046310969263e+00
2.737189999999999941e+02 1.202278007174115482e+00
2.730699999999999932e+02 1.217466837612954489e+00
2.724220000000000255e+02 1.197975685066128282e+00
2.717730000000000246e+02 1.168592188082541394e+00
2.711240000000000236e+02 1.145417445593136740e+00
2.704759999999999991e+02 1.108470524528552437e+00
2.698260000000000218e+02 1.125504999963856667e+00
2.691779999999999973e+02 1.160226483576816348e+00
2.685289999999999964e+02 1.101857330119328848e+00
2.678809999999999718e+02 1.085180838176243112e+00
2.672309999999999945e+02 1.064803166852097194e+00
2.665830000000000268e+02 1.085389303736117528e+00
2.659329999999999927e+02 1.158134793731812273e+00
2.652839999999999918e+02 1.187771228544791224e+00
2.646349999999999909e+02 1.236286481351410949e+00
2.639850000000000136e+02 1.202100213946962537e+00
2.633369999999999891e+02 1.185271010947748005e+00
2.626870000000000118e+02 1.214120470000263019e+00
2.620380000000000109e+02 1.184182377395079255e+00
2.613879999999999768e+02 1.229552167871258206e+00
2.607400000000000091e+02 1.201649448174585633e+00
2.600899999999999750e+02 1.145911396261146908e+00
2.594390000000000214e+02 1.172232806443548991e+00
2.587900000000000205e+02 1.146602651781514437e+00
2.581399999999999864e+02 1.146912095555537858e+00
2.574909999999999854e+02 1.134395513084209384e+00
2.568410000000000082e+02 1.185642756147878174e+00
2.561899999999999977e+02 1.223737611942550041e+00
2.555409999999999968e+02 1.198275806670895394e+00
2.548899999999999864e+02 1.221505191054636175e+00
2.542410000000000139e+02 1.217712743956764099e+00
2.535910000000000082e+02 1.174717974465343540e+00
2.529399999999999977e+02 1.172805314762030537e+00
2.522899999999999920e+02 1.186832634722199575e+00
2.516399999999999864e+02 1.221647326222060626e+00
2.509900000000000091e+02 1.165320140349463296e+00
2.503389999999999986e+02 1.166831602701559722e+00
2.496879999999999882e+02 1.190822646118085526e+00
2.490380000000000109e+02 1.193808883063932846e+00
2.483870000000000005e+02 1.227665103883657460e+00
2.477359999999999900e+02 1.257701541482136420e+00
2.470860000000000127e+02 1.239903455954535882e+00
2.464350000000000023e+02 1.274593255194341967e+00
2.457849999999999966e+02 1.218119023141276847e+00
2.451330000000000098e+02 1.244144274135813966e+00
2.444819999999999993e+02 1.218227163792976464e+00
2.438319999999999936e+02 1.195890583278543584e+00
2.431800000000000068e+02 1.178591552456306646e+00
2.425289999999999964e+02 1.172953097362473329e+00
2.418779999999999859e+02 1.216318514610423174e+00
2.412270000000000039e+02 1.244650963999227367e+00
2.405749999999999886e+02 1.212781007419223345e+00
2.399240000000000066e+02 1.261648165345746087e+00
2.392719999999999914e+02 1.255571385520404704e+00
2.386200000000000045e+02 1.276588542415856953e+00
2.379699999999999989e+02 1.267208169126717410e+00
2.373180000000000121e+02 1.298932237470847406e+00
2.366670000000000016e+02 1.292628194669537045e+00
2.360149999999999864e+02 1.287817543258638953e+00
2.353629999999999995e+02 1.309533229922021480e+00
2.347100000000000080e+02 1.354195618675594126e+00
2.340600000000000023e+02 1.342878897144267780e+00
2.334070000000000107e+02 1.333185539361286809e+00
2.327549999999999955e+02 1.380008778431145000e+00
2.321040000000000134e+02 1.414130571260638902e+00
2.314509999999999934e+02 1.402581346164063492e+00
2.307980000000000018e+02 1.434637228475659887e+00
2.301469999999999914e+02 1.427478590413489457e+00
2.294939999999999998e+02 1.405434571224524865e+00
2.288420000000000130e+02 1.373207968346310981e+00
2.281899999999999977e+02 1.417850980995966514e+00
2.275370000000000061e+02 1.450266853437809589e+00
2.268839999999999861e+02 1.466299069233143904e+00
2.262330000000000041e+02 1.495081894943610878e+00
2.255800000000000125e+02 1.533691154413440616e+00
2.249269999999999925e+02 1.527331329950190497e+00
2.242729999999999961e+02 1.530997666042845484e+00
2.236220000000000141e+02 1.560091592184398079e+00
2.229679999999999893e+02 1.564841158346182093e+00
2.223149999999999977e+02 1.572229474924373482e+00
2.216630000000000109e+02 1.545992410215376367e+00
2.210099999999999909e+02 1.517065767679640187e+00
2.203559999999999945e+02 1.487020326082560295e+00
2.197019999999999982e+02 1.471040264840405731e+00
2.190500000000000114e+02 1.472989056826194965e+00
2.183969999999999914e+02 1.468013448807756749e+00
2.177429999999999950e+02 1.458975740275119781e+00
2.170889999999999986e+02 1.463470950766865730e+00
2.164370000000000118e+02 1.435638785972987774e+00
2.157829999999999870e+02 1.452121174081386190e+00
2.151289999999999907e+02 1.433797237275640457e+00
2.144749999999999943e+02 1.465838596800617344e+00
2.138220000000000027e+02 1.462007433243326160e+00
2.131680000000000064e+02 1.460742840081248994e+00
2.125140000000000100e+02 1.464655428488638167e+00
2.118600000000000136e+02 1.437428471200395741e+00
2.112069999999999936e+02 1.460598740139287921e+00
2.105529999999999973e+02 1.445060032834023067e+00
2.098979999999999961e+02 1.430907447336772220e+00
2.092439999999999998e+02 1.407945897630370258e+00
2.085910000000000082e+02 1.401607352018726216e+00
2.079360000000000070e+02 1.392739245650389313e+00
2.072820000000000107e+02 1.381417680854825525e+00
2.066270000000000095e+02 1.347866091660123500e+00
2.059739999999999895e+02 1.365136610549303020e+00
2.053189999999999884e+02 1.356393594712653083e+00
2.046639999999999873e+02 1.337978073236503862e+00
2.040089999999999861e+02 1.335431633275595331e+00
2.033540000000000134e+02 1.329237047548541328e+00
2.027009999999999934e+02 1.288373002837754022e+00
2.020459999999999923e+02 1.271659047265810916e+00
2.013909999999999911e+02 1.240871219412851945e+00
2.007350000000000136e+02 1.262193731207343683e+00
2.000800000000000125e+02 1.246920444811890460e+00
1.994259999999999877e+02 1.217781761837215093e+00
1.987709999999999866e+02 1.212071856672857884e+00
1.981160000000000139e+02 1.198334343777751831e+00
1.974600000000000080e+02 1.209843776042226260e+00
1.968050000000000068e+02 1.181329597869969827e+00
1.961510000000000105e+02 1.171264966112984585e+00
1.954950000000000045e+02 1.192705833478363342e+00
1.948389999999999986e+02 1.164594452033493432e+00
1.941839999999999975e+02 1.146783408516285574e+00
1.935279999999999916e+02 1.152343073777358562e+00
1.928739999999999952e+02 1.161082828616529117e+00
1.922179999999999893e+02 1.152185862075092215e+00
1.915620000000000118e+02 1.175937430611533330e+00
1.909060000000000059e+02 1.210191014842212587e+00
1.902500000000000000e+02 1.221421192258874022e+00
1.895939999999999941e+02 1.198232775461220756e+00
1.889389999999999930e+02 1.221980701812729553e+00
1.882829999999999870e+02 1.238033753544188986e+00
1.876270000000000095e+02 1.255921741345319420e+00
1.869699999999999989e+02 1.244333815413867894e+00
1.863139999999999930e+02 1.236953263962535132e+00
1.856570000000000107e+02 1.211009503232006068e+00
1.850010000000000048e+02 1.191499595375732357e+00
1.843460000000000036e+02 1.202718308937023695e+00
1.836889999999999930e+02 1.220828095937731117e+00
1.830329999999999870e+02 1.237624092510453577e+00
1.823760000000000048e+02 1.244177816997538155e+00
1.817189999999999941e+02 1.230693604095832283e+00
1.810620000000000118e+02 1.284522301785773424e+00
1.804050000000000011e+02 1.322879970832412821e+00
1.797500000000000000e+02 1.335266141440526910e+00
1.790929999999999893e+02 1.365936015590603514e+00
1.784360000000000070e+02 1.362382818762925885e+00
1.777789999999999964e+02 1.372215946986448110e+00
1.771220000000000141e+02 1.373250235157671417e+00
1.764650000000000034e+02 1.375176875464065640e+00
1.758069999999999879e+02 1.380729137144408813e+00
1.751500000000000057e+02 1.363728332654753350e+00
1.744939999999999998e+02 1.370980327544140343e+00
1.738369999999999891e+02 1.394725529363320948e+00
1.731790000000000020e+02 1.407059995321322532e+00
1.725219999999999914e+02 1.424647045779632082e+00
1.718640000000000043e+02 1.448257153653565332e+00
1.712059999999999889e+02 1.465163937225282487e+00
1.705490000000000066e+02 1.477340209855361408e+00
1.698909999999999911e+02 1.481234625663492510e+00
1.692330000000000041e+02 1.470874188408394678e+00
1.685749999999999886e+02 1.458795119345496438e+00
1.679190000000000111e+02 1.470351981654645979e+00
1.672609999999999957e+02 1.458253961641097884e+00
1.666030000000000086e+02 1.481506095760417807e+00
1.659449999999999932e+02 1.453927665295037031e+00
1.652870000000000061e+02 1.419828040010366665e+00
1.646279999999999859e+02 1.417276917792644753e+00
1.639699999999999989e+02 1.428935907555482165e+00
1.633120000000000118e+02 1.449526937210738664e+00
1.626539999999999964e+02 1.447416685548402970e+00
1.619950000000000045e+02 1.424669566765126794e+00
1.613369999999999891e+02 1.414401992681108222e+00
1.606779999999999973e+02 1.389555322634073109e+00
1.600190000000000055e+02 1.386698783474129115e+00
1.593609999999999900e+02 1.391822956507098530e+00
1.587040000000000077e+02 1.388852582015613679e+00
1.580449999999999875e+02 1.392877976139279772e+00
1.573859999999999957e+02 1.381868933552542034e+00
1.567270000000000039e+02 1.386491830927610636e+00
1.560680000000000121e+02 1.375504487238317974e+00
1.554089999999999918e+02 1.373018055665756965e+00
1.547500000000000000e+02 1.374277606752095426e+00
1.540910000000000082e+02 1.363314694194297072e+00
1.534319999999999879e+02 1.359915749796066775e+00
1.527729999999999961e+02 1.355725798643482527e+00
1.521140000000000043e+02 1.341849604092535841e+00
1.514540000000000077e+02 1.336173139804347265e+00
1.507949999999999875e+02 1.330478199761853553e+00
1.501359999999999957e+02 1.369806015890990158e+00
1.494759999999999991e+02 1.379640806426326360e+00
1.488170000000000073e+02 1.380632856678731590e+00
1.481570000000000107e+02 1.404261615031824340e+00
1.474970000000000141e+02 1.397799086525126411e+00
1.468379999999999939e+02 1.408149071880302694e+00
1.461779999999999973e+02 1.411283801695522477e+00
1.455180000000000007e+02 1.430149369652204960e+00
1.448580000000000041e+02 1.432866411423906916e+00
1.441980000000000075e+02 1.400006494866274709e+00
1.435380000000000109e+02 1.410117233922944857e+00
1.428779999999999859e+02 1.413925041774594771e+00
1.422179999999999893e+02 1.429569726543513219e+00
1.415579999999999927e+02 1.431642670281331409e+00
1.408979999999999961e+02 1.430280727749451586e+00
1.402379999999999995e+02 1.427514619892034098e+00
1.395769999999999982e+02 1.422072697332356750e+00
1.389170000000000016e+02 1.435887904430435569e+00
1.382560000000000002e+02 1.469734307839351883e+00
1.375960000000000036e+02 1.487164063805816783e+00
1.369350000000000023e+02 1.500435804083913860e+00
1.362750000000000057e+02 1.502176628877478937e+00
1.356140000000000043e+02 1.518595468660178360e+00
1.349540000000000077e+02 1.532797833013624267e+00
1.342930000000000064e+02 1.563690501360840868e+00
1.336320000000000050e+02 1.593362010498890591e+00
1.329710000000000036e+02 1.609257129006304465e+00
1.323100000000000023e+02 1.617030631050375478e+00
1.316490000000000009e+02 1.647551714965839187e+00
1.309879999999999995e+02 1.653443155420554866e+00
1.303269999999999982e+02 1.655039521935191660e+00
1.296659999999999968e+02 1.683542902120502616e+00
1.290049999999999955e+02 1.692012242793062837e+00
1.283420000000000130e+02 1.688801785165373603e+00
1.276809999999999974e+02 1.689463485145608734e+00
1.270190000000000055e+02 1.704999422977702350e+00
1.263580000000000041e+02 1.683043992977192316e+00
1.256959999999999980e+02 1.655751057604524235e+00
1.250349999999999966e+02 1.656009617759877317e+00
1.243730000000000047e+02 1.649613302042912455e+00
1.237120000000000033e+02 1.637260061503893249e+00
1.230499999999999972e+02 1.635573720736336334e+00
1.223880000000000052e+02 1.626881153450016937e+00
1.217259999999999991e+02 1.593591469460645671e+00
1.210639999999999930e+02 1.553941590407173834e+00
1.204030000000000058e+02 1.546709982934845407e+00
1.197409999999999997e+02 1.531253216822568985e+00
1.190780000000000030e+02 1.488054038010314439e+00
1.184150000000000063e+02 1.471956060735886807e+00
1.177530000000000001e+02 1.446095761247844669e+00
1.170909999999999940e+02 1.413113081781999014e+00
1.164279999999999973e+02 1.381003918221298532e+00
1.157660000000000053e+02 1.364344074602817702e+00
1.151039999999999992e+02 1.343479099716284875e+00
1.144410000000000025e+02 1.312812499200431304e+00
1.137789999999999964e+02 1.283941699963003780e+00
1.131159999999999997e+02 1.273692297281497909e+00
1.124539999999999935e+02 1.256053767018656453e+00
1.117890000000000015e+02 1.237127400609139949e+00
1.111269999999999953e+02 1.229408707308413895e+00
1.104639999999999986e+02 1.208546255581981921e+00
1.098010000000000019e+02 1.190153614573929541e+00
1.091380000000000052e+02 1.168397827115168264e+00
1.084749999999999943e+02 1.156123640206666803e+00
1.078119999999999976e+02 1.118658629348840750e+00
1.071490000000000009e+02 1.095127761775200659e+00
1.064849999999999994e+02 1.044389033265587186e+00
1.058209999999999980e+02 1.001312581146561742e+00
1.051580000000000013e+02 9.488285821291024824e-01
1.044950000000000045e+02 9.296525026939121972e-01
1.038319999999999936e+02 8.892700150345625998e-01
1.031680000000000064e+02 8.535755512181542048e-01
1.025049999999999955e+02 8.204646187553849002e-01
1.018400000000000034e+02 8.050622642598070922e-01
1.011760000000000019e+02 7.811390138559072271e-01
1.005130000000000052e+02 7.839214239181467869e-01
9.984900000000000375e+01 7.802968530645550960e-01
9.918529999999999802e+01 7.731693030119651810e-01
9.852150000000000318e+01 7.633697411168364200e-01
9.785769999999999413e+01 7.797548803267818629e-01
9.719230000000000302e+01 8.002444059715030367e-01
9.652830000000000155e+01 8.190703205826573852e-01
9.586430000000000007e+01 8.329790336581217591e-01
9.520029999999999859e+01 8.526759702204684821e-01
9.453610000000000468e+01 8.822828282144374867e-01
9.387199999999999989e+01 9.111646559274674262e-01
9.320619999999999550e+01 9.284604837008091360e-01
9.254200000000000159e+01 9.486839988986979222e-01
9.187760000000000105e+01 9.469302325212474170e-01
9.121320000000000050e+01 9.515600141473422591e-01
9.054879999999999995e+01 9.481537908665930159e-01
8.988280000000000314e+01 9.630780107544058000e-01
8.921819999999999595e+01 9.616236078677522503e-01
8.855360000000000298e+01 9.518410217687371944e-01
8.788890000000000668e+01 9.414471559181476490e-01
8.722419999999999618e+01 9.542206805682761361e-01
8.655939999999999657e+01 9.630484689966963829e-01
8.589300000000000068e+01 9.775237420163499502e-01
8.522809999999999775e+01 9.790495878982872213e-01
8.456319999999999482e+01 9.874345799441208715e-01
8.389820000000000277e+01 9.814726679743563942e-01
8.323160000000000025e+01 9.859772987449110238e-01
8.256650000000000489e+01 9.842469164957085015e-01
8.190130000000000621e+01 9.906062940511273229e-01
8.123609999999999332e+01 9.890644898772823490e-01
8.057080000000000553e+01 9.721317601916367179e-01
7.990389999999999304e+01 9.707146500434219449e-01
7.923850000000000193e+01 9.744711470243103690e-01
7.857299999999999329e+01 9.809974145382337474e-01
7.790749999999999886e+01 9.830487677545324265e-01
7.724039999999999395e+01 9.802410283601478147e-01
7.657479999999999620e+01 9.823724570577827553e-01
7.590909999999999513e+01 9.678199241401856945e-01
7.524339999999999407e+01 9.698839107382222213e-01
7.457760000000000389e+01 9.659994817697779013e-01
7.391020000000000323e+01 9.456023788067565716e-01
7.324429999999999552e+01 9.348439616994589363e-01
7.257829999999999870e+01 9.124178255757017242e-01
7.191230000000000189e+01 8.967173236644545575e-01
7.124469999999999459e+01 8.894118308825463837e-01
7.057850000000000534e+01 8.761034967244677452e-01
6.991230000000000189e+01 8.761752035687274676e-01
6.924609999999999843e+01 8.582289001405207785e-01
6.857829999999999870e+01 8.506758534980345399e-01
6.791190000000000282e+01 8.412777808706806137e-01
6.724550000000000693e+01 8.276199167512271471e-01
6.657750000000000057e+01 8.185063699369412582e-01
6.591100000000000136e+01 8.017666589463243731e-01
6.524439999999999884e+01 7.930200714336386181e-01
6.457769999999999300e+01 7.797994950835511752e-01
6.390950000000000131e+01 7.639375825854526347e-01
6.324269999999999925e+01 7.547394478681614949e-01
6.257589999999999719e+01 7.494443864127503518e-01
6.190899999999999892e+01 7.426545002949127561e-01
6.124060000000000059e+01 7.332221270349775777e-01
6.057359999999999900e+01 7.253950588051751858e-01
5.990659999999999741e+01 7.181411164900717292e-01
5.923799999999999955e+01 6.995735641203579824e-01
5.857079999999999842e+01 6.800254719093908884e-01
5.790359999999999729e+01 6.728302549086769835e-01
5.723629999999999995e+01 6.601378886680606684e-01
5.656750000000000256e+01 6.428834642919074582e-01
5.590010000000000190e+01 6.353088338617043362e-01
5.523270000000000124e+01 6.230181452401287734e-01
5.456360000000000099e+01 6.142751171483722405e-01
5.389609999999999701e+01 6.081019237423542778e-01
5.322849999999999682e+01 6.065304587933774139e-01
5.255930000000000035e+01 6.080183735280041413e-01
5.189159999999999684e+01 5.931322953060959025e-01
5.122379999999999711e+01 5.876438351314743347e-01
5.055440000000000111e+01 5.803443990849949108e-01
4.988660000000000139e+01 5.693683431554177332e-01
4.921860000000000213e+01 5.578958773714097763e-01
4.854910000000000281e+01 5.473994999818606599e-01
4.788100000000000023e+01 5.422579018519577687e-01
4.721289999999999765e+01 5.333039875697053178e-01
4.654319999999999879e+01 5.210033293850294678e-01
4.587500000000000000e+01 5.139816317795743439e-01
4.520669999999999789e+01 4.986720733053863763e-01
4.453679999999999950e+01 4.893348508070920477e-01
4.386840000000000117e+01 4.809981580364718345e-01
4.320000000000000284e+01 4.778170883356477883e-01
4.252989999999999782e+01 4.665214911982438761e-01
4.186129999999999995e+01 4.541613215473537246e-01
4.119270000000000209e+01 4.384772074976910905e-01
4.052250000000000085e+01 4.286664951690977721e-01
3.985379999999999967e+01 4.213037496638954993e-01
3.918500000000000227e+01 4.159931432572446242e-01
3.851460000000000150e+01 4.074564364802397143e-01
3.784570000000000078e+01 3.981181895725100506e-01
3.717519999999999669e+01 3.866066285514634382e-01
3.650619999999999976e+01 3.763421639397150908e-01
3.583709999999999951e+01 3.694899397767312799e-01
3.516640000000000299e+01 3.622101535765482883e-01
3.449719999999999942e+01 3.517323561281452404e-01
3.382800000000000296e+01 3.437991875265249964e-01
3.315709999999999980e+01 3.328079803788267510e-01
3.248780000000000001e+01 3.187526289559137194e-01
3.181680000000000064e+01 3.093761636566607076e-01
3.114730000000000132e+01 3.020641670815105706e-01
3.047779999999999845e+01 2.965619220656479094e-01
2.980669999999999931e+01 2.828208346449321842e-01
2.913700000000000045e+01 2.751711683505880801e-01
2.846730000000000160e+01 2.685228450578771575e-01
2.779599999999999937e+01 2.569969826622958697e-01
2.712620000000000076e+01 2.483614730746769861e-01
2.645479999999999876e+01 2.407031522068307505e-01
2.578490000000000038e+01 2.317525205872286720e-01
2.511329999999999885e+01 2.205012842342111701e-01
2.444330000000000069e+01 2.090572509916779897e-01
2.377319999999999922e+01 2.021583160169228288e-01
2.310150000000000148e+01 1.903706394024380910e-01
2.243130000000000024e+01 1.810871060442345581e-01
2.175949999999999918e+01 1.720271953707021295e-01
2.108909999999999840e+01 1.624550110684361282e-01
2.041870000000000118e+01 1.545254349152710982e-01
1.974680000000000035e+01 1.439262126338533010e-01
1.907629999999999981e+01 1.358494364982797964e-01
1.840419999999999945e+01 1.284764066215489942e-01
1.773349999999999937e+01 1.201282929162466873e-01
1.706129999999999924e+01 1.145798413027418750e-01
1.639059999999999917e+01 1.066394372410323921e-01
1.571979999999999933e+01 1.002508962734279530e-01
1.504739999999999966e+01 9.511096654485737267e-02
1.437650000000000006e+01 8.929434395749377695e-02
1.370410000000000039e+01 8.494573386360966538e-02
1.303299999999999947e+01 7.904144234163805460e-02
1.236040000000000028e+01 7.397042996974928508e-02
1.168929999999999936e+01 6.887724876195845669e-02
1.101660000000000039e+01 6.528054715324552171e-02
1.034529999999999994e+01 6.393747620466359860e-02
9.672489999999999810e+00 6.172256142586286798e-02
9.001129999999999853e+00 5.945027742496953455e-02
8.329710000000000392e+00 5.651293278851687862e-02
7.656710000000000349e+00 5.491622203936934871e-02
6.985170000000000101e+00 5.696439986835612201e-02
6.312050000000000161e+00 5.787942268517853178e-02
5.640399999999999636e+00 5.763448957313414833e-02
4.967170000000000307e+00 5.515357968347976009e-02
4.295410000000000394e+00 5.090988540954931307e-02
3.622059999999999835e+00 4.561780168664043844e-02
2.950180000000000025e+00 3.918205512863556089e-02
2.276720000000000077e+00 3.199307280612847387e-02
1.604729999999999990e+00 2.344126064451297620e-02
9.311519999999999797e-01 1.363928362264315262e-02
2.590439999999999965e-01 3.781280068403231141e-03
