4.498670000000000186e+02 1.275122498837666374e+00
4.492339999999999804e+02 1.009495810377162739e+00
4.486009999999999991e+02 8.882623396457326459e-01
4.479680000000000177e+02 1.244699576416651299e+00
4.473360000000000127e+02 1.206857650998504949e+00
4.467029999999999745e+02 1.145198120102645767e+00
4.460690000000000168e+02 1.356939003214302053e+00
4.454359999999999786e+02 1.224268606405419124e+00
4.448029999999999973e+02 1.186719009359440191e+00
4.441689999999999827e+02 1.290960883382093582e+00
4.435360000000000014e+02 1.418394159652783593e+00
4.429019999999999868e+02 1.663120774001878965e+00
4.422699999999999818e+02 1.436938875132196314e+00
4.416360000000000241e+02 1.622078091777215292e+00
4.410029999999999859e+02 1.607555622348637803e+00
4.403690000000000282e+02 1.464554154493392879e+00
4.397350000000000136e+02 1.462028341762729555e+00
4.391009999999999991e+02 1.424587278887113673e+00
4.384669999999999845e+02 1.154656239570731602e+00
4.378330000000000268e+02 1.233833549739793423e+00
4.371990000000000123e+02 1.139034027988915732e+00
4.365649999999999977e+02 1.217974635830670005e+00
4.359329999999999927e+02 9.503427244525469719e-01
4.352980000000000018e+02 7.873149845844077399e-01
4.346639999999999873e+02 7.744499596817234766e-01
4.340299999999999727e+02 8.075159965496390146e-01
4.333960000000000150e+02 8.060922474546251548e-01
4.327610000000000241e+02 1.102220219932314116e+00
4.321270000000000095e+02 9.974302773716069437e-01
4.314920000000000186e+02 8.246042394851991197e-01
4.308580000000000041e+02 7.434574855839600760e-01
4.302230000000000132e+02 8.217051660191476703e-01
4.295889999999999986e+02 9.450215203741938463e-01
4.289540000000000077e+02 7.847420785831576984e-01
4.283190000000000168e+02 8.851171330746515631e-01
4.276859999999999786e+02 8.836878127959767459e-01
4.270509999999999877e+02 7.581223166048937090e-01
4.264159999999999968e+02 6.330744166568244014e-01
4.257810000000000059e+02 7.553603393282328771e-01
4.251460000000000150e+02 8.436217297153533190e-01
4.245110000000000241e+02 1.009811577828975571e+00
4.238759999999999764e+02 1.019132580534566568e+00
4.232409999999999854e+02 1.117620759864213831e+00
4.226050000000000182e+02 9.821421260207250370e-01
4.219700000000000273e+02 1.002595523750383411e+00
4.213349999999999795e+02 1.034027043142631719e+00
4.206990000000000123e+02 1.186987456433049593e+00
4.200640000000000214e+02 1.195876986627945504e+00
4.194289999999999736e+02 1.325914181762507305e+00
4.187930000000000064e+02 1.070496126744738374e+00
4.181569999999999823e+02 1.013639116487638159e+00
4.175219999999999914e+02 1.077582836633393493e+00
4.168860000000000241e+02 1.316271521839867953e+00
4.162500000000000000e+02 1.433995491246084830e+00
4.156150000000000091e+02 1.453198332873187448e+00
4.149789999999999850e+02 1.494033684764195735e+00
4.143430000000000177e+02 1.534710683269034925e+00
4.137069999999999936e+02 1.380111556970879283e+00
4.130710000000000264e+02 1.604815663797115821e+00
4.124350000000000023e+02 1.709869175526143925e+00
4.117989999999999782e+02 1.792986082669007608e+00
4.111630000000000109e+02 1.725079741988684745e+00
4.105260000000000105e+02 1.657455911295722784e+00
4.098899999999999864e+02 1.707991344549747215e+00
4.092540000000000191e+02 1.469431670841048199e+00
4.086170000000000186e+02 1.488036878189576306e+00
4.079809999999999945e+02 1.581224302866162557e+00
4.073439999999999941e+02 1.514421698336072319e+00
4.067080000000000268e+02 1.447863604631144385e+00
4.060710000000000264e+02 1.614743793777899672e+00
4.054350000000000023e+02 1.378933747029672086e+00
4.047980000000000018e+02 1.408056970956421017e+00
4.041610000000000014e+02 1.363240997448673664e+00
4.035240000000000009e+02 1.465927587620973638e+00
4.028879999999999768e+02 1.242629249718154361e+00
4.022509999999999764e+02 1.345072447539020999e+00
4.016139999999999759e+02 1.112381559849936696e+00
4.009769999999999754e+02 1.131165015362230131e+00
4.003399999999999750e+02 8.892513152725266545e-01
3.997029999999999745e+02 1.074838737041232894e+00
3.990649999999999977e+02 1.010466168849269097e+00
3.984279999999999973e+02 8.117299297792390789e-01
3.977909999999999968e+02 7.585048486039361881e-01
3.971519999999999868e+02 7.361586852597327146e-01
3.965149999999999864e+02 5.803290008576044157e-01
3.958770000000000095e+02 6.614580699617226278e-01
3.952400000000000091e+02 4.343861606718913970e-01
3.946019999999999754e+02 5.974911502930960738e-01
3.939649999999999750e+02 4.224711589610516960e-01
3.933269999999999982e+02 4.012440673741686781e-01
3.926890000000000214e+02 6.347529196038340649e-01
3.920520000000000209e+02 5.928812087748738247e-01
3.914139999999999873e+02 7.743524911536494582e-01
3.907760000000000105e+02 7.828939885296120060e-01
3.901379999999999768e+02 1.044089834199658506e+00
3.895000000000000000e+02 1.274195684307547705e+00
3.888609999999999900e+02 1.151100413836371406e+00
3.882230000000000132e+02 1.178921609146895255e+00
3.875849999999999795e+02 1.296962738775592650e+00
3.869460000000000264e+02 1.404520416611285460e+00
3.863079999999999927e+02 1.531656386611212506e+00
3.856700000000000159e+02 1.608406964257252714e+00
3.850319999999999823e+02 1.694798288402437958e+00
3.843929999999999723e+02 1.532528285791897593e+00
3.837549999999999955e+02 1.628577964898885178e+00
3.831159999999999854e+02 1.576028760472041990e+00
3.824759999999999991e+02 1.553036360076006428e+00
3.818380000000000223e+02 1.490887783508519693e+00
3.811990000000000123e+02 1.242134304630040154e+00
3.805600000000000023e+02 1.377124254641742596e+00
3.799220000000000255e+02 1.315619691442404537e+00
3.792830000000000155e+02 1.166339879393256451e+00
3.786440000000000055e+02 1.261541133925844438e+00
3.780049999999999955e+02 1.161526578649971331e+00
3.773650000000000091e+02 1.198325404188476107e+00
3.767259999999999991e+02 1.554743335422790418e+00
3.760860000000000127e+02 1.522545451518202642e+00
3.754470000000000027e+02 1.838188200996566657e+00
3.748079999999999927e+02 1.815110788898506300e+00
3.741689999999999827e+02 1.907581287715491181e+00
3.735299999999999727e+02 2.009412780715386759e+00
3.728890000000000100e+02 2.034276569121376443e+00
3.722500000000000000e+02 1.877063578276147338e+00
3.716100000000000136e+02 2.121397569821984241e+00
3.709710000000000036e+02 1.945692011024205970e+00
3.703310000000000173e+02 1.865927487330091283e+00
3.696909999999999741e+02 1.805095537498110358e+00
3.690500000000000114e+02 1.848655084613270549e+00
3.684110000000000014e+02 1.750443210973244623e+00
3.677710000000000150e+02 1.709134935810043388e+00
3.671309999999999718e+02 1.630352576032292999e+00
3.664909999999999854e+02 1.871166380594207146e+00
3.658509999999999991e+02 1.726684980095119615e+00
3.652099999999999795e+02 1.723227770997721953e+00
3.645699999999999932e+02 1.934197804616484051e+00
3.639300000000000068e+02 1.892981358681022686e+00
3.632900000000000205e+02 1.870404666712632391e+00
3.626490000000000009e+02 1.912830618457353804e+00
3.620079999999999814e+02 1.862731484346870303e+00
3.613670000000000186e+02 1.831135338496523213e+00
3.607269999999999754e+02 1.698396771519742998e+00
3.600869999999999891e+02 1.750054726470159805e+00
3.594460000000000264e+02 1.581377951008875238e+00
3.588039999999999736e+02 1.458681696714382969e+00
3.581639999999999873e+02 1.410057101275168590e+00
3.575230000000000246e+02 1.297708438016165866e+00
3.568829999999999814e+02 1.458607036680033664e+00
3.562420000000000186e+02 1.410171846621803393e+00
3.556000000000000227e+02 1.434515865708927418e+00
3.549590000000000032e+02 1.503787374208004568e+00
3.543179999999999836e+02 1.356233470155960408e+00
3.536770000000000209e+02 1.398479068614447263e+00
3.530350000000000250e+02 1.602067771936096063e+00
3.523940000000000055e+02 1.652459664874375900e+00
3.517520000000000095e+02 1.648937456515888078e+00
3.511109999999999900e+02 1.332910273333740570e+00
3.504689999999999941e+02 1.445931521820533749e+00
3.498269999999999982e+02 1.487264023778646971e+00
3.491859999999999786e+02 1.457466999519613227e+00
3.485450000000000159e+02 1.427881520526342873e+00
3.479019999999999868e+02 1.398135024303753360e+00
3.472599999999999909e+02 1.307082152441713996e+00
3.466190000000000282e+02 1.286657060979574441e+00
3.459769999999999754e+02 1.248754366927645965e+00
3.453340000000000032e+02 1.359917384258433115e+00
3.446929999999999836e+02 1.426853163010083803e+00
3.440509999999999877e+02 1.371404701049068864e+00
3.434089999999999918e+02 1.351002668173004739e+00
3.427660000000000196e+02 1.261285752084831069e+00
3.421240000000000236e+02 1.440462786228624781e+00
3.414820000000000277e+02 1.480507563276353133e+00
3.408399999999999750e+02 1.468548162055826722e+00
3.401970000000000027e+02 1.542875881478417588e+00
3.395539999999999736e+02 1.556614957504298236e+00
3.389119999999999777e+02 1.510280317179755416e+00
3.382690000000000055e+02 1.549851877565839198e+00
3.376259999999999764e+02 1.759559756772435701e+00
3.369839999999999804e+02 1.891831805771149622e+00
3.363419999999999845e+02 1.811273072059019995e+00
3.356979999999999791e+02 1.697043922613570066e+00
3.350550000000000068e+02 1.667923234626382367e+00
3.344130000000000109e+02 1.588387476995896108e+00
3.337690000000000055e+02 1.609954557342508696e+00
3.331259999999999764e+02 1.648374185238709710e+00
3.324830000000000041e+02 1.870784919589711048e+00
3.318389999999999986e+02 1.766500008063515592e+00
3.311960000000000264e+02 1.904156504651242532e+00
3.305539999999999736e+02 1.841584907625689604e+00
3.299110000000000014e+02 1.953637427836875995e+00
3.292660000000000196e+02 2.023838399732055926e+00
3.286229999999999905e+02 2.134973942458985530e+00
3.279800000000000182e+02 2.097234145870358279e+00
3.273360000000000127e+02 2.034706412454130309e+00
3.266929999999999836e+02 1.841351088952865034e+00
3.260489999999999782e+02 1.804402758355711400e+00
3.254049999999999727e+02 1.759399463860169988e+00
3.247610000000000241e+02 1.853223829587107740e+00
3.241179999999999950e+02 1.783919817348377679e+00
3.234730000000000132e+02 1.828471771670535873e+00
3.228290000000000077e+02 1.832288312800966823e+00
3.221840000000000259e+02 1.981682441164738240e+00
3.215409999999999968e+02 1.993125218223268602e+00
3.208969999999999914e+02 2.157233757935594909e+00
3.202520000000000095e+02 2.248682293389411502e+00
3.196080000000000041e+02 2.235368672520946731e+00
3.189639999999999986e+02 2.302015398716018790e+00
3.183190000000000168e+02 2.400221667197596886e+00
3.176750000000000114e+02 2.251590109085768177e+00
3.170310000000000059e+02 2.016631988721673707e+00
3.163860000000000241e+02 2.011591179176512423e+00
3.157420000000000186e+02 1.959669772615365124e+00
3.150980000000000132e+02 1.836975611535979880e+00
3.144519999999999982e+02 1.801112897479361097e+00
3.138079999999999927e+02 1.742041270369392381e+00
3.131619999999999777e+02 1.706638436583318708e+00
3.125179999999999723e+02 1.655749888779456391e+00
3.118729999999999905e+02 1.675072775291747140e+00
3.112269999999999754e+02 1.950599440236621129e+00
3.105830000000000268e+02 1.829782229350789047e+00
3.099370000000000118e+02 1.779018814329972109e+00
3.092919999999999732e+02 1.797946360073718663e+00
3.086469999999999914e+02 1.747505347193508474e+00
3.080009999999999764e+02 1.904362706692450891e+00
3.073570000000000277e+02 1.991501187089357305e+00
3.067099999999999795e+02 2.017395847005223342e+00
3.060649999999999977e+02 1.981966046147098703e+00
3.054200000000000159e+02 1.969474478729196454e+00
3.047740000000000009e+02 1.957228369062666617e+00
3.041290000000000191e+02 1.945012348103386746e+00
3.034820000000000277e+02 2.151284268805035538e+00
3.028369999999999891e+02 2.281404299557160620e+00
3.021920000000000073e+02 2.380672615432972705e+00
3.015450000000000159e+02 2.307669649465711181e+00
3.008999999999999773e+02 2.152606536567590378e+00
3.002529999999999859e+02 2.363406777947530735e+00
2.996080000000000041e+02 2.268410252925304516e+00
2.989610000000000127e+02 2.158904497889108320e+00
2.983149999999999977e+02 2.345969092871369011e+00
2.976700000000000159e+02 2.244331490934165174e+00
2.970230000000000246e+02 2.253350217095485331e+00
2.963770000000000095e+02 2.108182540075467681e+00
2.957300000000000182e+02 2.059169916770434483e+00
2.950840000000000032e+02 2.119726937294306612e+00
2.944370000000000118e+02 1.961456235682444538e+00
2.937909999999999968e+02 2.021940754942250340e+00
2.931429999999999723e+02 2.364639962990627620e+00
2.924970000000000141e+02 2.351473054997188061e+00
2.918500000000000227e+02 2.237389254729861943e+00
2.912040000000000077e+02 2.195725785534338392e+00
2.905570000000000164e+02 2.297550523955083079e+00
2.899100000000000250e+02 2.427904183216228695e+00
2.892629999999999768e+02 2.621405357309077644e+00
2.886159999999999854e+02 2.735900582302515094e+00
2.879689999999999941e+02 2.814105335077325520e+00
2.873210000000000264e+02 2.821082208191607599e+00
2.866750000000000114e+02 2.785532216505103520e+00
2.860269999999999868e+02 2.933413858853375356e+00
2.853799999999999955e+02 2.982067349538637835e+00
2.847320000000000277e+02 2.946314322267762353e+00
2.840849999999999795e+02 3.085451416926011881e+00
2.834370000000000118e+02 3.147270626432757901e+00
2.827900000000000205e+02 3.285018524018894492e+00
2.821419999999999959e+02 3.401454153884636344e+00
2.814950000000000045e+02 3.454650139923287622e+00
2.808469999999999800e+02 3.583832206461503578e+00
2.801990000000000123e+02 3.464296948815965393e+00
2.795509999999999877e+02 3.386493776997858252e+00
2.789039999999999964e+02 3.425697292199926913e+00
2.782549999999999955e+02 3.423309685824888149e+00
2.776080000000000041e+02 3.427922464680774883e+00
2.769590000000000032e+02 3.378051329654260471e+00
2.763120000000000118e+02 3.443533062484064988e+00
2.756630000000000109e+02 3.380430906771625388e+00
2.750149999999999864e+02 3.438617869794061033e+00
2.743659999999999854e+02 3.725298184120914513e+00
2.737189999999999941e+02 3.943067030738125034e+00
2.730699999999999932e+02 3.999464666174089800e+00
2.724220000000000255e+02 3.941911597175388415e+00
2.717730000000000246e+02 3.851571112509205808e+00
2.711240000000000236e+02 3.781432212260015469e+00
2.704759999999999991e+02 3.665504086534394634e+00
2.698260000000000218e+02 3.728036774255314878e+00
2.691779999999999973e+02 3.849449226087998444e+00
2.685289999999999964e+02 3.661863826504017982e+00
2.678809999999999718e+02 3.612452017630484402e+00
2.672309999999999945e+02 3.550551062627242960e+00
2.665830000000000268e+02 3.625264175411979206e+00
2.659329999999999927e+02 3.874778783098612678e+00
2.652839999999999918e+02 3.980633912670110686e+00
2.646349999999999909e+02 4.150230244596736284e+00
2.639850000000000136e+02 4.042280164235501516e+00
2.633369999999999891e+02 3.992416107811052939e+00
2.626870000000000118e+02 4.096545876621373594e+00
2.620380000000000109e+02 4.002305713467396053e+00
2.613879999999999768e+02 4.162745240438924021e+00
2.607400000000000091e+02 4.075190456737574074e+00
2.600899999999999750e+02 3.892787745447650050e+00
2.594390000000000214e+02 3.989047339277519200e+00
2.587900000000000205e+02 3.908504649351501659e+00
2.581399999999999864e+02 3.916280822029809539e+00
2.574909999999999854e+02 3.880197205088842693e+00
2.568410000000000082e+02 4.062506439338231523e+00
2.561899999999999977e+02 4.200308784134504592e+00
2.555409999999999968e+02 4.120015670523410556e+00
2.548899999999999864e+02 4.207190449132110821e+00
2.542410000000000139e+02 4.201403906034571811e+00
2.535910000000000082e+02 4.060100983950392539e+00
2.529399999999999977e+02 4.060569781546631951e+00
2.522899999999999920e+02 4.116320877222753971e+00
2.516399999999999864e+02 4.244499049072972596e+00
2.509900000000000091e+02 4.055873330398839016e+00
2.503389999999999986e+02 4.068279102439387174e+00
2.496879999999999882e+02 4.159253242786605576e+00
2.490380000000000109e+02 4.177035139095773175e+00
2.483870000000000005e+02 4.303105812780320782e+00
2.477359999999999900e+02 4.416209437006279437e+00
2.470860000000000127e+02 4.361424216977313861e+00
2.464350000000000023e+02 4.491432979358206623e+00
2.457849999999999966e+02 4.300042792143950798e+00
2.451330000000000098e+02 4.399773608126219315e+00
2.444819999999999993e+02 4.315813492467258428e+00
2.438319999999999936e+02 4.244249833038256980e+00
2.431800000000000068e+02 4.190365269729221076e+00
2.425289999999999964e+02 4.177812345812579764e+00
2.418779999999999859e+02 4.340089041885012655e+00
2.412270000000000039e+02 4.449207761116225512e+00
2.405749999999999886e+02 4.343118514035007038e+00
2.399240000000000066e+02 4.526316019178389105e+00
2.392719999999999914e+02 4.512695008269322905e+00
2.386200000000000045e+02 4.596590563392355833e+00
2.379699999999999989e+02 4.571103974491325772e+00
2.373180000000000121e+02 4.694108246995408962e+00
2.366670000000000016e+02 4.679857662070055824e+00
2.360149999999999864e+02 4.670984867790448192e+00
2.353629999999999995e+02 4.758477609248646267e+00
2.347100000000000080e+02 4.929848901600189848e+00
2.340600000000000023e+02 4.897628150907396005e+00
2.334070000000000107e+02 4.871261770511637224e+00
2.327549999999999955e+02 5.051687738441944298e+00
2.321040000000000134e+02 5.186181442844970846e+00
2.314509999999999934e+02 5.153383547425749889e+00
2.307980000000000018e+02 5.280989686548549500e+00
2.301469999999999914e+02 5.264408463503142066e+00
2.294939999999999998e+02 5.192791626263478122e+00
2.288420000000000130e+02 5.083195112928422077e+00
2.281899999999999977e+02 5.258293087719390968e+00
2.275370000000000061e+02 5.388627736804780355e+00
2.268839999999999861e+02 5.458457196419320034e+00
2.262330000000000041e+02 5.576075767693441598e+00
2.255800000000000125e+02 5.730890223615370260e+00
2.249269999999999925e+02 5.717924078329881254e+00
2.242729999999999961e+02 5.742533722211452307e+00
2.236220000000000141e+02 5.862748410591986037e+00
2.229679999999999893e+02 5.891804032665894475e+00
2.223149999999999977e+02 5.930906916289793607e+00
2.216630000000000109e+02 5.843044331676154890e+00
2.210099999999999909e+02 5.744676256992478969e+00
2.203559999999999945e+02 5.641701396873170182e+00
2.197019999999999982e+02 5.591799528853347745e+00
2.190500000000000114e+02 5.609959779681420677e+00
2.183969999999999914e+02 5.601780214543833125e+00
2.177429999999999950e+02 5.578052399357117608e+00
2.170889999999999986e+02 5.606075379026543182e+00
2.164370000000000118e+02 5.510087335725243562e+00
2.157829999999999870e+02 5.584184543350342089e+00
2.151289999999999907e+02 5.524448511065664924e+00
2.144749999999999943e+02 5.658930108879008714e+00
2.138220000000000027e+02 5.655149897537816273e+00
2.131680000000000064e+02 5.661317880213188047e+00
2.125140000000000100e+02 5.687613976380697878e+00
2.118600000000000136e+02 5.592842196988343950e+00
2.112069999999999936e+02 5.694168372792820065e+00
2.105529999999999973e+02 5.644692276941776221e+00
2.098979999999999961e+02 5.600461188306110394e+00
2.092439999999999998e+02 5.521487417241640827e+00
2.085910000000000082e+02 5.507505919543991268e+00
2.079360000000000070e+02 5.483539940049997341e+00
2.072820000000000107e+02 5.449779860124614572e+00
2.066270000000000095e+02 5.328018689633408300e+00
2.059739999999999895e+02 5.407049515288286479e+00
2.053189999999999884e+02 5.383177912171086987e+00
2.046639999999999873e+02 5.320740388230255746e+00
2.040089999999999861e+02 5.321288057240959546e+00
2.033540000000000134e+02 5.307268330089623731e+00
2.027009999999999934e+02 5.154442052108221262e+00
2.020459999999999923e+02 5.097849873058470926e+00
2.013909999999999911e+02 4.984487558349442793e+00
2.007350000000000136e+02 5.080444557260848093e+00
2.000800000000000125e+02 5.029160411732493507e+00
1.994259999999999877e+02 4.921608279317561063e+00
1.987709999999999866e+02 4.908518239066096633e+00
1.981160000000000139e+02 4.862793578627375268e+00
1.974600000000000080e+02 4.919564251458717230e+00
1.968050000000000068e+02 4.813454893295390669e+00
1.961510000000000105e+02 4.782227721629622508e+00
1.954950000000000045e+02 4.879811518749899157e+00
1.948389999999999986e+02 4.774622313683922314e+00
1.941839999999999975e+02 4.711300986335438701e+00
1.935279999999999916e+02 4.743950363948553850e+00
1.928739999999999952e+02 4.789822160160731812e+00
1.922179999999999893e+02 4.762997310462965928e+00
1.915620000000000118e+02 4.871315824033589870e+00
1.909060000000000059e+02 5.023682276647361888e+00
1.902500000000000000e+02 5.080901109172063279e+00
1.895939999999999941e+02 4.994869276795176560e+00
1.889389999999999930e+02 5.104539180925680597e+00
1.882829999999999870e+02 5.182468820027108514e+00
1.876270000000000095e+02 5.268420899947043878e+00
1.869699999999999989e+02 5.230830695106376993e+00
1.863139999999999930e+02 5.210786398790684615e+00
1.856570000000000107e+02 5.112298995386918676e+00
1.850010000000000048e+02 5.040593853226692289e+00
1.843460000000000036e+02 5.098846916177723010e+00
1.836889999999999930e+02 5.186655985365534072e+00
1.830329999999999870e+02 5.269224898930929157e+00
1.823760000000000048e+02 5.308456305539692721e+00
1.817189999999999941e+02 5.262167266660821241e+00
1.810620000000000118e+02 5.504130189182993682e+00
1.804050000000000011e+02 5.680688794846219025e+00
1.797500000000000000e+02 5.746191014498368332e+00
1.790929999999999893e+02 5.890865949903075105e+00
1.784360000000000070e+02 5.888238450389811973e+00
1.777789999999999964e+02 5.943579720270257383e+00
1.771220000000000141e+02 5.960959618687767581e+00
1.764650000000000034e+02 5.982292020342234729e+00
1.758069999999999879e+02 6.019539509419561618e+00
1.751500000000000057e+02 5.958379017051664839e+00
1.744939999999999998e+02 6.003129536349029571e+00
1.738369999999999891e+02 6.120472135564813065e+00
1.731790000000000020e+02 6.188157369429230670e+00
1.725219999999999914e+02 6.279266324499791274e+00
1.718640000000000043e+02 6.397398843341646213e+00
1.712059999999999889e+02 6.486368778189397055e+00
1.705490000000000066e+02 6.554713922511097302e+00
1.698909999999999911e+02 6.586548328211933701e+00
1.692330000000000041e+02 6.554986435888533691e+00
1.685749999999999886e+02 6.515600973032476873e+00
1.679190000000000111e+02 6.581798510747700170e+00
1.672609999999999957e+02 6.542198838321528598e+00
1.666030000000000086e+02 6.661371463513829028e+00
1.659449999999999932e+02 6.551993368815791641e+00
1.652870000000000061e+02 6.412662853314317957e+00
1.646279999999999859e+02 6.415539093876788890e+00
1.639699999999999989e+02 6.482872369328513074e+00
1.633120000000000118e+02 6.591119139805211802e+00
1.626539999999999964e+02 6.596383560951610825e+00
1.619950000000000045e+02 6.507418929718315148e+00
1.613369999999999891e+02 6.475155852771497855e+00
1.606779999999999973e+02 6.375861877167665170e+00
1.600190000000000055e+02 6.377243920697589274e+00
1.593609999999999900e+02 6.415390647866261453e+00
1.587040000000000077e+02 6.416283575843123366e+00
1.580449999999999875e+02 6.449612667517638620e+00
1.573859999999999957e+02 6.413307087887964997e+00
1.567270000000000039e+02 6.449546129403810113e+00
1.560680000000000121e+02 6.413158239878159250e+00
1.554089999999999918e+02 6.416322806995694350e+00
1.547500000000000000e+02 6.437040748049327910e+00
1.540910000000000082e+02 6.400460994371267809e+00
1.534319999999999879e+02 6.399298815734423052e+00
1.527729999999999961e+02 6.394391663354078936e+00
1.521140000000000043e+02 6.343658172785940685e+00
1.514540000000000077e+02 6.331559266821594534e+00
1.507949999999999875e+02 6.319284956056879565e+00
1.501359999999999957e+02 6.521298822059603317e+00
1.494759999999999991e+02 6.583527570540560703e+00
1.488170000000000073e+02 6.603717607261872402e+00
1.481570000000000107e+02 6.732551578924950597e+00
1.474970000000000141e+02 6.717366472454295412e+00
1.468379999999999939e+02 6.783066322564322626e+00
1.461779999999999973e+02 6.814251126870040309e+00
1.455180000000000007e+02 6.921712666746057785e+00
1.448580000000000041e+02 6.951327925161108645e+00
1.441980000000000075e+02 6.808057777285989154e+00
1.435380000000000109e+02 6.873564522080728878e+00
1.428779999999999859e+02 6.908574985435920190e+00
1.422179999999999893e+02 7.001719562642654715e+00
1.415579999999999927e+02 7.028665232014226660e+00
1.408979999999999961e+02 7.038824070110232256e+00
1.402379999999999995e+02 7.042093155471539134e+00
1.395769999999999982e+02 7.032159629144104862e+00
1.389170000000000016e+02 7.117602106203511525e+00
1.382560000000000002e+02 7.303010670735696763e+00
1.375960000000000036e+02 7.407503799133510647e+00
1.369350000000000023e+02 7.491756537727177090e+00
1.362750000000000057e+02 7.518661468194133057e+00
1.356140000000000043e+02 7.619360769473959571e+00
1.349540000000000077e+02 7.709361429855587922e+00
1.342930000000000064e+02 7.883971571377349719e+00
1.336320000000000050e+02 8.053250806640029680e+00
1.329710000000000036e+02 8.153543142177822389e+00
1.323100000000000023e+02 8.213061497598886262e+00
1.316490000000000009e+02 8.388684617788205955e+00
1.309879999999999995e+02 8.439439708809043594e+00
1.303269999999999982e+02 8.468452163396159804e+00
1.296659999999999968e+02 8.635615672881062466e+00
1.290049999999999955e+02 8.700569679914366361e+00
1.283420000000000130e+02 8.705684420009786706e+00
1.276809999999999974e+02 8.730753592179354428e+00
1.270190000000000055e+02 8.833025240799397437e+00
1.263580000000000041e+02 8.741034850891145069e+00
1.256959999999999980e+02 8.620808651890635943e+00
1.250349999999999966e+02 8.643744070502981103e+00
1.243730000000000047e+02 8.631985591284633941e+00
1.237120000000000033e+02 8.588867152056453236e+00
1.230499999999999972e+02 8.601647188966667912e+00
1.223880000000000052e+02 8.577533140131064826e+00
1.217259999999999991e+02 8.423260829786494597e+00
1.210639999999999930e+02 8.234484269853560079e+00
1.204030000000000058e+02 8.216930884386474787e+00
1.197409999999999997e+02 8.155493192837555583e+00
1.190780000000000030e+02 7.945616420496387278e+00
1.184150000000000063e+02 7.879735127588428867e+00
1.177530000000000001e+02 7.761073346572047171e+00
1.170909999999999940e+02 7.603462176385415994e+00
1.164279999999999973e+02 7.449766865765838020e+00
1.157660000000000053e+02 7.378794089752650720e+00
1.151039999999999992e+02 7.284637228662048436e+00
1.144410000000000025e+02 7.136720244587897000e+00
1.137789999999999964e+02 6.997782570255515644e+00
1.131159999999999997e+02 6.959895298569497513e+00
1.124539999999999935e+02 6.881284879224128126e+00
1.117890000000000015e+02 6.795256100721152492e+00
1.111269999999999953e+02 6.770406888017869385e+00
1.104639999999999986e+02 6.672863237701009531e+00
1.098010000000000019e+02 6.588466928639848064e+00
1.091380000000000052e+02 6.484945560631125261e+00
1.084749999999999943e+02 6.433631714409756341e+00
1.078119999999999976e+02 6.241475004772205182e+00
1.071490000000000009e+02 6.126244873951571357e+00
1.064849999999999994e+02 5.857803542306350586e+00
1.058209999999999980e+02 5.631020664085316874e+00
1.051580000000000013e+02 5.349953694364308454e+00
1.044950000000000045e+02 5.255698731088076947e+00
1.038319999999999936e+02 5.040716898292939341e+00
1.031680000000000064e+02 4.851244728479828794e+00
1.025049999999999955e+02 4.675454446647771434e+00
1.018400000000000034e+02 4.599940228360477334e+00
1.011760000000000019e+02 4.475171165655615013e+00
1.005130000000000052e+02 4.503121206086313499e+00
9.984900000000000375e+01 4.494321993677600879e+00
9.918529999999999802e+01 4.465225921575878942e+00
9.852150000000000318e+01 4.420488768011517244e+00
9.785769999999999413e+01 4.527546337046268299e+00
9.719230000000000302e+01 4.659097275561494556e+00
9.652830000000000155e+01 4.781608630321748876e+00
9.586430000000000007e+01 4.875985092117641528e+00
9.520029999999999859e+01 5.004836419465137354e+00
9.453610000000000468e+01 5.192706825170665397e+00
9.387199999999999989e+01 5.377304684217145692e+00
9.320619999999999550e+01 5.494366812719342796e+00
9.254200000000000159e+01 5.629390853315165977e+00
9.187760000000000105e+01 5.634367832182521241e+00
9.121320000000000050e+01 5.677444439154892386e+00
9.054879999999999995e+01 5.672660145051355407e+00
8.988280000000000314e+01 5.777846138796472353e+00
8.921819999999999595e+01 5.785024879454016222e+00
8.855360000000000298e+01 5.741983289052475570e+00
8.788890000000000668e+01 5.694990202524010670e+00
8.722419999999999618e+01 5.788257937916053031e+00
8.655939999999999657e+01 5.858025700904566868e+00
8.589300000000000068e+01 5.962652617763469998e+00
8.522809999999999775e+01 5.988594869814396482e+00
8.456319999999999482e+01 6.056737383239659600e+00
8.389820000000000277e+01 6.036992858049758937e+00
8.323160000000000025e+01 6.081721414343955523e+00
8.256650000000000489e+01 6.088074363120366428e+00
8.190130000000000621e+01 6.144627676562358864e+00
8.123609999999999332e+01 6.152328810158794958e+00
8.057080000000000553e+01 6.064044457489909945e+00
7.990389999999999304e+01 6.072344234218630454e+00
7.923850000000000193e+01 6.113088345931453560e+00
7.857299999999999329e+01 6.171470648667528813e+00
7.790749999999999886e+01 6.201930510942704977e+00
7.724039999999999395e+01 6.201840760332697933e+00
7.657479999999999620e+01 6.233028719697265352e+00
7.590909999999999513e+01 6.158211579514087930e+00
7.524339999999999407e+01 6.188981841199830747e+00
7.457760000000000389e+01 6.181841056250692468e+00
7.391020000000000323e+01 6.068700084002584205e+00
7.324429999999999552e+01 6.016886368893181292e+00
7.257829999999999870e+01 5.889439612177694627e+00
7.191230000000000189e+01 5.804775616853429909e+00
7.124469999999999459e+01 5.774144338149232780e+00
7.057850000000000534e+01 5.704193695000491005e+00
6.991230000000000189e+01 5.721188031359484505e+00
6.924609999999999843e+01 5.620260534140910202e+00
6.857829999999999870e+01 5.587026566451299914e+00
6.791190000000000282e+01 5.541389804817473674e+00
6.724550000000000693e+01 5.467323776823638681e+00
6.657750000000000057e+01 5.422950858233837934e+00
6.591100000000000136e+01 5.327584425402976720e+00
6.524439999999999884e+01 5.284910914233645229e+00
6.457769999999999300e+01 5.212063461036690271e+00
6.390950000000000131e+01 5.121093520504312657e+00
6.324269999999999925e+01 5.074339071154278180e+00
6.257589999999999719e+01 5.053608330309931951e+00
6.190899999999999892e+01 5.022626798789119107e+00
6.124060000000000059e+01 4.973549406251573934e+00
6.057359999999999900e+01 4.935050865772859119e+00
5.990659999999999741e+01 4.900214068622824826e+00
5.923799999999999955e+01 4.787752583256545513e+00
5.857079999999999842e+01 4.667838591911383617e+00
5.790359999999999729e+01 4.632238301179937956e+00
5.723629999999999995e+01 4.558446343228182762e+00
5.656750000000000256e+01 4.452624476024523048e+00
5.590010000000000190e+01 4.413366083766653070e+00
5.523270000000000124e+01 4.340991097771763840e+00
5.456360000000000099e+01 4.292988773679891956e+00
5.389609999999999701e+01 4.262661478371474466e+00
5.322849999999999682e+01 4.264490212750612130e+00
5.255930000000000035e+01 4.287918787484340299e+00
5.189159999999999684e+01 4.195612111060894378e+00
5.122379999999999711e+01 4.169408225561553216e+00
5.055440000000000111e+01 4.130167509910432244e+00
4.988660000000000139e+01 4.064392040103569137e+00
4.921860000000000213e+01 3.994645711464579030e+00
4.854910000000000281e+01 3.931492226845082261e+00
4.788100000000000023e+01 3.906486324820486189e+00
4.721289999999999765e+01 3.853759120377661329e+00
4.654319999999999879e+01 3.776458118819221887e+00
4.587500000000000000e+01 3.737020614275074593e+00
4.520669999999999789e+01 3.636876814326098994e+00
4.453679999999999950e+01 3.579817213615088978e+00
4.386840000000000117e+01 3.529704807786453902e+00
4.320000000000000284e+01 3.517217407290838871e+00
4.252989999999999782e+01 3.444743544097539356e+00
4.186129999999999995e+01 3.363892339353203642e+00
4.119270000000000209e+01 3.257823627857796112e+00
4.052250000000000085e+01 3.194877933628085920e+00
3.985379999999999967e+01 3.149803089971566550e+00
3.918500000000000227e+01 3.119823241906727329e+00
3.851460000000000150e+01 3.065391144190628303e+00
3.784570000000000078e+01 3.004530549262753425e+00
3.717519999999999669e+01 2.926840127024327831e+00
3.650619999999999976e+01 2.858095723750863737e+00
3.583709999999999951e+01 2.814901359736997399e+00
3.516640000000000299e+01 2.768172738039383685e+00
3.449719999999999942e+01 2.696594889371037862e+00
3.382800000000000296e+01 2.644120785076721436e+00
3.315709999999999980e+01 2.567725574646774422e+00
3.248780000000000001e+01 2.467093681759967794e+00
3.181680000000000064e+01 2.402158250128887396e+00
3.114730000000000132e+01 2.352859646468296262e+00
3.047779999999999845e+01 2.317375857718605658e+00
2.980669999999999931e+01 2.217080681562723310e+00
2.913700000000000045e+01 2.164022216008484989e+00
2.846730000000000160e+01 2.118511830159000908e+00
2.779599999999999937e+01 2.034105661283440725e+00
2.712620000000000076e+01 1.972081074850683846e+00
2.645479999999999876e+01 1.917444899297074956e+00
2.578490000000000038e+01 1.852102315514505326e+00
2.511329999999999885e+01 1.767894686401354942e+00
2.444330000000000069e+01 1.681566021409401035e+00
2.377319999999999922e+01 1.631347816490709368e+00
2.310150000000000148e+01 1.541224672885289637e+00
2.243130000000000024e+01 1.470834383953724345e+00
2.175949999999999918e+01 1.401809730518306818e+00
2.108909999999999840e+01 1.328127536663321617e+00
2.041870000000000118e+01 1.267429128023269902e+00
1.974680000000000035e+01 1.184364288273448418e+00
1.907629999999999981e+01 1.121565153900376144e+00
1.840419999999999945e+01 1.064184436859103133e+00
1.773349999999999937e+01 9.983078042479833769e-01
1.706129999999999924e+01 9.553423396310000149e-01
1.639059999999999917e+01 8.920689313250893537e-01
1.571979999999999933e+01 8.413976647302153777e-01
1.504739999999999966e+01 8.009068800166612156e-01
1.437650000000000006e+01 7.544185469658793997e-01
1.370410000000000039e+01 7.200669019055461195e-01
1.303299999999999947e+01 6.722450126633927603e-01
1.236040000000000028e+01 6.312159751560242338e-01
1.168929999999999936e+01 5.897141249660247109e-01
1.101660000000000039e+01 5.607919968855807902e-01
1.034529999999999994e+01 5.510947268841590585e-01
9.672489999999999810e+00 5.337924317384445949e-01
9.001129999999999853e+00 5.158685920330530195e-01
8.329710000000000392e+00 4.920301637564891140e-01
7.656710000000000349e+00 4.797441304590916444e-01
6.985170000000000101e+00 4.993196271033160105e-01
6.312050000000000161e+00 5.090614630173632138e-01
5.640399999999999636e+00 5.086250815360747746e-01
4.967170000000000307e+00 4.883859024439513585e-01
4.295410000000000394e+00 4.523390161917635877e-01
3.622059999999999835e+00 4.067000654742210508e-01
2.950180000000000025e+00 3.505127012362110883e-01
2.276720000000000077e+00 2.871803787093424876e-01
1.604729999999999990e+00 2.111351775436331735e-01
9.311519999999999797e-01 1.232699073861989320e-01
2.590439999999999965e-01 3.429169980287245095e-02
