4.498670000000000186e+02 5.156108323593317465e-04
4.492339999999999804e+02 5.811827636611011181e-04
4.486009999999999991e+02 2.467260892766098769e-04
4.479680000000000177e+02 6.883745231296798262e-04
4.473360000000000127e+02 6.868639618379468676e-04
4.467029999999999745e+02 9.049107882799684076e-04
4.460690000000000168e+02 1.345359999868676426e-04
4.454359999999999786e+02 3.528906113010690814e-04
4.448029999999999973e+02 7.881518043597660322e-04
4.441689999999999827e+02 8.949044366238056557e-04
4.435360000000000014e+02 3.495744523398519469e-04
4.429019999999999868e+02 -4.094053109437374477e-04
4.422699999999999818e+02 3.472488569660168458e-04
4.416360000000000241e+02 1.323116159182028339e-04
4.410029999999999859e+02 9.174724608568441016e-05
4.403690000000000282e+02 1.664073257023072276e-04
4.397350000000000136e+02 2.197283424998724380e-04
4.391009999999999991e+02 2.355582612101931748e-05
4.384669999999999845e+02 5.542660890145766159e-04
4.378330000000000268e+02 4.467707224242828097e-04
4.371990000000000123e+02 5.515058618291481798e-04
4.365649999999999977e+02 6.545371789992463721e-04
4.359329999999999927e+02 4.437222937733658408e-04
4.352980000000000018e+02 2.389098879012080620e-05
4.346639999999999873e+02 3.714546936804419839e-04
4.340299999999999727e+02 8.419877918039630680e-05
4.333960000000000150e+02 -9.358730210555064215e-05
4.327610000000000241e+02 -2.235957030110161508e-05
4.321270000000000095e+02 -1.233764485736766497e-04
4.314920000000000186e+02 -2.288522966849816599e-04
4.308580000000000041e+02 -1.255403567931564557e-04
4.302230000000000132e+02 -1.749267285629507718e-04
4.295889999999999986e+02 -7.913910366852758152e-05
4.289540000000000077e+02 2.260420758327243791e-04
4.283190000000000168e+02 -2.819870048883121763e-04
4.276859999999999786e+02 2.237322928468338986e-05
4.270509999999999877e+02 1.231965768494140245e-04
4.264159999999999968e+02 9.265437721560271017e-04
4.257810000000000059e+02 3.230854597219672279e-04
4.251460000000000150e+02 -7.754609709821159785e-05
4.245110000000000241e+02 2.214852185663200427e-04
4.238759999999999764e+02 3.946597555585263381e-04
4.232409999999999854e+02 3.803322022867492444e-04
4.226050000000000182e+02 5.734466641564323498e-04
4.219700000000000273e+02 7.860989438522471675e-04
4.213349999999999795e+02 9.205307714784395330e-04
4.206990000000000123e+02 7.557809185647653251e-04
4.200640000000000214e+02 8.160550775978052352e-04
4.194289999999999736e+02 8.749413090755052717e-04
4.187930000000000064e+02 8.917008949329309746e-04
4.181569999999999823e+02 1.016677899050256019e-03
4.175219999999999914e+02 9.998208175659585150e-04
4.168860000000000241e+02 8.868019938845983149e-04
4.162500000000000000e+02 9.801132706109784085e-04
4.156150000000000091e+02 4.991720735046824677e-04
4.149789999999999850e+02 5.710508077452050623e-04
4.143430000000000177e+02 2.102802345454538995e-05
4.137069999999999936e+02 4.804424231798526293e-04
4.130710000000000264e+02 5.404741684664454270e-04
4.124350000000000023e+02 2.798428646379750228e-04
4.117989999999999782e+02 2.947682649681275112e-04
4.111630000000000109e+02 2.018404590709960123e-04
4.105260000000000105e+02 6.734623868079572437e-05
4.098899999999999864e+02 2.504288754160620368e-04
4.092540000000000191e+02 2.986782995446386345e-04
4.086170000000000186e+02 3.903122142159097399e-04
4.079809999999999945e+02 6.659083224037529950e-04
4.073439999999999941e+02 2.042978241883899122e-04
4.067080000000000268e+02 4.784496159159606888e-04
4.060710000000000264e+02 4.095391688273725974e-04
4.054350000000000023e+02 2.298328774434984113e-04
4.047980000000000018e+02 4.740609631883069427e-04
4.041610000000000014e+02 1.558954528438074802e-04
4.035240000000000009e+02 3.132796312115206810e-04
4.028879999999999768e+02 3.123136736428568181e-04
4.022509999999999764e+02 1.767349051400550085e-04
4.016139999999999759e+02 9.579507107597203951e-05
4.009769999999999754e+02 2.224165870572240064e-04
4.003399999999999750e+02 2.434862226759025442e-04
3.997029999999999745e+02 2.851848860699724526e-04
3.990649999999999977e+02 7.257621670834982089e-04
3.984279999999999973e+02 5.196192922128719822e-04
3.977909999999999968e+02 6.116307573974796375e-04
3.971519999999999868e+02 7.321248832025888760e-04
3.965149999999999864e+02 2.807477848350793865e-04
3.958770000000000095e+02 8.884089054243914227e-04
3.952400000000000091e+02 1.058717489906291567e-03
3.946019999999999754e+02 8.480603457277754911e-04
3.939649999999999750e+02 9.658814257178728775e-04
3.933269999999999982e+02 1.048704877610843501e-03
3.926890000000000214e+02 8.505038247494909904e-04
3.920520000000000209e+02 6.159529989336854586e-04
3.914139999999999873e+02 7.838304626443894953e-04
3.907760000000000105e+02 9.506272840050332537e-04
3.901379999999999768e+02 6.094855768515500304e-04
3.895000000000000000e+02 8.603010244736555802e-04
3.888609999999999900e+02 3.542164957489104269e-04
3.882230000000000132e+02 6.042244082105275487e-04
3.875849999999999795e+02 5.798145121013671731e-04
3.869460000000000264e+02 6.212765306691497152e-04
3.863079999999999927e+02 4.670798479339811861e-04
3.856700000000000159e+02 4.187596613752726294e-04
3.850319999999999823e+02 1.201715689759371103e-04
3.843929999999999723e+02 2.753783258505285310e-04
3.837549999999999955e+02 2.092420295829787262e-04
3.831159999999999854e+02 1.021750735261059293e-04
3.824759999999999991e+02 1.339646763479814256e-04
3.818380000000000223e+02 1.799970117796403511e-04
3.811990000000000123e+02 2.598981723345871364e-04
3.805600000000000023e+02 1.788183928327632477e-04
3.799220000000000255e+02 4.186827439638037300e-04
3.792830000000000155e+02 8.169227223674588008e-04
3.786440000000000055e+02 6.584194555867609565e-04
3.780049999999999955e+02 9.065465069148518273e-04
3.773650000000000091e+02 9.699931669246542694e-04
3.767259999999999991e+02 6.480354277669270625e-04
3.760860000000000127e+02 8.524407632558264787e-04
3.754470000000000027e+02 8.389131166758912210e-04
3.748079999999999927e+02 9.071538894230986002e-04
3.741689999999999827e+02 4.063475504993250978e-04
3.735299999999999727e+02 6.373036535138028400e-04
3.728890000000000100e+02 6.632920014982499881e-04
3.722500000000000000e+02 6.640310645954198730e-04
3.716100000000000136e+02 7.080059122287978663e-04
3.709710000000000036e+02 3.229871232989877760e-04
3.703310000000000173e+02 6.877589541201433636e-04
3.696909999999999741e+02 7.769193784566291467e-04
3.690500000000000114e+02 9.230172045897117787e-05
3.684110000000000014e+02 3.376509580099759764e-04
3.677710000000000150e+02 3.928382642644427485e-04
3.671309999999999718e+02 3.230239530622982711e-04
3.664909999999999854e+02 3.145998778076610197e-04
3.658509999999999991e+02 2.403044889366485418e-04
3.652099999999999795e+02 2.836237978041657669e-04
3.645699999999999932e+02 2.381398257966347459e-04
3.639300000000000068e+02 7.531008523665409923e-04
3.632900000000000205e+02 2.359890193338084867e-04
3.626490000000000009e+02 1.040392297703836852e-03
3.620079999999999814e+02 8.035125098537480208e-04
3.613670000000000186e+02 7.305266850079646362e-04
3.607269999999999754e+02 7.404108695992106135e-04
3.600869999999999891e+02 8.358363959449609118e-04
3.594460000000000264e+02 6.635296323531685763e-04
3.588039999999999736e+02 7.324384962740480842e-04
3.581639999999999873e+02 7.656192928135493840e-04
3.575230000000000246e+02 6.349165556324837256e-04
3.568829999999999814e+02 3.701068825021741312e-04
3.562420000000000186e+02 6.519782065379163246e-04
3.556000000000000227e+02 4.384761620252659604e-04
3.549590000000000032e+02 9.278203569370261500e-04
3.543179999999999836e+02 8.574884492387655453e-04
3.536770000000000209e+02 1.130222401764962832e-03
3.530350000000000250e+02 1.140049996327976252e-03
3.523940000000000055e+02 9.144707359518226136e-04
3.517520000000000095e+02 1.029169205112129672e-03
3.511109999999999900e+02 1.046164907897470129e-03
3.504689999999999941e+02 9.284071339190215055e-04
3.498269999999999982e+02 7.544368164866862431e-04
3.491859999999999786e+02 5.496010736257140716e-04
3.485450000000000159e+02 4.436068602494770479e-04
3.479019999999999868e+02 6.218969915186596401e-04
3.472599999999999909e+02 5.163818914075294980e-04
3.466190000000000282e+02 4.814659298680370471e-04
3.459769999999999754e+02 4.909266794398557589e-04
3.453340000000000032e+02 4.628454895817764639e-04
3.446929999999999836e+02 5.056718349089598568e-04
3.440509999999999877e+02 5.038250475329485601e-04
3.434089999999999918e+02 4.927760887056389710e-04
3.427660000000000196e+02 5.005969788696709374e-04
3.421240000000000236e+02 5.056117620829886144e-04
3.414820000000000277e+02 5.344782117086539861e-04
3.408399999999999750e+02 5.479278834304126189e-04
3.401970000000000027e+02 6.597693097311458331e-04
3.395539999999999736e+02 8.662093253466735931e-04
3.389119999999999777e+02 1.039263753493574298e-03
3.382690000000000055e+02 9.668056292046449266e-04
3.376259999999999764e+02 1.315116170093784615e-03
3.369839999999999804e+02 1.261867533677346739e-03
3.363419999999999845e+02 1.172756328369717327e-03
3.356979999999999791e+02 1.507308077458547344e-03
3.350550000000000068e+02 1.506688079346662221e-03
3.344130000000000109e+02 1.525054433992234157e-03
3.337690000000000055e+02 1.501665546530920898e-03
3.331259999999999764e+02 1.536315665056870155e-03
3.324830000000000041e+02 1.528554339629999799e-03
3.318389999999999986e+02 1.488750444239756582e-03
3.311960000000000264e+02 1.322976652592799908e-03
3.305539999999999736e+02 1.058935932937543406e-03
3.299110000000000014e+02 8.781300332649638867e-04
3.292660000000000196e+02 1.023513249634634562e-03
3.286229999999999905e+02 9.503555969392252136e-04
3.279800000000000182e+02 8.543963647251468906e-04
3.273360000000000127e+02 9.485054768493649934e-04
3.266929999999999836e+02 1.324605316793562703e-03
3.260489999999999782e+02 1.328211105831078208e-03
3.254049999999999727e+02 1.314367099509182674e-03
3.247610000000000241e+02 1.335454901566367593e-03
3.241179999999999950e+02 1.304175197112754803e-03
3.234730000000000132e+02 1.377252951859947016e-03
3.228290000000000077e+02 1.294005910518650042e-03
3.221840000000000259e+02 1.521409890035962725e-03
3.215409999999999968e+02 1.515248212463854308e-03
3.208969999999999914e+02 1.336651291773730075e-03
3.202520000000000095e+02 1.560523177539757493e-03
3.196080000000000041e+02 9.835618197470850834e-04
3.189639999999999986e+02 1.144700750219186051e-03
3.183190000000000168e+02 9.969988662760604584e-04
3.176750000000000114e+02 8.670391941483660079e-04
3.170310000000000059e+02 9.483692474823063627e-04
3.163860000000000241e+02 8.985401006557526939e-04
3.157420000000000186e+02 8.487018305866142346e-04
3.150980000000000132e+02 1.066869899982938021e-03
3.144519999999999982e+02 1.394942794261305741e-03
3.138079999999999927e+02 1.058688803200914536e-03
3.131619999999999777e+02 8.898515010246305177e-04
3.125179999999999723e+02 8.864497895284753496e-04
3.118729999999999905e+02 8.830480002525278090e-04
3.112269999999999754e+02 1.150336294742058518e-03
3.105830000000000268e+02 1.307000858466029602e-03
3.099370000000000118e+02 1.204013129701278018e-03
3.092919999999999732e+02 1.494591857541781484e-03
3.086469999999999914e+02 1.452454812433115949e-03
3.080009999999999764e+02 1.451130989357489508e-03
3.073570000000000277e+02 1.545857403575723711e-03
3.067099999999999795e+02 1.572828155553406384e-03
3.060649999999999977e+02 1.592764251442440205e-03
3.054200000000000159e+02 1.547236097803065353e-03
3.047740000000000009e+02 1.547725886463467097e-03
3.041290000000000191e+02 1.496516032420204794e-03
3.034820000000000277e+02 1.352342953076269031e-03
3.028369999999999891e+02 1.450424425524841779e-03
3.021920000000000073e+02 1.277153942473360261e-03
3.015450000000000159e+02 1.148601737862577857e-03
3.008999999999999773e+02 1.096733862312598839e-03
3.002529999999999859e+02 1.121974656530570118e-03
2.996080000000000041e+02 1.132025404122172403e-03
2.989610000000000127e+02 1.112499893467056283e-03
2.983149999999999977e+02 1.152107461741946415e-03
2.976700000000000159e+02 1.103071347496024750e-03
2.970230000000000246e+02 1.230394392410989876e-03
2.963770000000000095e+02 1.310083431562872758e-03
2.957300000000000182e+02 1.481692648957779173e-03
2.950840000000000032e+02 1.377617927595803588e-03
2.944370000000000118e+02 1.177094589941381827e-03
2.937909999999999968e+02 1.414375625644526688e-03
2.931429999999999723e+02 1.322920077642180227e-03
2.924970000000000141e+02 1.305942025025303918e-03
2.918500000000000227e+02 1.356098955032867918e-03
2.912040000000000077e+02 1.342210847551925709e-03
2.905570000000000164e+02 1.368001299861528386e-03
2.899100000000000250e+02 1.330501786095706317e-03
2.892629999999999768e+02 1.418460763525500714e-03
2.886159999999999854e+02 1.318842465679947486e-03
2.879689999999999941e+02 1.409747421215680214e-03
2.873210000000000264e+02 1.464624334330884249e-03
2.866750000000000114e+02 1.532065851755174193e-03
2.860269999999999868e+02 1.497784379555686628e-03
2.853799999999999955e+02 1.552706526323295979e-03
2.847320000000000277e+02 1.547209005574598202e-03
2.840849999999999795e+02 1.567247412606870456e-03
2.834370000000000118e+02 1.541912739860412402e-03
2.827900000000000205e+02 1.538292447485090563e-03
2.821419999999999959e+02 1.533239254072557957e-03
2.814950000000000045e+02 1.487402587184630210e-03
2.808469999999999800e+02 1.513683810564631516e-03
2.801990000000000123e+02 1.332471084413990123e-03
2.795509999999999877e+02 1.457882370860498966e-03
2.789039999999999964e+02 1.494820839337094621e-03
2.782549999999999955e+02 1.183604630399217629e-03
2.776080000000000041e+02 1.524504524337393476e-03
2.769590000000000032e+02 1.474669997290137475e-03
2.763120000000000118e+02 1.486508263958389101e-03
2.756630000000000109e+02 1.597526431044170346e-03
2.750149999999999864e+02 1.553853715368661449e-03
2.743659999999999854e+02 1.616659845525573926e-03
2.737189999999999941e+02 1.612845535549343708e-03
2.730699999999999932e+02 1.643454691329570552e-03
2.724220000000000255e+02 1.562944670851738231e-03
2.717730000000000246e+02 1.505787643684281842e-03
2.711240000000000236e+02 1.331407477268114299e-03
2.704759999999999991e+02 1.324860343901222790e-03
2.698260000000000218e+02 1.523723223854793691e-03
2.691779999999999973e+02 1.477461441309609958e-03
2.685289999999999964e+02 1.428595976177900835e-03
2.678809999999999718e+02 1.462484812018729390e-03
2.672309999999999945e+02 1.714806616756824574e-03
2.665830000000000268e+02 1.772086665204334732e-03
2.659329999999999927e+02 1.758853023008064530e-03
2.652839999999999918e+02 1.671166532413462680e-03
2.646349999999999909e+02 1.348096480204654703e-03
2.639850000000000136e+02 1.341581444036532697e-03
2.633369999999999891e+02 1.647091137351690401e-03
2.626870000000000118e+02 1.872252748756260366e-03
2.620380000000000109e+02 1.824208982383069763e-03
2.613879999999999768e+02 1.969234746651205969e-03
2.607400000000000091e+02 1.653671199581739377e-03
2.600899999999999750e+02 1.873933718184455201e-03
2.594390000000000214e+02 1.333833983912950660e-03
2.587900000000000205e+02 1.290194476027868315e-03
2.581399999999999864e+02 1.360352913361052157e-03
2.574909999999999854e+02 1.298626324284738159e-03
2.568410000000000082e+02 1.288404738909126098e-03
2.561899999999999977e+02 1.237098685435698061e-03
2.555409999999999968e+02 1.297204414747525755e-03
2.548899999999999864e+02 1.361763237486699352e-03
2.542410000000000139e+02 1.318501456521415423e-03
2.535910000000000082e+02 1.515061568688586295e-03
2.529399999999999977e+02 1.737824773121518637e-03
2.522899999999999920e+02 1.871956287172770513e-03
2.516399999999999864e+02 2.112525399493547697e-03
2.509900000000000091e+02 2.065761799166300136e-03
2.503389999999999986e+02 2.514666690881005653e-03
2.496879999999999882e+02 2.361268366866345596e-03
2.490380000000000109e+02 2.489336005318660856e-03
2.483870000000000005e+02 2.198112701142019339e-03
2.477359999999999900e+02 1.979159665016767215e-03
2.470860000000000127e+02 2.244116650025246729e-03
2.464350000000000023e+02 2.198329721595959369e-03
2.457849999999999966e+02 2.050566828330183285e-03
2.451330000000000098e+02 2.480305906885573071e-03
2.444819999999999993e+02 2.534796094382430007e-03
2.438319999999999936e+02 2.488087373472714931e-03
2.431800000000000068e+02 2.474868184223197320e-03
2.425289999999999964e+02 2.130152545570099688e-03
2.418779999999999859e+02 2.152032852720398536e-03
2.412270000000000039e+02 2.370237279805995512e-03
2.405749999999999886e+02 2.161791069385153585e-03
2.399240000000000066e+02 2.247547267283409728e-03
2.392719999999999914e+02 2.267844547437615401e-03
2.386200000000000045e+02 2.159320914271223128e-03
2.379699999999999989e+02 2.371383888622665814e-03
2.373180000000000121e+02 2.396177778117982143e-03
2.366670000000000016e+02 2.338759675987975815e-03
2.360149999999999864e+02 2.487905853054376594e-03
2.353629999999999995e+02 2.419655088642549620e-03
2.347100000000000080e+02 2.519496332275202120e-03
2.340600000000000023e+02 2.448820801375200997e-03
2.334070000000000107e+02 2.451290099694188301e-03
2.327549999999999955e+02 2.524181349470809837e-03
2.321040000000000134e+02 2.470563991808388295e-03
2.314509999999999934e+02 2.426485879975250580e-03
2.307980000000000018e+02 2.202344125080050660e-03
2.301469999999999914e+02 2.130326038753551678e-03
2.294939999999999998e+02 2.177857711837272343e-03
2.288420000000000130e+02 2.343304962746285518e-03
2.281899999999999977e+02 2.182945226303375282e-03
2.275370000000000061e+02 2.550792816300785724e-03
2.268839999999999861e+02 2.422270888593038799e-03
2.262330000000000041e+02 2.519087220597909012e-03
2.255800000000000125e+02 2.550139529392184915e-03
2.249269999999999925e+02 2.490165057670485921e-03
2.242729999999999961e+02 2.538665955378395164e-03
2.236220000000000141e+02 2.536010055209930378e-03
2.229679999999999893e+02 2.422655923466097115e-03
2.223149999999999977e+02 2.492363686569139258e-03
2.216630000000000109e+02 2.339432911672276096e-03
2.210099999999999909e+02 2.159909864286876664e-03
2.203559999999999945e+02 2.202267310025301378e-03
2.197019999999999982e+02 2.107522951067769806e-03
2.190500000000000114e+02 2.285109685780656232e-03
2.183969999999999914e+02 2.244680627144681872e-03
2.177429999999999950e+02 2.392275049653832825e-03
2.170889999999999986e+02 2.383425242834890431e-03
2.164370000000000118e+02 2.347239801528476066e-03
2.157829999999999870e+02 2.435853783524737689e-03
2.151289999999999907e+02 2.472426647926696461e-03
2.144749999999999943e+02 2.438751090928182371e-03
2.138220000000000027e+02 2.460051408574027466e-03
2.131680000000000064e+02 2.394729017701745406e-03
2.125140000000000100e+02 2.254569836882573761e-03
2.118600000000000136e+02 2.393264502246297051e-03
2.112069999999999936e+02 2.176986666985182041e-03
2.105529999999999973e+02 2.088252449401589803e-03
2.098979999999999961e+02 2.250006015425895945e-03
2.092439999999999998e+02 2.149431696321126451e-03
2.085910000000000082e+02 2.148356764880217894e-03
2.079360000000000070e+02 2.196310418135378681e-03
2.072820000000000107e+02 2.219297577665808267e-03
2.066270000000000095e+02 2.253610650018510880e-03
2.059739999999999895e+02 2.263946880523344529e-03
2.053189999999999884e+02 2.345004445417160112e-03
2.046639999999999873e+02 2.069265432438334960e-03
2.040089999999999861e+02 2.209588840482114638e-03
2.033540000000000134e+02 2.230765744209498719e-03
2.027009999999999934e+02 2.142903084354249536e-03
2.020459999999999923e+02 2.181210633277437267e-03
2.013909999999999911e+02 2.197098973524514668e-03
2.007350000000000136e+02 2.197042853014720670e-03
2.000800000000000125e+02 2.273572396278328907e-03
1.994259999999999877e+02 2.146255323340937483e-03
1.987709999999999866e+02 2.177098293882494436e-03
1.981160000000000139e+02 2.265258901707109182e-03
1.974600000000000080e+02 2.167992571033906888e-03
1.968050000000000068e+02 2.174703993387932296e-03
1.961510000000000105e+02 2.173726241955200623e-03
1.954950000000000045e+02 2.143678951690630805e-03
1.948389999999999986e+02 2.108687474368178133e-03
1.941839999999999975e+02 2.086912431137997060e-03
1.935279999999999916e+02 2.001330524107595380e-03
1.928739999999999952e+02 2.051341808826277150e-03
1.922179999999999893e+02 1.995613050551049705e-03
1.915620000000000118e+02 2.023770691691699833e-03
1.909060000000000059e+02 2.051482696388176163e-03
1.902500000000000000e+02 2.017010832840695784e-03
1.895939999999999941e+02 1.921688608178291320e-03
1.889389999999999930e+02 1.929000611202387255e-03
1.882829999999999870e+02 1.996117834835203948e-03
1.876270000000000095e+02 2.222028211622213267e-03
1.869699999999999989e+02 2.266249245420559871e-03
1.863139999999999930e+02 2.250619023511869678e-03
1.856570000000000107e+02 2.248234594692925109e-03
1.850010000000000048e+02 2.283484811432004609e-03
1.843460000000000036e+02 2.263671618303094574e-03
1.836889999999999930e+02 2.215487930986023441e-03
1.830329999999999870e+02 2.153856258373105896e-03
1.823760000000000048e+02 2.176337324919354419e-03
1.817189999999999941e+02 2.160854543575696420e-03
1.810620000000000118e+02 2.108278740553966996e-03
1.804050000000000011e+02 2.117757701043160648e-03
1.797500000000000000e+02 2.408480190966645011e-03
1.790929999999999893e+02 2.354486323736301040e-03
1.784360000000000070e+02 2.482288146935162851e-03
1.777789999999999964e+02 2.302640256640711616e-03
1.771220000000000141e+02 2.285831931902819990e-03
1.764650000000000034e+02 2.233655849185691138e-03
1.758069999999999879e+02 2.111825343320601883e-03
1.751500000000000057e+02 2.043874341327098308e-03
1.744939999999999998e+02 1.890336952665559343e-03
1.738369999999999891e+02 1.962014774825378543e-03
1.731790000000000020e+02 2.100888217768293389e-03
1.725219999999999914e+02 2.271355444430211024e-03
1.718640000000000043e+02 2.271051973999024289e-03
1.712059999999999889e+02 2.470479321697131424e-03
1.705490000000000066e+02 2.534479928862847387e-03
1.698909999999999911e+02 2.646498452996037549e-03
1.692330000000000041e+02 2.495911636792400023e-03
1.685749999999999886e+02 2.606125263488569006e-03
1.679190000000000111e+02 2.569972923391574370e-03
1.672609999999999957e+02 2.566004812743293874e-03
1.666030000000000086e+02 2.688108532277475819e-03
1.659449999999999932e+02 2.567919512977521242e-03
1.652870000000000061e+02 2.566786855571368247e-03
1.646279999999999859e+02 2.588560957109736684e-03
1.639699999999999989e+02 2.560990303967915476e-03
1.633120000000000118e+02 2.527289465287457706e-03
1.626539999999999964e+02 2.528352820078622401e-03
1.619950000000000045e+02 2.453361760227881338e-03
1.613369999999999891e+02 2.315096892904569287e-03
1.606779999999999973e+02 2.428678934248266943e-03
1.600190000000000055e+02 2.248649565733598556e-03
1.593609999999999900e+02 2.461789792757510063e-03
1.587040000000000077e+02 2.455934489780884147e-03
1.580449999999999875e+02 2.449965382071833935e-03
1.573859999999999957e+02 2.599098737584042661e-03
1.567270000000000039e+02 2.885474347233521301e-03
1.560680000000000121e+02 2.833757007290303460e-03
1.554089999999999918e+02 2.920194123497739467e-03
1.547500000000000000e+02 2.882053506618952390e-03
1.540910000000000082e+02 3.020164773099358498e-03
1.534319999999999879e+02 3.169012469846143026e-03
1.527729999999999961e+02 3.181997128110780441e-03
1.521140000000000043e+02 3.181212736055775894e-03
1.514540000000000077e+02 3.127789279525016591e-03
1.507949999999999875e+02 3.204588816090303809e-03
1.501359999999999957e+02 3.241165538210483837e-03
1.494759999999999991e+02 3.289407862595451065e-03
1.488170000000000073e+02 3.285964480710478093e-03
1.481570000000000107e+02 3.232085203170031572e-03
1.474970000000000141e+02 3.278036588109507505e-03
1.468379999999999939e+02 3.531922956545902655e-03
1.461779999999999973e+02 3.671150645870160066e-03
1.455180000000000007e+02 3.807468673880347841e-03
1.448580000000000041e+02 3.761329885401944358e-03
1.441980000000000075e+02 3.869800239889309868e-03
1.435380000000000109e+02 4.058129146020399494e-03
1.428779999999999859e+02 4.242510732046068413e-03
1.422179999999999893e+02 4.261429709524158782e-03
1.415579999999999927e+02 4.348107713046359298e-03
1.408979999999999961e+02 4.466627743120155612e-03
1.402379999999999995e+02 4.627297421665122791e-03
1.395769999999999982e+02 4.828775115372537473e-03
1.389170000000000016e+02 4.970917077445632416e-03
1.382560000000000002e+02 5.131444341723987411e-03
1.375960000000000036e+02 5.569376865395144448e-03
1.369350000000000023e+02 5.730609318373910792e-03
1.362750000000000057e+02 5.856238432360378991e-03
1.356140000000000043e+02 5.936638047843336222e-03
1.349540000000000077e+02 6.160277062996234558e-03
1.342930000000000064e+02 6.430216749215593094e-03
1.336320000000000050e+02 6.663423611214872033e-03
1.329710000000000036e+02 6.779953455966727070e-03
1.323100000000000023e+02 7.003316585276781782e-03
1.316490000000000009e+02 7.587657335375841069e-03
1.309879999999999995e+02 8.090751702303194959e-03
1.303269999999999982e+02 8.417452955295737227e-03
1.296659999999999968e+02 8.918891679726327279e-03
1.290049999999999955e+02 9.247292518572199777e-03
1.283420000000000130e+02 9.455417187564608625e-03
1.276809999999999974e+02 9.890048614450601752e-03
1.270190000000000055e+02 1.005598736858944603e-02
1.263580000000000041e+02 1.046348693353957825e-02
1.256959999999999980e+02 1.076150644505570464e-02
1.250349999999999966e+02 1.092662202474283493e-02
1.243730000000000047e+02 1.133400380380768756e-02
1.237120000000000033e+02 1.180999756022094692e-02
1.230499999999999972e+02 1.184948722583020232e-02
1.223880000000000052e+02 1.198892966716714505e-02
1.217259999999999991e+02 1.187752054966984688e-02
1.210639999999999930e+02 1.161551712424496730e-02
1.204030000000000058e+02 1.148177294463180974e-02
1.197409999999999997e+02 1.125829551259560635e-02
1.190780000000000030e+02 1.074542278612217010e-02
1.184150000000000063e+02 1.071505078367304166e-02
1.177530000000000001e+02 1.028696099353473142e-02
1.170909999999999940e+02 9.834989423148940077e-03
1.164279999999999973e+02 9.569644752332354815e-03
1.157660000000000053e+02 9.093634176674979946e-03
1.151039999999999992e+02 8.702363805134210456e-03
1.144410000000000025e+02 8.438146145070078014e-03
1.137789999999999964e+02 7.896721905796504418e-03
1.131159999999999997e+02 7.549160173485103958e-03
1.124539999999999935e+02 7.403846762087054438e-03
1.117890000000000015e+02 7.144981527308908245e-03
1.111269999999999953e+02 6.976339635943358541e-03
1.104639999999999986e+02 6.565452230102160683e-03
1.098010000000000019e+02 6.307884604712351954e-03
1.091380000000000052e+02 6.205124534798189470e-03
1.084749999999999943e+02 6.170915293918886532e-03
1.078119999999999976e+02 6.029584854743453258e-03
1.071490000000000009e+02 5.923212199021315669e-03
1.064849999999999994e+02 5.837612635644640058e-03
1.058209999999999980e+02 5.829652131805298718e-03
1.051580000000000013e+02 5.719255808376618594e-03
1.044950000000000045e+02 5.691672396789118973e-03
1.038319999999999936e+02 5.613909020492541084e-03
1.031680000000000064e+02 5.524489250677195630e-03
1.025049999999999955e+02 5.448172907773915323e-03
1.018400000000000034e+02 5.497191251561080357e-03
1.011760000000000019e+02 5.643449247595984548e-03
1.005130000000000052e+02 5.703379544021894114e-03
9.984900000000000375e+01 5.657303087370288766e-03
9.918529999999999802e+01 5.735100007472183382e-03
9.852150000000000318e+01 5.870633974577805711e-03
9.785769999999999413e+01 5.979136548096798329e-03
9.719230000000000302e+01 6.001739163643791952e-03
9.652830000000000155e+01 6.080984214289855173e-03
9.586430000000000007e+01 6.266994698656157790e-03
9.520029999999999859e+01 6.461735562750935830e-03
9.453610000000000468e+01 6.500592830640684189e-03
9.387199999999999989e+01 6.597219860793063217e-03
9.320619999999999550e+01 6.819138358501581482e-03
9.254200000000000159e+01 7.076822292162010704e-03
9.187760000000000105e+01 7.189263506752943851e-03
9.121320000000000050e+01 7.329703945093779191e-03
9.054879999999999995e+01 7.360421075960207546e-03
8.988280000000000314e+01 7.494853031630765820e-03
8.921819999999999595e+01 7.526662627479652375e-03
8.855360000000000298e+01 7.528164512688780702e-03
8.788890000000000668e+01 7.482712637893280602e-03
8.722419999999999618e+01 7.414250196552635980e-03
8.655939999999999657e+01 7.431295839030487536e-03
8.589300000000000068e+01 7.453898809782514082e-03
8.522809999999999775e+01 7.456350679030361063e-03
8.456319999999999482e+01 7.501275921554321525e-03
8.389820000000000277e+01 7.509723639286749672e-03
8.323160000000000025e+01 7.355788979850431085e-03
8.256650000000000489e+01 7.239249568263758650e-03
8.190130000000000621e+01 7.065872358564371722e-03
8.123609999999999332e+01 6.918065407837921572e-03
8.057080000000000553e+01 6.705056114149755657e-03
7.990389999999999304e+01 6.433271132782790794e-03
7.923850000000000193e+01 6.099699030736776932e-03
7.857299999999999329e+01 6.005344110506551092e-03
7.790749999999999886e+01 5.911531126715848135e-03
7.724039999999999395e+01 5.680704812477926913e-03
7.657479999999999620e+01 5.472387459966835885e-03
7.590909999999999513e+01 5.242216245596008004e-03
7.524339999999999407e+01 4.962326847712424105e-03
7.457760000000000389e+01 4.769862441990834270e-03
7.391020000000000323e+01 4.455212601770601293e-03
7.324429999999999552e+01 4.119564957461425286e-03
7.257829999999999870e+01 3.881712976646595464e-03
7.191230000000000189e+01 3.677174368394471680e-03
7.124469999999999459e+01 3.442816309658240908e-03
7.057850000000000534e+01 3.310226437704349642e-03
6.991230000000000189e+01 3.116116544367346711e-03
6.924609999999999843e+01 2.891725379463260231e-03
6.857829999999999870e+01 2.754956233089949063e-03
6.791190000000000282e+01 2.585116689391108585e-03
6.724550000000000693e+01 2.381223191319934308e-03
6.657750000000000057e+01 2.270388192846960976e-03
6.591100000000000136e+01 2.172843750594838277e-03
6.524439999999999884e+01 2.053286858521420274e-03
6.457769999999999300e+01 2.002154815076783324e-03
6.390950000000000131e+01 1.862137608458523620e-03
6.324269999999999925e+01 1.768353557997677213e-03
6.257589999999999719e+01 1.681812375403972425e-03
6.190899999999999892e+01 1.573446549011586456e-03
6.124060000000000059e+01 1.479141036791903081e-03
6.057359999999999900e+01 1.462047543881452201e-03
5.990659999999999741e+01 1.384620224329239681e-03
5.923799999999999955e+01 1.347946605776469608e-03
5.857079999999999842e+01 1.280271655363128709e-03
5.790359999999999729e+01 1.205001050821980987e-03
5.723629999999999995e+01 1.158654831728839945e-03
5.656750000000000256e+01 1.122497963180191932e-03
5.590010000000000190e+01 1.036808743246243154e-03
5.523270000000000124e+01 9.929266961288239508e-04
5.456360000000000099e+01 9.330230510543258615e-04
5.389609999999999701e+01 9.120897018383789055e-04
5.322849999999999682e+01 9.240410684285088562e-04
5.255930000000000035e+01 9.089970102346208065e-04
5.189159999999999684e+01 8.752459343876135877e-04
5.122379999999999711e+01 8.620105751149345933e-04
5.055440000000000111e+01 8.397205236012908686e-04
4.988660000000000139e+01 8.163141986120331286e-04
4.921860000000000213e+01 7.834970975762932605e-04
4.854910000000000281e+01 7.501181619568534492e-04
4.788100000000000023e+01 7.098290376284361030e-04
4.721289999999999765e+01 6.722103287082475953e-04
4.654319999999999879e+01 6.558184797904421460e-04
4.587500000000000000e+01 6.371733559882831154e-04
4.520669999999999789e+01 6.329514350103124720e-04
4.453679999999999950e+01 6.029350005636012217e-04
4.386840000000000117e+01 5.894749229976371839e-04
4.320000000000000284e+01 5.846342503119914035e-04
4.252989999999999782e+01 5.656366327748241869e-04
4.186129999999999995e+01 5.389342026871940961e-04
4.119270000000000209e+01 5.228791562192488737e-04
4.052250000000000085e+01 4.870670260530993926e-04
3.985379999999999967e+01 4.922820477638036821e-04
3.918500000000000227e+01 4.581918276712000681e-04
3.851460000000000150e+01 4.323883463604617631e-04
3.784570000000000078e+01 4.076091255046260264e-04
3.717519999999999669e+01 3.885176599735635453e-04
3.650619999999999976e+01 3.716175001108872489e-04
3.583709999999999951e+01 3.551874929141860026e-04
3.516640000000000299e+01 3.284486830685346879e-04
3.449719999999999942e+01 3.174724617314822169e-04
3.382800000000000296e+01 3.052988577464852923e-04
3.315709999999999980e+01 2.996964013071451330e-04
3.248780000000000001e+01 2.907961222947643884e-04
3.181680000000000064e+01 2.730814166414533765e-04
3.114730000000000132e+01 2.723915624095493530e-04
3.047779999999999845e+01 2.635167196619228169e-04
2.980669999999999931e+01 2.602947716614149409e-04
2.913700000000000045e+01 2.625044949428581207e-04
2.846730000000000160e+01 2.552818940230576765e-04
2.779599999999999937e+01 2.469931252969897280e-04
2.712620000000000076e+01 2.446184932689958479e-04
2.645479999999999876e+01 2.343076258225680348e-04
2.578490000000000038e+01 2.237654601843874053e-04
2.511329999999999885e+01 2.119085161292128732e-04
2.444330000000000069e+01 1.969668749656350174e-04
2.377319999999999922e+01 1.918939854384583467e-04
2.310150000000000148e+01 1.793668839361507868e-04
2.243130000000000024e+01 1.697057679672595845e-04
2.175949999999999918e+01 1.638284164346971413e-04
2.108909999999999840e+01 1.569896012558133773e-04
2.041870000000000118e+01 1.551459567345275456e-04
1.974680000000000035e+01 1.487383914740741703e-04
1.907629999999999981e+01 1.432434861217706694e-04
1.840419999999999945e+01 1.400229945905629933e-04
1.773349999999999937e+01 1.342018811427705353e-04
1.706129999999999924e+01 1.265992888779097375e-04
1.639059999999999917e+01 1.244801782197133748e-04
1.571979999999999933e+01 1.172267034251944410e-04
1.504739999999999966e+01 1.116294895862762759e-04
1.437650000000000006e+01 1.052579349199476782e-04
1.370410000000000039e+01 9.826949387493064732e-05
1.303299999999999947e+01 9.479398542067756449e-05
1.236040000000000028e+01 9.077009348692513752e-05
1.168929999999999936e+01 8.736323619576307246e-05
1.101660000000000039e+01 8.296398578655985617e-05
1.034529999999999994e+01 7.912249099552602161e-05
9.672489999999999810e+00 7.444553848034480984e-05
9.001129999999999853e+00 7.189874197192467774e-05
8.329710000000000392e+00 6.632416290648446907e-05
7.656710000000000349e+00 5.996017461803484339e-05
6.985170000000000101e+00 5.249173519691527188e-05
6.312050000000000161e+00 4.518556206485353083e-05
5.640399999999999636e+00 3.524416463606179240e-05
4.967170000000000307e+00 2.818971439006589277e-05
4.295410000000000394e+00 2.099799201820261199e-05
3.622059999999999835e+00 1.505807704287458463e-05
2.950180000000000025e+00 9.974084091378134068e-06
2.276720000000000077e+00 5.955586262613327796e-06
1.604729999999999990e+00 2.974613392754624778e-06
9.311519999999999797e-01 9.972939042935795870e-07
2.590439999999999965e-01 7.727926765609351214e-08
