6.869719999999999800e+02 -4.256076474052930721e-03
6.863600000000000136e+02 7.579223598221024316e-03
6.857469999999999573e+02 1.005610774241658817e-02
6.851349999999999909e+02 1.939945122532006280e-02
6.845230000000000246e+02 1.748741975358600320e-02
6.839120000000000346e+02 2.129046305485228149e-02
6.832989999999999782e+02 1.366242437214314903e-02
6.826870000000000118e+02 3.269499121180378942e-02
6.820739999999999554e+02 -1.298812399061352423e-02
6.814610000000000127e+02 -1.526979035131022754e-02
6.808490000000000464e+02 -2.438151166473701004e-02
6.802359999999999900e+02 7.086762782651730456e-04
6.796230000000000473e+02 1.666070888424939223e-02
6.790099999999999909e+02 2.966592009864379813e-03
6.783980000000000246e+02 -1.071297492327223655e-02
6.777859999999999445e+02 -3.111898417443753617e-02
6.771730000000000018e+02 -8.390421573601572827e-03
6.765599999999999454e+02 -3.852424714229084855e-03
6.759470000000000027e+02 -2.887093698871696576e-02
6.753339999999999463e+02 2.797628015100446855e-02
6.747210000000000036e+02 -4.020315727897591507e-02
6.741079999999999472e+02 -2.201552083865025711e-02
6.734940000000000282e+02 6.200486664663889397e-02
6.728809999999999718e+02 6.880297445936368883e-02
6.722680000000000291e+02 5.970156175948154731e-02
6.716539999999999964e+02 1.884311463555754518e-02
6.710410000000000537e+02 -1.572524045293009201e-03
6.704270000000000209e+02 5.223714417537106414e-03
6.698150000000000546e+02 -3.555247870322730125e-02
6.692010000000000218e+02 2.789210985564195139e-02
6.685879999999999654e+02 4.598803339328957213e-02
6.679740000000000464e+02 7.470174540643343894e-03
6.673600000000000136e+02 1.427070137319004679e-02
6.667459999999999809e+02 3.009987349219412495e-02
6.661330000000000382e+02 2.783771719234453060e-02
6.655190000000000055e+02 1.652567348618004181e-02
6.649049999999999727e+02 -1.552306567664274136e-03
6.642910000000000537e+02 -1.961253097433349885e-02
6.636770000000000209e+02 -5.347571591018925735e-02
6.630629999999999882e+02 -9.182915693360715892e-02
6.624479999999999791e+02 -1.188780148755455845e-01
6.618339999999999463e+02 -1.053068892725221861e-01
6.612200000000000273e+02 -1.165481018717211409e-01
6.606059999999999945e+02 -1.322794834338952563e-01
6.599909999999999854e+02 -1.097052289095118566e-01
6.593769999999999527e+02 -1.029088895016922189e-01
6.587619999999999436e+02 -4.883934243189863578e-02
6.581480000000000246e+02 -3.756807245093183451e-02
6.575330000000000155e+02 -2.855479527542883686e-02
6.569189999999999827e+02 1.418433365250190530e-02
6.563039999999999736e+02 5.185890832524324076e-03
6.556889999999999645e+02 2.990200955507655439e-02
6.550750000000000455e+02 5.461495708482722033e-02
6.544600000000000364e+02 5.908230998303907328e-02
6.538450000000000273e+02 8.600237543500779958e-02
6.532300000000000182e+02 7.026132567149714903e-02
6.526150000000000091e+02 4.108030982611220877e-02
6.520000000000000000e+02 4.779841998289556526e-02
6.513849999999999909e+02 6.121794419672284965e-02
6.507699999999999818e+02 7.464230300836088849e-02
6.501549999999999727e+02 2.309903828751018115e-02
6.495389999999999873e+02 2.945291508974985911e-03
6.489239999999999782e+02 -8.253829471350806329e-03
6.483089999999999691e+02 -1.273135567351405505e-02
6.476929999999999836e+02 -4.627731974615635624e-02
6.470779999999999745e+02 1.411247013345223213e-02
6.464629999999999654e+02 7.405966391870868158e-03
6.458469999999999800e+02 -1.273707620301768595e-02
6.452319999999999709e+02 -2.615451550967916317e-02
6.446159999999999854e+02 2.967468652155451359e-02
6.439990000000000236e+02 6.096250021699005373e-02
6.433830000000000382e+02 2.969169396035330893e-02
6.427670000000000528e+02 -1.046898813308535896e-02
6.421520000000000437e+02 2.298574224089954682e-02
6.415359999999999445e+02 -1.936266989919368381e-02
6.409199999999999591e+02 -3.717097020490446602e-02
6.403039999999999736e+02 -5.053093238795371839e-02
6.396879999999999882e+02 -6.387154295276023519e-02
6.390720000000000027e+02 -6.385309784207998662e-02
6.384560000000000173e+02 -5.493993869641983913e-02
6.378400000000000318e+02 -3.268404560355402805e-02
6.372229999999999563e+02 6.767244783398126051e-04
6.366069999999999709e+02 -1.044054712815767859e-02
6.359909999999999854e+02 -1.708724496503900500e-02
6.353730000000000473e+02 1.178488225621566327e-02
6.347569999999999482e+02 -1.707954465410153888e-02
6.341399999999999864e+02 -1.485409748409308173e-02
6.335240000000000009e+02 -2.593101529934753111e-02
6.329070000000000391e+02 -5.252760935982205698e-02
6.322899999999999636e+02 5.108269246336474140e-03
6.316739999999999782e+02 7.307990956696795888e-03
6.310570000000000164e+02 2.058177868971300742e-02
6.304400000000000546e+02 4.714611540865223244e-02
6.298220000000000027e+02 4.939966038285632105e-02
6.292050000000000409e+02 6.927667535695973544e-02
6.285879999999999654e+02 8.030586538536672869e-02
6.279710000000000036e+02 6.258777920735023037e-02
6.273540000000000418e+02 1.045739851499565692e-01
6.267369999999999663e+02 1.837671083563633539e-02
6.261200000000000045e+02 1.174882267762201137e-02
6.255030000000000427e+02 2.937843160450592100e-02
6.248840000000000146e+02 -1.919124351323675190e-02
6.242670000000000528e+02 -2.799939613258080329e-02
6.236499999999999773e+02 -4.783745121562892055e-02
6.230320000000000391e+02 -5.662373425340651301e-02
6.224149999999999636e+02 -6.540354644321923205e-02
6.217980000000000018e+02 -1.182545577128400471e-01
6.211799999999999500e+02 -6.536472268624728132e-02
6.205610000000000355e+02 -4.773007411169067488e-02
6.199429999999999836e+02 -1.005193301289799140e-01
6.193260000000000218e+02 -8.949803958258908954e-02
6.187079999999999700e+02 -8.946961806055128696e-02
6.180900000000000318e+02 -3.011303741067069065e-02
6.174719999999999800e+02 -1.693274195122159223e-02
6.168529999999999518e+02 2.893426475203033331e-03
6.162350000000000136e+02 1.165576244158421371e-02
6.156169999999999618e+02 7.261874643115876285e-03
6.149990000000000236e+02 -2.784423979787175804e-02
6.143809999999999718e+02 1.163329911984707990e-02
6.137630000000000337e+02 4.234529636692344057e-02
6.131430000000000291e+02 5.764641705675203204e-02
6.125249999999999773e+02 5.106705774269035270e-02
6.119070000000000391e+02 6.854817392337871074e-02
6.112889999999999873e+02 4.882103920026541893e-02
6.106699999999999591e+02 4.227114854543628092e-02
6.100510000000000446e+02 1.597311349174236964e-02
6.094320000000000164e+02 3.565138993412193119e-02
6.088139999999999645e+02 5.060522425365849772e-03
6.081950000000000500e+02 4.437882930189515629e-02
6.075760000000000218e+02 2.253003467956156067e-02
6.069560000000000173e+02 4.000247932927077782e-02
6.063379999999999654e+02 1.596558437402047920e-02
6.057190000000000509e+02 4.211183751738267755e-02
6.051000000000000227e+02 5.082432599965773512e-02
6.044809999999999945e+02 7.915092574982628137e-02
6.038609999999999900e+02 6.604094957483874762e-02
6.032419999999999618e+02 9.651896782840650724e-02
6.026230000000000473e+02 8.123939658128638552e-02
6.020040000000000191e+02 6.817628557839316983e-02
6.013830000000000382e+02 5.018991623129629917e-03
6.007640000000000100e+02 7.201660879140980853e-03
6.001449999999999818e+02 -2.105810631363280380e-02
5.995249999999999773e+02 -3.652597784049237475e-03
5.989049999999999727e+02 -4.061532598751154549e-02
5.982849999999999682e+02 -1.235613873864041881e-02
5.976660000000000537e+02 -5.142126720481026564e-02
5.970460000000000491e+02 -7.746822191929232659e-02
5.964249999999999545e+02 -6.440362316408777821e-02
5.958060000000000400e+02 -3.836074541314280634e-02
5.951860000000000355e+02 -5.568851747518627909e-02
5.945670000000000073e+02 -4.482797361520594881e-02
5.939450000000000500e+02 -4.481095237938986092e-02
5.933260000000000218e+02 -1.015350023360058612e-02
5.927060000000000173e+02 -2.747971105803973316e-02
5.920860000000000127e+02 4.981285941150552683e-03
5.914650000000000318e+02 9.323803948267303521e-03
5.908450000000000273e+02 4.996184009227902165e-03
5.902250000000000227e+02 -3.173713598659500673e-02
5.896029999999999518e+02 -1.878599044053084338e-02
5.889829999999999472e+02 -1.444570730559806108e-02
5.883630000000000564e+02 1.577771480925305864e-02
5.877419999999999618e+02 3.084462554800547485e-02
5.871209999999999809e+02 1.361324527705906097e-02
5.865000000000000000e+02 -7.959506995203046581e-03
5.858799999999999955e+02 2.797595063079567988e-03
5.852580000000000382e+02 -2.088131546998407695e-02
5.846380000000000337e+02 -1.479626912538877740e-03
5.840170000000000528e+02 -1.220687690061267663e-02
5.833949999999999818e+02 4.370332826114577129e-02
5.827740000000000009e+02 -2.084479178038960157e-02
5.821539999999999964e+02 -1.442238621363447180e-02
5.815320000000000391e+02 -1.007100696165650483e-02
5.809109999999999445e+02 1.999873676073440215e-02
5.802899999999999636e+02 4.936054012400743242e-03
5.796680000000000064e+02 1.783153243075611891e-02
5.790470000000000255e+02 -5.772016654980410659e-03
5.784260000000000446e+02 1.142741642841367880e-02
5.778049999999999500e+02 -6.578423178773425140e-02
5.771820000000000164e+02 -5.078368066446064394e-02
5.765610000000000355e+02 -9.789446017794183053e-02
5.759379999999999882e+02 -1.064583432031436100e-01
5.753170000000000073e+02 -1.299552059488643940e-01
5.746960000000000264e+02 -1.192343507456068430e-01
5.740729999999999791e+02 -3.781938191469333410e-02
5.734519999999999982e+02 -1.645635035673625665e-02
5.728300000000000409e+02 -1.528915472926048414e-03
5.722069999999999936e+02 3.915530034682340038e-02
5.715860000000000127e+02 3.911253191839551835e-02
5.709640000000000555e+02 3.697095366042595088e-02
5.703410000000000082e+02 3.479871828253867233e-02
5.697190000000000509e+02 3.056325269417791909e-02
5.690979999999999563e+02 1.779352222453142035e-02
5.684740000000000464e+02 -1.852877174854928449e-02
5.678529999999999518e+02 -1.425384606356373991e-02
5.672290000000000418e+02 -4.194813601336747078e-02
5.666069999999999709e+02 -4.193649629982636878e-02
5.659850000000000136e+02 -2.491499832712765206e-02
5.653619999999999663e+02 6.753954697818436012e-04
5.647400000000000091e+02 7.043712136597572379e-03
5.641169999999999618e+02 1.130801149702263635e-02
5.634940000000000282e+02 6.562436679413592711e-04
5.628719999999999573e+02 -2.270957231784946975e-02
5.622480000000000473e+02 -3.587975912673830366e-03
5.616250000000000000e+02 3.674736551987548006e-02
5.610030000000000427e+02 9.396256072084366306e-02
5.603790000000000191e+02 8.763421878649139962e-02
5.597569999999999482e+02 6.636421018601730559e-02
5.591330000000000382e+02 1.002997521818349974e-01
5.585099999999999909e+02 1.087236588272813692e-01
5.578859999999999673e+02 9.806649303125150596e-02
5.572630000000000337e+02 1.404108975634111856e-01
5.566399999999999864e+02 9.808594011769365684e-02
5.560159999999999627e+02 9.374725332646352549e-02
5.553930000000000291e+02 1.333866443716337676e-02
5.547690000000000055e+02 6.995338017842046667e-03
5.541459999999999582e+02 -3.556119440084412001e-03
5.535209999999999582e+02 -3.572974350600433696e-03
5.528980000000000246e+02 9.098858244687660357e-03
5.522749999999999773e+02 3.443535368901488869e-02
5.516509999999999536e+02 4.285305557463192638e-02
5.510270000000000437e+02 5.758734354557105278e-02
5.504030000000000200e+02 5.758748941828124163e-02
5.497789999999999964e+02 9.124089304973879988e-02
5.491549999999999727e+02 9.545495673295008310e-02
5.485309999999999491e+02 1.080575955237713104e-01
5.479059999999999491e+02 1.269473502988789637e-01
5.472830000000000155e+02 1.100677357640674620e-01
5.466589999999999918e+02 1.205643642772132595e-01
5.460339999999999918e+02 1.246947772446408975e-01
5.454099999999999682e+02 1.477562769943728538e-01
5.447849999999999682e+02 1.351057366731033826e-01
5.441609999999999445e+02 9.724546022784026633e-02
5.435359999999999445e+02 1.244979717621660653e-01
5.429120000000000346e+02 1.223775229269366133e-01
5.422870000000000346e+02 7.195389619363554146e-02
5.416630000000000109e+02 8.873621337574785772e-02
5.410370000000000346e+02 9.705325885791940554e-02
5.404130000000000109e+02 4.254988309249534140e-02
5.397880000000000109e+02 5.091031302788497082e-02
5.391630000000000109e+02 2.785716836438558580e-02
5.385380000000000109e+02 2.784611542829148328e-02
5.379139999999999873e+02 3.200971142408266107e-02
5.372880000000000109e+02 2.364652078058007700e-02
5.366630000000000109e+02 4.455238013338325143e-02
5.360370000000000346e+02 5.078912278271253966e-02
5.354130000000000109e+02 4.240138883385306118e-02
5.347870000000000346e+02 6.118711692879114095e-02
5.341620000000000346e+02 6.530941467522269339e-02
5.335359999999999445e+02 8.408452982040021118e-02
5.329109999999999445e+02 7.779998962617075409e-02
5.322849999999999682e+02 7.359573205055766620e-02
5.316599999999999682e+02 8.607651046337494449e-02
5.310339999999999918e+02 1.172644443764339073e-01
5.304089999999999918e+02 1.421774482624231228e-01
5.297830000000000155e+02 1.567057465365494506e-01
5.291580000000000155e+02 1.919480348693057004e-01
5.285309999999999491e+02 1.669681865611832572e-01
5.279049999999999727e+02 1.731683420400248474e-01
5.272799999999999727e+02 2.083974762600375730e-01
5.266530000000000200e+02 2.186981412675637892e-01
5.260280000000000200e+02 2.331697210618904059e-01
5.254009999999999536e+02 2.143634306771987630e-01
5.247759999999999536e+02 1.603799083938719783e-01
5.241490000000000009e+02 1.872444570250237916e-01
5.235230000000000246e+02 1.498472622214753747e-01
5.228959999999999582e+02 1.912376688834522553e-01
5.222709999999999582e+02 2.201195971026811415e-01
5.216440000000000055e+02 2.221279667367483668e-01
5.210159999999999627e+02 1.889419191350470428e-01
5.203909999999999627e+02 1.971401223584592910e-01
5.197630000000000337e+02 2.094622002311934961e-01
5.191380000000000337e+02 2.259485857718368240e-01
5.185099999999999909e+02 1.968971366681361024e-01
5.178840000000000146e+02 1.824015260139715822e-01
5.172569999999999482e+02 1.616530112395646868e-01
5.166299999999999955e+02 1.120541115721865044e-01
5.160030000000000427e+02 1.450029757448070278e-01
5.153759999999999764e+02 1.738236942374248306e-01
5.147500000000000000e+02 1.675659326764699086e-01
5.141219999999999573e+02 1.674935311069537247e-01
5.134940000000000282e+02 1.756763367541609999e-01
5.128680000000000518e+02 1.611822799194821687e-01
5.122400000000000091e+02 1.961063565755410687e-01
5.116139999999999759e+02 2.001317635345647161e-01
5.109859999999999900e+02 1.774520220283273830e-01
5.103580000000000041e+02 1.362496513237706486e-01
5.097309999999999945e+02 1.321166880881088634e-01
5.091030000000000086e+02 1.094565870790140255e-01
5.084759999999999991e+02 1.176316598308508460e-01
5.078480000000000132e+02 1.380888351901428945e-01
5.072200000000000273e+02 1.503562994331822666e-01
5.065930000000000177e+02 1.338539145854402701e-01
5.059649999999999750e+02 1.133325714269606821e-01
5.053360000000000127e+02 1.440136631731026018e-01
5.047090000000000032e+02 1.623883257018739201e-01
5.040810000000000173e+02 1.193431576696752094e-01
5.034519999999999982e+02 1.376684199187818147e-01
5.028249999999999886e+02 1.090419793559379846e-01
5.021960000000000264e+02 6.399595067842636653e-02
5.015690000000000168e+02 2.722693588777288023e-02
5.009399999999999977e+02 6.438066475781663517e-04
5.003109999999999786e+02 -5.503914624158325226e-03
4.996840000000000259e+02 -1.567123634605735102e-02
4.990550000000000068e+02 6.741373355571503821e-03
4.984259999999999877e+02 4.754647098213361789e-02
4.977980000000000018e+02 4.137197880463201055e-02
4.971689999999999827e+02 4.748103314475818348e-02
4.965400000000000205e+02 5.970418872737209837e-02
4.959119999999999777e+02 1.023949150601844715e-01
4.952830000000000155e+02 1.003440462408280304e-01
4.946539999999999964e+02 8.808394622055588929e-02
4.940260000000000105e+02 1.287558871649787662e-01
4.933969999999999914e+02 8.802461700000506484e-02
4.927669999999999959e+02 7.173423670714720868e-02
4.921390000000000100e+02 1.021553135791138239e-01
4.915099999999999909e+02 1.142936483887562332e-01
4.908799999999999955e+02 1.142595468625364485e-01
4.902500000000000000e+02 7.770982177619049913e-02
4.896220000000000141e+02 1.283406220352866778e-01
4.889920000000000186e+02 1.587015147575924490e-01
4.883629999999999995e+02 1.059584384592761608e-01
4.877339999999999804e+02 9.987007593736939304e-02
4.871039999999999850e+02 1.139806666179862676e-01
4.864739999999999895e+02 1.038078072890420284e-01
4.858460000000000036e+02 5.322336277910619251e-02
4.852160000000000082e+02 4.915351743025074549e-02
4.845860000000000127e+02 7.134942557975808286e-02
4.839549999999999841e+02 3.294382330429493355e-02
4.833269999999999982e+02 7.731720392317729951e-02
4.826960000000000264e+02 1.055635260974975842e-01
4.820659999999999741e+02 1.378126559850532673e-01
4.814370000000000118e+02 1.074793752307219019e-01
4.808070000000000164e+02 1.376675809140489870e-01
4.801759999999999877e+02 1.960619624946659256e-01
4.795459999999999923e+02 2.221684411563236983e-01
4.789169999999999732e+02 2.220672864965166637e-01
4.782860000000000014e+02 2.099215059512505865e-01
4.776549999999999727e+02 1.695840177426034823e-01
4.770249999999999773e+02 1.855951377460389740e-01
4.763949999999999818e+02 1.634213208512619864e-01
4.757640000000000100e+02 2.437039144066554253e-01
4.751329999999999814e+02 2.255275795653121640e-01
4.745020000000000095e+02 2.334844893019068779e-01
4.738729999999999905e+02 1.892119013593628885e-01
4.732420000000000186e+02 1.751054276864284498e-01
4.726109999999999900e+02 2.131250589294664544e-01
4.719800000000000182e+02 2.270510686182328208e-01
4.713500000000000227e+02 2.229884425824212590e-01
4.707189999999999941e+02 2.308956776535444066e-01
4.700869999999999891e+02 1.807429174882794753e-01
4.694560000000000173e+02 1.226468916521779029e-01
4.688249999999999886e+02 7.460322165174948505e-02
4.681949999999999932e+02 1.405435956194745761e-01
4.675629999999999882e+02 1.804391214289821355e-01
4.669309999999999832e+02 1.603940962959731764e-01
4.663000000000000114e+02 1.263862970015480480e-01
4.656700000000000159e+02 1.522463617655151757e-01
4.650380000000000109e+02 1.661414091402968751e-01
4.644060000000000059e+02 1.461574738894330650e-01
4.637740000000000009e+02 1.979211107182645979e-01
4.631419999999999959e+02 2.277086862384941346e-01
4.625120000000000005e+02 2.335741066461115567e-01
4.618799999999999955e+02 2.036206852421788283e-01
4.612479999999999905e+02 1.975867405993970982e-01
4.606159999999999854e+02 2.293213272833257987e-01
4.599839999999999804e+02 2.252523493872827798e-01
4.593519999999999754e+02 1.993272738439779701e-01
4.587210000000000036e+02 2.369798836040903633e-01
4.580880000000000223e+02 2.170323993982234967e-01
4.574560000000000173e+02 2.050278424333177862e-01
4.568240000000000123e+02 1.692314366167273765e-01
4.561909999999999741e+02 1.790702196557283354e-01
4.555600000000000023e+02 1.790285074362547579e-01
4.549279999999999973e+02 2.046754186039849155e-01
4.542950000000000159e+02 1.946730006428861459e-01
4.536619999999999777e+02 1.708472157367751654e-01
4.530299999999999727e+02 1.569272041693020037e-01
4.523969999999999914e+02 1.944456449165664624e-01
4.517660000000000196e+02 1.805189012333859033e-01
4.511329999999999814e+02 2.001959854819614637e-01
4.505000000000000000e+02 2.001105000944322920e-01
4.498670000000000186e+02 2.099064406532920035e-01
4.492339999999999804e+02 1.663902889990992173e-01
4.486009999999999991e+02 1.465944928206433517e-01
4.479680000000000177e+02 2.056889588311036077e-01
4.473360000000000127e+02 1.996917202537664415e-01
4.467029999999999745e+02 1.897331459561190370e-01
4.460690000000000168e+02 2.251072977146859333e-01
4.454359999999999786e+02 2.033597031668641919e-01
4.448029999999999973e+02 1.973775464014723979e-01
4.441689999999999827e+02 2.149956149966867069e-01
4.435360000000000014e+02 2.365266588808436765e-01
4.429019999999999868e+02 2.777003936941416784e-01
4.422699999999999818e+02 2.402440349025958266e-01
4.416360000000000241e+02 2.715541235322775360e-01
4.410029999999999859e+02 2.694746566675291777e-01
4.403690000000000282e+02 2.458240843567821021e-01
4.397350000000000136e+02 2.457224155212366923e-01
4.391009999999999991e+02 2.397442974721382403e-01
4.384669999999999845e+02 1.945709219237421461e-01
4.378330000000000268e+02 2.081882826346218018e-01
4.371990000000000123e+02 1.924453679406125661e-01
4.365649999999999977e+02 2.060559752069702211e-01
4.359329999999999927e+02 1.609876331200907063e-01
4.352980000000000018e+02 1.335457672758355585e-01
4.346639999999999873e+02 1.315379460596037553e-01
4.340299999999999727e+02 1.373372383219016724e-01
4.333960000000000150e+02 1.372778176770114988e-01
4.327610000000000241e+02 1.879644401711131063e-01
4.321270000000000095e+02 1.703204680336652954e-01
4.314920000000000186e+02 1.409953239246031498e-01
4.308580000000000041e+02 1.272895527525464143e-01
4.302230000000000132e+02 1.408772204148079910e-01
4.295889999999999986e+02 1.622391170379262892e-01
4.289540000000000077e+02 1.349021946603445599e-01
4.283190000000000168e+02 1.523646174400755671e-01
4.276859999999999786e+02 1.523237505008040449e-01
4.270509999999999877e+02 1.308548730805901561e-01
4.264159999999999968e+02 1.094172246910189716e-01
4.257810000000000059e+02 1.307325377128185639e-01
4.251460000000000150e+02 1.462085564871420107e-01
4.245110000000000241e+02 1.752522792115862593e-01
4.238759999999999764e+02 1.771115867296517987e-01
4.232409999999999854e+02 1.944944423025667390e-01
4.226050000000000182e+02 1.711505756437015635e-01
4.219700000000000273e+02 1.749548000152563176e-01
4.213349999999999795e+02 1.806879967744329241e-01
4.206990000000000123e+02 2.077044601079988395e-01
4.200640000000000214e+02 2.095484907892565807e-01
4.194289999999999736e+02 2.326565084572825293e-01
4.187930000000000064e+02 1.880961358355758006e-01
4.181569999999999823e+02 1.783521178851577016e-01
4.175219999999999914e+02 1.898669396365533224e-01
4.168860000000000241e+02 2.322487719983401255e-01
4.162500000000000000e+02 2.533742264083911899e-01
4.156150000000000091e+02 2.571251130053376355e-01
4.149789999999999850e+02 2.647202473046863513e-01
4.143430000000000177e+02 2.723086058280853039e-01
4.137069999999999936e+02 2.452195673847988588e-01
4.130710000000000264e+02 2.855477846843666456e-01
4.124350000000000023e+02 3.046689074163428934e-01
4.117989999999999782e+02 3.199295676489501972e-01
4.111630000000000109e+02 3.082465481428708909e-01
4.105260000000000105e+02 2.965818023695239170e-01
4.098899999999999864e+02 3.060574799758693509e-01
4.092540000000000191e+02 2.636810317667063197e-01
4.086170000000000186e+02 2.673995256847102597e-01
4.079809999999999945e+02 2.845501857302259463e-01
4.073439999999999941e+02 2.729169227079262239e-01
4.067080000000000268e+02 2.612940290054527881e-01
4.060710000000000264e+02 2.918292809938227705e-01
4.054350000000000023e+02 2.495665756053427609e-01
4.047980000000000018e+02 2.552036349532631476e-01
4.041610000000000014e+02 2.474358735145613108e-01
4.035240000000000009e+02 2.664583402944126767e-01
4.028879999999999768e+02 2.261932662804948535e-01
4.022509999999999764e+02 2.451957218490030954e-01
4.016139999999999759e+02 2.030693079600844608e-01
4.009769999999999754e+02 2.067979204650702840e-01
4.003399999999999750e+02 1.628048811032499765e-01
3.997029999999999745e+02 1.970713953087624148e-01
3.990649999999999977e+02 1.855382750649713364e-01
3.984279999999999973e+02 1.492619426071739863e-01
3.977909999999999968e+02 1.396778713882385892e-01
3.971519999999999868e+02 1.357615844219083323e-01
3.965149999999999864e+02 1.071778192480792036e-01
3.958770000000000095e+02 1.223427102572474529e-01
3.952400000000000091e+02 8.045738812912651972e-02
3.946019999999999754e+02 1.108361859054907833e-01
3.939649999999999750e+02 7.848136336069602703e-02
3.933269999999999982e+02 7.464781695777755743e-02
3.926890000000000214e+02 1.182729180927697826e-01
3.920520000000000209e+02 1.106340574849961483e-01
3.914139999999999873e+02 1.447164876169425574e-01
3.907760000000000105e+02 1.465311041124907065e-01
3.901379999999999768e+02 1.957143564164574578e-01
3.895000000000000000e+02 2.392078857129962544e-01
3.888609999999999900e+02 2.164220005550528958e-01
3.882230000000000132e+02 2.219858117053586377e-01
3.875849999999999795e+02 2.445809892877655323e-01
3.869460000000000264e+02 2.652648698819189410e-01
3.863079999999999927e+02 2.897140738886058164e-01
3.856700000000000159e+02 3.046919800397387412e-01
3.850319999999999823e+02 3.215444788923356723e-01
3.843929999999999723e+02 2.911982939604401688e-01
3.837549999999999955e+02 3.099197798056691489e-01
3.831159999999999854e+02 3.003763191344610561e-01
3.824759999999999991e+02 2.964466154679452625e-01
3.818380000000000223e+02 2.850176114237901182e-01
3.811990000000000123e+02 2.378242598238537175e-01
3.805600000000000023e+02 2.640760868065307188e-01
3.799220000000000255e+02 2.526686854071520383e-01
3.792830000000000155e+02 2.243425334000794802e-01
3.786440000000000055e+02 2.430296732159727691e-01
3.780049999999999955e+02 2.241071299118674587e-01
3.773650000000000091e+02 2.315660763721698323e-01
3.767259999999999991e+02 3.009105979359099625e-01
3.760860000000000127e+02 2.951371408533153828e-01
3.754470000000000027e+02 3.568800073807791851e-01
3.748079999999999927e+02 3.529488003322633904e-01
3.741689999999999827e+02 3.715096712302344839e-01
3.735299999999999727e+02 3.919547371441599037e-01
3.728890000000000100e+02 3.974286529200070084e-01
3.722500000000000000e+02 3.672893106371880600e-01
3.716100000000000136e+02 4.157542988320269695e-01
3.709710000000000036e+02 3.819190245235787873e-01
3.703310000000000173e+02 3.668405727416377826e-01
3.696909999999999741e+02 3.554426493374779894e-01
3.690500000000000114e+02 3.645987543798370756e-01
3.684110000000000014e+02 3.457762019604342929e-01
3.677710000000000150e+02 3.381535887428221421e-01
3.671309999999999718e+02 3.230803847149514296e-01
3.664909999999999854e+02 3.713959605912452444e-01
3.658509999999999991e+02 3.432664224302787170e-01
3.652099999999999795e+02 3.431293966904594983e-01
3.645699999999999932e+02 3.857581923805743496e-01
3.639300000000000068e+02 3.781453747776314378e-01
3.632900000000000205e+02 3.742377790673523386e-01
3.626490000000000009e+02 3.833460968159809745e-01
3.620079999999999814e+02 3.739106392929358313e-01
3.613670000000000186e+02 3.681649788569259507e-01
3.607269999999999754e+02 3.420305565749484078e-01
3.600869999999999891e+02 3.530076201698481575e-01
3.594460000000000264e+02 3.195030806923566113e-01
3.588039999999999736e+02 2.951953181971852525e-01
3.581639999999999873e+02 2.858216462942740899e-01
3.575230000000000246e+02 2.634792468430024459e-01
3.568829999999999814e+02 2.966352264636174518e-01
3.562420000000000186e+02 2.872572706491248740e-01
3.556000000000000227e+02 2.926997505853337067e-01
3.549590000000000032e+02 3.073422106390657493e-01
3.543179999999999836e+02 2.776434860803157489e-01
3.536770000000000209e+02 2.867676812658888630e-01
3.530350000000000250e+02 3.290642303124200474e-01
3.523940000000000055e+02 3.399808719728446005e-01
3.517520000000000095e+02 3.398236214909876596e-01
3.511109999999999900e+02 2.751518449865744120e-01
3.504689999999999941e+02 2.989849928838105297e-01
3.498269999999999982e+02 3.080492810917854762e-01
3.491859999999999786e+02 3.023853017107436814e-01
3.485450000000000159e+02 2.967463056154922563e-01
3.479019999999999868e+02 2.910563863701904341e-01
3.472599999999999909e+02 2.725618703195722414e-01
3.466190000000000282e+02 2.687574429036935220e-01
3.459769999999999754e+02 2.612837791545201127e-01
3.453340000000000032e+02 2.850300484581114180e-01
3.446929999999999836e+02 2.995700457433648767e-01
3.440509999999999877e+02 2.884208375452469997e-01
3.434089999999999918e+02 2.846171106790340022e-01
3.427660000000000196e+02 2.661727518787031510e-01
3.421240000000000236e+02 3.045101315255890895e-01
3.414820000000000277e+02 3.135156861913201976e-01
3.408399999999999750e+02 3.115204784573065711e-01
3.401970000000000027e+02 3.278557510947110454e-01
3.395539999999999736e+02 3.313501642914817302e-01
3.389119999999999777e+02 3.220456011849827105e-01
3.382690000000000055e+02 3.310605582024797044e-01
3.376259999999999764e+02 3.765145528876954195e-01
3.369839999999999804e+02 4.055273146830248865e-01
3.363419999999999845e+02 3.889387572940145033e-01
3.356979999999999791e+02 3.650510582718136665e-01
3.350550000000000068e+02 3.594188565314486161e-01
3.344130000000000109e+02 3.428825247145598776e-01
3.337690000000000055e+02 3.481541070666293036e-01
3.331259999999999764e+02 3.570945468735271522e-01
3.324830000000000041e+02 4.059979146350251589e-01
3.318389999999999986e+02 3.840486224256149383e-01
3.311960000000000264e+02 4.147152865171025438e-01
3.305539999999999736e+02 4.018026928868821956e-01
3.299110000000000014e+02 4.270146517016837340e-01
3.292660000000000196e+02 4.431553676069187597e-01
3.286229999999999905e+02 4.683316377873664171e-01
3.279800000000000182e+02 4.608815261110604244e-01
3.273360000000000127e+02 4.479486747086006138e-01
3.266929999999999836e+02 4.061128079561540649e-01
3.260489999999999782e+02 3.986860148537108572e-01
3.254049999999999727e+02 3.894493261116936389e-01
3.247610000000000241e+02 4.109661587632597035e-01
3.241179999999999950e+02 3.963185129912881188e-01
3.234730000000000132e+02 4.069612912600381605e-01
3.228290000000000077e+02 4.085588020116733277e-01
3.221840000000000259e+02 4.426848133908617977e-01
3.215409999999999968e+02 4.460598996367138303e-01
3.208969999999999914e+02 4.836794318614037747e-01
3.202520000000000095e+02 5.051179131390265420e-01
3.196080000000000041e+02 5.030579275323139310e-01
3.189639999999999986e+02 5.190190528641113188e-01
3.183190000000000168e+02 5.421703168022482533e-01
3.176750000000000114e+02 5.095447976023907977e-01
3.170310000000000059e+02 4.572244764610040035e-01
3.163860000000000241e+02 4.569372200935623574e-01
3.157420000000000186e+02 4.459784527616889038e-01
3.150980000000000132e+02 4.188415643155214418e-01
3.144519999999999982e+02 4.114409995336174575e-01
3.138079999999999927e+02 3.986982573256900864e-01
3.131619999999999777e+02 3.913372292643654271e-01
3.125179999999999723e+02 3.803883377118479348e-01
3.118729999999999905e+02 3.855605639836240384e-01
3.112269999999999754e+02 4.498403440062269665e-01
3.105830000000000268e+02 4.227829792952236265e-01
3.099370000000000118e+02 4.118425601936862579e-01
3.092919999999999732e+02 4.170239905362875810e-01
3.086469999999999914e+02 4.061044446626546622e-01
3.080009999999999764e+02 4.434130101872861829e-01
3.073570000000000277e+02 4.645982039995465440e-01
3.067099999999999795e+02 4.715542146459527073e-01
3.060649999999999977e+02 4.641722292818256101e-01
3.054200000000000159e+02 4.621444316293115695e-01
3.047740000000000009e+02 4.601680594155356796e-01
3.041290000000000191e+02 4.581898807321301836e-01
3.034820000000000277e+02 5.077791113899000619e-01
3.028369999999999891e+02 5.395502611061055998e-01
3.021920000000000073e+02 5.641357894851963817e-01
3.015450000000000159e+02 5.479182575639341968e-01
3.008999999999999773e+02 5.121106386131983879e-01
3.002529999999999859e+02 5.633793045749547757e-01
2.996080000000000041e+02 5.418077260315625754e-01
2.989610000000000127e+02 5.166812699342355764e-01
2.983149999999999977e+02 5.625734572701400760e-01
2.976700000000000159e+02 5.392758276411606655e-01
2.970230000000000246e+02 5.425312884110277123e-01
2.963770000000000095e+02 5.085999958071500959e-01
2.957300000000000182e+02 4.977785218132796952e-01
2.950840000000000032e+02 5.134532770200791463e-01
2.944370000000000118e+02 4.760788382512337602e-01
2.937909999999999968e+02 4.917561287875979459e-01
2.931429999999999723e+02 5.762799394090657445e-01
2.924970000000000141e+02 5.742397498047527860e-01
2.918500000000000227e+02 5.474980174517712905e-01
2.912040000000000077e+02 5.384034579062340065e-01
2.905570000000000164e+02 5.645307774132137801e-01
2.899100000000000250e+02 5.977905694356138167e-01
2.892629999999999768e+02 6.467685633176606386e-01
2.886159999999999854e+02 6.764162204910338927e-01
2.879689999999999941e+02 6.971962010939449783e-01
2.873210000000000264e+02 7.003815168780330724e-01
2.866750000000000114e+02 6.929958087458827354e-01
2.860269999999999868e+02 7.313153362602284879e-01
2.853799999999999955e+02 7.450032749739488036e-01
2.847320000000000277e+02 7.376197945602038786e-01
2.840849999999999795e+02 7.740805054413938402e-01
2.834370000000000118e+02 7.912593214800217600e-01
2.827900000000000205e+02 8.276387774030000699e-01
2.821419999999999959e+02 8.587948777134596368e-01
2.814950000000000045e+02 8.740803828679079013e-01
2.808469999999999800e+02 9.087014550724188400e-01
2.801990000000000123e+02 8.802716800652546913e-01
2.795509999999999877e+02 8.623474363338348159e-01
2.789039999999999964e+02 8.742031872522565417e-01
2.782549999999999955e+02 8.754796841401776275e-01
2.776080000000000041e+02 8.785505605044934274e-01
2.769590000000000032e+02 8.676468411851169238e-01
2.763120000000000118e+02 8.863833432855136030e-01
2.756630000000000109e+02 8.720371146418905983e-01
2.750149999999999864e+02 8.889830605173355549e-01
2.743659999999999854e+02 9.652091684002168659e-01
2.737189999999999941e+02 1.023869585171250929e+00
2.730699999999999932e+02 1.040800506968128980e+00
2.724220000000000255e+02 1.028083552393580513e+00
2.717730000000000246e+02 1.006744273391030786e+00
2.711240000000000236e+02 9.906031587732546662e-01
2.704759999999999991e+02 9.623656030725284971e-01
2.698260000000000218e+02 9.809688887698928550e-01
2.691779999999999973e+02 1.015177156294926775e+00
2.685289999999999964e+02 9.678702112789017153e-01
2.678809999999999718e+02 9.569513669336227046e-01
2.672309999999999945e+02 9.426746931946332619e-01
2.665830000000000268e+02 9.646810281836757373e-01
2.659329999999999927e+02 1.033414962144763694e+00
2.652839999999999918e+02 1.064056292602126641e+00
2.646349999999999909e+02 1.111915238163656783e+00
2.639850000000000136e+02 1.085467327254123759e+00
2.633369999999999891e+02 1.074525094216170151e+00
2.626870000000000118e+02 1.105082791611684323e+00
2.620380000000000109e+02 1.082142083678056865e+00
2.613879999999999768e+02 1.128120084667129985e+00
2.607400000000000091e+02 1.106940058539197969e+00
2.600899999999999750e+02 1.059847055635105395e+00
2.594390000000000214e+02 1.088585343867290778e+00
2.587900000000000205e+02 1.069089498697801011e+00
2.581399999999999864e+02 1.073721686451085899e+00
2.574909999999999854e+02 1.066319179599906519e+00
2.568410000000000082e+02 1.119044954756947874e+00
2.561899999999999977e+02 1.159735499625912825e+00
2.555409999999999968e+02 1.140250274545914211e+00
2.548899999999999864e+02 1.167140540039128815e+00
2.542410000000000139e+02 1.168300493913742688e+00
2.535910000000000082e+02 1.131697349275072817e+00
2.529399999999999977e+02 1.134536082670704715e+00
2.522899999999999920e+02 1.152868281463021560e+00
2.516399999999999864e+02 1.191623137155298773e+00
2.509900000000000091e+02 1.141409182594112393e+00
2.503389999999999986e+02 1.147669617679519138e+00
2.496879999999999882e+02 1.176179545796770309e+00
2.490380000000000109e+02 1.184076257306658775e+00
2.483870000000000005e+02 1.222788870097169855e+00
2.477359999999999900e+02 1.257997874997464960e+00
2.470860000000000127e+02 1.245433358160580539e+00
2.464350000000000023e+02 1.285712157770123598e+00
2.457849999999999966e+02 1.233954855453356592e+00
2.451330000000000098e+02 1.265700737301850287e+00
2.444819999999999993e+02 1.244625639667154005e+00
2.438319999999999936e+02 1.227025933431150184e+00
2.431800000000000068e+02 1.214472719788927790e+00
2.425289999999999964e+02 1.213861988951892013e+00
2.418779999999999859e+02 1.264173705529729519e+00
2.412270000000000039e+02 1.299216533715609190e+00
2.405749999999999886e+02 1.271439910342059276e+00
2.399240000000000066e+02 1.328421918369189658e+00
2.392719999999999914e+02 1.327788114654145035e+00
2.386200000000000045e+02 1.355918176131444497e+00
2.379699999999999989e+02 1.351833786548944705e+00
2.373180000000000121e+02 1.391766997903129521e+00
2.366670000000000016e+02 1.391101091546397051e+00
2.360149999999999864e+02 1.392041080204048153e+00
2.353629999999999995e+02 1.421780262215898150e+00
2.347100000000000080e+02 1.476807742414161018e+00
2.340600000000000023e+02 1.470957076172038080e+00
2.334070000000000107e+02 1.466857704299351361e+00
2.327549999999999955e+02 1.525165844588683539e+00
2.321040000000000134e+02 1.569870690538340163e+00
2.314509999999999934e+02 1.564051234940362800e+00
2.307980000000000018e+02 1.607013946243641245e+00
2.301469999999999914e+02 1.606199572953884935e+00
2.294939999999999998e+02 1.588558905423087975e+00
2.288420000000000130e+02 1.559169564890196202e+00
2.281899999999999977e+02 1.617182867273723845e+00
2.275370000000000061e+02 1.661711085882803474e+00
2.268839999999999861e+02 1.687771692649121968e+00
2.262330000000000041e+02 1.728776569320144230e+00
2.255800000000000125e+02 1.781582091827642822e+00
2.249269999999999925e+02 1.782375299826547632e+00
2.242729999999999961e+02 1.794926874220860169e+00
2.236220000000000141e+02 1.837490545913867512e+00
2.229679999999999893e+02 1.851662464108576822e+00
2.223149999999999977e+02 1.869072501590650859e+00
2.216630000000000109e+02 1.846449815269496142e+00
2.210099999999999909e+02 1.820382645553851875e+00
2.203559999999999945e+02 1.792716351325105206e+00
2.197019999999999982e+02 1.781809244333648845e+00
2.190500000000000114e+02 1.792576044765472165e+00
2.183969999999999914e+02 1.794972302170710909e+00
2.177429999999999950e+02 1.792395259414525599e+00
2.170889999999999986e+02 1.806481459682641066e+00
2.164370000000000118e+02 1.780559446625660458e+00
2.157829999999999870e+02 1.809626309906254171e+00
2.151289999999999907e+02 1.795366248219684380e+00
2.144749999999999943e+02 1.844325113692186324e+00
2.138220000000000027e+02 1.848367318486453970e+00
2.131680000000000064e+02 1.855703554537833533e+00
2.125140000000000100e+02 1.869700700573682983e+00
2.118600000000000136e+02 1.843866352170942413e+00
2.112069999999999936e+02 1.882713792772980455e+00
2.105529999999999973e+02 1.871790898870921760e+00
2.098979999999999961e+02 1.862558700567154668e+00
2.092439999999999998e+02 1.841677437490492286e+00
2.085910000000000082e+02 1.842408811677898051e+00
2.079360000000000070e+02 1.839813000489062267e+00
2.072820000000000107e+02 1.833899513357434952e+00
2.066270000000000095e+02 1.798259613514261668e+00
2.059739999999999895e+02 1.830364179776201805e+00
2.053189999999999884e+02 1.827740816855559558e+00
2.046639999999999873e+02 1.811969921358100866e+00
2.040089999999999861e+02 1.817620141108993170e+00
2.033540000000000134e+02 1.818315483695337464e+00
2.027009999999999934e+02 1.771299550595459182e+00
2.020459999999999923e+02 1.757187375363069126e+00
2.013909999999999911e+02 1.723362676949580230e+00
2.007350000000000136e+02 1.761934223487733320e+00
2.000800000000000125e+02 1.749515138425272287e+00
1.994259999999999877e+02 1.717378403992098512e+00
1.987709999999999866e+02 1.718117270373594740e+00
1.981160000000000139e+02 1.707403975885965153e+00
1.974600000000000080e+02 1.732734219270690712e+00
1.968050000000000068e+02 1.700668321185012211e+00
1.961510000000000105e+02 1.694935065310385625e+00
1.954950000000000045e+02 1.734981981001417539e+00
1.948389999999999986e+02 1.702961145345252669e+00
1.941839999999999975e+02 1.685711022167653006e+00
1.935279999999999916e+02 1.702809290392291341e+00
1.928739999999999952e+02 1.724763455529965128e+00
1.922179999999999893e+02 1.720615747566382137e+00
1.915620000000000118e+02 1.765421098672988798e+00
1.909060000000000059e+02 1.826533723321750680e+00
1.902500000000000000e+02 1.853338600861356156e+00
1.895939999999999941e+02 1.827896749097551732e+00
1.889389999999999930e+02 1.874134017806222241e+00
1.882829999999999870e+02 1.908994446814565649e+00
1.876270000000000095e+02 1.947051742735263602e+00
1.869699999999999989e+02 1.939563993301978373e+00
1.863139999999999930e+02 1.938546558118201535e+00
1.856570000000000107e+02 1.908254074826264413e+00
1.850010000000000048e+02 1.887781842439887559e+00
1.843460000000000036e+02 1.915999749386355644e+00
1.836889999999999930e+02 1.955573645407977956e+00
1.830329999999999870e+02 1.993425268040021514e+00
1.823760000000000048e+02 2.015095757807624288e+00
1.817189999999999941e+02 2.004341992771265790e+00
1.810620000000000118e+02 2.103688063454606905e+00
1.804050000000000011e+02 2.178636194596139664e+00
1.797500000000000000e+02 2.211342001286227266e+00
1.790929999999999893e+02 2.274874471928512332e+00
1.784360000000000070e+02 2.281769840085043022e+00
1.777789999999999964e+02 2.311258491900864520e+00
1.771220000000000141e+02 2.326143095590899712e+00
1.764650000000000034e+02 2.342683265145232951e+00
1.758069999999999879e+02 2.365610491858087361e+00
1.751500000000000057e+02 2.349880193903117309e+00
1.744939999999999998e+02 2.375946480100455727e+00
1.738369999999999891e+02 2.431048684549158345e+00
1.731790000000000020e+02 2.466768265829785811e+00
1.725219999999999914e+02 2.512106194859839103e+00
1.718640000000000043e+02 2.568639909871278881e+00
1.712059999999999889e+02 2.613836509655221185e+00
1.705490000000000066e+02 2.651010381466178067e+00
1.698909999999999911e+02 2.673654277506590571e+00
1.692330000000000041e+02 2.670639459449454023e+00
1.685749999999999886e+02 2.664406756226380235e+00
1.679190000000000111e+02 2.701437228421604164e+00
1.672609999999999957e+02 2.695192121853590361e+00
1.666030000000000086e+02 2.754558628774252060e+00
1.659449999999999932e+02 2.719511052783358362e+00
1.652870000000000061e+02 2.671723666346272896e+00
1.646279999999999859e+02 2.683066174683227612e+00
1.639699999999999989e+02 2.721542905453531169e+00
1.633120000000000118e+02 2.777558964737693703e+00
1.626539999999999964e+02 2.790444442956940829e+00
1.619950000000000045e+02 2.763434318333292339e+00
1.613369999999999891e+02 2.760374943702701422e+00
1.606779999999999973e+02 2.728625369501388231e+00
1.600190000000000055e+02 2.739885781373861739e+00
1.593609999999999900e+02 2.767079674207504780e+00
1.587040000000000077e+02 2.778343577466819703e+00
1.580449999999999875e+02 2.803835125908662906e+00
1.573859999999999957e+02 2.799140926765796511e+00
1.567270000000000039e+02 2.826202835049868689e+00
1.560680000000000121e+02 2.821533140043275267e+00
1.554089999999999918e+02 2.834301886746229293e+00
1.547500000000000000e+02 2.854963728865413497e+00
1.540910000000000082e+02 2.850281863943663119e+00
1.534319999999999879e+02 2.861403052116530343e+00
1.527729999999999961e+02 2.870938593575123043e+00
1.521140000000000043e+02 2.859897420779598409e+00
1.514540000000000077e+02 2.866277169864332564e+00
1.507949999999999875e+02 2.872616824455177298e+00
1.501359999999999957e+02 2.976832418865320129e+00
1.494759999999999991e+02 3.017869708271315510e+00
1.488170000000000073e+02 3.039887141780239777e+00
1.481570000000000107e+02 3.112340125376502176e+00
1.474970000000000141e+02 3.118554258309343297e+00
1.468379999999999939e+02 3.162518271720556218e+00
1.461779999999999973e+02 3.190724621430662378e+00
1.455180000000000007e+02 3.255050691933219387e+00
1.448580000000000041e+02 3.283173270796135412e+00
1.441980000000000075e+02 3.229534994253983271e+00
1.435380000000000109e+02 3.274904025275054309e+00
1.428779999999999859e+02 3.306084399249951566e+00
1.422179999999999893e+02 3.365489734061316796e+00
1.415579999999999927e+02 3.393468124067331892e+00
1.408979999999999961e+02 3.413561573826175977e+00
1.402379999999999995e+02 3.430485282931660773e+00
1.395769999999999982e+02 3.441130852417240593e+00
1.389170000000000016e+02 3.498738950954346283e+00
1.382560000000000002e+02 3.606267008733419210e+00
1.375960000000000036e+02 3.674622688422171990e+00
1.369350000000000023e+02 3.733553589202411871e+00
1.362750000000000057e+02 3.764299010794673439e+00
1.356140000000000043e+02 3.832482232506271291e+00
1.349540000000000077e+02 3.895876749057896049e+00
1.342930000000000064e+02 4.002860494847856110e+00
1.336320000000000050e+02 4.108144134933573000e+00
1.329710000000000036e+02 4.179077250453866021e+00
1.323100000000000023e+02 4.229697655746382345e+00
1.316490000000000009e+02 4.340893358125429202e+00
1.309879999999999995e+02 4.388243478741892467e+00
1.303269999999999982e+02 4.424701402354493496e+00
1.296659999999999968e+02 4.534059066872236698e+00
1.290049999999999955e+02 4.590570784415390015e+00
1.283420000000000130e+02 4.615989865351162180e+00
1.276809999999999974e+02 4.652234328369926786e+00
1.270190000000000055e+02 4.730228174696924803e+00
1.263580000000000041e+02 4.704425982668445805e+00
1.256959999999999980e+02 4.663135936564321682e+00
1.250349999999999966e+02 4.699232217654234489e+00
1.243730000000000047e+02 4.716784693862865474e+00
1.237120000000000033e+02 4.717266626137798013e+00
1.230499999999999972e+02 4.748659912913753445e+00
1.223880000000000052e+02 4.759915432858420559e+00
1.217259999999999991e+02 4.698693125153493355e+00
1.210639999999999930e+02 4.617490368421312219e+00
1.204030000000000058e+02 4.631924317196659757e+00
1.197409999999999997e+02 4.621689485067853376e+00
1.190780000000000030e+02 4.526823059616265965e+00
1.184150000000000063e+02 4.513426101767260334e+00
1.177530000000000001e+02 4.469462331697903856e+00
1.170909999999999940e+02 4.402479080224243724e+00
1.164279999999999973e+02 4.337089635199736115e+00
1.157660000000000053e+02 4.319379085140836239e+00
1.151039999999999992e+02 4.287836246303942112e+00
1.144410000000000025e+02 4.224168111920231894e+00
1.137789999999999964e+02 4.165105915552291371e+00
1.131159999999999997e+02 4.165908520644675761e+00
1.124539999999999935e+02 4.142181213227959624e+00
1.117890000000000015e+02 4.113808832553461414e+00
1.111269999999999953e+02 4.122263795070753467e+00
1.104639999999999986e+02 4.086345394794385300e+00
1.098010000000000019e+02 4.058117556312155649e+00
1.091380000000000052e+02 4.017720709953912284e+00
1.084749999999999943e+02 4.009393836952466650e+00
1.078119999999999976e+02 3.912685911329975230e+00
1.071490000000000009e+02 3.863346759360831051e+00
1.064849999999999994e+02 3.716260705718270163e+00
1.058209999999999980e+02 3.593993908614135258e+00
1.051580000000000013e+02 3.435358791460138672e+00
1.044950000000000045e+02 3.395483577098490358e+00
1.038319999999999936e+02 3.276649135236967325e+00
1.031680000000000064e+02 3.173065010706803246e+00
1.025049999999999955e+02 3.077170721964174405e+00
1.018400000000000034e+02 3.046549785178642278e+00
1.011760000000000019e+02 2.982691564678714435e+00
1.005130000000000052e+02 3.020434648227403596e+00
9.984900000000000375e+01 3.033891929879934501e+00
9.918529999999999802e+01 3.033732787224918681e+00
9.852150000000000318e+01 3.022887127396371554e+00
9.785769999999999413e+01 3.116391310580291840e+00
9.719230000000000302e+01 3.228160511729131432e+00
9.652830000000000155e+01 3.335076577930271569e+00
9.586430000000000007e+01 3.423679111916384965e+00
9.520029999999999859e+01 3.537856680832569989e+00
9.453610000000000468e+01 3.695606863757811666e+00
9.387199999999999989e+01 3.853178472515932373e+00
9.320619999999999550e+01 3.964276646875852794e+00
9.254200000000000159e+01 4.089915577727404994e+00
9.187760000000000105e+01 4.122189493251311454e+00
9.121320000000000050e+01 4.183002294840052038e+00
9.054879999999999995e+01 4.209178872468770649e+00
8.988280000000000314e+01 4.318001710649491010e+00
8.921819999999999595e+01 4.354571529660335116e+00
8.855360000000000298e+01 4.353609695776767374e+00
8.788890000000000668e+01 4.349634640787611417e+00
8.722419999999999618e+01 4.453533173525928923e+00
8.655939999999999657e+01 4.540782803769300990e+00
8.589300000000000068e+01 4.656665013305607559e+00
8.522809999999999775e+01 4.712323377970809801e+00
8.456319999999999482e+01 4.802306968747987348e+00
8.389820000000000277e+01 4.823475924602419695e+00
8.323160000000000025e+01 4.896994057499115094e+00
8.256650000000000489e+01 4.940452318613710148e+00
8.190130000000000621e+01 5.025678113849100015e+00
8.123609999999999332e+01 5.072003318538442329e+00
8.057080000000000553e+01 5.039330134292684171e+00
7.990389999999999304e+01 5.087158402265246515e+00
7.923850000000000193e+01 5.163095734470714682e+00
7.857299999999999329e+01 5.255328726741632650e+00
7.790749999999999886e+01 5.325138400212630962e+00
7.724039999999999395e+01 5.369795633125073131e+00
7.657479999999999620e+01 5.442437593048163436e+00
7.590909999999999513e+01 5.422997370021906960e+00
7.524339999999999407e+01 5.497025989693963943e+00
7.457760000000000389e+01 5.538404693411022706e+00
7.391020000000000323e+01 5.484846448505575900e+00
7.324429999999999552e+01 5.486169621585196055e+00
7.257829999999999870e+01 5.417967629608153146e+00
7.191230000000000189e+01 5.388270346021923451e+00
7.124469999999999459e+01 5.408785652162600321e+00
7.057850000000000534e+01 5.392426595316457849e+00
6.991230000000000189e+01 5.458743282039955957e+00
6.924609999999999843e+01 5.412759195091907394e+00
6.857829999999999870e+01 5.431863140164731263e+00
6.791190000000000282e+01 5.439074046071934454e+00
6.724550000000000693e+01 5.418274271719124791e+00
6.657750000000000057e+01 5.426934107073195790e+00
6.591100000000000136e+01 5.384134354568796077e+00
6.524439999999999884e+01 5.394297273174805341e+00
6.457769999999999300e+01 5.373589232137378602e+00
6.390950000000000131e+01 5.333732241531148333e+00
6.324269999999999925e+01 5.339489370587427786e+00
6.257589999999999719e+01 5.373060943576180470e+00
6.190899999999999892e+01 5.396360557280233117e+00
6.124060000000000059e+01 5.400662876271045576e+00
6.057359999999999900e+01 5.416574049177245165e+00
5.990659999999999741e+01 5.436922030654326221e+00
5.923799999999999955e+01 5.370812347249404262e+00
5.857079999999999842e+01 5.294676354780625260e+00
5.790359999999999729e+01 5.313566049663040580e+00
5.723629999999999995e+01 5.288615081473253099e+00
5.656750000000000256e+01 5.225662198351435528e+00
5.590010000000000190e+01 5.240169710747545118e+00
5.523270000000000124e+01 5.215263462327468069e+00
5.456360000000000099e+01 5.219581372884765536e+00
5.389609999999999701e+01 5.245633182474883860e+00
5.322849999999999682e+01 5.312423573961777556e+00
5.255930000000000035e+01 5.408313260208437612e+00
5.189159999999999684e+01 5.358686097145849203e+00
5.122379999999999711e+01 5.393339759374271125e+00
5.055440000000000111e+01 5.412010487222697286e+00
4.988660000000000139e+01 5.395808700161160765e+00
4.921860000000000213e+01 5.373888963272517749e+00
4.854910000000000281e+01 5.360563175303687089e+00
4.788100000000000023e+01 5.399479884239831939e+00
4.721289999999999765e+01 5.400665538599538351e+00
4.654319999999999879e+01 5.367178639628000347e+00
4.587500000000000000e+01 5.387179170734733624e+00
4.520669999999999789e+01 5.319025396455723254e+00
4.453679999999999950e+01 5.313027584608672527e+00
4.386840000000000117e+01 5.317174668870638499e+00
4.320000000000000284e+01 5.379028403392108082e+00
4.252989999999999782e+01 5.349886548125451391e+00
4.186129999999999995e+01 5.306464190783746204e+00
4.119270000000000209e+01 5.221279045184423317e+00
4.052250000000000085e+01 5.203805330129809725e+00
3.985379999999999967e+01 5.215191263639209929e+00
3.918500000000000227e+01 5.252428965264439142e+00
3.851460000000000150e+01 5.249327745746868779e+00
3.784570000000000078e+01 5.234757313464351469e+00
3.717519999999999669e+01 5.190092558370113629e+00
3.650619999999999976e+01 5.159797560838855546e+00
3.583709999999999951e+01 5.175423093876531766e+00
3.516640000000000299e+01 5.185295240475698897e+00
3.449719999999999942e+01 5.147933173505977678e+00
3.382800000000000296e+01 5.146343363576419527e+00
3.315709999999999980e+01 5.097511872004949929e+00
3.248780000000000001e+01 4.997399498581182264e+00
3.181680000000000064e+01 4.967250445777700030e+00
3.114730000000000132e+01 4.968656014767847573e+00
3.047779999999999845e+01 4.999982423283956479e+00
2.980669999999999931e+01 4.890070804465839416e+00
2.913700000000000045e+01 4.881536283439792179e+00
2.846730000000000160e+01 4.890083466031547310e+00
2.779599999999999937e+01 4.807447159593724706e+00
2.712620000000000076e+01 4.774753403109456507e+00
2.645479999999999876e+01 4.759102305674869804e+00
2.578490000000000038e+01 4.715174806767027604e+00
2.511329999999999885e+01 4.620001920182051691e+00
2.444330000000000069e+01 4.513724877437554461e+00
2.377319999999999922e+01 4.501230909320066864e+00
2.310150000000000148e+01 4.375111706296886283e+00
2.243130000000000024e+01 4.298964688846853122e+00
2.175949999999999918e+01 4.222654396478447758e+00
2.108909999999999840e+01 4.126844314371535205e+00
2.041870000000000118e+01 4.066519351549885641e+00
1.974680000000000035e+01 3.928315598481094462e+00
1.907629999999999981e+01 3.849806207393188462e+00
1.840419999999999945e+01 3.785287172840087422e+00
1.773349999999999937e+01 3.684337302580931173e+00
1.706129999999999924e+01 3.663755503643041145e+00
1.639059999999999917e+01 3.560192446955487089e+00
1.571979999999999933e+01 3.500373992535354972e+00
1.504739999999999966e+01 3.479931068483836931e+00
1.437650000000000006e+01 3.430041249276882365e+00
1.370410000000000039e+01 3.433620150746647059e+00
1.303299999999999947e+01 3.369791115016752769e+00
1.236040000000000028e+01 3.335452760982842602e+00
1.168929999999999936e+01 3.294216018525785383e+00
1.101660000000000039e+01 3.323094338999035724e+00
1.034529999999999994e+01 3.476651851628532519e+00
9.672489999999999810e+00 3.600819937436436469e+00
9.001129999999999853e+00 3.738511648504235563e+00
8.329710000000000392e+00 3.852191166592069393e+00
7.656710000000000349e+00 4.085097672024694759e+00
6.985170000000000101e+00 4.659355505805669928e+00
6.312050000000000161e+00 5.255485333283725247e+00
5.640399999999999636e+00 5.874756810085951741e+00
4.967170000000000307e+00 6.403902860836942601e+00
4.295410000000000394e+00 6.857073808439872131e+00
3.622059999999999835e+00 7.309478743497189512e+00
2.950180000000000025e+00 7.732351906253127183e+00
2.276720000000000077e+00 8.207099943568708866e+00
1.604729999999999990e+00 8.558380128517203644e+00
9.311519999999999797e-01 8.609093685571613364e+00
2.590439999999999965e-01 8.606460445296685080e+00
