6.869719999999999800e+02 8.433371220079663999e+00
6.863600000000000136e+02 8.398375838191810772e+00
6.857469999999999573e+02 8.418550223429223323e+00
6.851349999999999909e+02 8.328590115824541229e+00
6.845230000000000246e+02 8.459302680935255836e+00
6.839120000000000346e+02 8.149597908230751031e+00
6.832989999999999782e+02 8.719648520917784751e+00
6.826870000000000118e+02 7.532944897130912310e+00
6.820739999999999554e+02 1.159271137959544795e+01
6.814610000000000127e+02 2.273047890124358705e+00
6.808490000000000464e+02 4.771318998387621968e-02
6.802359999999999900e+02 -1.186655911682883424e+00
6.796230000000000473e+02 -1.906215013941612524e+00
6.790099999999999909e+02 -2.385702497858175342e+00
6.783980000000000246e+02 -1.487847205003211881e+00
6.777859999999999445e+02 -6.116278399844378155e-01
6.771730000000000018e+02 -1.086814452007538352e-02
6.765599999999999454e+02 2.917647549216361713e-01
6.759470000000000027e+02 -1.450544509932314430e-01
6.753339999999999463e+02 -9.752185570440183859e-01
6.747210000000000036e+02 -5.511476902857515014e-01
6.741079999999999472e+02 1.481730000659378099e+00
6.734940000000000282e+02 4.491759495516899570e+00
6.728809999999999718e+02 6.568729531590197901e+00
6.722680000000000291e+02 7.132970615976977236e+00
6.716539999999999964e+02 5.663228737809601121e+00
6.710410000000000537e+02 4.033549475018137542e+00
6.704270000000000209e+02 4.082920145625783981e+00
6.698150000000000546e+02 5.309065853192239004e+00
6.692010000000000218e+02 6.452456216658099208e+00
6.685879999999999654e+02 6.430520071560197337e+00
6.679740000000000464e+02 6.484279158948815791e+00
6.673600000000000136e+02 6.060336803587061283e+00
6.667459999999999809e+02 5.834081233078436846e+00
6.661330000000000382e+02 5.807389043447249044e+00
6.655190000000000055e+02 6.236688255466017239e+00
6.649049999999999727e+02 7.147459614051509647e+00
6.642910000000000537e+02 8.058723880529324646e+00
6.636770000000000209e+02 8.185830899624543022e+00
6.630629999999999882e+02 7.295127125219799780e+00
6.624479999999999791e+02 5.610421678620073571e+00
6.618339999999999463e+02 4.874443544817612661e+00
6.612200000000000273e+02 4.725409611248066355e+00
6.606059999999999945e+02 4.964737250609455366e+00
6.599909999999999854e+02 5.069143462757523366e+00
6.593769999999999527e+02 4.895216783872656130e+00
6.587619999999999436e+02 4.634410287895782687e+00
6.581480000000000246e+02 4.723529453831592839e+00
6.575330000000000155e+02 5.281563599745846993e+00
6.569189999999999827e+02 5.580941803008783175e+00
6.563039999999999736e+02 6.099944143959549869e+00
6.556889999999999645e+02 6.830836005379896214e+00
6.550750000000000455e+02 7.283603170901172597e+00
6.544600000000000364e+02 7.121046947577801767e+00
6.538450000000000273e+02 6.440006412195760532e+00
6.532300000000000182e+02 5.233853475501538455e+00
6.526150000000000091e+02 4.133341435699048994e+00
6.520000000000000000e+02 3.341801649863111123e+00
6.513849999999999909e+02 2.965719896770163011e+00
6.507699999999999818e+02 2.928173022249806134e+00
6.501549999999999727e+02 2.909034611661807546e+00
6.495389999999999873e+02 2.307583023829446578e+00
6.489239999999999782e+02 1.130829884338953040e+00
6.483089999999999691e+02 -1.267883695857477677e-01
6.476929999999999836e+02 -1.101163894879461980e+00
6.470779999999999745e+02 -1.873721134585313974e+00
6.464629999999999654e+02 -2.374063876552487962e+00
6.458469999999999800e+02 -2.944929510555433172e+00
6.452319999999999709e+02 -3.628006030147381100e+00
6.446159999999999854e+02 -4.342394085960376238e+00
6.439990000000000236e+02 -5.118140186704870587e+00
6.433830000000000382e+02 -5.914653742168650474e+00
6.427670000000000528e+02 -6.938946570830844429e+00
6.421520000000000437e+02 -8.591570593576134840e+00
6.415359999999999445e+02 -1.070599517087305586e+01
6.409199999999999591e+02 -1.191260826586714039e+01
6.403039999999999736e+02 -1.212139246274863780e+01
6.396879999999999882e+02 -1.115461678018598413e+01
6.390720000000000027e+02 -1.039533239479069948e+01
6.384560000000000173e+02 -9.632012039559645800e+00
6.378400000000000318e+02 -9.188380600075472415e+00
6.372229999999999563e+02 -8.850456908531292299e+00
6.366069999999999709e+02 -8.659497272260026079e+00
6.359909999999999854e+02 -8.258676288894763573e+00
6.353730000000000473e+02 -7.235793152408698248e+00
6.347569999999999482e+02 -5.621501656219118459e+00
6.341399999999999864e+02 -4.845349350533422417e+00
6.335240000000000009e+02 -5.682062493976925310e+00
6.329070000000000391e+02 -8.951577287394460569e+00
6.322899999999999636e+02 -1.173363949210016699e+01
6.316739999999999782e+02 -1.261163973906120894e+01
6.310570000000000164e+02 -1.169159919352566490e+01
6.304400000000000546e+02 -9.691201030098017810e+00
6.298220000000000027e+02 -9.019315426356813603e+00
6.292050000000000409e+02 -8.301898986018439786e+00
6.285879999999999654e+02 -6.736666683703287362e+00
6.279710000000000036e+02 -5.058919030207716716e+00
6.273540000000000418e+02 -4.086862018709976674e+00
6.267369999999999663e+02 -4.346069480203331281e+00
6.261200000000000045e+02 -4.617271543467947659e+00
6.255030000000000427e+02 -3.912736523051761228e+00
6.248840000000000146e+02 -3.571634245180905776e+00
6.242670000000000528e+02 -3.035387400674234737e+00
6.236499999999999773e+02 -2.544735630907942081e+00
6.230320000000000391e+02 -1.595280156239380631e-01
6.224149999999999636e+02 1.799855943646285095e+00
6.217980000000000018e+02 1.868059951083179016e+00
6.211799999999999500e+02 6.644810136974249604e-01
6.205610000000000355e+02 -3.981763123982093866e-01
6.199429999999999836e+02 2.140435886908226837e-01
6.193260000000000218e+02 1.820678743694161827e+00
6.187079999999999700e+02 2.316246094769584207e+00
6.180900000000000318e+02 2.610087272802564140e+00
6.174719999999999800e+02 3.190141619600202372e+00
6.168529999999999518e+02 2.351702284720645242e+00
6.162350000000000136e+02 -8.003387318184264354e-02
6.156169999999999618e+02 -3.233281086179510933e+00
6.149990000000000236e+02 -6.099991487702477677e+00
6.143809999999999718e+02 -6.711094439381377619e+00
6.137630000000000337e+02 -4.968245027303427541e+00
6.131430000000000291e+02 -1.096558358322318849e+00
6.125249999999999773e+02 2.765295293115074049e+00
6.119070000000000391e+02 5.496205685273330310e+00
6.112889999999999873e+02 6.078764083073435742e+00
6.106699999999999591e+02 4.392883558989177928e+00
6.100510000000000446e+02 4.089775143263753243e+00
6.094320000000000164e+02 5.376794007574630108e+00
6.088139999999999645e+02 7.731449551018107158e+00
6.081950000000000500e+02 1.036774343558154321e+01
6.075760000000000218e+02 1.085531733685886380e+01
6.069560000000000173e+02 9.214672595485527751e+00
6.063379999999999654e+02 5.808957594226074050e+00
6.057190000000000509e+02 3.169106323148137783e+00
6.051000000000000227e+02 2.232970666676595606e+00
6.044809999999999945e+02 2.738162467976971826e+00
6.038609999999999900e+02 3.793401269958848410e+00
6.032419999999999618e+02 3.349973283927880630e+00
6.026230000000000473e+02 1.756441161118448946e+00
6.020040000000000191e+02 -1.500521833177611564e-01
6.013830000000000382e+02 -7.829865289948585438e-01
6.007640000000000100e+02 6.485039535954388867e-01
6.001449999999999818e+02 3.045494213925329152e+00
5.995249999999999773e+02 4.943604902793920175e+00
5.989049999999999727e+02 5.835107876061255361e+00
5.982849999999999682e+02 5.449106213217131511e+00
5.976660000000000537e+02 3.757977057473993909e+00
5.970460000000000491e+02 1.169320912923483169e+00
5.964249999999999545e+02 -9.036765977372540615e-01
5.958060000000000400e+02 -8.008637520410544219e-02
5.951860000000000355e+02 3.813560286169922708e+00
5.945670000000000073e+02 6.867626459472851330e+00
5.939450000000000500e+02 8.288889177191080648e+00
5.933260000000000218e+02 8.384112332405354806e+00
5.927060000000000173e+02 8.053477372677175339e+00
5.920860000000000127e+02 6.967354426894928565e+00
5.914650000000000318e+02 5.539822353194990612e+00
5.908450000000000273e+02 5.240406577053836834e+00
5.902250000000000227e+02 6.128595156589565995e+00
5.896029999999999518e+02 7.773368193364730949e+00
5.889829999999999472e+02 7.657096756094656342e+00
5.883630000000000564e+02 5.113038950458033582e+00
5.877419999999999618e+02 2.266466304193335723e+00
5.871209999999999809e+02 -4.380221025480758867e-01
5.865000000000000000e+02 -2.851951091886879563e+00
5.858799999999999955e+02 -3.638704391227525203e+00
5.852580000000000382e+02 -1.908771976554164862e+00
5.846380000000000337e+02 1.796485684871288457e+00
5.840170000000000528e+02 5.904530940449527421e+00
5.833949999999999818e+02 8.703078517043428164e+00
5.827740000000000009e+02 9.967240770384160342e+00
5.821539999999999964e+02 1.021964146224254932e+01
5.815320000000000391e+02 9.915720041176154353e+00
5.809109999999999445e+02 9.725116064521568404e+00
5.802899999999999636e+02 1.016224294366765690e+01
5.796680000000000064e+02 1.131601847242172809e+01
5.790470000000000255e+02 1.192423400632863384e+01
5.784260000000000446e+02 1.046602944798422463e+01
5.778049999999999500e+02 6.802449768138954411e+00
5.771820000000000164e+02 1.575792261098865499e+00
5.765610000000000355e+02 -1.766751629118935352e+00
5.759379999999999882e+02 -3.415254885845163013e+00
5.753170000000000073e+02 -3.747977923912287679e+00
5.746960000000000264e+02 -3.624673814751146139e+00
5.740729999999999791e+02 -3.227872053431303900e+00
5.734519999999999982e+02 -2.983553704274644058e+00
5.728300000000000409e+02 -3.197226439832867140e+00
5.722069999999999936e+02 -3.960169959267900275e+00
5.715860000000000127e+02 -4.279061122556020003e+00
5.709640000000000555e+02 -3.591063952189686326e+00
5.703410000000000082e+02 -1.675237508823851806e+00
5.697190000000000509e+02 -3.702093859228112183e-01
5.690979999999999563e+02 1.775484757556961002e-01
5.684740000000000464e+02 -4.526401710262586975e-01
5.678529999999999518e+02 -1.239292879631959554e+00
5.672290000000000418e+02 -1.832564409886015877e+00
5.666069999999999709e+02 -2.152366379013076259e+00
5.659850000000000136e+02 -2.101576888320229042e+00
5.653619999999999663e+02 -1.842418531797480830e+00
5.647400000000000091e+02 -1.514558558268215283e+00
5.641169999999999618e+02 -1.389518510336568369e+00
5.634940000000000282e+02 -1.859977935784545400e+00
5.628719999999999573e+02 -2.498846244723984533e+00
5.622480000000000473e+02 -2.696944291334247179e+00
5.616250000000000000e+02 -1.422986085249044352e+00
5.610030000000000427e+02 9.151020131770067900e-01
5.603790000000000191e+02 3.481509931293497395e+00
5.597569999999999482e+02 5.493881432285540711e+00
5.591330000000000382e+02 6.360629847446397811e+00
5.585099999999999909e+02 6.112607477153920499e+00
5.578859999999999673e+02 5.440590912943713775e+00
5.572630000000000337e+02 4.645264334531853834e+00
5.566399999999999864e+02 4.212674147720776752e+00
5.560159999999999627e+02 4.545172351024898028e+00
5.553930000000000291e+02 5.508434093669366760e+00
5.547690000000000055e+02 6.351864267327597346e+00
5.541459999999999582e+02 5.981445642033464516e+00
5.535209999999999582e+02 4.695574419959355872e+00
5.528980000000000246e+02 3.086679079772769896e+00
5.522749999999999773e+02 2.219547112021452495e+00
5.516509999999999536e+02 2.559844299958748071e+00
5.510270000000000437e+02 3.757219577064691229e+00
5.504030000000000200e+02 5.667484938527184823e+00
5.497789999999999964e+02 6.465737357771612182e+00
5.491549999999999727e+02 5.038197843075995941e+00
5.485309999999999491e+02 1.172762654753512823e+00
5.479059999999999491e+02 4.200871234359921047e+00
5.472830000000000155e+02 3.453051035382414646e+00
5.466589999999999918e+02 2.929588533067185807e+00
5.460339999999999918e+02 3.509448100134135995e+00
5.454099999999999682e+02 3.281168387042193046e+00
5.447849999999999682e+02 3.224380983732902717e+00
5.441609999999999445e+02 2.194962233826323939e+00
5.435359999999999445e+02 2.189552817884814484e+00
5.429120000000000346e+02 4.251995354997197829e+00
5.422870000000000346e+02 6.143627886883708200e+00
5.416630000000000109e+02 7.030986739523751972e+00
5.410370000000000346e+02 7.918431169282708737e+00
5.404130000000000109e+02 8.799603998742577815e+00
5.397880000000000109e+02 1.033930111041373934e+01
5.391630000000000109e+02 1.210689930412703674e+01
5.385380000000000109e+02 1.386953499724732808e+01
5.379139999999999873e+02 1.186974823704765569e+01
5.372880000000000109e+02 1.184015430316901707e+01
5.366630000000000109e+02 1.384981646200197680e+01
5.360370000000000346e+02 1.529475628942219778e+01
5.354130000000000109e+02 1.672954492525854775e+01
5.347870000000000346e+02 1.460458123248824158e+01
5.341620000000000346e+02 1.456812034426542368e+01
5.335359999999999445e+02 1.453167984389102507e+01
5.329109999999999445e+02 1.218259675897116168e+01
5.322849999999999682e+02 1.275315545104195714e+01
5.316599999999999682e+02 1.216330952571574997e+01
5.310339999999999918e+02 1.454759210043171080e+01
5.304089999999999918e+02 1.401156206378529845e+01
5.297830000000000155e+02 1.209997475899410269e+01
5.291580000000000155e+02 1.348260319911695149e+01
5.285309999999999491e+02 1.313132061440028941e+01
5.279049999999999727e+02 1.220125304042598735e+01
5.272799999999999727e+02 1.224532931110698364e+01
5.266530000000000200e+02 1.023275827137614691e+01
5.260280000000000200e+02 1.228916794103391474e+01
5.254009999999999536e+02 1.310273574474333813e+01
5.247759999999999536e+02 1.158532728939547241e+01
5.241490000000000009e+02 1.155287162921597321e+01
5.235230000000000246e+02 9.813127536199644396e+00
5.228959999999999582e+02 1.108176705802991080e+01
5.222709999999999582e+02 1.253173103289034174e+01
5.216440000000000055e+02 1.299355019907286746e+01
5.210159999999999627e+02 1.334438632012910730e+01
5.203909999999999627e+02 1.375041938918577245e+01
5.197630000000000337e+02 1.425829693873168225e+01
5.191380000000000337e+02 1.414858195543645536e+01
5.185099999999999909e+02 1.395032681256807017e+01
5.178840000000000146e+02 1.373983986335047547e+01
5.172569999999999482e+02 1.383520031604851042e+01
5.166299999999999955e+02 1.393271989043574877e+01
5.160030000000000427e+02 1.426119030898902551e+01
5.153759999999999764e+02 1.491369977998354202e+01
5.147500000000000000e+02 1.577700508055648676e+01
5.141219999999999573e+02 1.611733012797147779e+01
5.134940000000000282e+02 1.594786062469729693e+01
5.128680000000000518e+02 1.533638869346389733e+01
5.122400000000000091e+02 1.501775431091381563e+01
5.116139999999999759e+02 1.481423226839328677e+01
5.109859999999999900e+02 1.454967349989871650e+01
5.103580000000000041e+02 1.397704704910485951e+01
5.097309999999999945e+02 1.316578976803294054e+01
5.091030000000000086e+02 1.238055340402352478e+01
5.084759999999999991e+02 1.186493337435540596e+01
5.078480000000000132e+02 1.151420542982719475e+01
5.072200000000000273e+02 1.092721963439073285e+01
5.065930000000000177e+02 9.595436332935934232e+00
5.059649999999999750e+02 7.556690929867294848e+00
5.053360000000000127e+02 5.234685193487284671e+00
5.047090000000000032e+02 3.621191918123261022e+00
5.040810000000000173e+02 3.514809867057178572e+00
5.034519999999999982e+02 4.911829052193441569e+00
5.028249999999999886e+02 6.890233422613407654e+00
5.021960000000000264e+02 8.332742356659290195e+00
5.015690000000000168e+02 8.671054448367103262e+00
5.009399999999999977e+02 8.318710182411459542e+00
5.003109999999999786e+02 7.811472172289902538e+00
4.996840000000000259e+02 7.718316637977082451e+00
4.990550000000000068e+02 8.185894723248901883e+00
4.984259999999999877e+02 8.860171944958072032e+00
4.977980000000000018e+02 9.393356895178895272e+00
4.971689999999999827e+02 9.373567844658133197e+00
4.965400000000000205e+02 8.780243212904288441e+00
4.959119999999999777e+02 7.690452283609480411e+00
4.952830000000000155e+02 6.738145034794406740e+00
4.946539999999999964e+02 6.278216174488925994e+00
4.940260000000000105e+02 6.222020858606455818e+00
4.933969999999999914e+02 6.560844002760615190e+00
4.927669999999999959e+02 6.964471685519229460e+00
4.921390000000000100e+02 7.042895034483231065e+00
4.915099999999999909e+02 7.239373650868128784e+00
4.908799999999999955e+02 8.000088396508749256e+00
4.902500000000000000e+02 8.982204605627535088e+00
4.896220000000000141e+02 9.587365230846305764e+00
4.889920000000000186e+02 9.759332812430615789e+00
4.883629999999999995e+02 9.748634711104854134e+00
4.877339999999999804e+02 9.545523877932192036e+00
4.871039999999999850e+02 9.181260516258667792e+00
4.864739999999999895e+02 8.591894414805668845e+00
4.858460000000000036e+02 8.008535158092405126e+00
4.852160000000000082e+02 7.783667496433535504e+00
4.845860000000000127e+02 7.594810172267624004e+00
4.839549999999999841e+02 6.839011157508909200e+00
4.833269999999999982e+02 5.665169992293408008e+00
4.826960000000000264e+02 4.729626846158167197e+00
4.820659999999999741e+02 4.591239713219271046e+00
4.814370000000000118e+02 5.052085855755349186e+00
4.808070000000000164e+02 5.897973285405097243e+00
4.801759999999999877e+02 6.889854887319919463e+00
4.795459999999999923e+02 7.900451352594045851e+00
4.789169999999999732e+02 9.001692580105892461e+00
4.782860000000000014e+02 1.005403423736077428e+01
4.776549999999999727e+02 1.109389310160093345e+01
4.770249999999999773e+02 1.212676439683787066e+01
4.763949999999999818e+02 1.326959787636416088e+01
4.757640000000000100e+02 1.425525006837624353e+01
4.751329999999999814e+02 1.487973896892513181e+01
4.745020000000000095e+02 1.517699329277106912e+01
4.738729999999999905e+02 1.541671611859878332e+01
4.732420000000000186e+02 1.546033398364497202e+01
4.726109999999999900e+02 1.538199722806498393e+01
4.719800000000000182e+02 1.472484368178089476e+01
4.713500000000000227e+02 1.375671590053721793e+01
4.707189999999999941e+02 1.256071369085103662e+01
4.700869999999999891e+02 1.119865735762846093e+01
4.694560000000000173e+02 9.734085189074065170e+00
4.688249999999999886e+02 8.385037579888788173e+00
4.681949999999999932e+02 7.483778687292772958e+00
4.675629999999999882e+02 6.705973459247415391e+00
4.669309999999999832e+02 5.771984074948116827e+00
4.663000000000000114e+02 4.748406921717164941e+00
4.656700000000000159e+02 3.744602177906827478e+00
4.650380000000000109e+02 3.380970213793761836e+00
4.644060000000000059e+02 3.638474146534951270e+00
4.637740000000000009e+02 4.395763089867395834e+00
4.631419999999999959e+02 5.374855221403535666e+00
4.625120000000000005e+02 6.450867995788057030e+00
4.618799999999999955e+02 7.519186625629083132e+00
4.612479999999999905e+02 8.454331675775252464e+00
4.606159999999999854e+02 9.172069320762465949e+00
4.599839999999999804e+02 9.650877065691993550e+00
4.593519999999999754e+02 9.931312546624683435e+00
4.587210000000000036e+02 1.049666310460792573e+01
4.580880000000000223e+02 1.124944171144878347e+01
4.574560000000000173e+02 1.201877850304882678e+01
4.568240000000000123e+02 1.251953332895457116e+01
4.561909999999999741e+02 1.278312820951483531e+01
4.555600000000000023e+02 1.279293324045950087e+01
4.549279999999999973e+02 1.271046728273697113e+01
4.542950000000000159e+02 1.225768118488888980e+01
4.536619999999999777e+02 1.150281624673649539e+01
4.530299999999999727e+02 1.066803385435494711e+01
4.523969999999999914e+02 1.033963060430139791e+01
4.517660000000000196e+02 1.016540351810712117e+01
4.511329999999999814e+02 1.007083068830850081e+01
4.505000000000000000e+02 9.838282230713526033e+00
4.498670000000000186e+02 9.405699157966816770e+00
4.492339999999999804e+02 8.684616424564531201e+00
4.486009999999999991e+02 7.919929951651205613e+00
4.479680000000000177e+02 7.437164892536921812e+00
4.473360000000000127e+02 7.711009738313476802e+00
4.467029999999999745e+02 8.082253386248394733e+00
4.460690000000000168e+02 8.488350173640114349e+00
4.454359999999999786e+02 8.404898406783834375e+00
4.448029999999999973e+02 8.349523940990973614e+00
4.441689999999999827e+02 8.798063934436965994e+00
4.435360000000000014e+02 1.011529350576290476e+01
4.429019999999999868e+02 1.204470932736217925e+01
4.422699999999999818e+02 1.389294391606192569e+01
4.416360000000000241e+02 1.517100499477712461e+01
4.410029999999999859e+02 1.524594703913972893e+01
4.403690000000000282e+02 1.421225177180849464e+01
4.397350000000000136e+02 1.340131820775953919e+01
4.391009999999999991e+02 1.332936873798559851e+01
4.384669999999999845e+02 1.412555425647800611e+01
4.378330000000000268e+02 1.456743139546603594e+01
4.371990000000000123e+02 1.414260183333724186e+01
4.365649999999999977e+02 1.261220729290942622e+01
4.359329999999999927e+02 1.087869900494039221e+01
4.352980000000000018e+02 1.003662692219992714e+01
4.346639999999999873e+02 1.027594508773440829e+01
4.340299999999999727e+02 1.109809426076335903e+01
4.333960000000000150e+02 1.198993194345538704e+01
4.327610000000000241e+02 1.262240411914801186e+01
4.321270000000000095e+02 1.281713081890890393e+01
4.314920000000000186e+02 1.264100999862873209e+01
4.308580000000000041e+02 1.256966400896868663e+01
4.302230000000000132e+02 1.249417744131403474e+01
4.295889999999999986e+02 1.251208215091639353e+01
4.289540000000000077e+02 1.213971227723005875e+01
4.283190000000000168e+02 1.143583225523491365e+01
4.276859999999999786e+02 1.086758420165448591e+01
4.270509999999999877e+02 1.121306789374340518e+01
4.264159999999999968e+02 1.245856249462842769e+01
4.257810000000000059e+02 1.341181931965302176e+01
4.251460000000000150e+02 1.379717006871913831e+01
4.245110000000000241e+02 1.393217931446580593e+01
4.238759999999999764e+02 1.391082897816506048e+01
4.232409999999999854e+02 1.380724382658231875e+01
4.226050000000000182e+02 1.381757816766181612e+01
4.219700000000000273e+02 1.425362619916991491e+01
4.213349999999999795e+02 1.478803532341060212e+01
4.206990000000000123e+02 1.500414343287085828e+01
4.200640000000000214e+02 1.452660705223362392e+01
4.194289999999999736e+02 1.349041585039501889e+01
4.187930000000000064e+02 1.303031578983363481e+01
4.181569999999999823e+02 1.339593859983897772e+01
4.175219999999999914e+02 1.415795242485835104e+01
4.168860000000000241e+02 1.513038551020813038e+01
4.162500000000000000e+02 1.579982891776261589e+01
4.156150000000000091e+02 1.590188989084247062e+01
4.149789999999999850e+02 1.529418302617005487e+01
4.143430000000000177e+02 1.472068325471168571e+01
4.137069999999999936e+02 1.421194324352607552e+01
4.130710000000000264e+02 1.418909618132107120e+01
4.124350000000000023e+02 1.457122147276857405e+01
4.117989999999999782e+02 1.494354611548717315e+01
4.111630000000000109e+02 1.451226288847933965e+01
4.105260000000000105e+02 1.307970292240192656e+01
4.098899999999999864e+02 1.188177347935036821e+01
4.092540000000000191e+02 1.164681110224342575e+01
4.086170000000000186e+02 1.240693376981732499e+01
4.079809999999999945e+02 1.361188410001162019e+01
4.073439999999999941e+02 1.438248461465198602e+01
4.067080000000000268e+02 1.473599669865870077e+01
4.060710000000000264e+02 1.489013982468840425e+01
4.054350000000000023e+02 1.504244995520137529e+01
4.047980000000000018e+02 1.542450758905881258e+01
4.041610000000000014e+02 1.620394993698515407e+01
4.035240000000000009e+02 1.731816892567704613e+01
4.028879999999999768e+02 1.780947151777849768e+01
4.022509999999999764e+02 1.771996643726958709e+01
4.016139999999999759e+02 1.700321228702803111e+01
4.009769999999999754e+02 1.621953344259093299e+01
4.003399999999999750e+02 1.556978761960745317e+01
3.997029999999999745e+02 1.514382056203769267e+01
3.990649999999999977e+02 1.476110255498125845e+01
3.984279999999999973e+02 1.439283515020469650e+01
3.977909999999999968e+02 1.403296296402864662e+01
3.971519999999999868e+02 1.389175830214202101e+01
3.965149999999999864e+02 1.398725283774825634e+01
3.958770000000000095e+02 1.416466825895015980e+01
3.952400000000000091e+02 1.418470521115384386e+01
3.946019999999999754e+02 1.410931293066427905e+01
3.939649999999999750e+02 1.399051358086639851e+01
3.933269999999999982e+02 1.374274363353606887e+01
3.926890000000000214e+02 1.325648159190536113e+01
3.920520000000000209e+02 1.243663923687042683e+01
3.914139999999999873e+02 1.155115488695803627e+01
3.907760000000000105e+02 1.110274106339341671e+01
3.901379999999999768e+02 1.122318917425955043e+01
3.895000000000000000e+02 1.183839609062114562e+01
3.888609999999999900e+02 1.278283754311084941e+01
3.882230000000000132e+02 1.351201060579531976e+01
3.875849999999999795e+02 1.383983849687579237e+01
3.869460000000000264e+02 1.368971660526727341e+01
3.863079999999999927e+02 1.359311041142876952e+01
3.856700000000000159e+02 1.384719208220625752e+01
3.850319999999999823e+02 1.442414655335914198e+01
3.843929999999999723e+02 1.498881915780654062e+01
3.837549999999999955e+02 1.473872132148345138e+01
3.831159999999999854e+02 1.353772689392706141e+01
3.824759999999999991e+02 1.155256947740408080e+01
3.818380000000000223e+02 9.691905778542697192e+00
3.811990000000000123e+02 8.708434794960574266e+00
3.805600000000000023e+02 8.770029255618119635e+00
3.799220000000000255e+02 9.286782054990098345e+00
3.792830000000000155e+02 9.756517443333834194e+00
3.786440000000000055e+02 9.808527646041268255e+00
3.780049999999999955e+02 9.633216690008406857e+00
3.773650000000000091e+02 9.409866711184788457e+00
3.767259999999999991e+02 9.966218318001340393e+00
3.760860000000000127e+02 1.132213601812902937e+01
3.754470000000000027e+02 1.309086676226309010e+01
3.748079999999999927e+02 1.434315734965066547e+01
3.741689999999999827e+02 1.468737324395431898e+01
3.735299999999999727e+02 1.411388328109873314e+01
3.728890000000000100e+02 1.338397339282382781e+01
3.722500000000000000e+02 1.270890883946338157e+01
3.716100000000000136e+02 1.232683246373317054e+01
3.709710000000000036e+02 1.224312199856960071e+01
3.703310000000000173e+02 1.247176936716208573e+01
3.696909999999999741e+02 1.230428586219265341e+01
3.690500000000000114e+02 1.147639206758683983e+01
3.684110000000000014e+02 1.047121054557020514e+01
3.677710000000000150e+02 9.747356740506697648e+00
3.671309999999999718e+02 9.542578069449680456e+00
3.664909999999999854e+02 9.956686401789935914e+00
3.658509999999999991e+02 1.074993240104692127e+01
3.652099999999999795e+02 1.170687635081167244e+01
3.645699999999999932e+02 1.264044163237085527e+01
3.639300000000000068e+02 1.333254092958354953e+01
3.632900000000000205e+02 1.366402674711189746e+01
3.626490000000000009e+02 1.386324128488343099e+01
3.620079999999999814e+02 1.423096095119740490e+01
3.613670000000000186e+02 1.471115902784153562e+01
3.607269999999999754e+02 1.520922951693153635e+01
3.600869999999999891e+02 1.570590429486610162e+01
3.594460000000000264e+02 1.617345801530087002e+01
3.588039999999999736e+02 1.646037784092187906e+01
3.581639999999999873e+02 1.650153793343531561e+01
3.575230000000000246e+02 1.614294061260668656e+01
3.568829999999999814e+02 1.598688216125239059e+01
3.562420000000000186e+02 1.603322646675006879e+01
3.556000000000000227e+02 1.627352817936502660e+01
3.549590000000000032e+02 1.658421287822804402e+01
3.543179999999999836e+02 1.683555299808908501e+01
3.536770000000000209e+02 1.686823573784734975e+01
3.530350000000000250e+02 1.670290085728948171e+01
3.523940000000000055e+02 1.630279442534469680e+01
3.517520000000000095e+02 1.595155213086701451e+01
3.511109999999999900e+02 1.568323518404288741e+01
3.504689999999999941e+02 1.551288591641936598e+01
3.498269999999999982e+02 1.498332731618143043e+01
3.491859999999999786e+02 1.443789928235029940e+01
3.485450000000000159e+02 1.370266123382818968e+01
3.479019999999999868e+02 1.275180293832973355e+01
3.472599999999999909e+02 1.181885062752045279e+01
3.466190000000000282e+02 1.115596083242370717e+01
3.459769999999999754e+02 1.094844364976656337e+01
3.453340000000000032e+02 1.110388331136622853e+01
3.446929999999999836e+02 1.107598240473768492e+01
3.440509999999999877e+02 1.087946463895076477e+01
3.434089999999999918e+02 1.059203706626913899e+01
3.427660000000000196e+02 1.038932408356716941e+01
3.421240000000000236e+02 1.004256472041424786e+01
3.414820000000000277e+02 9.759157924478632395e+00
3.408399999999999750e+02 9.688636059031386694e+00
3.401970000000000027e+02 9.729018133017286019e+00
3.395539999999999736e+02 9.853138312122201370e+00
3.389119999999999777e+02 9.882401834760042192e+00
3.382690000000000055e+02 9.848506644424357859e+00
3.376259999999999764e+02 1.006042115663263203e+01
3.369839999999999804e+02 1.048658456234252512e+01
3.363419999999999845e+02 1.121954646579027148e+01
3.356979999999999791e+02 1.201140782635420834e+01
3.350550000000000068e+02 1.269017563302699081e+01
3.344130000000000109e+02 1.315713537000428524e+01
3.337690000000000055e+02 1.337416060067221757e+01
3.331259999999999764e+02 1.330243581909255290e+01
3.324830000000000041e+02 1.290694234668039897e+01
3.318389999999999986e+02 1.219080753395446415e+01
3.311960000000000264e+02 1.540830668965355343e+01
3.305539999999999736e+02 1.501755448598156839e+01
3.299110000000000014e+02 1.462867722822524641e+01
3.292660000000000196e+02 1.456909114233077496e+01
3.286229999999999905e+02 1.450992477757085375e+01
3.279800000000000182e+02 1.410819884056955864e+01
3.273360000000000127e+02 1.351752657011842729e+01
3.266929999999999836e+02 1.331393266758419536e+01
3.260489999999999782e+02 1.303215719878611623e+01
3.254049999999999727e+02 1.265964109520929348e+01
3.247610000000000241e+02 1.364896328768196199e+01
3.241179999999999950e+02 1.475912319841184761e+01
3.234730000000000132e+02 1.549107278827279544e+01
3.228290000000000077e+02 1.576720496009812145e+01
3.221840000000000259e+02 1.577267948826600197e+01
3.215409999999999968e+02 1.586420372865222461e+01
3.208969999999999914e+02 1.601305965236209161e+01
3.202520000000000095e+02 1.607433037143560028e+01
3.196080000000000041e+02 1.466610396572024300e+01
3.189639999999999986e+02 1.460457163704240457e+01
3.183190000000000168e+02 1.454312932152564564e+01
3.176750000000000114e+02 1.448207471508494493e+01
3.170310000000000059e+02 1.442096024468850857e+01
3.163860000000000241e+02 1.594835725167990326e+01
3.157420000000000186e+02 1.588079200386371781e+01
3.150980000000000132e+02 1.581338127557932438e+01
3.144519999999999982e+02 1.574601670917431484e+01
3.138079999999999927e+02 1.567913289362994256e+01
3.131619999999999777e+02 1.561185993761730906e+01
3.125179999999999723e+02 1.537495786497378525e+01
3.118729999999999905e+02 1.456975256001848074e+01
3.112269999999999754e+02 1.533103940426523160e+01
3.105830000000000268e+02 1.591698304603937686e+01
3.099370000000000118e+02 1.627661856667482354e+01
3.092919999999999732e+02 1.650674279493238217e+01
3.086469999999999914e+02 1.660389007850541887e+01
3.080009999999999764e+02 1.659385391375879237e+01
3.073570000000000277e+02 1.659371396899281237e+01
3.067099999999999795e+02 1.668564929357490101e+01
3.060649999999999977e+02 1.676521504319516964e+01
3.054200000000000159e+02 1.689728347192549407e+01
3.047740000000000009e+02 1.705724399293043092e+01
3.041290000000000191e+02 1.724814329179356776e+01
3.034820000000000277e+02 1.739888652773015210e+01
3.028369999999999891e+02 1.745301927532779018e+01
3.021920000000000073e+02 1.730071013502866251e+01
3.015450000000000159e+02 1.692124680801155279e+01
3.008999999999999773e+02 1.638567874476724739e+01
3.002529999999999859e+02 1.588472882436549583e+01
2.996080000000000041e+02 1.556792253309628471e+01
2.989610000000000127e+02 1.523618727558353392e+01
2.983149999999999977e+02 1.481677483583552402e+01
2.976700000000000159e+02 1.424767176763948129e+01
2.970230000000000246e+02 1.485788539278114584e+01
2.963770000000000095e+02 1.470434460545200039e+01
2.957300000000000182e+02 1.468072143233604088e+01
2.950840000000000032e+02 1.461425406432938523e+01
2.944370000000000118e+02 1.453370071049630141e+01
2.937909999999999968e+02 1.918241178887571152e+01
2.931429999999999723e+02 1.909487151141738082e+01
2.924970000000000141e+02 1.900768566380414271e+01
2.918500000000000227e+02 1.892036130361344703e+01
2.912040000000000077e+02 1.796753918973438147e+01
2.905570000000000164e+02 1.738497836870061164e+01
2.899100000000000250e+02 1.742985339473295170e+01
2.892629999999999768e+02 1.749676486162914912e+01
2.886159999999999854e+02 1.836950985320700980e+01
2.879689999999999941e+02 1.896694697689225251e+01
2.873210000000000264e+02 1.944162713046059920e+01
2.866750000000000114e+02 1.907830720819515946e+01
2.860269999999999868e+02 1.953225534745214631e+01
2.853799999999999955e+02 1.971884168107880342e+01
2.847320000000000277e+02 1.989928806279453966e+01
2.840849999999999795e+02 2.026117279440419594e+01
2.834370000000000118e+02 2.068964234460525731e+01
2.827900000000000205e+02 2.111855597638955828e+01
2.821419999999999959e+02 2.152890099629800957e+01
2.814950000000000045e+02 2.197776283654208385e+01
2.808469999999999800e+02 2.247573018816030910e+01
2.801990000000000123e+02 2.290885294166566410e+01
2.795509999999999877e+02 2.329551424484527544e+01
2.789039999999999964e+02 2.364095208094044054e+01
2.782549999999999955e+02 2.419245649076604110e+01
2.776080000000000041e+02 2.472896275383930131e+01
2.769590000000000032e+02 2.489696285633730710e+01
2.763120000000000118e+02 2.477547409674237144e+01
2.756630000000000109e+02 2.443906182764512280e+01
2.750149999999999864e+02 2.403976537500770050e+01
2.743659999999999854e+02 2.378870357356911214e+01
2.737189999999999941e+02 2.366000011459807695e+01
2.730699999999999932e+02 2.363615143539103514e+01
2.724220000000000255e+02 2.358544828308735219e+01
2.717730000000000246e+02 2.351081006557729935e+01
2.711240000000000236e+02 2.335151339733162956e+01
2.704759999999999991e+02 2.310569908437390296e+01
2.698260000000000218e+02 2.279146010551595936e+01
2.691779999999999973e+02 2.253020391315734017e+01
2.685289999999999964e+02 2.259601348727659342e+01
2.678809999999999718e+02 2.307054666986229208e+01
2.672309999999999945e+02 2.358570811620007035e+01
2.665830000000000268e+02 2.379004502663611831e+01
2.659329999999999927e+02 2.374457019401553026e+01
2.652839999999999918e+02 2.368586434744508651e+01
2.646349999999999909e+02 2.381764957136458349e+01
2.639850000000000136e+02 2.414969819644369764e+01
2.633369999999999891e+02 2.468684832576813548e+01
2.626870000000000118e+02 2.536233434772556450e+01
2.620380000000000109e+02 2.595044757261638679e+01
2.613879999999999768e+02 2.603608183215580851e+01
2.607400000000000091e+02 2.561187121369655983e+01
2.600899999999999750e+02 2.498731617303563368e+01
2.594390000000000214e+02 2.466824498172654501e+01
2.587900000000000205e+02 2.463395242796811857e+01
2.581399999999999864e+02 2.475498274711776503e+01
2.574909999999999854e+02 2.453351528879052879e+01
2.568410000000000082e+02 2.403016718593670831e+01
2.561899999999999977e+02 2.346619156025042585e+01
2.555409999999999968e+02 2.305219972970780162e+01
2.548899999999999864e+02 2.288209276456351660e+01
2.542410000000000139e+02 2.299261021326555721e+01
2.535910000000000082e+02 2.324273062606496154e+01
2.529399999999999977e+02 2.333877230926863788e+01
2.522899999999999920e+02 2.312521347611867029e+01
2.516399999999999864e+02 2.279614165427470596e+01
2.509900000000000091e+02 2.261571751415168308e+01
2.503389999999999986e+02 2.290528894052802400e+01
2.496879999999999882e+02 2.360809687153476233e+01
2.490380000000000109e+02 2.429872154582571042e+01
2.483870000000000005e+02 2.470791790491744067e+01
2.477359999999999900e+02 2.481944978878733465e+01
2.470860000000000127e+02 2.474617343955034698e+01
2.464350000000000023e+02 2.474266917194182369e+01
2.457849999999999966e+02 2.494417206082990646e+01
2.451330000000000098e+02 2.529746716289507447e+01
2.444819999999999993e+02 2.556382904336803108e+01
2.438319999999999936e+02 2.567672430790055671e+01
2.431800000000000068e+02 2.589289592822085595e+01
2.425289999999999964e+02 2.623614931805436967e+01
2.418779999999999859e+02 2.651215751585897351e+01
2.412270000000000039e+02 2.672857428645322742e+01
2.405749999999999886e+02 2.695954162824996203e+01
2.399240000000000066e+02 2.720241807263632694e+01
2.392719999999999914e+02 2.740419178367577757e+01
2.386200000000000045e+02 2.753561884981725072e+01
2.379699999999999989e+02 2.768496959165597104e+01
2.373180000000000121e+02 2.790029304763290341e+01
2.366670000000000016e+02 2.809485691225716053e+01
2.360149999999999864e+02 2.803111785222018071e+01
2.353629999999999995e+02 2.768415835163184013e+01
2.347100000000000080e+02 2.744588099533494230e+01
2.340600000000000023e+02 2.729155234770293248e+01
2.334070000000000107e+02 2.723186687154379726e+01
2.327549999999999955e+02 2.722140548068248123e+01
2.321040000000000134e+02 2.722161495664089870e+01
2.314509999999999934e+02 2.723855131496322812e+01
2.307980000000000018e+02 2.725846040383789415e+01
2.301469999999999914e+02 2.725317883395405616e+01
2.294939999999999998e+02 2.726751874735203174e+01
2.288420000000000130e+02 2.730136503444557050e+01
2.281899999999999977e+02 2.737114093579228680e+01
2.275370000000000061e+02 2.742177978600228272e+01
2.268839999999999861e+02 2.751027918465547017e+01
2.262330000000000041e+02 2.758534760379214390e+01
2.255800000000000125e+02 2.764501743870651751e+01
2.249269999999999925e+02 2.759364638522560753e+01
2.242729999999999961e+02 2.746468964769323762e+01
2.236220000000000141e+02 2.722974891587790935e+01
2.229679999999999893e+02 2.717852851229918443e+01
2.223149999999999977e+02 2.725620624394710134e+01
2.216630000000000109e+02 2.744079900508891257e+01
2.210099999999999909e+02 2.758621982234516778e+01
2.203559999999999945e+02 2.759571231238932398e+01
2.197019999999999982e+02 2.750332526155862922e+01
2.190500000000000114e+02 2.742182580267846959e+01
2.183969999999999914e+02 2.745826600319119493e+01
2.177429999999999950e+02 2.768206091489103571e+01
2.170889999999999986e+02 2.800905635186998310e+01
2.164370000000000118e+02 2.835447006899624611e+01
2.157829999999999870e+02 2.851062579999999969e+01
2.151289999999999907e+02 2.850915563517731854e+01
2.144749999999999943e+02 2.836572206163366161e+01
2.138220000000000027e+02 2.820053186387495003e+01
2.131680000000000064e+02 2.806302746429368256e+01
2.125140000000000100e+02 2.795010983959801010e+01
2.118600000000000136e+02 2.778071705247923262e+01
2.112069999999999936e+02 2.757705388134929336e+01
2.105529999999999973e+02 2.733624208967525604e+01
2.098979999999999961e+02 2.711101475021613183e+01
2.092439999999999998e+02 2.688824691305308434e+01
2.085910000000000082e+02 2.654632782293295179e+01
2.079360000000000070e+02 2.591434800982370490e+01
2.072820000000000107e+02 2.532057750722339762e+01
2.066270000000000095e+02 2.482063802803447317e+01
2.059739999999999895e+02 2.445605506578043986e+01
2.053189999999999884e+02 2.425622218574042677e+01
2.046639999999999873e+02 2.422274280718318451e+01
2.040089999999999861e+02 2.422221144821308059e+01
2.033540000000000134e+02 2.402817286704591382e+01
2.027009999999999934e+02 2.367832741542988373e+01
2.020459999999999923e+02 2.329399183865415068e+01
2.013909999999999911e+02 2.313797284339156590e+01
2.007350000000000136e+02 2.334993501414725614e+01
2.000800000000000125e+02 2.362786281579691661e+01
1.994259999999999877e+02 2.369092907083697241e+01
1.987709999999999866e+02 2.353125530932578258e+01
1.981160000000000139e+02 2.313175144977494924e+01
1.974600000000000080e+02 2.284218852413274803e+01
1.968050000000000068e+02 2.269650538133145901e+01
1.961510000000000105e+02 2.288111764242786705e+01
1.954950000000000045e+02 2.317057307327642235e+01
1.948389999999999986e+02 2.329907512838751416e+01
1.941839999999999975e+02 2.307242142147472563e+01
1.935279999999999916e+02 2.265305659869856925e+01
1.928739999999999952e+02 2.216003595837742779e+01
1.922179999999999893e+02 2.190279608327496064e+01
1.915620000000000118e+02 2.194722714904587590e+01
1.909060000000000059e+02 2.226287971220763140e+01
1.902500000000000000e+02 2.246585367470306238e+01
1.895939999999999941e+02 2.242906784193155900e+01
1.889389999999999930e+02 2.211505830547720208e+01
1.882829999999999870e+02 2.170816814178305520e+01
1.876270000000000095e+02 2.146852232532118521e+01
1.869699999999999989e+02 2.146539869241205878e+01
1.863139999999999930e+02 2.158849076190098160e+01
1.856570000000000107e+02 2.178842521679556654e+01
1.850010000000000048e+02 2.207005923926035251e+01
1.843460000000000036e+02 2.235908008227415067e+01
1.836889999999999930e+02 2.229016151822671432e+01
1.830329999999999870e+02 2.203505882495753454e+01
1.823760000000000048e+02 2.197090567329405886e+01
1.817189999999999941e+02 2.213841776201830669e+01
1.810620000000000118e+02 2.251140127108065769e+01
1.804050000000000011e+02 2.301029075176876404e+01
1.797500000000000000e+02 2.354638481510464487e+01
1.790929999999999893e+02 2.401118489387116028e+01
1.784360000000000070e+02 2.432002957974401625e+01
1.777789999999999964e+02 2.444740098741676348e+01
1.771220000000000141e+02 2.447060429187196817e+01
1.764650000000000034e+02 2.481584231281789954e+01
1.758069999999999879e+02 2.537946639777599245e+01
1.751500000000000057e+02 2.594531772569681038e+01
1.744939999999999998e+02 2.646477714685017446e+01
1.738369999999999891e+02 2.690972073310886969e+01
1.731790000000000020e+02 2.720573459364083035e+01
1.725219999999999914e+02 2.735394506723716646e+01
1.718640000000000043e+02 2.742963866760807790e+01
1.712059999999999889e+02 2.755902517729172274e+01
1.705490000000000066e+02 2.771701953269081287e+01
1.698909999999999911e+02 2.789152680297402398e+01
1.692330000000000041e+02 2.809384509516305783e+01
1.685749999999999886e+02 2.832017620997258334e+01
1.679190000000000111e+02 2.835622888433194788e+01
1.672609999999999957e+02 2.818330690546140005e+01
1.666030000000000086e+02 2.782033991743157131e+01
1.659449999999999932e+02 2.751890951628922011e+01
1.652870000000000061e+02 2.733029182490949438e+01
1.646279999999999859e+02 2.720804762795083320e+01
1.639699999999999989e+02 2.695117941011898210e+01
1.633120000000000118e+02 2.665932285671681612e+01
1.626539999999999964e+02 2.643853373986443245e+01
1.619950000000000045e+02 2.621167644593230861e+01
1.613369999999999891e+02 2.596005917546763442e+01
1.606779999999999973e+02 2.574786905110477164e+01
1.600190000000000055e+02 2.553198672475851794e+01
1.593609999999999900e+02 2.533926661509552858e+01
1.587040000000000077e+02 2.512333541898196287e+01
1.580449999999999875e+02 2.497545978683382728e+01
1.573859999999999957e+02 2.502290406055717042e+01
1.567270000000000039e+02 2.532956368558217264e+01
1.560680000000000121e+02 2.557965939396789068e+01
1.554089999999999918e+02 2.550754232144647915e+01
1.547500000000000000e+02 2.499371531236421617e+01
1.540910000000000082e+02 2.449527222752373845e+01
1.534319999999999879e+02 2.411758762140216916e+01
1.527729999999999961e+02 2.394018205526203857e+01
1.521140000000000043e+02 2.392381204638960668e+01
1.514540000000000077e+02 2.395204678692742206e+01
1.507949999999999875e+02 2.390635940165446982e+01
1.501359999999999957e+02 2.366911023517446111e+01
1.494759999999999991e+02 2.326749322476287674e+01
1.488170000000000073e+02 2.291887286469105334e+01
1.481570000000000107e+02 2.278038453950774311e+01
1.474970000000000141e+02 2.298826509571411236e+01
1.468379999999999939e+02 2.315219011162296425e+01
1.461779999999999973e+02 2.325930657354291853e+01
1.455180000000000007e+02 2.327344409058337504e+01
1.448580000000000041e+02 2.323548591574685318e+01
1.441980000000000075e+02 2.318317096469947813e+01
1.435380000000000109e+02 2.316986263190913320e+01
1.428779999999999859e+02 2.321524009334309468e+01
1.422179999999999893e+02 2.332186728325322278e+01
1.415579999999999927e+02 2.341490122843753241e+01
1.408979999999999961e+02 2.344553097332271463e+01
1.402379999999999995e+02 2.342079630274739444e+01
1.395769999999999982e+02 2.341990484639110548e+01
1.389170000000000016e+02 2.349891483816638527e+01
1.382560000000000002e+02 2.372509549033075515e+01
1.375960000000000036e+02 2.407909412823799045e+01
1.369350000000000023e+02 2.448644606714864835e+01
1.362750000000000057e+02 2.485175819960700494e+01
1.356140000000000043e+02 2.516802494998133000e+01
1.349540000000000077e+02 2.543864480466770672e+01
1.342930000000000064e+02 2.578679253580629549e+01
1.336320000000000050e+02 2.622527771456992340e+01
1.329710000000000036e+02 2.671836697916311820e+01
1.323100000000000023e+02 2.709501647383238065e+01
1.316490000000000009e+02 2.730923760364197861e+01
1.309879999999999995e+02 2.736153863666998731e+01
1.303269999999999982e+02 2.732213115969069150e+01
1.296659999999999968e+02 2.726588281667327962e+01
1.290049999999999955e+02 2.725781462789125698e+01
1.283420000000000130e+02 2.729020135701610528e+01
1.276809999999999974e+02 2.734771614285019581e+01
1.270190000000000055e+02 2.734516815624376207e+01
1.263580000000000041e+02 2.727494349346299174e+01
1.256959999999999980e+02 2.713754967387687245e+01
1.250349999999999966e+02 2.699358074294291043e+01
1.243730000000000047e+02 2.678551120214109105e+01
1.237120000000000033e+02 2.648752588046369283e+01
1.230499999999999972e+02 2.612673922588394504e+01
1.223880000000000052e+02 2.571803811388490146e+01
1.217259999999999991e+02 2.527174641895139118e+01
1.210639999999999930e+02 2.480427328638608842e+01
1.204030000000000058e+02 2.431718473047686402e+01
1.197409999999999997e+02 2.382303133143973284e+01
1.190780000000000030e+02 2.334024599404979838e+01
1.184150000000000063e+02 2.287707321067940924e+01
1.177530000000000001e+02 2.243974238124298637e+01
1.170909999999999940e+02 2.205735401104488957e+01
1.164279999999999973e+02 2.172349202783736644e+01
1.157660000000000053e+02 2.136450598213423291e+01
1.151039999999999992e+02 2.097043238851755120e+01
1.144410000000000025e+02 2.054596972125069598e+01
1.137789999999999964e+02 2.010699443394002373e+01
1.131159999999999997e+02 1.969697494289690809e+01
1.124539999999999935e+02 1.931674844619331921e+01
1.117890000000000015e+02 1.894033666362809143e+01
1.111269999999999953e+02 1.852441017211633678e+01
1.104639999999999986e+02 1.804505874507607643e+01
1.098010000000000019e+02 1.755306712297368321e+01
1.091380000000000052e+02 1.709569740278471883e+01
1.084749999999999943e+02 1.666580240278118907e+01
1.078119999999999976e+02 1.622903308694923297e+01
1.071490000000000009e+02 1.574004437120462718e+01
1.064849999999999994e+02 1.520657661970715857e+01
1.058209999999999980e+02 1.467431617451813253e+01
1.051580000000000013e+02 1.415349845140176654e+01
1.044950000000000045e+02 1.365932933727686382e+01
1.038319999999999936e+02 1.318293718165835848e+01
1.031680000000000064e+02 1.275345554591124397e+01
1.025049999999999955e+02 1.236065802819327075e+01
1.018400000000000034e+02 1.200796302136164506e+01
1.011760000000000019e+02 1.169242423881069470e+01
1.005130000000000052e+02 1.142736047201642968e+01
9.984900000000000375e+01 1.124884520920615216e+01
9.918529999999999802e+01 1.114503522820098524e+01
9.852150000000000318e+01 1.110084118917738571e+01
9.785769999999999413e+01 1.111491861841719775e+01
9.719230000000000302e+01 1.119312745659867758e+01
9.652830000000000155e+01 1.133778713363129853e+01
9.586430000000000007e+01 1.153187001931717148e+01
9.520029999999999859e+01 1.177112793963433823e+01
9.453610000000000468e+01 1.201581188748489026e+01
9.387199999999999989e+01 1.225742289761210202e+01
9.320619999999999550e+01 1.244140787453605945e+01
9.254200000000000159e+01 1.253104463833813043e+01
9.187760000000000105e+01 1.254367550284737121e+01
9.121320000000000050e+01 1.253682967713506535e+01
9.054879999999999995e+01 1.251901685612817161e+01
8.988280000000000314e+01 1.248033888471339914e+01
8.921819999999999595e+01 1.240760321674804167e+01
8.855360000000000298e+01 1.232286486038144169e+01
8.788890000000000668e+01 1.222508314975423538e+01
8.722419999999999618e+01 1.212723184726009151e+01
8.655939999999999657e+01 1.204821166203380223e+01
8.589300000000000068e+01 1.203712184786984452e+01
8.522809999999999775e+01 1.211309945060770765e+01
8.456319999999999482e+01 1.225548910129524849e+01
8.389820000000000277e+01 1.237798488282879994e+01
8.323160000000000025e+01 1.245776389969517162e+01
8.256650000000000489e+01 1.246862725431880925e+01
8.190130000000000621e+01 1.243492866456069734e+01
8.123609999999999332e+01 1.232290767787230656e+01
8.057080000000000553e+01 1.222564442368063453e+01
7.990389999999999304e+01 1.215281445750383327e+01
7.923850000000000193e+01 1.213082931633040928e+01
7.857299999999999329e+01 1.205532503862995952e+01
7.790749999999999886e+01 1.189900226708749464e+01
7.724039999999999395e+01 1.168703274292731820e+01
7.657479999999999620e+01 1.146407864343681737e+01
7.590909999999999513e+01 1.124493315638892632e+01
7.524339999999999407e+01 1.106092871978563608e+01
7.457760000000000389e+01 1.089107409873220433e+01
7.391020000000000323e+01 1.077011387020507982e+01
7.324429999999999552e+01 1.063225293515973036e+01
7.257829999999999870e+01 1.046034231251917213e+01
7.191230000000000189e+01 1.023103684104536271e+01
7.124469999999999459e+01 1.001188375326665891e+01
7.057850000000000534e+01 9.822866414579811689e+00
6.991230000000000189e+01 9.643026162197379847e+00
6.924609999999999843e+01 9.445734475542881370e+00
6.857829999999999870e+01 9.230838444827224265e+00
6.791190000000000282e+01 9.000743979099643965e+00
6.724550000000000693e+01 8.785991727430536358e+00
6.657750000000000057e+01 8.581261681820143039e+00
6.591100000000000136e+01 8.380719659547064992e+00
6.524439999999999884e+01 8.188125027235296116e+00
6.457769999999999300e+01 8.015105432260723362e+00
6.390950000000000131e+01 7.873029738170567171e+00
6.324269999999999925e+01 7.745808686185569059e+00
6.257589999999999719e+01 7.609638735012048016e+00
6.190899999999999892e+01 7.451336377455716864e+00
6.124060000000000059e+01 7.267008671928422814e+00
6.057359999999999900e+01 7.087768543664950016e+00
5.990659999999999741e+01 6.923737357273839876e+00
5.923799999999999955e+01 6.774688365677876689e+00
5.857079999999999842e+01 6.626842268064855546e+00
5.790359999999999729e+01 6.474243496755388350e+00
5.723629999999999995e+01 6.310070609231451577e+00
5.656750000000000256e+01 6.143297880653651788e+00
5.590010000000000190e+01 5.992169731248057296e+00
5.523270000000000124e+01 5.869578752670709498e+00
5.456360000000000099e+01 5.769449753626108901e+00
5.389609999999999701e+01 5.689205645887345675e+00
5.322849999999999682e+01 5.603932288521362715e+00
5.255930000000000035e+01 5.505010463904569384e+00
5.189159999999999684e+01 5.397023796958617226e+00
5.122379999999999711e+01 5.290090856503884886e+00
5.055440000000000111e+01 5.186261483420774532e+00
4.988660000000000139e+01 5.071640095017187377e+00
4.921860000000000213e+01 4.942060282695356577e+00
4.854910000000000281e+01 4.797055218080880756e+00
4.788100000000000023e+01 4.650934848508800457e+00
4.721289999999999765e+01 4.520606599702130524e+00
4.654319999999999879e+01 4.412182189261342202e+00
4.587500000000000000e+01 4.305302776035846435e+00
4.520669999999999789e+01 4.192740563471574866e+00
4.453679999999999950e+01 4.070242304793393551e+00
4.386840000000000117e+01 3.940460760250414474e+00
4.320000000000000284e+01 3.802391160665062220e+00
4.252989999999999782e+01 3.667423087696170647e+00
4.186129999999999995e+01 3.538695866821558678e+00
4.119270000000000209e+01 3.427254256439231206e+00
4.052250000000000085e+01 3.324744872636696158e+00
3.985379999999999967e+01 3.222099906228966582e+00
3.918500000000000227e+01 3.106824373782290483e+00
3.851460000000000150e+01 2.988831890319024964e+00
3.784570000000000078e+01 2.870342291089754472e+00
3.717519999999999669e+01 2.751557758339516990e+00
3.650619999999999976e+01 2.633992616637376827e+00
3.583709999999999951e+01 2.523104054954453890e+00
3.516640000000000299e+01 2.419695987476062626e+00
3.449719999999999942e+01 2.322261397915022840e+00
3.382800000000000296e+01 2.221858854526505223e+00
3.315709999999999980e+01 2.119470374330025386e+00
3.248780000000000001e+01 2.017476793898728360e+00
3.181680000000000064e+01 1.919195583510559633e+00
3.114730000000000132e+01 1.826805629073390724e+00
3.047779999999999845e+01 1.740589307601432045e+00
2.980669999999999931e+01 1.660126804935501355e+00
2.913700000000000045e+01 1.582576376995073808e+00
2.846730000000000160e+01 1.506261018986624567e+00
2.779599999999999937e+01 1.429090136942527067e+00
2.712620000000000076e+01 1.349690011114078159e+00
2.645479999999999876e+01 1.266848709920954219e+00
2.578490000000000038e+01 1.179157769093946095e+00
2.511329999999999885e+01 1.096897877721758618e+00
2.444330000000000069e+01 1.021368406213144953e+00
2.377319999999999922e+01 9.528220895339641894e-01
2.310150000000000148e+01 8.854755117627129968e-01
2.243130000000000024e+01 8.185948623455412410e-01
2.175949999999999918e+01 7.524295061725979616e-01
2.108909999999999840e+01 6.881241815215511926e-01
2.041870000000000118e+01 6.274342695668372327e-01
1.974680000000000035e+01 5.728001338106558649e-01
1.907629999999999981e+01 5.254766468374153510e-01
1.840419999999999945e+01 4.860156081203146350e-01
1.773349999999999937e+01 4.485194671127848975e-01
1.706129999999999924e+01 4.117629859712388929e-01
1.639059999999999917e+01 3.741590641889083746e-01
1.571979999999999933e+01 3.381641850350427525e-01
1.504739999999999966e+01 3.043197231017402138e-01
1.437650000000000006e+01 2.743168173471526861e-01
1.370410000000000039e+01 2.471498498239026176e-01
1.303299999999999947e+01 2.224276583324941159e-01
1.236040000000000028e+01 1.995911014706541198e-01
1.168929999999999936e+01 1.792280890489169332e-01
1.101660000000000039e+01 1.634047308170753776e-01
1.034529999999999994e+01 1.494129241109699024e-01
9.672489999999999810e+00 1.356547867756113246e-01
9.001129999999999853e+00 1.235456768789756354e-01
8.329710000000000392e+00 1.133615403370150793e-01
7.656710000000000349e+00 1.048354549062328334e-01
6.985170000000000101e+00 9.636478787840757620e-02
6.312050000000000161e+00 8.623807193319285580e-02
5.640399999999999636e+00 7.479424246214129435e-02
4.967170000000000307e+00 6.239834291781525683e-02
4.295410000000000394e+00 4.974944529650517783e-02
3.622059999999999835e+00 3.714692237554241550e-02
2.950180000000000025e+00 2.565150527824416188e-02
2.276720000000000077e+00 1.583972968134397807e-02
1.604729999999999990e+00 8.116980887112417581e-03
9.311519999999999797e-01 2.800594219707523442e-03
2.590439999999999965e-01 2.169370455812562445e-04
