4.498670000000000186e+02 1.489501293755851304e-03
4.492339999999999804e+02 2.032850419695766096e-03
4.486009999999999991e+02 2.269651573336973083e-03
4.479680000000000177e+02 3.110531613045439212e-03
4.473360000000000127e+02 2.075820841226518922e-03
4.467029999999999745e+02 1.469095801757754277e-03
4.460690000000000168e+02 9.855657815607530604e-04
4.454359999999999786e+02 5.639331455436687743e-04
4.448029999999999973e+02 -2.731083359537071157e-04
4.441689999999999827e+02 2.620245972052417721e-04
4.435360000000000014e+02 -9.431742935849669852e-05
4.429019999999999868e+02 -3.441833660241846565e-05
4.422699999999999818e+02 -5.649602065460790428e-06
4.416360000000000241e+02 1.872279066615272972e-05
4.410029999999999859e+02 -1.524042513901199564e-04
4.403690000000000282e+02 3.745489138541259369e-04
4.397350000000000136e+02 1.073904359495236622e-03
4.391009999999999991e+02 1.885546883515858661e-03
4.384669999999999845e+02 1.183762102680874099e-03
4.378330000000000268e+02 1.064841719642614561e-03
4.371990000000000123e+02 1.408614830267698867e-03
4.365649999999999977e+02 1.691412552659801597e-03
4.359329999999999927e+02 1.573063024403986406e-03
4.352980000000000018e+02 1.053849773381263476e-03
4.346639999999999873e+02 7.654718638258275901e-04
4.340299999999999727e+02 -2.040271806529766986e-04
4.333960000000000150e+02 -2.034448024723096299e-04
4.327610000000000241e+02 2.308306805450238759e-05
4.321270000000000095e+02 2.493303537110824774e-04
4.314920000000000186e+02 4.732658733665932958e-04
4.308580000000000041e+02 3.175240868638651856e-04
4.302230000000000132e+02 3.498118706517025370e-04
4.295889999999999986e+02 5.243703325914831313e-04
4.289540000000000077e+02 1.897436745236055658e-04
4.283190000000000168e+02 7.986314157817554380e-04
4.276859999999999786e+02 2.443435793372213181e-04
4.270509999999999877e+02 7.394715536286039070e-04
4.264159999999999968e+02 9.014618346822576584e-04
4.257810000000000059e+02 7.894014559256336315e-04
4.251460000000000150e+02 1.333670270918580446e-03
4.245110000000000241e+02 1.492484638938072457e-03
4.238759999999999764e+02 7.825074012622440208e-04
4.232409999999999854e+02 6.184585468761913656e-04
4.226050000000000182e+02 1.037335510853171737e-03
4.219700000000000273e+02 9.906957808581199048e-04
4.213349999999999795e+02 1.310383545155961857e-03
4.206990000000000123e+02 1.198657744812170597e-03
4.200640000000000214e+02 1.142310505583183288e-03
4.194289999999999736e+02 1.351465067391747175e-03
4.187930000000000064e+02 1.400910798250374224e-03
4.181569999999999823e+02 1.343457465240499278e-03
4.175219999999999914e+02 1.761705491939761625e-03
4.168860000000000241e+02 1.861466711728721303e-03
4.162500000000000000e+02 9.127148400220941099e-04
4.156150000000000091e+02 1.502435088855397314e-03
4.149789999999999850e+02 1.416370612398796516e-03
4.143430000000000177e+02 1.035416834330989654e-03
4.137069999999999936e+02 9.707998000166515040e-04
4.130710000000000264e+02 3.304815366564377494e-04
4.124350000000000023e+02 5.870135314080012065e-04
4.117989999999999782e+02 8.937132145690741781e-04
4.111630000000000109e+02 1.504248713250267789e-03
4.105260000000000105e+02 1.245409527610098245e-03
4.098899999999999864e+02 1.902411652957461874e-03
4.092540000000000191e+02 1.845542536980957025e-03
4.086170000000000186e+02 1.793532138100353444e-03
4.079809999999999945e+02 1.861529058931751411e-03
4.073439999999999941e+02 1.929076749072660508e-03
4.067080000000000268e+02 1.854682974914352448e-03
4.060710000000000264e+02 1.897524440346905032e-03
4.054350000000000023e+02 1.663273716765393184e-03
4.047980000000000018e+02 2.005569444854323532e-03
4.041610000000000014e+02 1.850710543861343966e-03
4.035240000000000009e+02 1.746482408179019169e-03
4.028879999999999768e+02 1.004019121618219060e-03
4.022509999999999764e+02 9.021171101209419022e-04
4.016139999999999759e+02 9.485673899110782376e-04
4.009769999999999754e+02 4.099912563729546703e-04
4.003399999999999750e+02 6.630289400497008101e-04
3.997029999999999745e+02 4.074445496460366088e-04
3.990649999999999977e+02 3.505891629818432454e-04
3.984279999999999973e+02 1.166019538614391116e-04
3.977909999999999968e+02 1.637055933279515951e-04
3.971519999999999868e+02 1.038269358698101471e-04
3.965149999999999864e+02 2.561625808036876875e-04
3.958770000000000095e+02 1.621666411086858254e-04
3.952400000000000091e+02 7.301110966351468008e-04
3.946019999999999754e+02 8.688324330798498059e-04
3.939649999999999750e+02 1.289527908964971815e-03
3.933269999999999982e+02 1.801245081050695598e-03
3.926890000000000214e+02 1.378976356362400599e-03
3.920520000000000209e+02 1.607797361880637871e-03
3.914139999999999873e+02 1.568393477021609453e-03
3.907760000000000105e+02 2.010982479969657469e-03
3.901379999999999768e+02 8.970436967226980184e-04
3.895000000000000000e+02 1.481354024003709875e-03
3.888609999999999900e+02 1.453482486691423789e-03
3.882230000000000132e+02 1.269428489131954954e-03
3.875849999999999795e+02 1.392479816940979777e-03
3.869460000000000264e+02 1.362640978122000093e-03
3.863079999999999927e+02 1.332979758235002324e-03
3.856700000000000159e+02 1.031366740452844362e-03
3.850319999999999823e+02 8.013180112394679890e-04
3.843929999999999723e+02 6.269111696925527225e-05
3.837549999999999955e+02 2.418732506922355318e-04
3.831159999999999854e+02 1.176783511794500916e-03
3.824759999999999991e+02 9.507637795263911137e-04
3.818380000000000223e+02 1.169104010255306173e-03
3.811990000000000123e+02 1.297863992655827340e-03
3.805600000000000023e+02 1.908483229020386737e-03
3.799220000000000255e+02 2.296594623820256628e-03
3.792830000000000155e+02 1.765452041021073728e-03
3.786440000000000055e+02 1.236992478942982839e-03
3.780049999999999955e+02 1.450795815845926139e-03
3.773650000000000091e+02 1.790809200627858705e-03
3.767259999999999991e+02 1.396970143907026469e-03
3.760860000000000127e+02 7.049295954230507888e-04
3.754470000000000027e+02 6.601983601330111643e-04
3.748079999999999927e+02 9.137680443242524085e-04
3.741689999999999827e+02 6.971385257851564401e-04
3.735299999999999727e+02 9.923587534327266233e-04
3.728890000000000100e+02 9.046201653558057307e-04
3.722500000000000000e+02 1.196382609389640269e-03
3.716100000000000136e+02 8.985478034185094293e-04
3.709710000000000036e+02 1.271892076854458072e-03
3.703310000000000173e+02 2.184335526973785278e-03
3.696909999999999741e+02 1.678253139486167184e-03
3.690500000000000114e+02 1.631571496337447550e-03
3.684110000000000014e+02 8.418609854986922481e-04
3.677710000000000150e+02 1.456209612533804687e-03
3.671309999999999718e+02 1.385604034666802547e-03
3.664909999999999854e+02 1.487450233222647545e-03
3.658509999999999991e+02 1.522649282641124315e-03
3.652099999999999795e+02 1.030517019202755163e-03
3.645699999999999932e+02 3.802429084291298082e-04
3.639300000000000068e+02 9.697976859649963923e-04
3.632900000000000205e+02 7.880018798269954180e-04
3.626490000000000009e+02 7.082387871578777567e-04
3.620079999999999814e+02 8.162801760030409829e-04
3.613670000000000186e+02 7.655426034520518069e-04
3.607269999999999754e+02 7.578981664790202530e-04
3.600869999999999891e+02 7.744344760252717778e-04
3.594460000000000264e+02 6.238507228040001502e-04
3.588039999999999736e+02 5.130827000532365081e-04
3.581639999999999873e+02 2.112665312429231528e-04
3.575230000000000246e+02 2.105255374397007966e-04
3.568829999999999814e+02 6.360867665456264612e-04
3.562420000000000186e+02 5.184357532984756054e-04
3.556000000000000227e+02 8.623101165046361547e-04
3.549590000000000032e+02 7.826348024863233116e-04
3.543179999999999836e+02 3.595544219716176890e-04
3.536770000000000209e+02 3.205788003276840818e-04
3.530350000000000250e+02 6.985182523986658469e-04
3.523940000000000055e+02 9.607841055726229181e-04
3.517520000000000095e+02 1.296435790233603025e-03
3.511109999999999900e+02 8.789255518141785711e-04
3.504689999999999941e+02 1.586802010977125463e-03
3.498269999999999982e+02 1.133611347918198021e-03
3.491859999999999786e+02 1.686393840649214309e-03
3.485450000000000159e+02 2.198540507147852922e-03
3.479019999999999868e+02 1.939718462160745002e-03
3.472599999999999909e+02 2.293096471243767642e-03
3.466190000000000282e+02 2.394172143074550872e-03
3.459769999999999754e+02 2.203629593460749211e-03
3.453340000000000032e+02 2.173360079552202982e-03
3.446929999999999836e+02 1.934090079661670344e-03
3.440509999999999877e+02 2.071828806993019668e-03
3.434089999999999918e+02 1.884392504190829203e-03
3.427660000000000196e+02 1.196145877061898823e-03
3.421240000000000236e+02 1.263680968953660461e-03
3.414820000000000277e+02 1.472102523449017944e-03
3.408399999999999750e+02 8.291786484249634307e-04
3.401970000000000027e+02 8.966111640522206588e-04
3.395539999999999736e+02 8.230486059534333158e-04
3.389119999999999777e+02 1.065236499112150051e-03
3.382690000000000055e+02 4.325536431271476915e-04
3.376259999999999764e+02 7.794832670263075096e-04
3.369839999999999804e+02 1.330168884995595966e-03
3.363419999999999845e+02 1.049436135624139035e-03
3.356979999999999791e+02 5.300733844712432995e-04
3.350550000000000068e+02 1.007046542032500637e-03
3.344130000000000109e+02 9.007047700306533913e-04
3.337690000000000055e+02 6.599270993550378000e-04
3.331259999999999764e+02 1.063346241248831845e-03
3.324830000000000041e+02 2.038079946379783500e-03
3.318389999999999986e+02 1.156306646080710373e-03
3.311960000000000264e+02 1.319423888498022675e-03
3.305539999999999736e+02 1.714187860022727342e-03
3.299110000000000014e+02 1.907371655524547557e-03
3.292660000000000196e+02 1.867292220874186559e-03
3.286229999999999905e+02 1.695170573294524016e-03
3.279800000000000182e+02 2.082944479350590239e-03
3.273360000000000127e+02 1.321779948102924001e-03
3.266929999999999836e+02 1.740782621824290156e-03
3.260489999999999782e+02 2.026204462250667197e-03
3.254049999999999727e+02 1.436304428398460379e-03
3.247610000000000241e+02 1.108365168276408260e-03
3.241179999999999950e+02 1.553379354759417937e-03
3.234730000000000132e+02 1.131962260426594164e-03
3.228290000000000077e+02 1.381964606702856205e-03
3.221840000000000259e+02 1.123117979149604578e-03
3.215409999999999968e+02 1.845321810728702515e-03
3.208969999999999914e+02 1.617205993336810841e-03
3.202520000000000095e+02 2.081266722151575103e-03
3.196080000000000041e+02 2.041588030840768737e-03
3.189639999999999986e+02 2.096191637419746179e-03
3.183190000000000168e+02 1.777952266530665121e-03
3.176750000000000114e+02 1.894144351235722964e-03
3.170310000000000059e+02 2.132684601764379788e-03
3.163860000000000241e+02 2.307575161425048319e-03
3.157420000000000186e+02 1.963174695021398328e-03
3.150980000000000132e+02 1.378884357651903462e-03
3.144519999999999982e+02 8.890147858338235060e-04
3.138079999999999927e+02 1.186787223287174902e-03
3.131619999999999777e+02 1.241908355371044992e-03
3.125179999999999723e+02 1.147111194231597523e-03
3.118729999999999905e+02 1.261866276281740917e-03
3.112269999999999754e+02 6.344142339831436526e-04
3.105830000000000268e+02 9.489019534890473073e-04
3.099370000000000118e+02 7.762980880510489011e-04
3.092919999999999732e+02 7.805004061956836948e-04
3.086469999999999914e+02 8.281912360179535934e-04
3.080009999999999764e+02 7.887378469121956136e-04
3.073570000000000277e+02 7.922630917415373003e-04
3.067099999999999795e+02 7.656706955827373299e-04
3.060649999999999977e+02 7.908892933473520752e-04
3.054200000000000159e+02 6.673675539543898281e-04
3.047740000000000009e+02 9.501497569758130457e-04
3.041290000000000191e+02 1.738658449920378862e-03
3.034820000000000277e+02 2.210971320800940443e-03
3.028369999999999891e+02 2.707112569647401098e-03
3.021920000000000073e+02 2.388296815734022686e-03
3.015450000000000159e+02 2.350188442650568126e-03
3.008999999999999773e+02 2.451598065383359462e-03
3.002529999999999859e+02 2.468573458968538036e-03
2.996080000000000041e+02 2.568007879215529130e-03
2.989610000000000127e+02 2.228462008414470140e-03
2.983149999999999977e+02 1.973682402718195637e-03
2.976700000000000159e+02 1.694150597825192514e-03
2.970230000000000246e+02 1.416439541912702235e-03
2.963770000000000095e+02 1.841008850028482595e-03
2.957300000000000182e+02 1.618483509707195926e-03
2.950840000000000032e+02 1.425202998136981033e-03
2.944370000000000118e+02 1.286130794146266021e-03
2.937909999999999968e+02 1.571013579607805121e-03
2.931429999999999723e+02 1.670391037360765977e-03
2.924970000000000141e+02 1.689117029420281061e-03
2.918500000000000227e+02 2.282361305628008256e-03
2.912040000000000077e+02 2.298167508982352190e-03
2.905570000000000164e+02 2.003494947094448201e-03
2.899100000000000250e+02 2.245187974465584230e-03
2.892629999999999768e+02 2.232107601160437504e-03
2.886159999999999854e+02 2.436999168709872918e-03
2.879689999999999941e+02 1.892552379371112035e-03
2.873210000000000264e+02 2.111576921321121816e-03
2.866750000000000114e+02 2.354495516829882996e-03
2.860269999999999868e+02 1.616390165800540282e-03
2.853799999999999955e+02 1.659115533032065170e-03
2.847320000000000277e+02 1.602019997510136223e-03
2.840849999999999795e+02 1.545395850638367008e-03
2.834370000000000118e+02 1.341037903642012348e-03
2.827900000000000205e+02 2.144596464907539898e-03
2.821419999999999959e+02 1.924329354741285839e-03
2.814950000000000045e+02 2.096859456917558439e-03
2.808469999999999800e+02 2.180612027346981192e-03
2.801990000000000123e+02 2.402769357747203301e-03
2.795509999999999877e+02 2.358165825094170678e-03
2.789039999999999964e+02 2.325944202001291056e-03
2.782549999999999955e+02 2.236152313342320338e-03
2.776080000000000041e+02 2.162898067311317882e-03
2.769590000000000032e+02 2.200009901652651579e-03
2.763120000000000118e+02 2.096225270233426086e-03
2.756630000000000109e+02 1.829908320018490972e-03
2.750149999999999864e+02 1.890850388235764410e-03
2.743659999999999854e+02 1.535428927525732791e-03
2.737189999999999941e+02 1.643044374653432815e-03
2.730699999999999932e+02 1.864609929216269613e-03
2.724220000000000255e+02 2.220713285786208527e-03
2.717730000000000246e+02 1.688738820981033548e-03
2.711240000000000236e+02 1.635277005815097403e-03
2.704759999999999991e+02 1.605335978540240209e-03
2.698260000000000218e+02 1.888489847847368407e-03
2.691779999999999973e+02 2.257912408738340856e-03
2.685289999999999964e+02 2.014651968391215422e-03
2.678809999999999718e+02 2.170634309879222821e-03
2.672309999999999945e+02 2.335696523362201620e-03
2.665830000000000268e+02 2.379997078421569601e-03
2.659329999999999927e+02 2.422583336088740893e-03
2.652839999999999918e+02 2.357986271340541031e-03
2.646349999999999909e+02 2.399346406076158494e-03
2.639850000000000136e+02 2.230384951736285887e-03
2.633369999999999891e+02 2.376218286097543046e-03
2.626870000000000118e+02 1.897523401691270659e-03
2.620380000000000109e+02 1.783006160991723816e-03
2.613879999999999768e+02 1.521624329491184186e-03
2.607400000000000091e+02 1.492745423875129190e-03
2.600899999999999750e+02 2.006448309238419245e-03
2.594390000000000214e+02 1.851575242372481729e-03
2.587900000000000205e+02 1.924797159727126283e-03
2.581399999999999864e+02 1.833352067240193780e-03
2.574909999999999854e+02 2.048657745120254295e-03
2.568410000000000082e+02 2.018381846893039285e-03
2.561899999999999977e+02 1.866515428450590342e-03
2.555409999999999968e+02 1.837311151858736199e-03
2.548899999999999864e+02 1.688075382066761077e-03
2.542410000000000139e+02 1.858332228528255213e-03
2.535910000000000082e+02 1.809781490477448259e-03
2.529399999999999977e+02 1.859845333056845068e-03
2.522899999999999920e+02 1.889239640847528061e-03
2.516399999999999864e+02 1.880008327619128944e-03
2.509900000000000091e+02 1.773375795797690543e-03
2.503389999999999986e+02 1.783774430239883991e-03
2.496879999999999882e+02 1.947105521746130214e-03
2.490380000000000109e+02 1.975292720241416874e-03
2.483870000000000005e+02 1.794429378749978375e-03
2.477359999999999900e+02 2.314695002751414842e-03
2.470860000000000127e+02 2.208279963310564621e-03
2.464350000000000023e+02 2.327837656153443780e-03
2.457849999999999966e+02 2.389792802133425612e-03
2.451330000000000098e+02 2.618616896364643360e-03
2.444819999999999993e+02 3.010082315352864343e-03
2.438319999999999936e+02 2.884162418798109917e-03
2.431800000000000068e+02 2.705261132794027981e-03
2.425289999999999964e+02 3.017024404528021418e-03
2.418779999999999859e+02 2.424212117463399926e-03
2.412270000000000039e+02 2.483046676232832789e-03
2.405749999999999886e+02 2.576783374748221195e-03
2.399240000000000066e+02 2.651863329037006372e-03
2.392719999999999914e+02 2.355175039134961047e-03
2.386200000000000045e+02 2.430398133372949250e-03
2.379699999999999989e+02 2.504435675877467442e-03
2.373180000000000121e+02 2.838604470287828859e-03
2.366670000000000016e+02 2.442939428198784031e-03
2.360149999999999864e+02 2.670617638380059014e-03
2.353629999999999995e+02 2.895093222746001824e-03
2.347100000000000080e+02 2.641258930563075008e-03
2.340600000000000023e+02 2.660620015181173418e-03
2.334070000000000107e+02 3.217877895542333930e-03
2.327549999999999955e+02 3.066258580737749213e-03
2.321040000000000134e+02 3.165473198453185987e-03
2.314509999999999934e+02 3.015790452152906660e-03
2.307980000000000018e+02 3.229270719899782812e-03
2.301469999999999914e+02 3.325804947082484832e-03
2.294939999999999998e+02 3.258336177057430914e-03
2.288420000000000130e+02 3.369596433485934524e-03
2.281899999999999977e+02 3.125825930404720326e-03
2.275370000000000061e+02 2.995974360083336185e-03
2.268839999999999861e+02 2.820230430538330207e-03
2.262330000000000041e+02 2.788349430253924798e-03
2.255800000000000125e+02 2.992572907059825454e-03
2.249269999999999925e+02 3.194329066606544157e-03
2.242729999999999961e+02 3.176022184469700933e-03
2.236220000000000141e+02 2.864217771575481523e-03
2.229679999999999893e+02 3.016621886089924671e-03
2.223149999999999977e+02 3.182539631642170713e-03
2.216630000000000109e+02 2.982140412917297020e-03
2.210099999999999909e+02 2.859136029237888555e-03
2.203559999999999945e+02 2.842186702046999112e-03
2.197019999999999982e+02 2.691296338386627886e-03
2.190500000000000114e+02 2.290074890438770043e-03
2.183969999999999914e+02 2.320668406263055872e-03
2.177429999999999950e+02 2.629611045042067313e-03
2.170889999999999986e+02 2.424692799350565333e-03
2.164370000000000118e+02 2.207510572499878868e-03
2.157829999999999870e+02 2.568563450724231211e-03
2.151289999999999907e+02 2.768048110648417028e-03
2.144749999999999943e+02 2.651850140780738063e-03
2.138220000000000027e+02 2.649926746185001306e-03
2.131680000000000064e+02 2.802680546722505044e-03
2.125140000000000100e+02 2.645917536948058733e-03
2.118600000000000136e+02 2.741074620154797335e-03
2.112069999999999936e+02 3.069196419955767374e-03
2.105529999999999973e+02 2.785296197121870515e-03
2.098979999999999961e+02 2.830285738663796020e-03
2.092439999999999998e+02 2.914583260241829926e-03
2.085910000000000082e+02 2.900762567155720263e-03
2.079360000000000070e+02 3.043209412132163311e-03
2.072820000000000107e+02 2.977891762214729572e-03
2.066270000000000095e+02 2.871791388904832223e-03
2.059739999999999895e+02 2.895020184720094574e-03
2.053189999999999884e+02 2.576409824497893127e-03
2.046639999999999873e+02 2.391658048477147275e-03
2.040089999999999861e+02 2.337820662457832082e-03
2.033540000000000134e+02 2.335919507112618494e-03
2.027009999999999934e+02 2.448001465648049629e-03
2.020459999999999923e+02 2.584181491469703541e-03
2.013909999999999911e+02 2.467258413139521243e-03
2.007350000000000136e+02 2.551373885336531960e-03
2.000800000000000125e+02 2.733382121206017791e-03
1.994259999999999877e+02 2.801799469994153188e-03
1.987709999999999866e+02 2.832775102473406980e-03
1.981160000000000139e+02 2.862950520395556465e-03
1.974600000000000080e+02 2.832064460823158734e-03
1.968050000000000068e+02 2.465471431622776478e-03
1.961510000000000105e+02 2.330396502868345692e-03
1.954950000000000045e+02 2.350408480094303733e-03
1.948389999999999986e+02 2.381862386448671456e-03
1.941839999999999975e+02 2.213941256570632881e-03
1.935279999999999916e+02 2.059779833777225077e-03
1.928739999999999952e+02 1.953865993841213261e-03
1.922179999999999893e+02 1.871875653460245174e-03
1.915620000000000118e+02 1.961674061452566616e-03
1.909060000000000059e+02 2.253765734555925656e-03
1.902500000000000000e+02 2.272220415305218309e-03
1.895939999999999941e+02 2.245515571430139763e-03
1.889389999999999930e+02 2.351778745449228936e-03
1.882829999999999870e+02 2.412657897664434448e-03
1.876270000000000095e+02 2.505361001996125707e-03
1.869699999999999989e+02 2.585846519093878710e-03
1.863139999999999930e+02 2.406246197347631632e-03
1.856570000000000107e+02 2.229123676694234456e-03
1.850010000000000048e+02 2.404748060518839461e-03
1.843460000000000036e+02 2.335350613951890555e-03
1.836889999999999930e+02 2.434091499405971210e-03
1.830329999999999870e+02 2.146458598382278149e-03
1.823760000000000048e+02 2.234389189871137296e-03
1.817189999999999941e+02 2.075116951725494100e-03
1.810620000000000118e+02 2.070376910547504657e-03
1.804050000000000011e+02 2.186868573995633374e-03
1.797500000000000000e+02 2.472232450771962714e-03
1.790929999999999893e+02 2.245157342987992837e-03
1.784360000000000070e+02 2.308094575520974311e-03
1.777789999999999964e+02 2.173454177993652380e-03
1.771220000000000141e+02 2.284230568899392379e-03
1.764650000000000034e+02 2.277244950038089313e-03
1.758069999999999879e+02 2.375580840987227306e-03
1.751500000000000057e+02 2.157832954368630717e-03
1.744939999999999998e+02 2.227353838248617279e-03
1.738369999999999891e+02 2.210448542423713424e-03
1.731790000000000020e+02 2.305815664484826225e-03
1.725219999999999914e+02 2.381109377261127029e-03
1.718640000000000043e+02 2.712007056673647765e-03
1.712059999999999889e+02 2.782511976267403823e-03
1.705490000000000066e+02 2.680200069051413662e-03
1.698909999999999911e+02 2.704669889087100206e-03
1.692330000000000041e+02 2.995553014298386885e-03
1.685749999999999886e+02 3.087370963291309004e-03
1.679190000000000111e+02 3.011075067392566997e-03
1.672609999999999957e+02 3.161744239240916327e-03
1.666030000000000086e+02 3.370241765366032653e-03
1.659449999999999932e+02 3.104045995411172480e-03
1.652870000000000061e+02 3.088288414301021238e-03
1.646279999999999859e+02 3.198867715560323004e-03
1.639699999999999989e+02 3.274022469027363085e-03
1.633120000000000118e+02 3.256270841828550790e-03
1.626539999999999964e+02 3.189147147690269985e-03
1.619950000000000045e+02 3.253566402034938597e-03
1.613369999999999891e+02 3.024915786383960536e-03
1.606779999999999973e+02 2.823608284715082260e-03
1.600190000000000055e+02 2.896404721918294668e-03
1.593609999999999900e+02 2.833304124536115392e-03
1.587040000000000077e+02 2.739787553657132332e-03
1.580449999999999875e+02 2.919282273783292952e-03
1.573859999999999957e+02 2.787354120611734709e-03
1.567270000000000039e+02 2.787134600427367687e-03
1.560680000000000121e+02 2.801920396736873233e-03
1.554089999999999918e+02 2.959002015823756007e-03
1.547500000000000000e+02 3.090867779058973763e-03
1.540910000000000082e+02 2.983505453564328468e-03
1.534319999999999879e+02 3.060970735957398419e-03
1.527729999999999961e+02 3.085886139899568417e-03
1.521140000000000043e+02 2.893732308444120927e-03
1.514540000000000077e+02 2.983272113973975577e-03
1.507949999999999875e+02 3.035530275622592717e-03
1.501359999999999957e+02 3.044446823551770313e-03
1.494759999999999991e+02 3.073630678327179521e-03
1.488170000000000073e+02 3.157286734248061257e-03
1.481570000000000107e+02 3.259523970025384517e-03
1.474970000000000141e+02 3.230929107061247894e-03
1.468379999999999939e+02 3.370316158216052609e-03
1.461779999999999973e+02 3.526944798766267711e-03
1.455180000000000007e+02 3.554871398480139756e-03
1.448580000000000041e+02 3.621091240442345614e-03
1.441980000000000075e+02 3.633861174663108578e-03
1.435380000000000109e+02 3.748777085875188916e-03
1.428779999999999859e+02 3.701958853122354429e-03
1.422179999999999893e+02 3.800544999654187437e-03
1.415579999999999927e+02 3.903266221196762149e-03
1.408979999999999961e+02 4.046862070216813295e-03
1.402379999999999995e+02 4.046139998045970333e-03
1.395769999999999982e+02 4.129975025327456417e-03
1.389170000000000016e+02 4.356365172218950969e-03
1.382560000000000002e+02 4.565859942361584836e-03
1.375960000000000036e+02 4.504973716698349763e-03
1.369350000000000023e+02 4.743122373531344534e-03
1.362750000000000057e+02 4.894997230161813109e-03
1.356140000000000043e+02 5.123531711081248316e-03
1.349540000000000077e+02 5.068563504242402928e-03
1.342930000000000064e+02 5.301007709120609396e-03
1.336320000000000050e+02 5.561625404882858739e-03
1.329710000000000036e+02 5.518218771047998100e-03
1.323100000000000023e+02 5.644319012925325812e-03
1.316490000000000009e+02 5.907911825455320481e-03
1.309879999999999995e+02 6.063463551662390955e-03
1.303269999999999982e+02 6.315877165387477274e-03
1.296659999999999968e+02 6.504444861577154090e-03
1.290049999999999955e+02 6.802799807895097174e-03
1.283420000000000130e+02 7.094529175941032169e-03
1.276809999999999974e+02 7.317561052267928905e-03
1.270190000000000055e+02 7.741526403864580977e-03
1.263580000000000041e+02 7.871245175796784052e-03
1.256959999999999980e+02 8.031573009904438565e-03
1.250349999999999966e+02 8.299821965744998489e-03
1.243730000000000047e+02 8.473959897640697542e-03
1.237120000000000033e+02 8.724487745919438583e-03
1.230499999999999972e+02 8.821497873507793200e-03
1.223880000000000052e+02 8.849283815211592130e-03
1.217259999999999991e+02 8.921330211276026073e-03
1.210639999999999930e+02 8.820657254899097466e-03
1.204030000000000058e+02 8.739021784989392527e-03
1.197409999999999997e+02 8.800983872341692008e-03
1.190780000000000030e+02 8.549295707141708195e-03
1.184150000000000063e+02 8.252914477530673074e-03
1.177530000000000001e+02 7.944719448602644007e-03
1.170909999999999940e+02 7.710498595116963179e-03
1.164279999999999973e+02 7.462952328545835630e-03
1.157660000000000053e+02 7.139924790579585921e-03
1.151039999999999992e+02 6.893160962377550653e-03
1.144410000000000025e+02 6.634282113828128373e-03
1.137789999999999964e+02 6.282720563896422930e-03
1.131159999999999997e+02 6.066027077479645840e-03
1.124539999999999935e+02 5.964083867064664223e-03
1.117890000000000015e+02 5.714014808113958462e-03
1.111269999999999953e+02 5.650900576492909333e-03
1.104639999999999986e+02 5.446641596235430281e-03
1.098010000000000019e+02 5.310131022422791974e-03
1.091380000000000052e+02 5.175786058799283947e-03
1.084749999999999943e+02 5.117228120359444341e-03
1.078119999999999976e+02 4.967984910488658368e-03
1.071490000000000009e+02 4.878665063459685335e-03
1.064849999999999994e+02 4.694281834340526156e-03
1.058209999999999980e+02 4.643376621162946007e-03
1.051580000000000013e+02 4.495687269587021924e-03
1.044950000000000045e+02 4.412195687893073932e-03
1.038319999999999936e+02 4.339835757780206860e-03
1.031680000000000064e+02 4.211481799536316920e-03
1.025049999999999955e+02 4.194032546580383700e-03
1.018400000000000034e+02 4.267010365947849181e-03
1.011760000000000019e+02 4.263252130823334297e-03
1.005130000000000052e+02 4.277583093889175681e-03
9.984900000000000375e+01 4.305951762193562307e-03
9.918529999999999802e+01 4.280068609364712055e-03
9.852150000000000318e+01 4.332852203188186646e-03
9.785769999999999413e+01 4.374111648448170998e-03
9.719230000000000302e+01 4.496093929990071549e-03
9.652830000000000155e+01 4.534621479586311600e-03
9.586430000000000007e+01 4.579412503152611308e-03
9.520029999999999859e+01 4.635925737961825270e-03
9.453610000000000468e+01 4.782019466419915044e-03
9.387199999999999989e+01 4.895139062954730579e-03
9.320619999999999550e+01 5.093991492825532957e-03
9.254200000000000159e+01 5.245001262725540979e-03
9.187760000000000105e+01 5.353096055334357652e-03
9.121320000000000050e+01 5.393868348758965731e-03
9.054879999999999995e+01 5.447271126798540475e-03
8.988280000000000314e+01 5.487269595382218701e-03
8.921819999999999595e+01 5.534317996636029316e-03
8.855360000000000298e+01 5.558467679008543064e-03
8.788890000000000668e+01 5.473389921917939938e-03
8.722419999999999618e+01 5.451014737470220861e-03
8.655939999999999657e+01 5.385121887173882627e-03
8.589300000000000068e+01 5.356400634248505155e-03
8.522809999999999775e+01 5.360896828254119346e-03
8.456319999999999482e+01 5.329697842725673526e-03
8.389820000000000277e+01 5.239993074097776607e-03
8.323160000000000025e+01 5.120463159485521588e-03
8.256650000000000489e+01 5.030854912507103267e-03
8.190130000000000621e+01 4.977929007066401144e-03
8.123609999999999332e+01 4.835607993737498986e-03
8.057080000000000553e+01 4.740819014482075544e-03
7.990389999999999304e+01 4.616849596189488529e-03
7.923850000000000193e+01 4.434068978565185691e-03
7.857299999999999329e+01 4.294303874421698426e-03
7.790749999999999886e+01 4.210782979672996092e-03
7.724039999999999395e+01 4.075438379317153012e-03
7.657479999999999620e+01 3.922926022336616254e-03
7.590909999999999513e+01 3.770200660022611679e-03
7.524339999999999407e+01 3.597874212431106163e-03
7.457760000000000389e+01 3.389639035861898800e-03
7.391020000000000323e+01 3.233106599427241264e-03
7.324429999999999552e+01 3.114648473522553876e-03
7.257829999999999870e+01 2.959148801093542617e-03
7.191230000000000189e+01 2.760553546870078961e-03
7.124469999999999459e+01 2.610573144077364335e-03
7.057850000000000534e+01 2.447825826584270476e-03
6.991230000000000189e+01 2.326689715002235644e-03
6.924609999999999843e+01 2.216380556544611611e-03
6.857829999999999870e+01 2.148758900451758908e-03
6.791190000000000282e+01 2.044968262085579240e-03
6.724550000000000693e+01 1.966760644556163774e-03
6.657750000000000057e+01 1.868000591694003341e-03
6.591100000000000136e+01 1.820008747067283598e-03
6.524439999999999884e+01 1.760752630648143493e-03
6.457769999999999300e+01 1.676537364684096369e-03
6.390950000000000131e+01 1.603488634260011618e-03
6.324269999999999925e+01 1.542645808491264429e-03
6.257589999999999719e+01 1.473444793444329305e-03
6.190899999999999892e+01 1.413354388116884464e-03
6.124060000000000059e+01 1.335812152489625985e-03
6.057359999999999900e+01 1.316244720143087141e-03
5.990659999999999741e+01 1.255849838829760931e-03
5.923799999999999955e+01 1.192683125102173133e-03
5.857079999999999842e+01 1.153104551900717032e-03
5.790359999999999729e+01 1.137656359841935456e-03
5.723629999999999995e+01 1.119934210893362833e-03
5.656750000000000256e+01 1.064735249526942325e-03
5.590010000000000190e+01 1.021137742565709529e-03
5.523270000000000124e+01 9.970024091321087051e-04
5.456360000000000099e+01 9.486391110288473934e-04
5.389609999999999701e+01 9.164976932174212412e-04
5.322849999999999682e+01 8.984813144733797561e-04
5.255930000000000035e+01 8.874152026884990279e-04
5.189159999999999684e+01 8.345200479369840798e-04
5.122379999999999711e+01 8.082717825653885219e-04
5.055440000000000111e+01 7.728371314081614388e-04
4.988660000000000139e+01 7.604777224649553365e-04
4.921860000000000213e+01 7.334310430157318103e-04
4.854910000000000281e+01 7.002851706949492043e-04
4.788100000000000023e+01 6.783108382790451396e-04
4.721289999999999765e+01 6.637873153759932168e-04
4.654319999999999879e+01 6.451449822708192096e-04
4.587500000000000000e+01 6.201700775491166169e-04
4.520669999999999789e+01 5.925977813882937414e-04
4.453679999999999950e+01 5.933763033248330840e-04
4.386840000000000117e+01 5.623815427760859393e-04
4.320000000000000284e+01 5.448273407969911114e-04
4.252989999999999782e+01 5.166769332315261122e-04
4.186129999999999995e+01 5.022664128497581967e-04
4.119270000000000209e+01 4.783646434841324637e-04
4.052250000000000085e+01 4.603600201077568668e-04
3.985379999999999967e+01 4.508581398499078032e-04
3.918500000000000227e+01 4.392702755112492456e-04
3.851460000000000150e+01 4.276954873690080698e-04
3.784570000000000078e+01 4.102827487622037555e-04
3.717519999999999669e+01 3.858679265589494358e-04
3.650619999999999976e+01 3.868771743074994672e-04
3.583709999999999951e+01 3.627145251739491254e-04
3.516640000000000299e+01 3.512445052513862615e-04
3.449719999999999942e+01 3.290116849532984371e-04
3.382800000000000296e+01 3.135127602129916271e-04
3.315709999999999980e+01 2.953004627097280854e-04
3.248780000000000001e+01 2.758451187881913458e-04
3.181680000000000064e+01 2.697144880969927277e-04
3.114730000000000132e+01 2.624933981048872540e-04
3.047779999999999845e+01 2.487074538543140780e-04
2.980669999999999931e+01 2.482975924068532526e-04
2.913700000000000045e+01 2.391618229082763207e-04
2.846730000000000160e+01 2.401019015354617593e-04
2.779599999999999937e+01 2.350528709067349652e-04
2.712620000000000076e+01 2.264374973047171959e-04
2.645479999999999876e+01 2.153898133929968038e-04
2.578490000000000038e+01 2.040084739040854507e-04
2.511329999999999885e+01 1.929326757157637131e-04
2.444330000000000069e+01 1.861993831060989116e-04
2.377319999999999922e+01 1.741808024328283437e-04
2.310150000000000148e+01 1.668547500336129883e-04
2.243130000000000024e+01 1.531833483042156156e-04
2.175949999999999918e+01 1.441605615788959095e-04
2.108909999999999840e+01 1.357050441017545995e-04
2.041870000000000118e+01 1.326355478694707444e-04
1.974680000000000035e+01 1.261664774613668687e-04
1.907629999999999981e+01 1.223631081254534494e-04
1.840419999999999945e+01 1.135839793573274129e-04
1.773349999999999937e+01 1.065594730065488264e-04
1.706129999999999924e+01 9.947461122782498956e-05
1.639059999999999917e+01 9.394250592448605080e-05
1.571979999999999933e+01 8.915715653144404339e-05
1.504739999999999966e+01 8.378392296979719593e-05
1.437650000000000006e+01 7.936470500194609846e-05
1.370410000000000039e+01 7.510211231446508803e-05
1.303299999999999947e+01 7.062058226725146162e-05
1.236040000000000028e+01 6.662934103130748430e-05
1.168929999999999936e+01 6.357882591692879510e-05
1.101660000000000039e+01 5.894367889206223105e-05
1.034529999999999994e+01 5.629108353190587986e-05
9.672489999999999810e+00 5.259925799648441496e-05
9.001129999999999853e+00 5.017735298563664868e-05
8.329710000000000392e+00 4.622783114282341205e-05
7.656710000000000349e+00 4.187639401216731116e-05
6.985170000000000101e+00 3.677265936825135055e-05
6.312050000000000161e+00 3.216927325508070246e-05
5.640399999999999636e+00 2.447476790266225069e-05
4.967170000000000307e+00 1.928702941426620925e-05
4.295410000000000394e+00 1.456218150600105258e-05
3.622059999999999835e+00 1.028380798633194763e-05
2.950180000000000025e+00 6.822990163356665816e-06
2.276720000000000077e+00 4.063857145630668587e-06
1.604729999999999990e+00 2.019087010009183918e-06
9.311519999999999797e-01 6.798872891013527809e-07
2.590439999999999965e-01 5.262136491783896122e-08
