6.869719999999999800e+02 -4.811677423823449741e-03
6.863600000000000136e+02 8.569518376892912639e-03
6.857469999999999573e+02 1.137120081911053952e-02
6.851349999999999909e+02 2.193868187320265756e-02
6.845230000000000246e+02 1.977841682504645829e-02
6.839120000000000346e+02 2.408216679671122337e-02
6.832989999999999782e+02 1.545550011755357847e-02
6.826870000000000118e+02 3.698974293599703589e-02
6.820739999999999554e+02 -1.469573846316301995e-02
6.814610000000000127e+02 -1.727917462236511562e-02
6.808490000000000464e+02 -2.759277858018175170e-02
6.802359999999999900e+02 8.020984835333879208e-04
6.796230000000000473e+02 1.885898427155685564e-02
6.790099999999999909e+02 3.358363480047576836e-03
6.783980000000000246e+02 -1.212899941100110957e-02
6.777859999999999445e+02 -3.523589764344475100e-02
6.771730000000000018e+02 -9.501427437389508082e-03
6.765599999999999454e+02 -4.362991936725097754e-03
6.759470000000000027e+02 -3.270064629468905082e-02
6.753339999999999463e+02 3.169061472065842766e-02
6.747210000000000036e+02 -4.554556824961916023e-02
6.741079999999999472e+02 -2.494366286078760625e-02
6.734940000000000282e+02 7.025907791093861932e-02
6.728809999999999718e+02 7.797030680074650000e-02
6.722680000000000291e+02 6.766329044056115793e-02
6.716539999999999964e+02 2.135824719976064587e-02
6.710410000000000537e+02 -1.782607245060136318e-03
6.704270000000000209e+02 5.922203917728346458e-03
6.698150000000000546e+02 -4.031059956964926083e-02
6.692010000000000218e+02 3.162833723625158716e-02
6.685879999999999654e+02 5.215373420682946348e-02
6.679740000000000464e+02 8.472605853485790095e-03
6.673600000000000136e+02 1.618740700405647132e-02
6.667459999999999809e+02 3.414620029479090851e-02
6.661330000000000382e+02 3.158326564547127291e-02
6.655190000000000055e+02 1.875117079212507490e-02
6.649049999999999727e+02 -1.761540185116696518e-03
6.642910000000000537e+02 -2.225843224115880634e-02
6.636770000000000209e+02 -6.069647044542571951e-02
6.630629999999999882e+02 -1.042397493635358607e-01
6.624479999999999791e+02 -1.349585312428778494e-01
6.618339999999999463e+02 -1.195643141202182291e-01
6.612200000000000273e+02 -1.323414908632366549e-01
6.606059999999999945e+02 -1.502205557732227137e-01
6.599909999999999854e+02 -1.245977972724725824e-01
6.593769999999999527e+02 -1.168912618989911417e-01
6.587619999999999436e+02 -5.548111602269107517e-02
6.581480000000000246e+02 -4.268157867709346937e-02
6.575330000000000155e+02 -3.244493438519079065e-02
6.569189999999999827e+02 1.611844091411098953e-02
6.563039999999999736e+02 5.893642841143861312e-03
6.556889999999999645e+02 3.398655938631906653e-02
6.550750000000000455e+02 6.208186565751571545e-02
6.544600000000000364e+02 6.716717372598823843e-02
6.538450000000000273e+02 9.778146286461045222e-02
6.532300000000000182e+02 7.989303699617308907e-02
6.526150000000000091e+02 4.671677343299580898e-02
6.520000000000000000e+02 5.436247746828195421e-02
6.513849999999999909e+02 6.963234845606958157e-02
6.507699999999999818e+02 8.491100190001735215e-02
6.501549999999999727e+02 2.627964523322145682e-02
6.495389999999999873e+02 3.351202388356280901e-03
6.489239999999999782e+02 -9.392356989901172459e-03
6.483089999999999691e+02 -1.448906996765888210e-02
6.476929999999999836e+02 -5.267213512212642196e-02
6.470779999999999745e+02 1.606432876669481105e-02
6.464629999999999654e+02 8.431175678842654786e-03
6.458469999999999800e+02 -1.450184005037611669e-02
6.452319999999999709e+02 -2.978152690107361764e-02
6.446159999999999854e+02 3.379352114178689470e-02
6.439990000000000236e+02 6.943160575447496208e-02
6.433830000000000382e+02 3.382022584246030528e-02
6.427670000000000528e+02 -1.192596020228837116e-02
6.421520000000000437e+02 2.618751300874272783e-02
6.415359999999999445e+02 -2.206216605899086886e-02
6.409199999999999591e+02 -4.235786092070519676e-02
6.403039999999999736e+02 -5.758835623013398158e-02
6.396879999999999882e+02 -7.280011366527927574e-02
6.390720000000000027e+02 -7.278701893395828071e-02
6.384560000000000173e+02 -6.263361437804404463e-02
6.378400000000000318e+02 -3.726511674057310375e-02
6.372229999999999563e+02 7.716601050996907451e-04
6.366069999999999709e+02 -1.190652034257847457e-02
6.359909999999999854e+02 -1.948862127905311506e-02
6.353730000000000473e+02 1.344255972636234329e-02
6.347569999999999482e+02 -1.948410894284970801e-02
6.341399999999999864e+02 -1.694720856398995376e-02
6.335240000000000009e+02 -2.958823258480278856e-02
6.329070000000000391e+02 -5.994249910272897441e-02
6.322899999999999636e+02 5.830002341407035382e-03
6.316739999999999782e+02 8.341432590085427756e-03
6.310570000000000164e+02 2.349488646476059067e-02
6.304400000000000546e+02 5.382501966737610749e-02
6.298220000000000027e+02 5.640403724186991707e-02
6.292050000000000409e+02 7.910813839428113003e-02
6.285879999999999654e+02 9.171266758348167736e-02
6.279710000000000036e+02 7.148576433430844923e-02
6.273540000000000418e+02 1.194542698484163806e-01
6.267369999999999663e+02 2.099393408963892357e-02
6.261200000000000045e+02 1.342358315510849658e-02
6.255030000000000427e+02 3.356995877241262388e-02
6.248840000000000146e+02 -2.193176572585964906e-02
6.242670000000000528e+02 -3.200127663937211986e-02
6.236499999999999773e+02 -5.468080014358648461e-02
6.230320000000000391e+02 -6.473119663180371131e-02
6.224149999999999636e+02 -7.477642199108303078e-02
6.217980000000000018e+02 -1.352164584185716056e-01
6.211799999999999500e+02 -7.474867322709834172e-02
6.205610000000000355e+02 -5.458843978361110211e-02
6.199429999999999836e+02 -1.149758477402241658e-01
6.193260000000000218e+02 -1.023809069768846503e-01
6.187079999999999700e+02 -1.023598309544604817e-01
6.180900000000000318e+02 -3.445538437419565919e-02
6.174719999999999800e+02 -1.937663759626169838e-02
6.168529999999999518e+02 3.311404847248418121e-03
6.162350000000000136e+02 1.334102422725635430e-02
6.156169999999999618e+02 8.312773012587685098e-03
6.149990000000000236e+02 -3.187728025987655867e-02
6.143809999999999718e+02 1.331979510096828641e-02
6.137630000000000337e+02 4.848960118164388766e-02
6.131430000000000291e+02 6.601836000626086498e-02
6.125249999999999773e+02 5.849006446999010372e-02
6.119070000000000391e+02 7.852103898880016808e-02
6.112889999999999873e+02 5.593016282198618599e-02
6.106699999999999591e+02 4.843197066926391292e-02
6.100510000000000446e+02 1.830318759169749510e-02
6.094320000000000164e+02 4.085664616717590153e-02
6.088139999999999645e+02 5.800035450125000901e-03
6.081950000000000500e+02 5.086983100848518208e-02
6.075760000000000218e+02 2.582828116508680341e-02
6.069560000000000173e+02 4.586378140884124488e-02
6.063379999999999654e+02 1.830699009253759085e-02
6.057190000000000509e+02 4.829315838950597184e-02
6.051000000000000227e+02 5.829111576740569900e-02
6.044809999999999945e+02 9.078959835786529209e-02
6.038609999999999900e+02 7.576050722281418848e-02
6.032419999999999618e+02 1.107367197919241902e-01
6.026230000000000473e+02 9.321700154457590592e-02
6.020040000000000191e+02 7.823683323365640541e-02
6.013830000000000382e+02 5.760286415774301151e-03
6.007640000000000100e+02 8.266274581945726521e-03
6.001449999999999818e+02 -2.417386319760157429e-02
5.995249999999999773e+02 -4.193515922646679633e-03
5.989049999999999727e+02 -4.663544447635580015e-02
5.982849999999999682e+02 -1.418922639178770741e-02
5.976660000000000537e+02 -5.905659924352636703e-02
5.970460000000000491e+02 -8.898136805995013332e-02
5.964249999999999545e+02 -7.398364690320599624e-02
5.958060000000000400e+02 -4.407195231398270546e-02
5.951860000000000355e+02 -6.398686584350078699e-02
5.945670000000000073e+02 -5.151386937502346747e-02
5.939450000000000500e+02 -5.150025704068544874e-02
5.933260000000000218e+02 -1.167054008070804103e-02
5.927060000000000173e+02 -3.158911042042131939e-02
5.920860000000000127e+02 5.726863108550135466e-03
5.914650000000000318e+02 1.072058964532114113e-02
5.908450000000000273e+02 5.745318731791917120e-03
5.902250000000000227e+02 -3.650006434042409043e-02
5.896029999999999518e+02 -2.160779171903169649e-02
5.889829999999999472e+02 -1.661748750635699476e-02
5.883630000000000564e+02 1.815185219857314708e-02
5.877419999999999618e+02 3.549006189832167035e-02
5.871209999999999809e+02 1.566532346721455707e-02
5.865000000000000000e+02 -9.160397981650785643e-03
5.858799999999999955e+02 3.220056223991783241e-03
5.852580000000000382e+02 -2.403737732870458652e-02
5.846380000000000337e+02 -1.703460012035192678e-03
5.840170000000000528e+02 -1.405513093931912670e-02
5.833949999999999818e+02 5.032636556282564511e-02
5.827740000000000009e+02 -2.400652467570497592e-02
5.821539999999999964e+02 -1.661190665099599936e-02
5.815320000000000391e+02 -1.160128463191617033e-02
5.809109999999999445e+02 2.304021497219490081e-02
5.802899999999999636e+02 5.687411826605163513e-03
5.796680000000000064e+02 2.054822758198230834e-02
5.790470000000000255e+02 -6.652182454449114164e-03
5.784260000000000446e+02 1.317150926758274034e-02
5.778049999999999500e+02 -7.583334969170066331e-02
5.771820000000000164e+02 -5.854822713710834681e-02
5.765610000000000355e+02 -1.128752440918504713e-01
5.759379999999999882e+02 -1.227641325333173050e-01
5.753170000000000073e+02 -1.498775403371040427e-01
5.746960000000000264e+02 -1.375293464486448125e-01
5.740729999999999791e+02 -4.362743958467132227e-02
5.734519999999999982e+02 -1.898584818176160885e-02
5.728300000000000409e+02 -1.764132702150208488e-03
5.722069999999999936e+02 4.518452766724029984e-02
5.715860000000000127e+02 4.514050347318904893e-02
5.709640000000000555e+02 4.267391802722788480e-02
5.703410000000000082e+02 4.017136853516126843e-02
5.697190000000000509e+02 3.528616139003786650e-02
5.690979999999999563e+02 2.054556954902200111e-02
5.684740000000000464e+02 -2.139708389116624920e-02
5.678529999999999518e+02 -1.646233767664505299e-02
5.672290000000000418e+02 -4.845335737531440007e-02
5.666069999999999709e+02 -4.844567205682152183e-02
5.659850000000000136e+02 -2.878560568362548491e-02
5.653619999999999663e+02 7.804128969725064374e-04
5.647400000000000091e+02 8.139910489252282985e-03
5.641169999999999618e+02 1.306941427901633229e-02
5.634940000000000282e+02 7.585546869249851437e-04
5.628719999999999573e+02 -2.625321910227176175e-02
5.622480000000000473e+02 -4.148347839234142395e-03
5.616250000000000000e+02 4.249167433615515937e-02
5.610030000000000427e+02 1.086636824451791272e-01
5.603790000000000191e+02 1.013573937488177479e-01
5.597569999999999482e+02 7.676577751898362723e-02
5.591330000000000382e+02 1.160341410789952898e-01
5.585099999999999909e+02 1.257946439846722442e-01
5.578859999999999673e+02 1.134778276490406024e-01
5.572630000000000337e+02 1.624962757675120772e-01
5.566399999999999864e+02 1.135276419132105891e-01
5.560159999999999627e+02 1.085190018544396756e-01
5.553930000000000291e+02 1.544229751819845876e-02
5.547690000000000055e+02 8.099546844901557574e-03
5.541459999999999582e+02 -4.117947020102060915e-03
5.535209999999999582e+02 -4.137965975399468185e-03
5.528980000000000246e+02 1.053892667704069142e-02
5.522749999999999773e+02 3.989022935816838311e-02
5.516509999999999536e+02 4.964738739286371494e-02
5.510270000000000437e+02 6.672587922303739594e-02
5.504030000000000200e+02 6.673414395361677853e-02
5.497789999999999964e+02 1.057455739806837658e-01
5.491549999999999727e+02 1.106429926668717062e-01
5.485309999999999491e+02 1.252660895664854945e-01
5.479059999999999491e+02 1.471820244583541826e-01
5.472830000000000155e+02 1.276274053957002497e-01
5.466589999999999918e+02 1.398156427036184590e-01
5.460339999999999918e+02 1.446232380815987428e-01
5.454099999999999682e+02 1.713912795560871560e-01
5.447849999999999682e+02 1.567363232459950129e-01
5.441609999999999445e+02 1.128283492222888623e-01
5.435359999999999445e+02 1.444655605248587882e-01
5.429120000000000346e+02 1.420223881498431373e-01
5.422870000000000346e+02 8.351465473977572052e-02
5.416630000000000109e+02 1.030059799621559913e-01
5.410370000000000346e+02 1.126743457747638733e-01
5.404130000000000109e+02 4.940450291659323478e-02
5.397880000000000109e+02 5.911902875669160923e-02
5.391630000000000109e+02 3.235280106818406304e-02
5.385380000000000109e+02 3.234394331473727791e-02
5.379139999999999873e+02 3.718463184024826257e-02
5.372880000000000109e+02 2.747277706267192005e-02
5.366630000000000109e+02 5.176780563577685484e-02
5.360370000000000346e+02 5.902190355610396205e-02
5.354130000000000109e+02 4.928061282970044171e-02
5.347870000000000346e+02 7.112294515968087261e-02
5.341620000000000346e+02 7.592402203607527544e-02
5.335359999999999445e+02 9.776272736305019473e-02
5.329109999999999445e+02 9.046706287238663602e-02
5.322849999999999682e+02 8.558889997154911500e-02
5.316599999999999682e+02 1.001159516490298385e-01
5.310339999999999918e+02 1.364077077702260665e-01
5.304089999999999918e+02 1.654082467723356487e-01
5.297830000000000155e+02 1.823330383268717270e-01
5.291580000000000155e+02 2.233665150126665500e-01
5.285309999999999491e+02 1.943221415463278756e-01
5.279049999999999727e+02 2.015631629922872980e-01
5.272799999999999727e+02 2.425990958112364260e-01
5.266530000000000200e+02 2.546220904324690837e-01
5.260280000000000200e+02 2.715046469842656851e-01
5.254009999999999536e+02 2.496376858046772118e-01
5.247759999999999536e+02 1.867942944552154205e-01
5.241490000000000009e+02 2.181107248748913319e-01
5.235230000000000246e+02 1.745706452055951208e-01
5.228959999999999582e+02 2.228180253771956110e-01
5.222709999999999582e+02 2.565015099778298890e-01
5.216440000000000055e+02 2.588743396039188682e-01
5.210159999999999627e+02 2.202260824082706014e-01
5.203909999999999627e+02 2.298105143975207043e-01
5.197630000000000337e+02 2.442054055743276830e-01
5.191380000000000337e+02 2.634594322833101465e-01
5.185099999999999909e+02 2.296139840835111634e-01
5.178840000000000146e+02 2.127365300177415930e-01
5.172569999999999482e+02 1.885611400717751018e-01
5.166299999999999955e+02 1.307227034915424968e-01
5.160030000000000427e+02 1.691823302943971097e-01
5.153759999999999764e+02 2.028345635904982014e-01
5.147500000000000000e+02 1.955570876511794065e-01
5.141219999999999573e+02 1.954973740246569169e-01
5.134940000000000282e+02 2.050743053202789545e-01
5.128680000000000518e+02 1.881785982639320731e-01
5.122400000000000091e+02 2.289811694562608191e-01
5.116139999999999759e+02 2.337109944694671093e-01
5.109859999999999900e+02 2.072522756282801082e-01
5.103580000000000041e+02 1.591508728499642367e-01
5.097309999999999945e+02 1.543428519288810585e-01
5.091030000000000086e+02 1.278869076202211463e-01
5.084759999999999991e+02 1.374559985100400894e-01
5.078480000000000132e+02 1.613813893933279953e-01
5.072200000000000273e+02 1.757405413481510914e-01
5.065930000000000177e+02 1.564720610586722016e-01
5.059649999999999750e+02 1.325000334491183707e-01
5.053360000000000127e+02 1.683916628359080347e-01
5.047090000000000032e+02 1.899009746974099633e-01
5.040810000000000173e+02 1.395807540177589623e-01
5.034519999999999982e+02 1.610341901186840841e-01
5.028249999999999886e+02 1.275654602602663279e-01
5.021960000000000264e+02 7.487687152455173301e-02
5.015690000000000168e+02 3.186028408990292798e-02
5.009399999999999977e+02 7.534635110031017097e-04
5.003109999999999786e+02 -6.442202704687626132e-03
4.996840000000000259e+02 -1.834517016384808533e-02
4.990550000000000068e+02 7.892650368828664845e-03
4.984259999999999877e+02 5.567353642749358483e-02
4.977980000000000018e+02 4.844989023264410083e-02
4.971689999999999827e+02 5.561126475589155127e-02
4.965400000000000205e+02 6.993644578893608299e-02
4.959119999999999777e+02 1.199591104521876284e-01
4.952830000000000155e+02 1.175716658564184280e-01
4.946539999999999964e+02 1.032200528466636763e-01
4.940260000000000105e+02 1.509004753120146425e-01
4.933969999999999914e+02 1.031772574587276614e-01
4.927669999999999959e+02 8.409356544459005434e-02
4.921390000000000100e+02 1.197715174515733561e-01
4.915099999999999909e+02 1.340204643259464701e-01
4.908799999999999955e+02 1.339979260942247008e-01
4.902500000000000000e+02 9.114609897756500989e-02
4.896220000000000141e+02 1.505506941903541618e-01
4.889920000000000186e+02 1.861900034871894483e-01
4.883629999999999995e+02 1.243275710726853001e-01
4.877339999999999804e+02 1.171990058175510774e-01
4.871039999999999850e+02 1.337754788277021600e-01
4.864739999999999895e+02 1.218518562031631614e-01
4.858460000000000036e+02 6.248288996405412105e-02
4.852160000000000082e+02 5.771255233838325227e-02
4.845860000000000127e+02 8.378438375435109942e-02
4.839549999999999841e+02 3.869043779619028844e-02
4.833269999999999982e+02 9.081604700240014649e-02
4.826960000000000264e+02 1.240102150296236855e-01
4.820659999999999741e+02 1.619159896316877123e-01
4.814370000000000118e+02 1.262940174339700350e-01
4.808070000000000164e+02 1.617880581676789387e-01
4.801759999999999877e+02 2.304439920973873623e-01
4.795459999999999923e+02 2.611629835574580949e-01
4.789169999999999732e+02 2.610784307973597063e-01
4.782860000000000014e+02 2.468315745456065302e-01
4.776549999999999727e+02 1.994279887883851077e-01
4.770249999999999773e+02 2.182856256174712517e-01
4.763949999999999818e+02 1.922315423717963767e-01
4.757640000000000100e+02 2.867054557913877866e-01
4.751329999999999814e+02 2.653570717574634252e-01
4.745020000000000095e+02 2.747556509639505484e-01
4.738729999999999905e+02 2.226868096207642311e-01
4.732420000000000186e+02 2.061120180737331387e-01
4.726109999999999900e+02 2.508972636019374258e-01
4.719800000000000182e+02 2.673269207057349939e-01
4.713500000000000227e+02 2.625785115471012121e-01
4.707189999999999941e+02 2.719258165222726564e-01
4.700869999999999891e+02 2.128893152784917808e-01
4.694560000000000173e+02 1.444797583234780636e-01
4.688249999999999886e+02 8.789536281037575727e-02
4.681949999999999932e+02 1.656064722536364775e-01
4.675629999999999882e+02 2.126449312024886462e-01
4.669309999999999832e+02 1.890474537071112626e-01
4.663000000000000114e+02 1.489843016929864872e-01
4.656700000000000159e+02 1.794921478904691614e-01
4.650380000000000109e+02 1.959000980789155910e-01
4.644060000000000059e+02 1.723598316270990305e-01
4.637740000000000009e+02 2.334347236799128034e-01
4.631419999999999959e+02 2.686032599005314658e-01
4.625120000000000005e+02 2.755589826966310385e-01
4.618799999999999955e+02 2.402537567213585967e-01
4.612479999999999905e+02 2.331656351926181536e-01
4.606159999999999854e+02 2.706510289506378064e-01
4.599839999999999804e+02 2.658845438299393682e-01
4.593519999999999754e+02 2.353146974488226906e-01
4.587210000000000036e+02 2.798029675230728763e-01
4.580880000000000223e+02 2.562855595528765185e-01
4.574560000000000173e+02 2.421425327664149252e-01
4.568240000000000123e+02 1.998931868421726377e-01
4.561909999999999741e+02 2.115432432338139324e-01
4.555600000000000023e+02 2.115225509180861108e-01
4.549279999999999973e+02 2.418571851046072141e-01
4.542950000000000159e+02 2.300689350078187201e-01
4.536619999999999777e+02 2.019385131177116877e-01
4.530299999999999727e+02 1.855104672814459066e-01
4.523969999999999914e+02 2.298939097035924417e-01
4.517660000000000196e+02 2.134572161369040211e-01
4.511329999999999814e+02 2.367569093040544637e-01
4.505000000000000000e+02 2.366880599418621500e-01
4.498670000000000186e+02 2.483084215467867284e-01
4.492339999999999804e+02 1.968579282117975948e-01
4.486009999999999991e+02 1.734610120399976974e-01
4.479680000000000177e+02 2.434190281623664076e-01
4.473360000000000127e+02 2.363539527159435605e-01
4.467029999999999745e+02 2.245977583361374319e-01
4.460690000000000168e+02 2.665086524309641658e-01
4.454359999999999786e+02 2.407942492385044819e-01
4.448029999999999973e+02 2.337429211310416699e-01
4.441689999999999827e+02 2.546419578042405374e-01
4.435360000000000014e+02 2.801818793105242400e-01
4.429019999999999868e+02 3.290001971996694974e-01
4.422699999999999818e+02 2.846635367281076801e-01
4.416360000000000241e+02 3.218069506741384478e-01
4.410029999999999859e+02 3.193865911696852078e-01
4.403690000000000282e+02 2.913956387636628120e-01
4.397350000000000136e+02 2.913153010602446136e-01
4.391009999999999991e+02 2.842671965242976051e-01
4.384669999999999845e+02 2.307365395655854301e-01
4.378330000000000268e+02 2.469191290045859577e-01
4.371990000000000123e+02 2.282790038725338033e-01
4.365649999999999977e+02 2.444577495890361274e-01
4.359329999999999927e+02 1.910165734108166258e-01
4.352980000000000018e+02 1.584779784006798142e-01
4.346639999999999873e+02 1.561169484929878226e-01
4.340299999999999727e+02 1.630224996852318864e-01
4.333960000000000150e+02 1.629745844727455706e-01
4.327610000000000241e+02 2.231801792425097963e-01
4.321270000000000095e+02 2.022586580323749994e-01
4.314920000000000186e+02 1.674578361685979677e-01
4.308580000000000041e+02 1.512007531068705890e-01
4.302230000000000132e+02 1.673641858656720882e-01
4.295889999999999986e+02 1.927692833125506933e-01
4.289540000000000077e+02 1.603104785040672942e-01
4.283190000000000168e+02 1.810871757098705959e-01
4.276859999999999786e+02 1.810638351878683661e-01
4.270509999999999877e+02 1.555660201211911675e-01
4.264159999999999968e+02 1.300982106083871659e-01
4.257810000000000059e+02 1.554641101340630271e-01
4.251460000000000150e+02 1.738922017516997265e-01
4.245110000000000241e+02 2.084643965615284866e-01
4.238759999999999764e+02 2.107056255638986297e-01
4.232409999999999854e+02 2.314181031578650405e-01
4.226050000000000182e+02 2.036711935961943998e-01
4.219700000000000273e+02 2.082275355053381516e-01
4.213349999999999795e+02 2.150813185437306929e-01
4.206990000000000123e+02 2.472751272808096368e-01
4.200640000000000214e+02 2.495056101172515306e-01
4.194289999999999736e+02 2.770589526313078643e-01
4.187930000000000064e+02 2.240258810561825964e-01
4.181569999999999823e+02 2.124506027689102294e-01
4.175219999999999914e+02 2.261988355940093010e-01
4.168860000000000241e+02 2.767297772701501346e-01
4.162500000000000000e+02 3.019439926309432365e-01
4.156150000000000091e+02 3.064572394468305094e-01
4.149789999999999850e+02 3.155543098156813886e-01
4.143430000000000177e+02 3.246459038600023606e-01
4.137069999999999936e+02 2.923918921577653429e-01
4.130710000000000264e+02 3.405263160024769586e-01
4.124350000000000023e+02 3.633806011107091893e-01
4.117989999999999782e+02 3.816363558152094937e-01
4.111630000000000109e+02 3.677522837149394541e-01
4.105260000000000105e+02 3.538861673420529153e-01
4.098899999999999864e+02 3.652447288237009593e-01
4.092540000000000191e+02 3.147181272036037591e-01
4.086170000000000186e+02 3.192019581889179447e-01
4.079809999999999945e+02 3.397236442109083931e-01
4.073439999999999941e+02 3.258813363071226266e-01
4.067080000000000268e+02 3.120474019704939650e-01
4.060710000000000264e+02 3.485636939443563231e-01
4.054350000000000023e+02 2.981273663630723547e-01
4.047980000000000018e+02 3.049050060863516820e-01
4.041610000000000014e+02 2.956668790382808165e-01
4.035240000000000009e+02 3.184429828452836619e-01
4.028879999999999768e+02 2.703611775358738534e-01
4.022509999999999764e+02 2.931163031502557748e-01
4.016139999999999759e+02 2.427917034976748989e-01
4.009769999999999754e+02 2.472852579262702633e-01
4.003399999999999750e+02 1.947072059641121178e-01
3.997029999999999745e+02 2.357223582626600533e-01
3.990649999999999977e+02 2.219593374730162161e-01
3.984279999999999973e+02 1.785877452783529440e-01
3.977909999999999968e+02 1.671448002855423776e-01
3.971519999999999868e+02 1.624819393112340582e-01
3.965149999999999864e+02 1.282909105029801378e-01
3.958770000000000095e+02 1.464643675574732740e-01
3.952400000000000091e+02 9.633468144910140030e-02
3.946019999999999754e+02 1.327276170953566037e-01
3.939649999999999750e+02 9.399596116337656515e-02
3.933269999999999982e+02 8.941756362739110287e-02
3.926890000000000214e+02 1.416948736690415989e-01
3.920520000000000209e+02 1.325625078622022224e-01
3.914139999999999873e+02 1.734255446964018399e-01
3.907760000000000105e+02 1.756257117376456844e-01
3.901379999999999768e+02 2.346087574122035502e-01
3.895000000000000000e+02 2.867875715732471908e-01
3.888609999999999900e+02 2.595073590988801193e-01
3.882230000000000132e+02 2.662176616037542631e-01
3.875849999999999795e+02 2.933578806616637946e-01
3.869460000000000264e+02 3.182133193290701545e-01
3.863079999999999927e+02 3.475935436752316532e-01
3.856700000000000159e+02 3.656172371073820315e-01
3.850319999999999823e+02 3.858959906799518946e-01
3.843929999999999723e+02 3.495278169255023881e-01
3.837549999999999955e+02 3.720538995972647034e-01
3.831159999999999854e+02 3.606500889069402249e-01
3.824759999999999991e+02 3.559842422532876749e-01
3.818380000000000223e+02 3.423101198093717601e-01
3.811990000000000123e+02 2.856722789805512530e-01
3.805600000000000023e+02 3.172524347536307965e-01
3.799220000000000255e+02 3.035926058514115122e-01
3.792830000000000155e+02 2.695972197475453580e-01
3.786440000000000055e+02 2.920970369330614935e-01
3.780049999999999955e+02 2.693938149561175277e-01
3.773650000000000091e+02 2.784012119179454237e-01
3.767259999999999991e+02 3.618243948350393646e-01
3.760860000000000127e+02 3.549347673211655785e-01
3.754470000000000027e+02 4.292508366654379515e-01
3.748079999999999927e+02 4.245852812137237420e-01
3.741689999999999827e+02 4.469795779994054086e-01
3.735299999999999727e+02 4.716478364730003481e-01
3.728890000000000100e+02 4.783058757914945835e-01
3.722500000000000000e+02 4.420987433131384758e-01
3.716100000000000136e+02 5.005095054223834827e-01
3.709710000000000036e+02 4.598449294225035455e-01
3.703310000000000173e+02 4.417556785654890295e-01
3.696909999999999741e+02 4.280938837626060978e-01
3.690500000000000114e+02 4.391870384649774195e-01
3.684110000000000014e+02 4.165758782414561434e-01
3.677710000000000150e+02 4.074533053929386139e-01
3.671309999999999718e+02 3.893492124765544071e-01
3.664909999999999854e+02 4.476419606545446461e-01
3.658509999999999991e+02 4.137994227836930272e-01
3.652099999999999795e+02 4.136962342986651997e-01
3.645699999999999932e+02 4.651615630180397365e-01
3.639300000000000068e+02 4.560500601898176964e-01
3.632900000000000205e+02 4.514050907410792068e-01
3.626490000000000009e+02 4.624609990581073915e-01
3.620079999999999814e+02 4.511460628334779677e-01
3.613670000000000186e+02 4.442803898584394284e-01
3.607269999999999754e+02 4.128048920149957612e-01
3.600869999999999891e+02 4.261174372403886412e-01
3.594460000000000264e+02 3.857320412203518734e-01
3.588039999999999736e+02 3.564394064467769629e-01
3.581639999999999873e+02 3.451729697930811525e-01
3.575230000000000246e+02 3.182391707259338287e-01
3.568829999999999814e+02 3.583401240211832595e-01
3.562420000000000186e+02 3.470638520789031678e-01
3.556000000000000227e+02 3.536930160972249770e-01
3.549590000000000032e+02 3.714428980565033789e-01
3.543179999999999836e+02 3.356008815882161600e-01
3.536770000000000209e+02 3.466822483731797910e-01
3.530350000000000250e+02 3.978762481970783416e-01
3.523940000000000055e+02 4.111380727594171058e-01
3.517520000000000095e+02 4.110103832154129444e-01
3.511109999999999900e+02 3.328416091430381751e-01
3.504689999999999941e+02 3.617267867804835335e-01
3.498269999999999982e+02 3.727499694966956434e-01
3.491859999999999786e+02 3.659520357481896302e-01
3.485450000000000159e+02 3.591822973772146876e-01
3.479019999999999868e+02 3.523490420890483255e-01
3.472599999999999909e+02 3.300101963328334609e-01
3.466190000000000282e+02 3.254535328805155392e-01
3.459769999999999754e+02 3.164516133856535296e-01
3.453340000000000032e+02 3.452645825764395493e-01
3.446929999999999836e+02 3.629327179235058987e-01
3.440509999999999877e+02 3.494788225455533470e-01
3.434089999999999918e+02 3.449226947581241487e-01
3.427660000000000196e+02 3.226198150265037756e-01
3.421240000000000236e+02 3.691439921198522156e-01
3.414820000000000277e+02 3.801193579409387069e-01
3.408399999999999750e+02 3.777582933950207611e-01
3.401970000000000027e+02 3.976280844644478618e-01
3.395539999999999736e+02 4.019280474495816602e-01
3.389119999999999777e+02 3.907017070923508029e-01
3.382690000000000055e+02 4.017004688329802176e-01
3.376259999999999764e+02 4.569236749416542009e-01
3.369839999999999804e+02 4.922083082359860473e-01
3.363419999999999845e+02 4.721467718361331833e-01
3.356979999999999791e+02 4.432172320598806725e-01
3.350550000000000068e+02 4.364465273574430482e-01
3.344130000000000109e+02 4.164305954910276775e-01
3.337690000000000055e+02 4.228985000384858361e-01
3.331259999999999764e+02 4.338255432740059647e-01
3.324830000000000041e+02 4.933135258170882054e-01
3.318389999999999986e+02 4.667162219674539370e-01
3.311960000000000264e+02 5.040621970744789682e-01
3.305539999999999736e+02 4.884434185620126767e-01
3.299110000000000014e+02 5.191724945966661453e-01
3.292660000000000196e+02 5.388807167759488426e-01
3.286229999999999905e+02 5.695838762594046534e-01
3.279800000000000182e+02 5.606103230072577714e-01
3.273360000000000127e+02 5.449639728464300559e-01
3.266929999999999836e+02 4.941444294677537763e-01
3.260489999999999782e+02 4.851835254479722748e-01
3.254049999999999727e+02 4.740169460136303692e-01
3.247610000000000241e+02 5.002843066466778899e-01
3.241179999999999950e+02 4.825285567933839115e-01
3.234730000000000132e+02 4.955641227003356186e-01
3.228290000000000077e+02 4.975873772261569794e-01
3.221840000000000259e+02 5.392343895681843691e-01
3.215409999999999968e+02 5.434306683028885532e-01
3.208969999999999914e+02 5.893546727557709142e-01
3.202520000000000095e+02 6.155738720816403831e-01
3.196080000000000041e+02 6.131597461956397321e-01
3.189639999999999986e+02 6.327136596124964818e-01
3.183190000000000168e+02 6.610404939195009266e-01
3.176750000000000114e+02 6.213596557242042628e-01
3.170310000000000059e+02 5.576459387401250245e-01
3.163860000000000241e+02 5.573835496308932047e-01
3.157420000000000186e+02 5.441015485839438837e-01
3.150980000000000132e+02 5.110746885254539018e-01
3.144519999999999982e+02 5.021239466807415619e-01
3.138079999999999927e+02 4.866495208226855329e-01
3.131619999999999777e+02 4.777404095909008608e-01
3.125179999999999723e+02 4.644475558516086289e-01
3.118729999999999905e+02 4.708373632487523053e-01
3.112269999999999754e+02 5.494215451382327142e-01
3.105830000000000268e+02 5.164562963892888048e-01
3.099370000000000118e+02 5.031718765790293979e-01
3.092919999999999732e+02 5.095832693124272561e-01
3.086469999999999914e+02 4.963189884499322191e-01
3.080009999999999764e+02 5.420018326590104740e-01
3.073570000000000277e+02 5.679875962033263948e-01
3.067099999999999795e+02 5.765836456271123955e-01
3.060649999999999977e+02 5.676478966694783468e-01
3.054200000000000159e+02 5.652581527564940478e-01
3.047740000000000009e+02 5.629307340457606612e-01
3.041290000000000191e+02 5.606002610178808521e-01
3.034820000000000277e+02 6.213727477220626350e-01
3.028369999999999891e+02 6.603568269838898663e-01
3.021920000000000073e+02 6.905575103489032252e-01
3.015450000000000159e+02 6.708132984189524306e-01
3.008999999999999773e+02 6.270745949667693164e-01
3.002529999999999859e+02 6.899634277016345463e-01
2.996080000000000041e+02 6.636513374001752341e-01
2.989610000000000127e+02 6.329761609620071505e-01
2.983149999999999977e+02 6.893085445616680129e-01
2.976700000000000159e+02 6.608685721873370778e-01
2.970230000000000246e+02 6.649651932724502945e-01
2.963770000000000095e+02 6.234769287680259620e-01
2.957300000000000182e+02 6.103096676905520601e-01
2.950840000000000032e+02 6.296294295426245746e-01
2.944370000000000118e+02 5.838927859295323097e-01
2.937909999999999968e+02 6.032177172179906677e-01
2.931429999999999723e+02 7.070142106710557428e-01
2.924970000000000141e+02 7.046250044980846283e-01
2.918500000000000227e+02 6.719201374897205703e-01
2.912040000000000077e+02 6.608656614372671045e-01
2.905570000000000164e+02 6.930480720884057977e-01
2.899100000000000250e+02 7.339985907005359689e-01
2.892629999999999768e+02 7.942652117976537474e-01
2.886159999999999854e+02 8.308089481197727943e-01
2.879689999999999941e+02 8.564711106134267338e-01
2.873210000000000264e+02 8.605241991121727052e-01
2.866750000000000114e+02 8.515880275523345366e-01
2.860269999999999868e+02 8.988234770075154145e-01
2.853799999999999955e+02 9.157957587316944981e-01
2.847320000000000277e+02 9.068675853031333833e-01
2.840849999999999795e+02 9.518494174238564254e-01
2.834370000000000118e+02 9.731323504143550851e-01
2.827900000000000205e+02 1.018039868444383433e+00
2.821419999999999959e+02 1.056536333415195816e+00
2.814950000000000045e+02 1.075517130143841316e+00
2.808469999999999800e+02 1.118299936856132382e+00
2.801990000000000123e+02 1.083490148082465909e+00
2.795509999999999877e+02 1.061601966948484632e+00
2.789039999999999964e+02 1.076373398788605273e+00
2.782549999999999955e+02 1.078122320290526348e+00
2.776080000000000041e+02 1.082081420983467490e+00
2.769590000000000032e+02 1.068827569175282655e+00
2.763120000000000118e+02 1.092087766045238606e+00
2.756630000000000109e+02 1.074589234133298099e+00
2.750149999999999864e+02 1.095651639909746455e+00
2.743659999999999854e+02 1.189794862950994903e+00
2.737189999999999941e+02 1.262312134759990823e+00
2.730699999999999932e+02 1.283397936566387898e+00
2.724220000000000255e+02 1.267926008482326949e+00
2.717730000000000246e+02 1.241813786306371625e+00
2.711240000000000236e+02 1.222105979586496138e+00
2.704759999999999991e+02 1.187465593549981602e+00
2.698260000000000218e+02 1.210621054267339458e+00
2.691779999999999973e+02 1.253045066014869757e+00
2.685289999999999964e+02 1.194851672510065077e+00
2.678809999999999718e+02 1.181567911869443099e+00
2.672309999999999945e+02 1.164133754637240337e+00
2.665830000000000268e+02 1.191507563173360262e+00
2.659329999999999927e+02 1.276615482445693894e+00
2.652839999999999918e+02 1.314686469041023154e+00
2.646349999999999909e+02 1.374046844952210966e+00
2.639850000000000136e+02 1.341587596919034286e+00
2.633369999999999891e+02 1.328284429488706175e+00
2.626870000000000118e+02 1.366286700194341064e+00
2.620380000000000109e+02 1.338146760359748777e+00
2.613879999999999768e+02 1.395235059278594703e+00
2.607400000000000091e+02 1.369268322094390200e+00
2.600899999999999750e+02 1.311234378005164736e+00
2.594390000000000214e+02 1.347015021586526418e+00
2.587900000000000205e+02 1.323112170641714158e+00
2.581399999999999864e+02 1.329067762608786563e+00
2.574909999999999854e+02 1.320125889897367788e+00
2.568410000000000082e+02 1.385634038813278179e+00
2.561899999999999977e+02 1.436259775571248731e+00
2.555409999999999968e+02 1.412365452977029756e+00
2.548899999999999864e+02 1.445916372723485610e+00
2.542410000000000139e+02 1.447596483026231118e+00
2.535910000000000082e+02 1.402478944508267267e+00
2.529399999999999977e+02 1.406234053648344640e+00
2.522899999999999920e+02 1.429197227353150357e+00
2.516399999999999864e+02 1.477490236466773244e+00
2.509900000000000091e+02 1.415468845480326365e+00
2.503389999999999986e+02 1.423473061236994575e+00
2.496879999999999882e+02 1.459081153547875154e+00
2.490380000000000109e+02 1.469125458392624539e+00
2.483870000000000005e+02 1.517414502431495782e+00
2.477359999999999900e+02 1.561371488286924292e+00
2.470860000000000127e+02 1.546038639027221606e+00
2.464350000000000023e+02 1.596310126057407519e+00
2.457849999999999966e+02 1.532309118962821737e+00
2.451330000000000098e+02 1.571998088863753473e+00
2.444819999999999993e+02 1.546085540896036559e+00
2.438319999999999936e+02 1.524481787828986912e+00
2.431800000000000068e+02 1.509142518818990197e+00
2.425289999999999964e+02 1.508640369315999319e+00
2.418779999999999859e+02 1.571437559261376071e+00
2.412270000000000039e+02 1.615272951891807196e+00
2.405749999999999886e+02 1.581009151000536184e+00
2.399240000000000066e+02 1.652146927170649704e+00
2.392719999999999914e+02 1.651641009815047800e+00
2.386200000000000045e+02 1.686920641552072331e+00
2.379699999999999989e+02 1.682126179030577484e+00
2.373180000000000121e+02 1.732112839667522053e+00
2.366670000000000016e+02 1.731580315792611957e+00
2.360149999999999864e+02 1.733047471806899553e+00
2.353629999999999995e+02 1.770375492823563990e+00
2.347100000000000080e+02 1.839210876082538970e+00
2.340600000000000023e+02 1.832238154820345022e+00
2.334070000000000107e+02 1.827446417124505729e+00
2.327549999999999955e+02 1.900414814107470596e+00
2.321040000000000134e+02 1.956454787713516774e+00
2.314509999999999934e+02 1.949538340487409815e+00
2.307980000000000018e+02 2.003435494236121439e+00
2.301469999999999914e+02 2.002764801079775392e+00
2.294939999999999998e+02 1.981110799626156993e+00
2.288420000000000130e+02 1.944794494134758134e+00
2.281899999999999977e+02 2.017504292769797480e+00
2.275370000000000061e+02 2.073413771547342854e+00
2.268839999999999861e+02 2.106295639235659767e+00
2.262330000000000041e+02 2.157841187888674739e+00
2.255800000000000125e+02 2.224137860148637902e+00
2.249269999999999925e+02 2.225513923358227508e+00
2.242729999999999961e+02 2.241575519490973889e+00
2.236220000000000141e+02 2.295127829518008866e+00
2.229679999999999893e+02 2.313231664338850635e+00
2.223149999999999977e+02 2.335387334988173080e+00
2.216630000000000109e+02 2.307521069251651014e+00
2.210099999999999909e+02 2.275340544449985902e+00
2.203559999999999945e+02 2.241150437824926733e+00
2.197019999999999982e+02 2.227903580729133193e+00
2.190500000000000114e+02 2.241755979498919693e+00
2.183969999999999914e+02 2.245144113964214316e+00
2.177429999999999950e+02 2.242312513280927622e+00
2.170889999999999986e+02 2.260329679376181566e+00
2.164370000000000118e+02 2.228283745422936057e+00
2.157829999999999870e+02 2.265055911979513947e+00
2.151289999999999907e+02 2.247600577895704888e+00
2.144749999999999943e+02 2.309296275116255348e+00
2.138220000000000027e+02 2.314762718427618715e+00
2.131680000000000064e+02 2.324357788275956960e+00
2.125140000000000100e+02 2.342300958076108497e+00
2.118600000000000136e+02 2.310342208536428910e+00
2.112069999999999936e+02 2.359431492330157365e+00
2.105529999999999973e+02 2.346155281318336616e+00
2.098979999999999961e+02 2.334994725804167448e+00
2.092439999999999998e+02 2.309223361275704267e+00
2.085910000000000082e+02 2.310546656897001672e+00
2.079360000000000070e+02 2.307698493949709828e+00
2.072820000000000107e+02 2.300686728245792789e+00
2.066270000000000095e+02 2.256373920796221899e+00
2.059739999999999895e+02 2.297062046982768280e+00
2.053189999999999884e+02 2.294175532546855134e+00
2.046639999999999873e+02 2.274782482980148401e+00
2.040089999999999861e+02 2.282279970259148971e+00
2.033540000000000134e+02 2.283557615379621097e+00
2.027009999999999934e+02 2.224905150338405857e+00
2.020459999999999923e+02 2.207570560144328287e+00
2.013909999999999911e+02 2.165460549322373307e+00
2.007350000000000136e+02 2.214320693938410578e+00
2.000800000000000125e+02 2.199103613631462562e+00
1.994259999999999877e+02 2.159091611211196415e+00
1.987709999999999866e+02 2.160404744033789015e+00
1.981160000000000139e+02 2.147315686702802040e+00
1.974600000000000080e+02 2.179560914960065876e+00
1.968050000000000068e+02 2.139607231160443046e+00
1.961510000000000105e+02 2.132773816372003584e+00
1.954950000000000045e+02 2.183555751300592540e+00
1.948389999999999986e+02 2.143639146139918239e+00
1.941839999999999975e+02 2.122304111063152199e+00
1.935279999999999916e+02 2.144214409790890841e+00
1.928739999999999952e+02 2.172247258111218660e+00
1.922179999999999893e+02 2.167411664946763405e+00
1.915620000000000118e+02 2.224250341928347030e+00
1.909060000000000059e+02 2.301658738362647227e+00
1.902500000000000000e+02 2.335855298348410436e+00
1.895939999999999941e+02 2.304203305827215331e+00
1.889389999999999930e+02 2.362912684101940997e+00
1.882829999999999870e+02 2.407297430015594930e+00
1.876270000000000095e+02 2.455730367905510469e+00
1.869699999999999989e+02 2.446727279650432241e+00
1.863139999999999930e+02 2.445884103642138374e+00
1.856570000000000107e+02 2.408098167535238865e+00
1.850010000000000048e+02 2.382692883794921723e+00
1.843460000000000036e+02 2.418744025377376872e+00
1.836889999999999930e+02 2.469147977117466475e+00
1.830329999999999870e+02 2.517394656691156918e+00
1.823760000000000048e+02 2.545221620046648869e+00
1.817189999999999941e+02 2.532097075830431976e+00
1.810620000000000118e+02 2.658082914679310349e+00
1.804050000000000011e+02 2.753281357985046807e+00
1.797500000000000000e+02 2.795118965104228081e+00
1.790929999999999893e+02 2.875945189784297806e+00
1.784360000000000070e+02 2.885186107786363419e+00
1.777789999999999964e+02 2.923003865033686921e+00
1.771220000000000141e+02 2.942362748645614090e+00
1.764650000000000034e+02 2.963823392685382974e+00
1.758069999999999879e+02 2.993374867239571913e+00
1.751500000000000057e+02 2.974011465170822710e+00
1.744939999999999998e+02 3.007547823655735364e+00
1.738369999999999891e+02 3.077858706365427022e+00
1.731790000000000020e+02 3.123652218486589138e+00
1.725219999999999914e+02 3.181643663498571861e+00
1.718640000000000043e+02 3.253839717182979374e+00
1.712059999999999889e+02 3.311698412056632179e+00
1.705490000000000066e+02 3.359411012356575466e+00
1.698909999999999911e+02 3.388726195904768090e+00
1.692330000000000041e+02 3.385525222497159703e+00
1.685749999999999886e+02 3.378243296354283665e+00
1.679190000000000111e+02 3.425821139263921289e+00
1.672609999999999957e+02 3.418528662672559282e+00
1.666030000000000086e+02 3.494469498818919106e+00
1.659449999999999932e+02 3.450641509352053493e+00
1.652870000000000061e+02 3.390629809212835966e+00
1.646279999999999859e+02 3.405651558629965159e+00
1.639699999999999989e+02 3.455126283824236477e+00
1.633120000000000118e+02 3.526890555873091859e+00
1.626539999999999964e+02 3.543905035614947518e+00
1.619950000000000045e+02 3.510249672411216437e+00
1.613369999999999891e+02 3.507010167228165720e+00
1.606779999999999973e+02 3.467313529792299232e+00
1.600190000000000055e+02 3.482266119360438061e+00
1.593609999999999900e+02 3.517477939232465989e+00
1.587040000000000077e+02 3.532448264825875484e+00
1.580449999999999875e+02 3.565519045100324469e+00
1.573859999999999957e+02 3.560209261888163557e+00
1.567270000000000039e+02 3.595295625582239474e+00
1.560680000000000121e+02 3.590021052962402148e+00
1.554089999999999918e+02 3.606936950911755702e+00
1.547500000000000000e+02 3.633906003391655037e+00
1.540910000000000082e+02 3.628620895307139715e+00
1.534319999999999879e+02 3.643456268068784976e+00
1.527729999999999961e+02 3.656278005846159029e+00
1.521140000000000043e+02 3.642894450048556276e+00
1.514540000000000077e+02 3.651701827504048481e+00
1.507949999999999875e+02 3.660460610186624386e+00
1.501359999999999957e+02 3.793965545412360196e+00
1.494759999999999991e+02 3.846986006860000362e+00
1.488170000000000073e+02 3.875775625543974368e+00
1.481570000000000107e+02 3.968893376507102833e+00
1.474970000000000141e+02 3.977561854118545348e+00
1.468379999999999939e+02 4.034389819745372030e+00
1.461779999999999973e+02 4.071134825807358304e+00
1.455180000000000007e+02 4.153988675333938119e+00
1.448580000000000041e+02 4.190663501491893150e+00
1.441980000000000075e+02 4.122972704124373777e+00
1.435380000000000109e+02 4.181677775813000153e+00
1.428779999999999859e+02 4.222284481044943583e+00
1.422179999999999893e+02 4.298960317655208030e+00
1.415579999999999927e+02 4.335514029210395748e+00
1.408979999999999961e+02 4.362006041902884768e+00
1.402379999999999995e+02 4.384457113990866794e+00
1.395769999999999982e+02 4.398892671689394795e+00
1.389170000000000016e+02 4.473377522159898589e+00
1.382560000000000002e+02 4.611730193662769928e+00
1.375960000000000036e+02 4.700030606889987972e+00
1.369350000000000023e+02 4.776308975924519196e+00
1.362750000000000057e+02 4.816550827790349487e+00
1.356140000000000043e+02 4.904721620944120453e+00
1.349540000000000077e+02 4.986795061140427698e+00
1.342930000000000064e+02 5.124706927815139146e+00
1.336320000000000050e+02 5.260494416018451247e+00
1.329710000000000036e+02 5.352339427908307634e+00
1.323100000000000023e+02 5.418199271667725192e+00
1.316490000000000009e+02 5.561695544200341068e+00
1.309879999999999995e+02 5.623430091804317854e+00
1.303269999999999982e+02 5.671227729463856448e+00
1.296659999999999968e+02 5.812498733655492522e+00
1.290049999999999955e+02 5.886064400742948344e+00
1.283420000000000130e+02 5.919787070197518375e+00
1.276809999999999974e+02 5.967405266264298014e+00
1.270190000000000055e+02 6.068605752010774346e+00
1.263580000000000041e+02 6.036653874640061979e+00
1.256959999999999980e+02 5.984814344584341583e+00
1.250349999999999966e+02 6.032292668999001961e+00
1.243730000000000047e+02 6.055982486237871498e+00
1.237120000000000033e+02 6.057758581507789231e+00
1.230499999999999972e+02 6.099240453584912736e+00
1.223880000000000052e+02 6.114868456166262511e+00
1.217259999999999991e+02 6.037375708284521636e+00
1.210639999999999930e+02 5.934175731800034548e+00
1.204030000000000058e+02 5.953866084225475142e+00
1.197409999999999997e+02 5.941850820734557281e+00
1.190780000000000030e+02 5.821005958716612305e+00
1.184150000000000063e+02 5.804896076493061940e+00
1.177530000000000001e+02 5.749457944288589140e+00
1.170909999999999940e+02 5.664381204061900377e+00
1.164279999999999973e+02 5.581324751191688804e+00
1.157660000000000053e+02 5.559603982588178006e+00
1.151039999999999992e+02 5.520067819571336187e+00
1.144410000000000025e+02 5.439152974007117614e+00
1.137789999999999964e+02 5.364137537902085029e+00
1.131159999999999997e+02 5.366208353007033693e+00
1.124539999999999935e+02 5.336675075449522687e+00
1.117890000000000015e+02 5.301149635566606122e+00
1.111269999999999953e+02 5.313071881161532062e+00
1.104639999999999986e+02 5.267797962461004069e+00
1.098010000000000019e+02 5.232422836667590005e+00
1.091380000000000052e+02 5.181340916271326869e+00
1.084749999999999943e+02 5.171605683415926080e+00
1.078119999999999976e+02 5.047844615207955243e+00
1.071490000000000009e+02 4.985159203943520190e+00
1.064849999999999994e+02 4.796296667230091515e+00
1.058209999999999980e+02 4.639399474500163656e+00
1.051580000000000013e+02 4.435484024474804166e+00
1.044950000000000045e+02 4.384853439639621264e+00
1.038319999999999936e+02 4.232217340142624629e+00
1.031680000000000064e+02 4.099224847269649530e+00
1.025049999999999955e+02 3.976115824430078494e+00
1.018400000000000034e+02 3.937319703786165803e+00
1.011760000000000019e+02 3.855543694893123874e+00
1.005130000000000052e+02 3.905094309161054600e+00
9.984900000000000375e+01 3.923260652084699984e+00
9.918529999999999802e+01 3.923822565097907056e+00
9.852150000000000318e+01 3.910560448399775346e+00
9.785769999999999413e+01 4.032312101176501073e+00
9.719230000000000302e+01 4.177751536008371680e+00
9.652830000000000155e+01 4.316964677481045065e+00
9.586430000000000007e+01 4.432522828644298585e+00
9.520029999999999859e+01 4.581244298510120494e+00
9.453610000000000468e+01 4.786458962854686305e+00
9.387199999999999989e+01 4.991523166470170025e+00
9.320619999999999550e+01 5.136456031398119570e+00
9.254200000000000159e+01 5.300287880719485756e+00
9.187760000000000105e+01 5.343165571723665686e+00
9.121320000000000050e+01 5.423059796894508899e+00
9.054879999999999995e+01 5.458072844238164301e+00
8.988280000000000314e+01 5.600291882755252360e+00
8.921819999999999595e+01 5.648837128349701864e+00
8.855360000000000298e+01 5.648705493969623959e+00
8.788890000000000668e+01 5.644663986360127339e+00
8.722419999999999618e+01 5.780640048688341359e+00
8.655939999999999657e+01 5.895056107691028835e+00
8.589300000000000068e+01 6.046700269839730524e+00
8.522809999999999775e+01 6.120185867552259573e+00
8.456319999999999482e+01 6.238290142948986094e+00
8.389820000000000277e+01 6.267032587110917596e+00
8.323160000000000025e+01 6.363819492719155591e+00
8.256650000000000489e+01 6.421570817235023654e+00
8.190130000000000621e+01 6.533645700277213031e+00
8.123609999999999332e+01 6.595182718833140001e+00
8.057080000000000553e+01 6.554001917239570041e+00
7.990389999999999304e+01 6.617526940484534492e+00
7.923850000000000193e+01 6.717647162204626099e+00
7.857299999999999329e+01 6.839014281481344604e+00
7.790749999999999886e+01 6.931243897967783063e+00
7.724039999999999395e+01 6.990768981702646379e+00
7.657479999999999620e+01 7.086754899045780043e+00
7.590909999999999513e+01 7.062853020903189005e+00
7.524339999999999407e+01 7.160699196249365350e+00
7.457760000000000389e+01 7.216045294476032268e+00
7.391020000000000323e+01 7.147698349270778628e+00
7.324429999999999552e+01 7.150855479019530669e+00
7.257829999999999870e+01 7.063374970454218804e+00
7.191230000000000189e+01 7.026068267950745572e+00
7.124469999999999459e+01 7.054238603291595133e+00
7.057850000000000534e+01 7.034315854355073228e+00
6.991230000000000189e+01 7.122256132358228520e+00
6.924609999999999843e+01 7.063679138116101264e+00
6.857829999999999870e+01 7.090039769102354228e+00
6.791190000000000282e+01 7.100881748782912339e+00
6.724550000000000693e+01 7.075152362630801939e+00
6.657750000000000057e+01 7.087892438675384099e+00
6.591100000000000136e+01 7.033412116256455349e+00
6.524439999999999884e+01 7.048110725440942304e+00
6.457769999999999300e+01 7.022472239770597646e+00
6.390950000000000131e+01 6.971797159905595009e+00
6.324269999999999925e+01 6.980733973199650499e+00
6.257589999999999719e+01 7.026046215977193476e+00
6.190899999999999892e+01 7.057942691189913020e+00
6.124060000000000059e+01 7.065004013865459065e+00
6.057359999999999900e+01 7.087255122646223704e+00
5.990659999999999741e+01 7.115322179110317613e+00
5.923799999999999955e+01 7.030234039622711428e+00
5.857079999999999842e+01 6.931981952088055010e+00
5.790359999999999729e+01 6.958126732546734416e+00
5.723629999999999995e+01 6.926861677950181040e+00
5.656750000000000256e+01 6.845803636608089882e+00
5.590010000000000190e+01 6.866206611523595349e+00
5.523270000000000124e+01 6.834963871913505962e+00
5.456360000000000099e+01 6.842020476572126420e+00
5.389609999999999701e+01 6.877572464194927626e+00
5.322849999999999682e+01 6.966563038399668173e+00
5.255930000000000035e+01 7.093761650785348039e+00
5.189159999999999684e+01 7.030104725661058040e+00
5.122379999999999711e+01 7.077013758284502742e+00
5.055440000000000111e+01 7.102969188890498664e+00
4.988660000000000139e+01 7.083154579347665347e+00
4.921860000000000213e+01 7.055825167430913147e+00
4.854910000000000281e+01 7.039774265032890277e+00
4.788100000000000023e+01 7.092335867574470321e+00
4.721289999999999765e+01 7.095348744145990594e+00
4.654319999999999879e+01 7.052804915898502891e+00
4.587500000000000000e+01 7.080541019331324293e+00
4.520669999999999789e+01 6.992401363156869110e+00
4.453679999999999950e+01 6.985956497744334470e+00
4.386840000000000117e+01 6.992848188858736158e+00
4.320000000000000284e+01 7.075651316878317942e+00
4.252989999999999782e+01 7.038771125118767458e+00
4.186129999999999995e+01 6.983080369977560764e+00
4.119270000000000209e+01 6.872397699630502288e+00
4.052250000000000085e+01 6.850815293830922137e+00
3.985379999999999967e+01 6.867222829182527910e+00
3.918500000000000227e+01 6.917685733269827608e+00
3.851460000000000150e+01 6.915034195928006611e+00
3.784570000000000078e+01 6.897267061570565794e+00
3.717519999999999669e+01 6.839836188308513698e+00
3.650619999999999976e+01 6.801320062866639482e+00
3.583709999999999951e+01 6.823330708669605116e+00
3.516640000000000299e+01 6.837767405969642276e+00
3.449719999999999942e+01 6.789907409357043733e+00
3.382800000000000296e+01 6.789219866845134455e+00
3.315709999999999980e+01 6.726200338719075411e+00
3.248780000000000001e+01 6.595472138186815769e+00
3.181680000000000064e+01 6.557048900438696926e+00
3.114730000000000132e+01 6.560269544909784756e+00
3.047779999999999845e+01 6.603005574143793410e+00
2.980669999999999931e+01 6.459204424327842808e+00
2.913700000000000045e+01 6.449275901334864614e+00
2.846730000000000160e+01 6.461915960117988966e+00
2.779599999999999937e+01 6.354046876694407153e+00
2.712620000000000076e+01 6.312153425574457799e+00
2.645479999999999876e+01 6.292780854572961324e+00
2.578490000000000038e+01 6.236000986321187156e+00
2.511329999999999885e+01 6.111412809330690976e+00
2.444330000000000069e+01 5.972077904327648845e+00
2.377319999999999922e+01 5.956794916891575475e+00
2.310150000000000148e+01 5.791109023185858184e+00
2.243130000000000024e+01 5.691510671839541402e+00
2.175949999999999918e+01 5.591657471347689423e+00
2.108909999999999840e+01 5.465933056944888513e+00
2.041870000000000118e+01 5.387165448974380766e+00
1.974680000000000035e+01 5.205175051308445155e+00
1.907629999999999981e+01 5.102220105112280635e+00
1.840419999999999945e+01 5.017770246492506914e+00
1.773349999999999937e+01 4.884980057045638979e+00
1.706129999999999924e+01 4.858717174794401572e+00
1.639059999999999917e+01 4.722371787594710213e+00
1.571979999999999933e+01 4.644006028678893117e+00
1.504739999999999966e+01 4.617861018305431386e+00
1.437650000000000006e+01 4.552618836013555992e+00
1.370410000000000039e+01 4.558334379738299802e+00
1.303299999999999947e+01 4.474543795448422401e+00
1.236040000000000028e+01 4.429887320871134015e+00
1.168929999999999936e+01 4.376046255829360021e+00
1.101660000000000039e+01 4.415345669776484350e+00
1.034529999999999994e+01 4.620354578985726768e+00
9.672489999999999810e+00 4.786387160116698958e+00
9.001129999999999853e+00 4.970468469941715206e+00
8.329710000000000392e+00 5.122696606717042300e+00
7.656710000000000349e+00 5.433575823753532319e+00
6.985170000000000101e+00 6.198712069316709261e+00
6.312050000000000161e+00 6.993281920761407200e+00
5.640399999999999636e+00 7.818987839125059125e+00
4.967170000000000307e+00 8.525072483030895043e+00
4.295410000000000394e+00 9.130292965377121206e+00
3.622059999999999835e+00 9.734756800157844836e+00
2.950180000000000025e+00 1.030013609939849140e+01
2.276720000000000077e+00 1.093487927054272468e+01
1.604729999999999990e+00 1.140534965596783401e+01
9.311519999999999797e-01 1.147539102616793016e+01
2.590439999999999965e-01 1.147433452060005443e+01
