6.869719999999999800e+02 -1.105849991976136515e+01
6.863600000000000136e+02 1.929123605122808227e+00
6.857469999999999573e+02 1.112591619993230418e+00
6.851349999999999909e+02 2.732810882855417844e+00
6.845230000000000246e+02 -5.109564056965296697e-01
6.839120000000000346e+02 5.953749252182519491e+00
6.832989999999999782e+02 -6.960032009918925233e+00
6.826870000000000118e+02 -4.080169225574552527e+00
6.820739999999999554e+02 -2.264645355527444437e+01
6.814610000000000127e+02 -1.734945287937756930e+01
6.808490000000000464e+02 -1.678877580002501801e+01
6.802359999999999900e+02 -1.582253619121335575e+01
6.796230000000000473e+02 -1.720775412466698029e+01
6.790099999999999909e+02 -1.429313410044628441e+01
6.783980000000000246e+02 -1.049261454570917351e+01
6.777859999999999445e+02 -1.144282982006986416e+01
6.771730000000000018e+02 -1.383692806344273052e+01
6.765599999999999454e+02 -9.618850045026773543e+00
6.759470000000000027e+02 -8.681159346621120321e+00
6.753339999999999463e+02 -5.917828922328306263e+00
6.747210000000000036e+02 2.023743875239443657e+00
6.741079999999999472e+02 5.298787926713106167e+00
6.734940000000000282e+02 2.499687419608606742e+00
6.728809999999999718e+02 1.059553828542714848e+00
6.722680000000000291e+02 5.842220604444907650e+00
6.716539999999999964e+02 8.273138220258989151e+00
6.710410000000000537e+02 1.205992093084315542e+01
6.704270000000000209e+02 1.031988058428748900e+01
6.698150000000000546e+02 9.761427139487894422e+00
6.692010000000000218e+02 1.300837715025284247e+01
6.685879999999999654e+02 5.217790433228080005e+00
6.679740000000000464e+02 1.515331369324555810e+00
6.673600000000000136e+02 -2.324336848701011593e-01
6.667459999999999809e+02 -1.024086008396109371e+01
6.661330000000000382e+02 -6.606118481288168809e+00
6.655190000000000055e+02 -1.431778436170504598e+01
6.649049999999999727e+02 -5.709478357966427886e+00
6.642910000000000537e+02 -7.011508026467958565e+00
6.636770000000000209e+02 -1.188192125181229208e+01
6.630629999999999882e+02 -1.102145889637663245e+01
6.624479999999999791e+02 -6.500747923935861650e+00
6.618339999999999463e+02 -2.484627251156823924e+00
6.612200000000000273e+02 3.354186692413548165e+00
6.606059999999999945e+02 1.167466239043541520e+00
6.599909999999999854e+02 5.200118025515722664e+00
6.593769999999999527e+02 7.824527143356647230e+00
6.587619999999999436e+02 7.742863912630221002e+00
6.581480000000000246e+02 9.132618181707545801e+00
6.575330000000000155e+02 1.110217672756139073e+01
6.569189999999999827e+02 1.379246334255979001e+01
6.563039999999999736e+02 1.575641319597574785e+01
6.556889999999999645e+02 1.400132285768477658e+01
6.550750000000000455e+02 1.443331948716431690e+01
6.544600000000000364e+02 1.544572434191010757e+01
6.538450000000000273e+02 1.326089016780739982e+01
6.532300000000000182e+02 1.008823048669758293e+01
6.526150000000000091e+02 4.841424316234154368e+00
6.520000000000000000e+02 4.785940320012245230e+00
6.513849999999999909e+02 4.759017355738531130e+00
6.507699999999999818e+02 4.757276443753312378e+00
6.501549999999999727e+02 5.241567489253892376e+00
6.495389999999999873e+02 3.930405654428172912e+00
6.489239999999999782e+02 3.499841552131620404e+00
6.483089999999999691e+02 3.563597523532262112e+00
6.476929999999999836e+02 8.732108750157269839e+00
6.470779999999999745e+02 1.036200377134905715e+01
6.464629999999999654e+02 1.029537084537325597e+01
6.458469999999999800e+02 9.893779877142820922e+00
6.452319999999999709e+02 1.033991319555003763e+01
6.446159999999999854e+02 4.820216098444587871e+00
6.439990000000000236e+02 9.035772838641705107e+00
6.433830000000000382e+02 6.977421070974856754e+00
6.427670000000000528e+02 3.531607074234518695e+00
6.421520000000000437e+02 5.155434584163182343e+00
6.415359999999999445e+02 2.302866188954003412e+00
6.409199999999999591e+02 -2.272812135121049071e+00
6.403039999999999736e+02 2.299232496868536257e-01
6.396879999999999882e+02 -7.700646096514255134e+00
6.390720000000000027e+02 -3.575064671519307069e+00
6.384560000000000173e+02 -4.381234163639666335e+00
6.378400000000000318e+02 -8.125930952743823710e+00
6.372229999999999563e+02 -6.832870070119633432e+00
6.366069999999999709e+02 -1.298327836953152215e+01
6.359909999999999854e+02 -1.424305290418057801e+01
6.353730000000000473e+02 -7.680723785061693398e+00
6.347569999999999482e+02 -1.132057627912538145e+01
6.341399999999999864e+02 -4.333940246609670588e+00
6.335240000000000009e+02 -7.166334993011465038e+00
6.329070000000000391e+02 -1.078467131509965249e+01
6.322899999999999636e+02 -8.330155335181707699e+00
6.316739999999999782e+02 -2.271414084043986037e+00
6.310570000000000164e+02 -5.484373330451965067e+00
6.304400000000000546e+02 -1.433271409301582366e+00
6.298220000000000027e+02 -2.597272287232077037e+00
6.292050000000000409e+02 -1.403371626410548689e+00
6.285879999999999654e+02 -2.211776603482666914e+00
6.279710000000000036e+02 3.800667520348641304e+00
6.273540000000000418e+02 1.010419711139191357e+01
6.267369999999999663e+02 1.007534493065011461e+01
6.261200000000000045e+02 6.850066145252695193e+00
6.255030000000000427e+02 1.277410020086164266e+01
6.248840000000000146e+02 9.597223052679627386e+00
6.242670000000000528e+02 1.036970688261948048e+01
6.236499999999999773e+02 1.465578536859271352e+01
6.230320000000000391e+02 9.907480795090453540e+00
6.224149999999999636e+02 4.772180155546798197e+00
6.217980000000000018e+02 -3.396607551491778842e+00
6.211799999999999500e+02 9.042658450070143461e-01
6.205610000000000355e+02 -2.201679005001571987e+00
6.199429999999999836e+02 3.625118184623640882e+00
6.193260000000000218e+02 5.940477685377525852e+00
6.187079999999999700e+02 5.442079509030612883e-01
6.180900000000000318e+02 -4.886093183504968351e+00
6.174719999999999800e+02 -2.925821528625784040e+00
6.168529999999999518e+02 -2.534754278963439855e+00
6.162350000000000136e+02 1.532490317008737835e-01
6.156169999999999618e+02 -2.529931047334998517e+00
6.149990000000000236e+02 2.437929047565760232e+00
6.143809999999999718e+02 -2.234899754717994680e-01
6.137630000000000337e+02 -3.655207889071128591e+00
6.131430000000000291e+02 4.834552247821534698e-01
6.125249999999999773e+02 2.392899057661759255e+00
6.119070000000000391e+02 -1.384321100847185848e+00
6.112889999999999873e+02 8.878729710775836725e-01
6.106699999999999591e+02 5.067017053363853663e-01
6.100510000000000446e+02 -1.740195508539988722e+00
6.094320000000000164e+02 -2.307347258635662202e-01
6.088139999999999645e+02 -2.081137259465205336e+00
6.081950000000000500e+02 1.270719505989922116e+00
6.075760000000000218e+02 5.407543586590042306e-01
6.069560000000000173e+02 5.040867337644081125e+00
6.063379999999999654e+02 1.016955345610845818e+01
6.057190000000000509e+02 9.752578252572803308e+00
6.051000000000000227e+02 1.598504212616223974e+01
6.044809999999999945e+02 1.520961710079261842e+01
6.038609999999999900e+02 1.152799714678765319e+01
6.032419999999999618e+02 1.219993716536342276e+01
6.026230000000000473e+02 1.148607622040607623e+01
6.020040000000000191e+02 1.220685920989623163e+01
6.013830000000000382e+02 7.421851193624533494e+00
6.007640000000000100e+02 9.589216299362661289e+00
6.001449999999999818e+02 1.572527843800186531e+01
5.995249999999999773e+02 1.171761175631750262e+01
5.989049999999999727e+02 7.708064669175192840e+00
5.982849999999999682e+02 4.445968989277695016e+00
5.976660000000000537e+02 4.863600520859019949e-01
5.970460000000000491e+02 -2.450430615314960203e+00
5.964249999999999545e+02 -7.807884385210078548e+00
5.958060000000000400e+02 -3.891027394730461886e+00
5.951860000000000355e+02 -7.106904102582856098e+00
5.945670000000000073e+02 -1.351692800438033970e+01
5.939450000000000500e+02 -1.206652351059128669e+01
5.933260000000000218e+02 -1.803701983671704978e+00
5.927060000000000173e+02 2.826823998487389966e-01
5.920860000000000127e+02 -7.173786086151145991e-01
5.914650000000000318e+02 3.930233821182683718e-01
5.908450000000000273e+02 -1.347659063386184020e+00
5.902250000000000227e+02 -4.467876217862656318e+00
5.896029999999999518e+02 -5.111669878156059887e+00
5.889829999999999472e+02 -4.690803647228091400e+00
5.883630000000000564e+02 -1.214826530138741312e+00
5.877419999999999618e+02 -7.761955131301490063e+00
5.871209999999999809e+02 -6.714996982427209993e+00
5.865000000000000000e+02 -3.598303668863154225e+00
5.858799999999999955e+02 -2.220359871385734429e+00
5.852580000000000382e+02 1.923591703719473855e+00
5.846380000000000337e+02 3.628343481778565138e+00
5.840170000000000528e+02 6.360219083549567998e+00
5.833949999999999818e+02 6.986092382453321648e+00
5.827740000000000009e+02 6.287780302589457193e+00
5.821539999999999964e+02 8.965420433049859028e+00
5.815320000000000391e+02 5.601947401372733282e+00
5.809109999999999445e+02 7.550591845887445253e+00
5.802899999999999636e+02 2.855623749626239771e+00
5.796680000000000064e+02 6.833848837516932839e+00
5.790470000000000255e+02 4.507480339270228953e+00
5.784260000000000446e+02 2.479107117980892117e+00
5.778049999999999500e+02 2.781049649203616969e+00
5.771820000000000164e+02 -2.201916673187481521e+00
5.765610000000000355e+02 -1.198728566148354879e+00
5.759379999999999882e+02 3.383914174191997137e+00
5.753170000000000073e+02 -1.536881064436665056e+00
5.746960000000000264e+02 2.424827753420574439e+00
5.740729999999999791e+02 2.053852355461393664e+00
5.734519999999999982e+02 2.020640848137187806e+00
5.728300000000000409e+02 2.680339973333866865e+00
5.722069999999999936e+02 3.049384432073640294e+00
5.715860000000000127e+02 9.226550822394870011e+00
5.709640000000000555e+02 6.288522116999149425e+00
5.703410000000000082e+02 3.427635543494084835e+00
5.697190000000000509e+02 3.751369416435593962e+00
5.690979999999999563e+02 5.937837647656923679e+00
5.684740000000000464e+02 1.766575791751032742e+00
5.678529999999999518e+02 6.229448593452419303e+00
5.672290000000000418e+02 5.879366120484180058e+00
5.666069999999999709e+02 5.585553893664421565e+00
5.659850000000000136e+02 7.943997349353374426e-01
5.653619999999999663e+02 3.330939296319407550e+00
5.647400000000000091e+02 8.086393204095561060e+00
5.641169999999999618e+02 8.976846223234209887e+00
5.634940000000000282e+02 8.023842143786218628e+00
5.628719999999999573e+02 1.053645187853993725e+01
5.622480000000000473e+02 7.703415283547404790e+00
5.616250000000000000e+02 9.560520629290049754e+00
5.610030000000000427e+02 7.628431842626663517e+00
5.603790000000000191e+02 1.009658477729260184e+01
5.597569999999999482e+02 1.004057274263286992e+01
5.591330000000000382e+02 8.470670294174556858e+00
5.585099999999999909e+02 8.780201584302194107e+00
5.578859999999999673e+02 9.094673887004951496e+00
5.572630000000000337e+02 9.060273088543661757e+00
5.566399999999999864e+02 8.774012507907999137e+00
5.560159999999999627e+02 1.213638035932934045e+01
5.553930000000000291e+02 1.183219132786852512e+01
5.547690000000000055e+02 1.301123939596305590e+01
5.541459999999999582e+02 1.301047823091395728e+01
5.535209999999999582e+02 9.908949322963611195e+00
5.528980000000000246e+02 1.381095116039668902e+01
5.522749999999999773e+02 1.405652679626253310e+01
5.516509999999999536e+02 1.282936522110658828e+01
5.510270000000000437e+02 1.215229951245452966e+01
5.504030000000000200e+02 1.387410633053526432e+01
5.497789999999999964e+02 1.497466810806282389e+01
5.491549999999999727e+02 1.258159505116373822e+01
5.485309999999999491e+02 1.227580816774506189e+01
5.479059999999999491e+02 1.906556810170947713e+01
5.472830000000000155e+02 1.633669558845978287e+01
5.466589999999999918e+02 1.837414751824600856e+01
5.460339999999999918e+02 2.040085609405126732e+01
5.454099999999999682e+02 1.949059760743811154e+01
5.447849999999999682e+02 1.156144501685588288e+01
5.441609999999999445e+02 1.451976447302032724e+01
5.435359999999999445e+02 1.417033181545429343e+01
5.429120000000000346e+02 1.763245654967731824e+01
5.422870000000000346e+02 1.061454712519093668e+01
5.416630000000000109e+02 1.381685403292898506e+01
5.410370000000000346e+02 7.692112686738959759e+00
5.404130000000000109e+02 6.525146582229625736e+00
5.397880000000000109e+02 1.026312717512512585e+01
5.391630000000000109e+02 1.338761076071107325e+01
5.385380000000000109e+02 9.306806656339325912e+00
5.379139999999999873e+02 1.015827894246223373e+01
5.372880000000000109e+02 7.823628527024864887e+00
5.366630000000000109e+02 1.061810548099017559e+01
5.360370000000000346e+02 5.772676187257441249e+00
5.354130000000000109e+02 1.201601587113305314e+01
5.347870000000000346e+02 1.140733851258449150e+01
5.341620000000000346e+02 9.946816985829245894e+00
5.335359999999999445e+02 7.395677156918215367e+00
5.329109999999999445e+02 1.129343589663976211e+01
5.322849999999999682e+02 1.205473763234213536e+01
5.316599999999999682e+02 1.092691704860031976e+01
5.310339999999999918e+02 8.484976750968852954e+00
5.304089999999999918e+02 5.398691192946814432e+00
5.297830000000000155e+02 3.707542203660605828e+00
5.291580000000000155e+02 3.712195550910555308e+00
5.285309999999999491e+02 -6.931690736723399304e-01
5.279049999999999727e+02 9.309167642394510223e-01
5.272799999999999727e+02 -6.903439648288723918e-01
5.266530000000000200e+02 -2.020031360517207553e+00
5.260280000000000200e+02 -2.314413099522847350e+00
5.254009999999999536e+02 -2.885496700430377093e+00
5.247759999999999536e+02 4.420824094280934702e+00
5.241490000000000009e+02 7.930408132055261738e+00
5.235230000000000246e+02 9.236166718449096535e+00
5.228959999999999582e+02 7.784622990270650078e+00
5.222709999999999582e+02 8.529284603583743518e+00
5.216440000000000055e+02 8.836440306241417630e+00
5.210159999999999627e+02 8.649636977059543597e+00
5.203909999999999627e+02 9.003037131638787827e+00
5.197630000000000337e+02 9.547858901747032334e+00
5.191380000000000337e+02 1.007720752561485433e+01
5.185099999999999909e+02 1.122507766107200489e+01
5.178840000000000146e+02 8.854476991850942724e+00
5.172569999999999482e+02 8.048465952572595228e+00
5.166299999999999955e+02 8.257999351519982767e+00
5.160030000000000427e+02 7.480865834613024568e+00
5.153759999999999764e+02 8.810628596965340620e+00
5.147500000000000000e+02 1.077831139745107869e+01
5.141219999999999573e+02 9.535102401183834786e+00
5.134940000000000282e+02 1.021231630396209233e+01
5.128680000000000518e+02 1.037765724579963234e+01
5.122400000000000091e+02 9.938987897605283450e+00
5.116139999999999759e+02 1.034200617863467464e+01
5.109859999999999900e+02 9.305979348808103069e+00
5.103580000000000041e+02 9.749777324406021961e+00
5.097309999999999945e+02 5.659934232726611114e+00
5.091030000000000086e+02 4.935931843668024399e+00
5.084759999999999991e+02 1.923339769928378518e+00
5.078480000000000132e+02 1.635733178906392027e+00
5.072200000000000273e+02 3.430628735643665994e+00
5.065930000000000177e+02 4.383784422466041164e+00
5.059649999999999750e+02 4.855763583820023932e+00
5.053360000000000127e+02 4.612581771918658369e+00
5.047090000000000032e+02 5.350054645975245826e+00
5.040810000000000173e+02 6.841959898745526125e+00
5.034519999999999982e+02 8.553650076263542346e+00
5.028249999999999886e+02 1.076626627905378086e+01
5.021960000000000264e+02 8.791150361258948109e+00
5.015690000000000168e+02 8.737866228700527316e+00
5.009399999999999977e+02 9.432829891837970493e+00
5.003109999999999786e+02 6.235743864958072535e+00
4.996840000000000259e+02 6.954118428864534351e+00
4.990550000000000068e+02 4.481917702265867831e+00
4.984259999999999877e+02 6.888010056860429664e+00
4.977980000000000018e+02 4.199726190055217856e+00
4.971689999999999827e+02 1.756974999334525389e+00
4.965400000000000205e+02 5.603703717916614480e+00
4.959119999999999777e+02 6.301755235063431826e+00
4.952830000000000155e+02 7.276296944658230181e+00
4.946539999999999964e+02 6.767344942032331723e+00
4.940260000000000105e+02 9.313310574457243973e+00
4.933969999999999914e+02 8.392665914185407416e+00
4.927669999999999959e+02 3.880469983886051910e+00
4.921390000000000100e+02 6.716325113651056000e+00
4.915099999999999909e+02 7.393361983058776232e+00
4.908799999999999955e+02 4.075583380638724940e+00
4.902500000000000000e+02 -1.312507250381520718e+00
4.896220000000000141e+02 -3.172191877060086984e+00
4.889920000000000186e+02 5.687069189116800150e-01
4.883629999999999995e+02 -3.187550020252214455e-01
4.877339999999999804e+02 1.989682027648193241e+00
4.871039999999999850e+02 5.677846549386665664e+00
4.864739999999999895e+02 2.675894835206507505e+00
4.858460000000000036e+02 7.018872446853933411e+00
4.852160000000000082e+02 7.683770401784854265e+00
4.845860000000000127e+02 1.083799523790675146e+01
4.839549999999999841e+02 8.469871427639706241e+00
4.833269999999999982e+02 8.948318199547514951e+00
4.826960000000000264e+02 9.364927990910333122e+00
4.820659999999999741e+02 8.879149587123279730e+00
4.814370000000000118e+02 9.655811342316294343e+00
4.808070000000000164e+02 9.900194352502960982e+00
4.801759999999999877e+02 1.151658147904487883e+01
4.795459999999999923e+02 1.014952168431740986e+01
4.789169999999999732e+02 6.797000972797683893e+00
4.782860000000000014e+02 4.784687465625546032e+00
4.776549999999999727e+02 2.536424845910305148e+00
4.770249999999999773e+02 3.838420747259114307e+00
4.763949999999999818e+02 4.922272841412461908e+00
4.757640000000000100e+02 2.496618323060187716e+00
4.751329999999999814e+02 1.640598014393541471e+00
4.745020000000000095e+02 4.232940766167684110e+00
4.738729999999999905e+02 5.302866402104057464e+00
4.732420000000000186e+02 7.028932294592654451e+00
4.726109999999999900e+02 9.192164103110917139e+00
4.719800000000000182e+02 9.178516421688838633e+00
4.713500000000000227e+02 6.593610962159905498e+00
4.707189999999999941e+02 4.236521212565621752e+00
4.700869999999999891e+02 2.712564769034306877e+00
4.694560000000000173e+02 5.649653954583570004e-01
4.688249999999999886e+02 -5.033966781357062104e-01
4.681949999999999932e+02 -7.853364202957513474e-02
4.675629999999999882e+02 2.263205064474771433e+00
4.669309999999999832e+02 1.399505924934527412e+00
4.663000000000000114e+02 3.505208940279878504e+00
4.656700000000000159e+02 7.029912388623516861e+00
4.650380000000000109e+02 7.406038866823264399e+00
4.644060000000000059e+02 7.439935740803419684e+00
4.637740000000000009e+02 8.949325983310606247e+00
4.631419999999999959e+02 1.031472243800238431e+01
4.625120000000000005e+02 1.007953988168224591e+01
4.618799999999999955e+02 9.725733272256944062e+00
4.612479999999999905e+02 1.023486758512020600e+01
4.606159999999999854e+02 1.023391426076256927e+01
4.599839999999999804e+02 1.006559758978513841e+01
4.593519999999999754e+02 1.013650507711228421e+01
4.587210000000000036e+02 1.018151436487680961e+01
4.580880000000000223e+02 1.005557951736608224e+01
4.574560000000000173e+02 9.407631708567810946e+00
4.568240000000000123e+02 9.578937732530897975e+00
4.561909999999999741e+02 7.556141627059485444e+00
4.555600000000000023e+02 7.517904193590013939e+00
4.549279999999999973e+02 6.084216702913830765e+00
4.542950000000000159e+02 8.040712435953404125e+00
4.536619999999999777e+02 9.031401050188875956e+00
4.530299999999999727e+02 8.602518660750558155e+00
4.523969999999999914e+02 6.380450569500500713e+00
4.517660000000000196e+02 2.639606639645191155e+00
4.511329999999999814e+02 5.379512358275041706e+00
4.505000000000000000e+02 4.773481687550532371e+00
4.498670000000000186e+02 4.952500342046081805e+00
4.492339999999999804e+02 5.540265294703251797e+00
4.486009999999999991e+02 4.377425591944165362e+00
4.479680000000000177e+02 3.761384018970018062e+00
4.473360000000000127e+02 2.403532855853615313e+00
4.467029999999999745e+02 2.019729958944501025e+00
4.460690000000000168e+02 7.000337202519443913e+00
4.454359999999999786e+02 3.359473192353414461e+00
4.448029999999999973e+02 5.269438802478586759e+00
4.441689999999999827e+02 6.200703636173337863e+00
4.435360000000000014e+02 5.832896399159848144e+00
4.429019999999999868e+02 5.988811210892687420e+00
4.422699999999999818e+02 5.036844814057787723e+00
4.416360000000000241e+02 4.455835563178516701e+00
4.410029999999999859e+02 6.285167211176501567e+00
4.403690000000000282e+02 2.702232319048003983e+00
4.397350000000000136e+02 6.393966607328715135e+00
4.391009999999999991e+02 6.008969014008926024e+00
4.384669999999999845e+02 6.025749088157929201e+00
4.378330000000000268e+02 3.961777934183783323e+00
4.371990000000000123e+02 3.595240304929807618e+00
4.365649999999999977e+02 2.696984444797153824e+00
4.359329999999999927e+02 5.252676455714478720e+00
4.352980000000000018e+02 5.994348488804953412e+00
4.346639999999999873e+02 8.724042344105892965e+00
4.340299999999999727e+02 7.081448459778654225e+00
4.333960000000000150e+02 4.695832388837162696e+00
4.327610000000000241e+02 4.839654564452525953e+00
4.321270000000000095e+02 7.494336421909935098e+00
4.314920000000000186e+02 7.973141955620841159e+00
4.308580000000000041e+02 1.004600129000577091e+01
4.302230000000000132e+02 8.600880973590081524e+00
4.295889999999999986e+02 8.381574663918376800e+00
4.289540000000000077e+02 9.572396243587368403e+00
4.283190000000000168e+02 1.006012639866889913e+01
4.276859999999999786e+02 1.422809299611897593e+01
4.270509999999999877e+02 1.522919513688599835e+01
4.264159999999999968e+02 1.449257022504444770e+01
4.257810000000000059e+02 1.274203919722941158e+01
4.251460000000000150e+02 1.290077454691910575e+01
4.245110000000000241e+02 1.320018648717716303e+01
4.238759999999999764e+02 1.211006632076382772e+01
4.232409999999999854e+02 1.087502649423408485e+01
4.226050000000000182e+02 1.050686343424933789e+01
4.219700000000000273e+02 9.119729803292617731e+00
4.213349999999999795e+02 7.215603286774149083e+00
4.206990000000000123e+02 9.061926543339099638e+00
4.200640000000000214e+02 1.138883762512975828e+01
4.194289999999999736e+02 9.664240413946895814e+00
4.187930000000000064e+02 9.956561729271193428e+00
4.181569999999999823e+02 1.078989327459524539e+01
4.175219999999999914e+02 1.090546402982225338e+01
4.168860000000000241e+02 1.120417732246472475e+01
4.162500000000000000e+02 9.176973519744644037e+00
4.156150000000000091e+02 1.326255484969009757e+01
4.149789999999999850e+02 9.928315146444681716e+00
4.143430000000000177e+02 1.120509586818457670e+01
4.137069999999999936e+02 1.261808712156046930e+01
4.130710000000000264e+02 1.258389620971334288e+01
4.124350000000000023e+02 1.107039012620566609e+01
4.117989999999999782e+02 1.102740460566062985e+01
4.111630000000000109e+02 8.402416669642898128e+00
4.105260000000000105e+02 9.985653591609171542e+00
4.098899999999999864e+02 7.400310951860303632e+00
4.092540000000000191e+02 7.671420372822825406e+00
4.086170000000000186e+02 6.841955951302280070e+00
4.079809999999999945e+02 6.370339475275336838e+00
4.073439999999999941e+02 7.280464188254026858e+00
4.067080000000000268e+02 1.072526199461232466e+01
4.060710000000000264e+02 9.935574693244330291e+00
4.054350000000000023e+02 1.006416411642240050e+01
4.047980000000000018e+02 1.158742798053244627e+01
4.041610000000000014e+02 1.063638570005869610e+01
4.035240000000000009e+02 1.218044956468462026e+01
4.028879999999999768e+02 1.168007815812578087e+01
4.022509999999999764e+02 1.423980637699226293e+01
4.016139999999999759e+02 1.130011538651568337e+01
4.009769999999999754e+02 1.079070863305130956e+01
4.003399999999999750e+02 1.090496922547632153e+01
3.997029999999999745e+02 1.056045272528367995e+01
3.990649999999999977e+02 9.324043528738586772e+00
3.984279999999999973e+02 1.108701225422712078e+01
3.977909999999999968e+02 9.544198721724551859e+00
3.971519999999999868e+02 9.069074031541303427e+00
3.965149999999999864e+02 7.868428841457504319e+00
3.958770000000000095e+02 8.877753880211098902e+00
3.952400000000000091e+02 6.645347000186197839e+00
3.946019999999999754e+02 6.616594507843975848e+00
3.939649999999999750e+02 8.207255335260732920e+00
3.933269999999999982e+02 7.283296069871019185e+00
3.926890000000000214e+02 6.540056828705116843e+00
3.920520000000000209e+02 7.823916672428908647e+00
3.914139999999999873e+02 8.108052312962845676e+00
3.907760000000000105e+02 7.341782715629927125e+00
3.901379999999999768e+02 8.190978519147682491e+00
3.895000000000000000e+02 8.586139980814781580e+00
3.888609999999999900e+02 9.133754996851388697e+00
3.882230000000000132e+02 9.395987502695392735e+00
3.875849999999999795e+02 9.208084557984948404e+00
3.869460000000000264e+02 8.890647752191616959e+00
3.863079999999999927e+02 9.292775715843193396e+00
3.856700000000000159e+02 9.668406827223687827e+00
3.850319999999999823e+02 1.007032316204097100e+01
3.843929999999999723e+02 1.185030254801439398e+01
3.837549999999999955e+02 1.045904101653345109e+01
3.831159999999999854e+02 1.071858193722245467e+01
3.824759999999999991e+02 1.093132940493415184e+01
3.818380000000000223e+02 1.116889471421741575e+01
3.811990000000000123e+02 1.157152583842191795e+01
3.805600000000000023e+02 1.108174575057857858e+01
3.799220000000000255e+02 1.243459309552973657e+01
3.792830000000000155e+02 1.081257459280202937e+01
3.786440000000000055e+02 9.449409232203976217e+00
3.780049999999999955e+02 8.072261583584849021e+00
3.773650000000000091e+02 6.827735156102857417e+00
3.767259999999999991e+02 7.879170516872646246e+00
3.760860000000000127e+02 7.705527817529021384e+00
3.754470000000000027e+02 9.811014416158659657e+00
3.748079999999999927e+02 1.139203585381499728e+01
3.741689999999999827e+02 8.823959154357504886e+00
3.735299999999999727e+02 9.961763231066798951e+00
3.728890000000000100e+02 1.110019900436493678e+01
3.722500000000000000e+02 1.029203456005086892e+01
3.716100000000000136e+02 1.297489469814791896e+01
3.709710000000000036e+02 1.241599512544603989e+01
3.703310000000000173e+02 1.342294061490104262e+01
3.696909999999999741e+02 1.249044001951652128e+01
3.690500000000000114e+02 1.011590897912405929e+01
3.684110000000000014e+02 9.305771577797463223e+00
3.677710000000000150e+02 8.520827690234357377e+00
3.671309999999999718e+02 9.505599473647736275e+00
3.664909999999999854e+02 1.110708122416386878e+01
3.658509999999999991e+02 1.005208547947646025e+01
3.652099999999999795e+02 9.625953047586833122e+00
3.645699999999999932e+02 7.941666280634240849e+00
3.639300000000000068e+02 1.013792449606726720e+01
3.632900000000000205e+02 1.070527658839872842e+01
3.626490000000000009e+02 1.043106024365794049e+01
3.620079999999999814e+02 1.200007526155164328e+01
3.613670000000000186e+02 1.256965940499195078e+01
3.607269999999999754e+02 1.116237295303459476e+01
3.600869999999999891e+02 1.174222567574359388e+01
3.594460000000000264e+02 1.061015990494859551e+01
3.588039999999999736e+02 1.226477020284772479e+01
3.581639999999999873e+02 1.125263299262756078e+01
3.575230000000000246e+02 1.230629787604330261e+01
3.568829999999999814e+02 1.273822550904776918e+01
3.562420000000000186e+02 1.231523932040471792e+01
3.556000000000000227e+02 1.133583521866575161e+01
3.549590000000000032e+02 1.260663349947276934e+01
3.543179999999999836e+02 1.137680062384541380e+01
3.536770000000000209e+02 1.190152912811427122e+01
3.530350000000000250e+02 1.116086177123305667e+01
3.523940000000000055e+02 1.032348694672374734e+01
3.517520000000000095e+02 1.051538331173791185e+01
3.511109999999999900e+02 1.104874591761666380e+01
3.504689999999999941e+02 1.054178775471751450e+01
3.498269999999999982e+02 1.107021266848122920e+01
3.491859999999999786e+02 1.034151667644374584e+01
3.485450000000000159e+02 1.132672856190917265e+01
3.479019999999999868e+02 1.005482990171423374e+01
3.472599999999999909e+02 9.319148731627727500e+00
3.466190000000000282e+02 1.173764203361061753e+01
3.459769999999999754e+02 1.191503004079877570e+01
3.453340000000000032e+02 1.298892879660259858e+01
3.446929999999999836e+02 1.350995103371417905e+01
3.440509999999999877e+02 1.211298241159865441e+01
3.434089999999999918e+02 1.207765414470333809e+01
3.427660000000000196e+02 1.171176617714198720e+01
3.421240000000000236e+02 1.341975880166008572e+01
3.414820000000000277e+02 1.479663706394914158e+01
3.408399999999999750e+02 1.289932506362256959e+01
3.401970000000000027e+02 1.154240896536166971e+01
3.395539999999999736e+02 1.010517315787700987e+01
3.389119999999999777e+02 9.529067024560445631e+00
3.382690000000000055e+02 1.090270989779254052e+01
3.376259999999999764e+02 1.169863124413755351e+01
3.369839999999999804e+02 1.217323291747002934e+01
3.363419999999999845e+02 1.180745715754521541e+01
3.356979999999999791e+02 1.208589765341769073e+01
3.350550000000000068e+02 1.245706197843386143e+01
3.344130000000000109e+02 1.356403161408676183e+01
3.337690000000000055e+02 1.558110600456012307e+01
3.331259999999999764e+02 1.603335154276691910e+01
3.324830000000000041e+02 1.502550499410019391e+01
3.318389999999999986e+02 1.415444927560453792e+01
3.311960000000000264e+02 1.379087010658566825e+01
3.305539999999999736e+02 1.568010800516586478e+01
3.299110000000000014e+02 1.460397995564208173e+01
3.292660000000000196e+02 1.524526615949852015e+01
3.286229999999999905e+02 1.447103131650995955e+01
3.279800000000000182e+02 1.290660588554547772e+01
3.273360000000000127e+02 1.225219048253993215e+01
3.266929999999999836e+02 1.399794401631926988e+01
3.260489999999999782e+02 1.343452723508452884e+01
3.254049999999999727e+02 1.347887504962865179e+01
3.247610000000000241e+02 1.116600182589132828e+01
3.241179999999999950e+02 1.131719888007160435e+01
3.234730000000000132e+02 1.234403376275996322e+01
3.228290000000000077e+02 1.452710833061902207e+01
3.221840000000000259e+02 1.602958960092916385e+01
3.215409999999999968e+02 1.418675013655643014e+01
3.208969999999999914e+02 1.479038269839143815e+01
3.202520000000000095e+02 1.701864654132937815e+01
3.196080000000000041e+02 1.716381083638627914e+01
3.189639999999999986e+02 1.698603867286418279e+01
3.183190000000000168e+02 1.692008331643125985e+01
3.176750000000000114e+02 1.674335973670264011e+01
3.170310000000000059e+02 1.690340324806517103e+01
3.163860000000000241e+02 1.524531844488343424e+01
3.157420000000000186e+02 1.545163933208348617e+01
3.150980000000000132e+02 1.447401212306280804e+01
3.144519999999999982e+02 1.441406629722164645e+01
3.138079999999999927e+02 1.535118132869098950e+01
3.131619999999999777e+02 1.519710829176640665e+01
3.125179999999999723e+02 1.522373996775536220e+01
3.118729999999999905e+02 1.434181303098346127e+01
3.112269999999999754e+02 1.284360455163476367e+01
3.105830000000000268e+02 1.386404856258186591e+01
3.099370000000000118e+02 1.265030808746070612e+01
3.092919999999999732e+02 1.196688067290823732e+01
3.086469999999999914e+02 1.182845456267489581e+01
3.080009999999999764e+02 1.160608686689282010e+01
3.073570000000000277e+02 1.198212426321696356e+01
3.067099999999999795e+02 1.044772873089474885e+01
3.060649999999999977e+02 1.135462630565650599e+01
3.054200000000000159e+02 1.302484092052532283e+01
3.047740000000000009e+02 1.227848595105636242e+01
3.041290000000000191e+02 1.248854482459373472e+01
3.034820000000000277e+02 1.302761559895964005e+01
3.028369999999999891e+02 1.263018101621437772e+01
3.021920000000000073e+02 1.351249003979441277e+01
3.015450000000000159e+02 1.345137010137205991e+01
3.008999999999999773e+02 1.457336327367893425e+01
3.002529999999999859e+02 1.502599629054601849e+01
2.996080000000000041e+02 1.463356667844485415e+01
2.989610000000000127e+02 1.564036007490220825e+01
2.983149999999999977e+02 1.481796229317652092e+01
2.976700000000000159e+02 1.598699255980573675e+01
2.970230000000000246e+02 1.583416028848071733e+01
2.963770000000000095e+02 1.388340810109808565e+01
2.957300000000000182e+02 1.220813694224624513e+01
2.950840000000000032e+02 1.247498345024431998e+01
2.944370000000000118e+02 1.167771048022395597e+01
2.937909999999999968e+02 1.161789929157841605e+01
2.931429999999999723e+02 1.013669130706128030e+01
2.924970000000000141e+02 1.104604695912268042e+01
2.918500000000000227e+02 9.897246043320981457e+00
2.912040000000000077e+02 1.047270400791888001e+01
2.905570000000000164e+02 1.011559713881046640e+01
2.899100000000000250e+02 1.169900752534363875e+01
2.892629999999999768e+02 1.172053808162716670e+01
2.886159999999999854e+02 1.267541793614011603e+01
2.879689999999999941e+02 1.176619799266729771e+01
2.873210000000000264e+02 1.216916177903644858e+01
2.866750000000000114e+02 1.225406522077892824e+01
2.860269999999999868e+02 1.340224111827324016e+01
2.853799999999999955e+02 1.387111018414298869e+01
2.847320000000000277e+02 1.665612626854239764e+01
2.840849999999999795e+02 1.672196582194276715e+01
2.834370000000000118e+02 1.768853887345263232e+01
2.827900000000000205e+02 1.869743690619746346e+01
2.821419999999999959e+02 2.066791418879741471e+01
2.814950000000000045e+02 2.203151181628642163e+01
2.808469999999999800e+02 2.280152987874625126e+01
2.801990000000000123e+02 2.277285635908887684e+01
2.795509999999999877e+02 2.258680232406302579e+01
2.789039999999999964e+02 2.246719042088588481e+01
2.782549999999999955e+02 2.371711058563050045e+01
2.776080000000000041e+02 2.196762974855259642e+01
2.769590000000000032e+02 2.257467297331491451e+01
2.763120000000000118e+02 2.239376447040020679e+01
2.756630000000000109e+02 2.095632526228049031e+01
2.750149999999999864e+02 2.198135923695995331e+01
2.743659999999999854e+02 2.270697989744289558e+01
2.737189999999999941e+02 2.370358093269761213e+01
2.730699999999999932e+02 2.373387257811672768e+01
2.724220000000000255e+02 2.334001402656965496e+01
2.717730000000000246e+02 2.424085648669098703e+01
2.711240000000000236e+02 2.344695954722110542e+01
2.704759999999999991e+02 2.340654394471821220e+01
2.698260000000000218e+02 2.590467986130711608e+01
2.691779999999999973e+02 2.483631051730464279e+01
2.685289999999999964e+02 2.371335317643778851e+01
2.678809999999999718e+02 2.313019548553682370e+01
2.672309999999999945e+02 2.249322419968099496e+01
2.665830000000000268e+02 2.342256000387489223e+01
2.659329999999999927e+02 2.402253175754873382e+01
2.652839999999999918e+02 2.370393601225044122e+01
2.646349999999999909e+02 2.332298215101349470e+01
2.639850000000000136e+02 2.231170673738676413e+01
2.633369999999999891e+02 2.295333913885324861e+01
2.626870000000000118e+02 2.378086431856612037e+01
2.620380000000000109e+02 2.447866910681286612e+01
2.613879999999999768e+02 2.421400426592842692e+01
2.607400000000000091e+02 2.421501207326359406e+01
2.600899999999999750e+02 2.390013696429555168e+01
2.594390000000000214e+02 2.309424655981225527e+01
2.587900000000000205e+02 2.352394685012633602e+01
2.581399999999999864e+02 2.456564171582829204e+01
2.574909999999999854e+02 2.474978245275960731e+01
2.568410000000000082e+02 2.462690733434932611e+01
2.561899999999999977e+02 2.372611176899316376e+01
2.555409999999999968e+02 2.433078598538748594e+01
2.548899999999999864e+02 2.319217473893401760e+01
2.542410000000000139e+02 2.307031187385844717e+01
2.535910000000000082e+02 2.295746798037357905e+01
2.529399999999999977e+02 2.290005303888637656e+01
2.522899999999999920e+02 2.183460760324068772e+01
2.516399999999999864e+02 2.102456086499491761e+01
2.509900000000000091e+02 2.166204250787231800e+01
2.503389999999999986e+02 2.176916945552485672e+01
2.496879999999999882e+02 2.223114371281336688e+01
2.490380000000000109e+02 2.188508479149705721e+01
2.483870000000000005e+02 2.194064478628246206e+01
2.477359999999999900e+02 2.260820142123385423e+01
2.470860000000000127e+02 2.376526596651079259e+01
2.464350000000000023e+02 2.347578367185068515e+01
2.457849999999999966e+02 2.417588679719058575e+01
2.451330000000000098e+02 2.349314656308667182e+01
2.444819999999999993e+02 2.374579520901990648e+01
2.438319999999999936e+02 2.268592287368548455e+01
2.431800000000000068e+02 2.261980716621721754e+01
2.425289999999999964e+02 2.211176120075377938e+01
2.418779999999999859e+02 2.135259481019525296e+01
2.412270000000000039e+02 1.953214469873100612e+01
2.405749999999999886e+02 2.015820216700647904e+01
2.399240000000000066e+02 2.030652841138253351e+01
2.392719999999999914e+02 2.029430161966724810e+01
2.386200000000000045e+02 2.095355215977650332e+01
2.379699999999999989e+02 2.181472549177818365e+01
2.373180000000000121e+02 2.240764576975001177e+01
2.366670000000000016e+02 2.371240004554345404e+01
2.360149999999999864e+02 2.448170993454184341e+01
2.353629999999999995e+02 2.505639269391256718e+01
2.347100000000000080e+02 2.551601794852554406e+01
2.340600000000000023e+02 2.577044213622226820e+01
2.334070000000000107e+02 2.567173857014406835e+01
2.327549999999999955e+02 2.578488763271515083e+01
2.321040000000000134e+02 2.558676466634846847e+01
2.314509999999999934e+02 2.617385591973342329e+01
2.307980000000000018e+02 2.553659259930154235e+01
2.301469999999999914e+02 2.573464746689863247e+01
2.294939999999999998e+02 2.653662923979059585e+01
2.288420000000000130e+02 2.557499267085171368e+01
2.281899999999999977e+02 2.480787142375730525e+01
2.275370000000000061e+02 2.565296495523267595e+01
2.268839999999999861e+02 2.507546983128255746e+01
2.262330000000000041e+02 2.617765916350214894e+01
2.255800000000000125e+02 2.662025612963028465e+01
2.249269999999999925e+02 2.701967845289207304e+01
2.242729999999999961e+02 2.713014895464982246e+01
2.236220000000000141e+02 2.692113793840320568e+01
2.229679999999999893e+02 2.725573834623882163e+01
2.223149999999999977e+02 2.785480822539685519e+01
2.216630000000000109e+02 2.777930447902661015e+01
2.210099999999999909e+02 2.779506977545479174e+01
2.203559999999999945e+02 2.766723137386655296e+01
2.197019999999999982e+02 2.657862757911932405e+01
2.190500000000000114e+02 2.667329875383323667e+01
2.183969999999999914e+02 2.707531865622491551e+01
2.177429999999999950e+02 2.760593475853297463e+01
2.170889999999999986e+02 2.777177169487338659e+01
2.164370000000000118e+02 2.781241296502953020e+01
2.157829999999999870e+02 2.747899098935137374e+01
2.151289999999999907e+02 2.843664949999999436e+01
2.144749999999999943e+02 2.780414271995945086e+01
2.138220000000000027e+02 2.770751665802535157e+01
2.131680000000000064e+02 2.753263970651385861e+01
2.125140000000000100e+02 2.686854387876289962e+01
2.118600000000000136e+02 2.641014755274520454e+01
2.112069999999999936e+02 2.612872450468038465e+01
2.105529999999999973e+02 2.599770262824046085e+01
2.098979999999999961e+02 2.570365531392242886e+01
2.092439999999999998e+02 2.509993775843027208e+01
2.085910000000000082e+02 2.536956049751100650e+01
2.079360000000000070e+02 2.592060387615513051e+01
2.072820000000000107e+02 2.594175866922372720e+01
2.066270000000000095e+02 2.584772481697852697e+01
2.059739999999999895e+02 2.587174210736040436e+01
2.053189999999999884e+02 2.593807550859795086e+01
2.046639999999999873e+02 2.558381198943551027e+01
2.040089999999999861e+02 2.575024554485760930e+01
2.033540000000000134e+02 2.513810923276805553e+01
2.027009999999999934e+02 2.416668608932660334e+01
2.020459999999999923e+02 2.371317817525879690e+01
2.013909999999999911e+02 2.345164416697386400e+01
2.007350000000000136e+02 2.337407119492833019e+01
2.000800000000000125e+02 2.264194378853591161e+01
1.994259999999999877e+02 2.255371981004700999e+01
1.987709999999999866e+02 2.212044946281886126e+01
1.981160000000000139e+02 2.236201091042268274e+01
1.974600000000000080e+02 2.140002196386994626e+01
1.968050000000000068e+02 2.142452056462061094e+01
1.961510000000000105e+02 2.123828060233010362e+01
1.954950000000000045e+02 2.043598412003014886e+01
1.948389999999999986e+02 2.052967339654467338e+01
1.941839999999999975e+02 2.025090644610914126e+01
1.935279999999999916e+02 1.984067445322243017e+01
1.928739999999999952e+02 2.037270297689331500e+01
1.922179999999999893e+02 1.969974144001136196e+01
1.915620000000000118e+02 2.038740761597062701e+01
1.909060000000000059e+02 2.023824621093249831e+01
1.902500000000000000e+02 2.032257169233200145e+01
1.895939999999999941e+02 2.033782977035997419e+01
1.889389999999999930e+02 2.039067468438964070e+01
1.882829999999999870e+02 2.087994090761270272e+01
1.876270000000000095e+02 2.187498996495584436e+01
1.869699999999999989e+02 2.124625400256304175e+01
1.863139999999999930e+02 2.088152526891718708e+01
1.856570000000000107e+02 2.153463897867576193e+01
1.850010000000000048e+02 2.175254149635398804e+01
1.843460000000000036e+02 2.193273230946094543e+01
1.836889999999999930e+02 2.247449278098108749e+01
1.830329999999999870e+02 2.254887479679463524e+01
1.823760000000000048e+02 2.271808478754324412e+01
1.817189999999999941e+02 2.231446869562012481e+01
1.810620000000000118e+02 2.285747031639378335e+01
1.804050000000000011e+02 2.411786276186768418e+01
1.797500000000000000e+02 2.393606686137206552e+01
1.790929999999999893e+02 2.396031564184374574e+01
1.784360000000000070e+02 2.404023843657230586e+01
1.777789999999999964e+02 2.403167378465818871e+01
1.771220000000000141e+02 2.467028792347700517e+01
1.764650000000000034e+02 2.451037918776169633e+01
1.758069999999999879e+02 2.399446558105968208e+01
1.751500000000000057e+02 2.380819894112286050e+01
1.744939999999999998e+02 2.370825342648685208e+01
1.738369999999999891e+02 2.358011726733437996e+01
1.731790000000000020e+02 2.412747964597405570e+01
1.725219999999999914e+02 2.463918508429530618e+01
1.718640000000000043e+02 2.521632994817472095e+01
1.712059999999999889e+02 2.504904305430828515e+01
1.705490000000000066e+02 2.526523858141985812e+01
1.698909999999999911e+02 2.602002405025377030e+01
1.692330000000000041e+02 2.681887509195875552e+01
1.685749999999999886e+02 2.693939881804501013e+01
1.679190000000000111e+02 2.746174579807895100e+01
1.672609999999999957e+02 2.729395061704954273e+01
1.666030000000000086e+02 2.719815361105755969e+01
1.659449999999999932e+02 2.720691018656516391e+01
1.652870000000000061e+02 2.666266274756648968e+01
1.646279999999999859e+02 2.684190156341638200e+01
1.639699999999999989e+02 2.657482781294528351e+01
1.633120000000000118e+02 2.585761455819309163e+01
1.626539999999999964e+02 2.535789254570298468e+01
1.619950000000000045e+02 2.512712654589208583e+01
1.613369999999999891e+02 2.493911167113910565e+01
1.606779999999999973e+02 2.429174918918986492e+01
1.600190000000000055e+02 2.385387363490622548e+01
1.593609999999999900e+02 2.408756569874552156e+01
1.587040000000000077e+02 2.417721204141118463e+01
1.580449999999999875e+02 2.442295390582667736e+01
1.573859999999999957e+02 2.443554531046118683e+01
1.567270000000000039e+02 2.438237645636694495e+01
1.560680000000000121e+02 2.408357789581609865e+01
1.554089999999999918e+02 2.389530936071097145e+01
1.547500000000000000e+02 2.420021507919741310e+01
1.540910000000000082e+02 2.394954702578366934e+01
1.534319999999999879e+02 2.384610915261582420e+01
1.527729999999999961e+02 2.347051420017088574e+01
1.521140000000000043e+02 2.328336032143231549e+01
1.514540000000000077e+02 2.277130188468801109e+01
1.507949999999999875e+02 2.299618959324947909e+01
1.501359999999999957e+02 2.282983027048387470e+01
1.494759999999999991e+02 2.290573796552011387e+01
1.488170000000000073e+02 2.279861140531173902e+01
1.481570000000000107e+02 2.315660641769364503e+01
1.474970000000000141e+02 2.335420004785674664e+01
1.468379999999999939e+02 2.323759995283595714e+01
1.461779999999999973e+02 2.333023470149811018e+01
1.455180000000000007e+02 2.384987153584498287e+01
1.448580000000000041e+02 2.353608830160370502e+01
1.441980000000000075e+02 2.371038301225492972e+01
1.435380000000000109e+02 2.400529620949157561e+01
1.428779999999999859e+02 2.390896062435742309e+01
1.422179999999999893e+02 2.388780003118734641e+01
1.415579999999999927e+02 2.336395286321168285e+01
1.408979999999999961e+02 2.340742992558206836e+01
1.402379999999999995e+02 2.325387093002548866e+01
1.395769999999999982e+02 2.274144961677193066e+01
1.389170000000000016e+02 2.308882788994818114e+01
1.382560000000000002e+02 2.278150673108407176e+01
1.375960000000000036e+02 2.252504667105500147e+01
1.369350000000000023e+02 2.245802044533958153e+01
1.362750000000000057e+02 2.203716367984399938e+01
1.356140000000000043e+02 2.253630307901429219e+01
1.349540000000000077e+02 2.270087926418880997e+01
1.342930000000000064e+02 2.298687896865550684e+01
1.336320000000000050e+02 2.351619849206958790e+01
1.329710000000000036e+02 2.339198326394832606e+01
1.323100000000000023e+02 2.388571466085041806e+01
1.316490000000000009e+02 2.455652900653046800e+01
1.309879999999999995e+02 2.509466239008088806e+01
1.303269999999999982e+02 2.579029066540179826e+01
1.296659999999999968e+02 2.583649483218271214e+01
1.290049999999999955e+02 2.576153933559817588e+01
1.283420000000000130e+02 2.602112360832023796e+01
1.276809999999999974e+02 2.644472077916394781e+01
1.270190000000000055e+02 2.636607824458368299e+01
1.263580000000000041e+02 2.645433804369488939e+01
1.256959999999999980e+02 2.617243312185799553e+01
1.250349999999999966e+02 2.607896782095236077e+01
1.243730000000000047e+02 2.593482561633096850e+01
1.237120000000000033e+02 2.573802069168065998e+01
1.230499999999999972e+02 2.572590651950042684e+01
1.223880000000000052e+02 2.529973821235548925e+01
1.217259999999999991e+02 2.482370692528882117e+01
1.210639999999999930e+02 2.457366675933325695e+01
1.204030000000000058e+02 2.417497565992986708e+01
1.197409999999999997e+02 2.380219692961681943e+01
1.190780000000000030e+02 2.320739339252390110e+01
1.184150000000000063e+02 2.269606849297909790e+01
1.177530000000000001e+02 2.220704575739220843e+01
1.170909999999999940e+02 2.172532062201631931e+01
1.164279999999999973e+02 2.115231279775951023e+01
1.157660000000000053e+02 2.080333507402041704e+01
1.151039999999999992e+02 2.039209709264694936e+01
1.144410000000000025e+02 2.005994942836772310e+01
1.137789999999999964e+02 1.953082033102639059e+01
1.131159999999999997e+02 1.924143227669055989e+01
1.124539999999999935e+02 1.901382376886881076e+01
1.117890000000000015e+02 1.889308929543347659e+01
1.111269999999999953e+02 1.853937821269311570e+01
1.104639999999999986e+02 1.820810847063922822e+01
1.098010000000000019e+02 1.769983348399815526e+01
1.091380000000000052e+02 1.748038409651400471e+01
1.084749999999999943e+02 1.709059170930813920e+01
1.078119999999999976e+02 1.696085987545813367e+01
1.071490000000000009e+02 1.650782670325939705e+01
1.064849999999999994e+02 1.593205523677224278e+01
1.058209999999999980e+02 1.512135523169516560e+01
1.051580000000000013e+02 1.464517346027312961e+01
1.044950000000000045e+02 1.416996712200089448e+01
1.038319999999999936e+02 1.372262864692423179e+01
1.031680000000000064e+02 1.318877031994320426e+01
1.025049999999999955e+02 1.256411295909816772e+01
1.018400000000000034e+02 1.187688742496085048e+01
1.011760000000000019e+02 1.153985559990696075e+01
1.005130000000000052e+02 1.132393087841333035e+01
9.984900000000000375e+01 1.127877736760536465e+01
9.918529999999999802e+01 1.116186458482413180e+01
9.852150000000000318e+01 1.100925198064546784e+01
9.785769999999999413e+01 1.097665302000303988e+01
9.719230000000000302e+01 1.079322590639158896e+01
9.652830000000000155e+01 1.079045736081736528e+01
9.586430000000000007e+01 1.097223175078289792e+01
9.520029999999999859e+01 1.114582462634882987e+01
9.453610000000000468e+01 1.114591522901280385e+01
9.387199999999999989e+01 1.118812678792334303e+01
9.320619999999999550e+01 1.126553515034373554e+01
9.254200000000000159e+01 1.135333424022899962e+01
9.187760000000000105e+01 1.137578583810916655e+01
9.121320000000000050e+01 1.169348425570755978e+01
9.054879999999999995e+01 1.185383481270574180e+01
8.988280000000000314e+01 1.194031009590417192e+01
8.921819999999999595e+01 1.176985027124174898e+01
8.855360000000000298e+01 1.177808844308695946e+01
8.788890000000000668e+01 1.179772469206666052e+01
8.722419999999999618e+01 1.195812548114804486e+01
8.655939999999999657e+01 1.227527729775681209e+01
8.589300000000000068e+01 1.234288929408877777e+01
8.522809999999999775e+01 1.223821557055812193e+01
8.456319999999999482e+01 1.218379080837664219e+01
8.389820000000000277e+01 1.188024878157105491e+01
8.323160000000000025e+01 1.186042508735659595e+01
8.256650000000000489e+01 1.168868834211476404e+01
8.190130000000000621e+01 1.168691667274156210e+01
8.123609999999999332e+01 1.142703920693090502e+01
8.057080000000000553e+01 1.099861853189740657e+01
7.990389999999999304e+01 1.108624228584933036e+01
7.923850000000000193e+01 1.099962137346000901e+01
7.857299999999999329e+01 1.104670042714233702e+01
7.790749999999999886e+01 1.117196198418083952e+01
7.724039999999999395e+01 1.114221686015003066e+01
7.657479999999999620e+01 1.108312854465117603e+01
7.590909999999999513e+01 1.096416521726032300e+01
7.524339999999999407e+01 1.093390588660446028e+01
7.457760000000000389e+01 1.086073496251562531e+01
7.391020000000000323e+01 1.058845735207438388e+01
7.324429999999999552e+01 1.041095885798351617e+01
7.257829999999999870e+01 1.023885111562779215e+01
7.191230000000000189e+01 9.985519069852214713e+00
7.124469999999999459e+01 9.803242990671821033e+00
7.057850000000000534e+01 9.705975526045904189e+00
6.991230000000000189e+01 9.488844282674390840e+00
6.924609999999999843e+01 9.266305665921214185e+00
6.857829999999999870e+01 9.111716486171347995e+00
6.791190000000000282e+01 8.877054796622653399e+00
6.724550000000000693e+01 8.738166906188896021e+00
6.657750000000000057e+01 8.564187313263436963e+00
6.591100000000000136e+01 8.340296311973075305e+00
6.524439999999999884e+01 8.201218705898662975e+00
6.457769999999999300e+01 7.974555125114328291e+00
6.390950000000000131e+01 7.811715123343497602e+00
6.324269999999999925e+01 7.651784529657708056e+00
6.257589999999999719e+01 7.527888554153080669e+00
6.190899999999999892e+01 7.384033388722651026e+00
6.124060000000000059e+01 7.263853511463786994e+00
6.057359999999999900e+01 7.066280032595779304e+00
5.990659999999999741e+01 6.919423133893984001e+00
5.923799999999999955e+01 6.771918719487886484e+00
5.857079999999999842e+01 6.666400581159428462e+00
5.790359999999999729e+01 6.581887862371691433e+00
5.723629999999999995e+01 6.472503342537383020e+00
5.656750000000000256e+01 6.276167479090741352e+00
5.590010000000000190e+01 6.133316140708289232e+00
5.523270000000000124e+01 5.977189385307545066e+00
5.456360000000000099e+01 5.814746575802359985e+00
5.389609999999999701e+01 5.682098820325229838e+00
5.322849999999999682e+01 5.523172241149703510e+00
5.255930000000000035e+01 5.425079958475451214e+00
5.189159999999999684e+01 5.242999997199984996e+00
5.122379999999999711e+01 5.105976165737412309e+00
5.055440000000000111e+01 4.968021688576759409e+00
4.988660000000000139e+01 4.826277515126103701e+00
4.921860000000000213e+01 4.670022246817769229e+00
4.854910000000000281e+01 4.557075066289467458e+00
4.788100000000000023e+01 4.478029510093265664e+00
4.721289999999999765e+01 4.340115437040950930e+00
4.654319999999999879e+01 4.181272113030645166e+00
4.587500000000000000e+01 4.107071882383138473e+00
4.520669999999999789e+01 3.929418414869091158e+00
4.453679999999999950e+01 3.847316710563805753e+00
4.386840000000000117e+01 3.725526033858023389e+00
4.320000000000000284e+01 3.597884321488366233e+00
4.252989999999999782e+01 3.481990521198460531e+00
4.186129999999999995e+01 3.337947840569807312e+00
4.119270000000000209e+01 3.272594295819891919e+00
4.052250000000000085e+01 3.203269776098736088e+00
3.985379999999999967e+01 3.066028507023608629e+00
3.918500000000000227e+01 2.980672821372147396e+00
3.851460000000000150e+01 2.881736634165760425e+00
3.784570000000000078e+01 2.792793741973161215e+00
3.717519999999999669e+01 2.732117494134263413e+00
3.650619999999999976e+01 2.620172589766980309e+00
3.583709999999999951e+01 2.548103870883816846e+00
3.516640000000000299e+01 2.403658840640215288e+00
3.449719999999999942e+01 2.282723834479205571e+00
3.382800000000000296e+01 2.191990693542723356e+00
3.315709999999999980e+01 2.116740171714100782e+00
3.248780000000000001e+01 2.009041903736819901e+00
3.181680000000000064e+01 1.927407150888420739e+00
3.114730000000000132e+01 1.818802587011352667e+00
3.047779999999999845e+01 1.759804345368359835e+00
2.980669999999999931e+01 1.688218093397336306e+00
2.913700000000000045e+01 1.631243804525084107e+00
2.846730000000000160e+01 1.565859006047551683e+00
2.779599999999999937e+01 1.486737729845320599e+00
2.712620000000000076e+01 1.414775478833734557e+00
2.645479999999999876e+01 1.332103100770965165e+00
2.578490000000000038e+01 1.257145561794299260e+00
2.511329999999999885e+01 1.182886045840059186e+00
2.444330000000000069e+01 1.080493754764836112e+00
2.377319999999999922e+01 9.933189244976842192e-01
2.310150000000000148e+01 9.123619945772344364e-01
2.243130000000000024e+01 8.326911917249225636e-01
2.175949999999999918e+01 7.620495671367697454e-01
2.108909999999999840e+01 6.853589486488050886e-01
2.041870000000000118e+01 6.347707444108948716e-01
1.974680000000000035e+01 5.703029948274215277e-01
1.907629999999999981e+01 5.219090105185457684e-01
1.840419999999999945e+01 4.845792357580518406e-01
1.773349999999999937e+01 4.397498924823007860e-01
1.706129999999999924e+01 3.982025762269725266e-01
1.639059999999999917e+01 3.623223690649676199e-01
1.571979999999999933e+01 3.320162850536773069e-01
1.504739999999999966e+01 3.013164901352220482e-01
1.437650000000000006e+01 2.710850312378774718e-01
1.370410000000000039e+01 2.453604251732981745e-01
1.303299999999999947e+01 2.187338892411256341e-01
1.236040000000000028e+01 1.946398990517930749e-01
1.168929999999999936e+01 1.744071329264344494e-01
1.101660000000000039e+01 1.593228941034313118e-01
1.034529999999999994e+01 1.412116371092519695e-01
9.672489999999999810e+00 1.298039219284830292e-01
9.001129999999999853e+00 1.187301008708202682e-01
8.329710000000000392e+00 1.044685567541750876e-01
7.656710000000000349e+00 9.130254886270081083e-02
6.985170000000000101e+00 8.210653773444318015e-02
6.312050000000000161e+00 7.494234892967194250e-02
5.640399999999999636e+00 6.594036281933622623e-02
4.967170000000000307e+00 5.515502001847801677e-02
4.295410000000000394e+00 4.456664162124420597e-02
3.622059999999999835e+00 3.323142285835305881e-02
2.950180000000000025e+00 2.312796177818014429e-02
2.276720000000000077e+00 1.454585663058561781e-02
1.604729999999999990e+00 7.607161484699750259e-03
9.311519999999999797e-01 2.631001088084103379e-03
2.590439999999999965e-01 2.019546791101451376e-04
