6.869719999999999800e+02 -4.434515897193686516e-03
6.863600000000000136e+02 7.897291835099228344e-03
6.857469999999999573e+02 1.047852369227826076e-02
6.851349999999999909e+02 2.021512012690338325e-02
6.845230000000000246e+02 1.822339668441747690e-02
6.839120000000000346e+02 2.218734822405398627e-02
6.832989999999999782e+02 1.423851931799408749e-02
6.826870000000000118e+02 3.407493481999113172e-02
6.820739999999999554e+02 -1.353683158849327758e-02
6.814610000000000127e+02 -1.591550701381454908e-02
6.808490000000000464e+02 -2.541351994109286930e-02
6.802359999999999900e+02 7.387013942205787349e-04
6.796230000000000473e+02 1.736726141581707364e-02
6.790099999999999909e+02 3.092520189137851292e-03
6.783980000000000246e+02 -1.116816058394880587e-02
6.777859999999999445e+02 -3.244246366596082592e-02
6.771730000000000018e+02 -8.747603536250102979e-03
6.765599999999999454e+02 -4.016579582661931012e-03
6.759470000000000027e+02 -3.010232322027885793e-02
6.753339999999999463e+02 2.917064531376185529e-02
6.747210000000000036e+02 -4.192114874402808056e-02
6.741079999999999472e+02 -2.295720100742198663e-02
6.734940000000000282e+02 6.465956065082621718e-02
6.728809999999999718e+02 7.175153058179524479e-02
6.722680000000000291e+02 6.226251298675268553e-02
6.716539999999999964e+02 1.965217764904023459e-02
6.710410000000000537e+02 -1.640107479656124521e-03
6.704270000000000209e+02 5.448431612195909525e-03
6.698150000000000546e+02 -3.708335207460049243e-02
6.692010000000000218e+02 2.909427613316538028e-02
6.685879999999999654e+02 4.797203064247893001e-02
6.679740000000000464e+02 7.792756920113302899e-03
6.673600000000000136e+02 1.488753609348142729e-02
6.667459999999999809e+02 3.140214548719527654e-02
6.661330000000000382e+02 2.904326226123280300e-02
6.655190000000000055e+02 1.724201878004149105e-02
6.649049999999999727e+02 -1.619659124644320112e-03
6.642910000000000537e+02 -2.046430329100338077e-02
6.636770000000000209e+02 -5.580037733110075615e-02
6.630629999999999882e+02 -9.582489358401287405e-02
6.624479999999999791e+02 -1.240556515634794743e-01
6.618339999999999463e+02 -1.098978105452987492e-01
6.612200000000000273e+02 -1.216339248020771452e-01
6.606059999999999945e+02 -1.380572690992479257e-01
6.599909999999999854e+02 -1.145015669044122109e-01
6.593769999999999527e+02 -1.074123683075075414e-01
6.587619999999999436e+02 -5.097867561651461821e-02
6.581480000000000246e+02 -3.921524913216211522e-02
6.575330000000000155e+02 -2.980797564970746535e-02
6.569189999999999827e+02 1.480743113790217169e-02
6.563039999999999736e+02 5.413916410318882558e-03
6.556889999999999645e+02 3.121806334879146175e-02
6.550750000000000455e+02 5.702096581071036674e-02
6.544600000000000364e+02 6.168759962055695573e-02
6.538450000000000273e+02 8.979833757586005993e-02
6.532300000000000182e+02 7.336546053690526370e-02
6.526150000000000091e+02 4.289695749342248982e-02
6.520000000000000000e+02 4.991416450661376181e-02
6.513849999999999909e+02 6.393026497818395104e-02
6.507699999999999818e+02 7.795254621584483956e-02
6.501549999999999727e+02 2.412440985233695392e-02
6.495389999999999873e+02 3.076158091579686386e-03
6.489239999999999782e+02 -8.620915908712856526e-03
6.483089999999999691e+02 -1.329811647468560898e-02
6.476929999999999836e+02 -4.833940333589693134e-02
6.470779999999999745e+02 1.474190860513712939e-02
6.464629999999999654e+02 7.736597795458999456e-03
6.458469999999999800e+02 -1.330624991459565358e-02
6.452319999999999709e+02 -2.732437513810805074e-02
6.446159999999999854e+02 3.100326070309275886e-02
6.439990000000000236e+02 6.369446840948954358e-02
6.433830000000000382e+02 3.102355927910361091e-02
6.427670000000000528e+02 -1.093903638762807988e-02
6.421520000000000437e+02 2.401876035701525428e-02
6.415359999999999445e+02 -2.023368748049367630e-02
6.409199999999999591e+02 -3.884467086185229567e-02
6.403039999999999736e+02 -5.280835352770928137e-02
6.396879999999999882e+02 -6.675295604566916507e-02
6.390720000000000027e+02 -6.673641294884384567e-02
6.384560000000000173e+02 -5.742313046293553297e-02
6.378400000000000318e+02 -3.416271058039019315e-02
6.372229999999999563e+02 7.073693889253296688e-04
6.366069999999999709e+02 -1.091378717838812663e-02
6.359909999999999854e+02 -1.786249532441545884e-02
6.353730000000000473e+02 1.232007245036830824e-02
6.347569999999999482e+02 -1.785591824903470445e-02
6.341399999999999864e+02 -1.552995151775561460e-02
6.335240000000000009e+02 -2.711198186265535715e-02
6.329070000000000391e+02 -5.492212544745520009e-02
6.322899999999999636e+02 5.341355081844956915e-03
6.316739999999999782e+02 7.641764070799178694e-03
6.310570000000000164e+02 2.152268873163876856e-02
6.304400000000000546e+02 4.930347678961132657e-02
6.298220000000000027e+02 5.166228931809184466e-02
6.292050000000000409e+02 7.245273074339231290e-02
6.285879999999999654e+02 8.399105542290849491e-02
6.279710000000000036e+02 6.546261928865299007e-02
6.273540000000000418e+02 1.093819277133509654e-01
6.267369999999999663e+02 1.922240783983552095e-02
6.261200000000000045e+02 1.229001632908200033e-02
6.255030000000000427e+02 3.073299152171003051e-02
6.248840000000000146e+02 -2.007694070334235456e-02
6.242670000000000528e+02 -2.929282323049845274e-02
6.236499999999999773e+02 -5.004938640523118321e-02
6.230320000000000391e+02 -5.924441760099440762e-02
6.224149999999999636e+02 -6.843344637869537561e-02
6.217980000000000018e+02 -1.237380313117710795e-01
6.211799999999999500e+02 -6.839856339030242482e-02
6.205610000000000355e+02 -4.994752261286930506e-02
6.199429999999999836e+02 -1.051936924400104639e-01
6.193260000000000218e+02 -9.366382533287807843e-02
6.187079999999999700e+02 -9.363802599118961623e-02
6.180900000000000318e+02 -3.151733888334765088e-02
6.174719999999999800e+02 -1.772313692536008414e-02
6.168529999999999518e+02 3.028615371896966908e-03
6.162350000000000136e+02 1.220086751302719430e-02
6.156169999999999618e+02 7.601812224625913682e-03
6.149990000000000236e+02 -2.914889764366765390e-02
6.143809999999999718e+02 1.217889983061058896e-02
6.137630000000000337e+02 4.433316605551030493e-02
6.131430000000000291e+02 6.035515518147713948e-02
6.125249999999999773e+02 5.346890900376097266e-02
6.119070000000000391e+02 7.177526832497116427e-02
6.112889999999999873e+02 5.112159748904721024e-02
6.106699999999999591e+02 4.426494725591278989e-02
6.100510000000000446e+02 1.672722890171229534e-02
6.094320000000000164e+02 3.733614051370758025e-02
6.088139999999999645e+02 5.299889649261033293e-03
6.081950000000000500e+02 4.647997394479194688e-02
6.075760000000000218e+02 2.359774313773744039e-02
6.069560000000000173e+02 4.190001104927424530e-02
6.063379999999999654e+02 1.672363266730353404e-02
6.057190000000000509e+02 4.411320465730916851e-02
6.051000000000000227e+02 5.324203848643409981e-02
6.044809999999999945e+02 8.291969381578963294e-02
6.038609999999999900e+02 6.918846383369063602e-02
6.032419999999999618e+02 1.011234131714532358e-01
6.026230000000000473e+02 8.511859087879392050e-02
6.020040000000000191e+02 7.143478992687382623e-02
6.013830000000000382e+02 5.259103047540376365e-03
6.007640000000000100e+02 7.546517853940043659e-03
6.001449999999999818e+02 -2.206744190921598389e-02
5.995249999999999773e+02 -3.827835930884797549e-03
5.989049999999999727e+02 -4.256574177215752958e-02
5.982849999999999682e+02 -1.295006212874236749e-02
5.976660000000000537e+02 -5.389526947595547901e-02
5.970460000000000491e+02 -8.119892915005313960e-02
5.964249999999999545e+02 -6.750810225245339191e-02
5.958060000000000400e+02 -4.021161127416671838e-02
5.951860000000000355e+02 -5.837796842607204800e-02
5.945670000000000073e+02 -4.699496116873747714e-02
5.939450000000000500e+02 -4.697916934629632613e-02
5.933260000000000218e+02 -1.064524931046938010e-02
5.927060000000000173e+02 -2.881185064126133913e-02
5.920860000000000127e+02 5.222992691029267748e-03
5.914650000000000318e+02 9.776650191600313317e-03
5.908450000000000273e+02 5.239071788736519332e-03
5.902250000000000227e+02 -3.328148163792148118e-02
5.896029999999999518e+02 -1.970099164535445146e-02
5.889829999999999472e+02 -1.514997178580858653e-02
5.883630000000000564e+02 1.654764334301761161e-02
5.877419999999999618e+02 3.235121786687511491e-02
5.871209999999999809e+02 1.427880615081699583e-02
5.865000000000000000e+02 -8.349020108681248428e-03
5.858799999999999955e+02 2.934629538751600420e-03
5.852580000000000382e+02 -2.190511086627159112e-02
5.846380000000000337e+02 -1.552240264043627327e-03
5.840170000000000528e+02 -1.280650000884057428e-02
5.833949999999999818e+02 4.585214034525429694e-02
5.827740000000000009e+02 -2.187065837956937361e-02
5.821539999999999964e+02 -1.513284538979402932e-02
5.815320000000000391e+02 -1.056758194036907551e-02
5.809109999999999445e+02 2.098575165152406774e-02
5.802899999999999636e+02 5.179896950311006776e-03
5.796680000000000064e+02 1.871324834012001379e-02
5.790470000000000255e+02 -6.057694519085205995e-03
5.784260000000000446e+02 1.199353318174478655e-02
5.778049999999999500e+02 -6.904626691495266422e-02
5.771820000000000164e+02 -5.330426436022655395e-02
5.765610000000000355e+02 -1.027579028827488999e-01
5.759379999999999882e+02 -1.117522388977780917e-01
5.753170000000000073e+02 -1.364236222867323267e-01
5.746960000000000264e+02 -1.251747305745268546e-01
5.740729999999999791e+02 -3.970536172522505514e-02
5.734519999999999982e+02 -1.727776897850459917e-02
5.728300000000000409e+02 -1.605303183322340363e-03
5.722069999999999936e+02 4.111342423326976719e-02
5.715860000000000127e+02 4.107035634750889896e-02
5.709640000000000555e+02 3.882332163362641614e-02
5.703410000000000082e+02 3.654389434130207726e-02
5.697190000000000509e+02 3.209746066423797145e-02
5.690979999999999563e+02 1.868755723872039115e-02
5.684740000000000464e+02 -1.946062833315640589e-02
5.678529999999999518e+02 -1.497137978843120047e-02
5.672290000000000418e+02 -4.406178385965165561e-02
5.666069999999999709e+02 -4.405154531873816531e-02
5.659850000000000136e+02 -2.617275728545177815e-02
5.653619999999999663e+02 7.095228972741301869e-04
5.647400000000000091e+02 7.399962353525270202e-03
5.641169999999999618e+02 1.188047591564762341e-02
5.634940000000000282e+02 6.894970662458759338e-04
5.628719999999999573e+02 -2.386140074343475956e-02
5.622480000000000473e+02 -3.770129416037002693e-03
5.616250000000000000e+02 3.861470237502429709e-02
5.610030000000000427e+02 9.874180282029985933e-02
5.603790000000000191e+02 9.209578022257378094e-02
5.597569999999999482e+02 6.974606283931995832e-02
5.591330000000000382e+02 1.054157393671693171e-01
5.585099999999999909e+02 1.142745378363485415e-01
5.578859999999999673e+02 1.030779851159322885e-01
5.572630000000000337e+02 1.475930596036446329e-01
5.566399999999999864e+02 1.031078516191963335e-01
5.560159999999999627e+02 9.855154480323666255e-02
5.553930000000000291e+02 1.402287680590440927e-02
5.547690000000000055e+02 7.354504369596478845e-03
5.541459999999999582e+02 -3.738875135895693581e-03
5.535209999999999582e+02 -3.756769211835981562e-03
5.528980000000000246e+02 9.567345599992387040e-03
5.522749999999999773e+02 3.621004557506359023e-02
5.516509999999999536e+02 4.506364575950360524e-02
5.510270000000000437e+02 6.056079908264618006e-02
5.504030000000000200e+02 6.056374649731325471e-02
5.497789999999999964e+02 9.596086750604793103e-02
5.491549999999999727e+02 1.003975669592753195e-01
5.485309999999999491e+02 1.136580190013527641e-01
5.479059999999999491e+02 1.335329826772307382e-01
5.472830000000000155e+02 1.157830587369652053e-01
5.466589999999999918e+02 1.268306066974334567e-01
5.460339999999999918e+02 1.311817872488273140e-01
5.454099999999999682e+02 1.554502311669522518e-01
5.447849999999999682e+02 1.421475641682355961e-01
5.441609999999999445e+02 1.023187321909547892e-01
5.435359999999999445e+02 1.309991022825206519e-01
5.429120000000000346e+02 1.287739189991769784e-01
5.422870000000000346e+02 7.571829537280465316e-02
5.416630000000000109e+02 9.338296213923126532e-02
5.410370000000000346e+02 1.021403158580398152e-01
5.404130000000000109e+02 4.478222988031757557e-02
5.397880000000000109e+02 5.358379002248658818e-02
5.391630000000000109e+02 2.932141750701786412e-02
5.385380000000000109e+02 2.931115678939350336e-02
5.379139999999999873e+02 3.369538532867594888e-02
5.372880000000000109e+02 2.489294772213865997e-02
5.366630000000000109e+02 4.690297369056387750e-02
5.360370000000000346e+02 5.347128462255672926e-02
5.354130000000000109e+02 4.464269205626186787e-02
5.347870000000000346e+02 6.442445477137484500e-02
5.341620000000000346e+02 6.876809645655919401e-02
5.335359999999999445e+02 8.854169037548381693e-02
5.329109999999999445e+02 8.192788196913482202e-02
5.322849999999999682e+02 7.750421912214186526e-02
5.316599999999999682e+02 9.065210160985813503e-02
5.310339999999999918e+02 1.235037462610240194e-01
5.304089999999999918e+02 1.497493808097191959e-01
5.297830000000000155e+02 1.650592353939524526e-01
5.291580000000000155e+02 2.021897544521436552e-01
5.285309999999999491e+02 1.758854255825181567e-01
5.279049999999999727e+02 1.824253774514048021e-01
5.272799999999999727e+02 2.195481706215469120e-01
5.266530000000000200e+02 2.304109704627970157e-01
5.260280000000000200e+02 2.456692822064802106e-01
5.254009999999999536e+02 2.258656179780808293e-01
5.247759999999999536e+02 1.689935233636379874e-01
5.241490000000000009e+02 1.973103301268034349e-01
5.235230000000000246e+02 1.579102789883002622e-01
5.228959999999999582e+02 2.015374748016889317e-01
5.222709999999999582e+02 2.319860192134534094e-01
5.216440000000000055e+02 2.341138774319315163e-01
5.210159999999999627e+02 1.991466935991008935e-01
5.203909999999999627e+02 2.077976235138061789e-01
5.197630000000000337e+02 2.207964605325163920e-01
5.191380000000000337e+02 2.381863558575496309e-01
5.185099999999999909e+02 2.075714286890615323e-01
5.178840000000000146e+02 1.922992149027669129e-01
5.172569999999999482e+02 1.704330283327156748e-01
5.166299999999999955e+02 1.181459099570218302e-01
5.160030000000000427e+02 1.528934068692217318e-01
5.153759999999999764e+02 1.832912706425632310e-01
5.147500000000000000e+02 1.767011919859111380e-01
5.141219999999999573e+02 1.766333949101585032e-01
5.134940000000000282e+02 1.852716999457881819e-01
5.128680000000000518e+02 1.699941999537989135e-01
5.122400000000000091e+02 2.068376297672523123e-01
5.116139999999999759e+02 2.110935305353442426e-01
5.109859999999999900e+02 1.871806520102227700e-01
5.103580000000000041e+02 1.437263908811980961e-01
5.097309999999999945e+02 1.393734008950383851e-01
5.091030000000000086e+02 1.154742816540156869e-01
5.084759999999999991e+02 1.241048405276036770e-01
5.078480000000000132e+02 1.456948631023284313e-01
5.072200000000000273e+02 1.586457691820300497e-01
5.065930000000000177e+02 1.412404580604891269e-01
5.059649999999999750e+02 1.195925170389310482e-01
5.053360000000000127e+02 1.519757283224729416e-01
5.047090000000000032e+02 1.713746416747145285e-01
5.040810000000000173e+02 1.259535895370587633e-01
5.034519999999999982e+02 1.453010223392860456e-01
5.028249999999999886e+02 1.150931121403334922e-01
5.021960000000000264e+02 6.755063727775893756e-02
5.015690000000000168e+02 2.874067870745052738e-02
5.009399999999999977e+02 6.796339830557287425e-04
5.003109999999999786e+02 -5.810489385613872709e-03
4.996840000000000259e+02 -1.654495632886065007e-02
4.990550000000000068e+02 7.117576919997204744e-03
4.984259999999999877e+02 5.020228868871130096e-02
4.977980000000000018e+02 4.368506065888693585e-02
4.971689999999999827e+02 5.013814708214213434e-02
4.965400000000000205e+02 6.304844890933437862e-02
4.959119999999999777e+02 1.081357911376593373e-01
4.952830000000000155e+02 1.059751884062728883e-01
4.946539999999999964e+02 9.303168401390729536e-02
4.940260000000000105e+02 1.359949329865058343e-01
4.933969999999999914e+02 9.297824358428710689e-02
4.927669999999999959e+02 7.577488516529647111e-02
4.921390000000000100e+02 1.079148782078018093e-01
4.915099999999999909e+02 1.207435853919583829e-01
4.908799999999999955e+02 1.207135790904561995e-01
4.902500000000000000e+02 8.210341383767114087e-02
4.896220000000000141e+02 1.356035508478821705e-01
4.889920000000000186e+02 1.676909780924757398e-01
4.883629999999999995e+02 1.119659218098317394e-01
4.877339999999999804e+02 1.055376430284741679e-01
4.871039999999999850e+02 1.204550336873950050e-01
4.864739999999999895e+02 1.097098304497221705e-01
4.858460000000000036e+02 5.625220474458761388e-02
4.852160000000000082e+02 5.195335947273271859e-02
4.845860000000000127e+02 7.541736021803319145e-02
4.839549999999999841e+02 3.482384392624309627e-02
4.833269999999999982e+02 8.173359867457224981e-02
4.826960000000000264e+02 1.115989895041671620e-01
4.820659999999999741e+02 1.456992613724433505e-01
4.814370000000000118e+02 1.136358160013132834e-01
4.808070000000000164e+02 1.455605497654228753e-01
4.801759999999999877e+02 2.073133675539580167e-01
4.795459999999999923e+02 2.349298839316412146e-01
4.789169999999999732e+02 2.348347692293538402e-01
4.782860000000000014e+02 2.220019284203995635e-01
4.776549999999999727e+02 1.793522175571806154e-01
4.770249999999999773e+02 1.962955355376456990e-01
4.763949999999999818e+02 1.728520590560281289e-01
4.757640000000000100e+02 2.577807063582918112e-01
4.751329999999999814e+02 2.385666007173150027e-01
4.745020000000000095e+02 2.469961098212903050e-01
4.738729999999999905e+02 2.001716495671727325e-01
4.732420000000000186e+02 1.852575225530946612e-01
4.726109999999999900e+02 2.254929154388397583e-01
4.719800000000000182e+02 2.402393214200477800e-01
4.713500000000000227e+02 2.359527448672905092e-01
4.707189999999999941e+02 2.443321804922413409e-01
4.700869999999999891e+02 1.912706769367046311e-01
4.694560000000000173e+02 1.297973638154883147e-01
4.688249999999999886e+02 7.895672813528104017e-02
4.681949999999999932e+02 1.487526929054013569e-01
4.675629999999999882e+02 1.909883082387650588e-01
4.669309999999999832e+02 1.697800957436778613e-01
4.663000000000000114e+02 1.337890846453700100e-01
4.656700000000000159e+02 1.611721108063056684e-01
4.650380000000000109e+02 1.758908406433501714e-01
4.644060000000000059e+02 1.547421915042958007e-01
4.637740000000000009e+02 2.095570277921202929e-01
4.631419999999999959e+02 2.411082770669318032e-01
4.625120000000000005e+02 2.473315815651786209e-01
4.618799999999999955e+02 2.156250512279443143e-01
4.612479999999999905e+02 2.092461985070556696e-01
4.606159999999999854e+02 2.428659891102391832e-01
4.599839999999999804e+02 2.385690346654128213e-01
4.593519999999999754e+02 2.111222359387534275e-01
4.587210000000000036e+02 2.510158917572650195e-01
4.580880000000000223e+02 2.298988931460931584e-01
4.574560000000000173e+02 2.171939397509680680e-01
4.568240000000000123e+02 1.792827362079874864e-01
4.561909999999999741e+02 1.897157632094557678e-01
4.555600000000000023e+02 1.896814262853056543e-01
4.549279999999999973e+02 2.168657253524381157e-01
4.542950000000000159e+02 2.062783375982922551e-01
4.536619999999999777e+02 1.810416457919868938e-01
4.530299999999999727e+02 1.662997071658116333e-01
4.523969999999999914e+02 2.060697209504760430e-01
4.517660000000000196e+02 1.913204101899204368e-01
4.511329999999999814e+02 2.121860036618383738e-01
4.505000000000000000e+02 2.121065154172745437e-01
4.498670000000000186e+02 2.225013627291956009e-01
4.492339999999999804e+02 1.763833884863742207e-01
4.486009999999999991e+02 1.554068549113413744e-01
4.479680000000000177e+02 2.180651790930442924e-01
4.473360000000000127e+02 2.117182068998730571e-01
4.467029999999999745e+02 2.011704627939301659e-01
4.460690000000000168e+02 2.386895975034033501e-01
4.454359999999999786e+02 2.156411836676682681e-01
4.448029999999999973e+02 2.093087864798110487e-01
4.441689999999999827e+02 2.280038992743508575e-01
4.435360000000000014e+02 2.508509251710649979e-01
4.429019999999999868e+02 2.945337695136030498e-01
4.422699999999999818e+02 2.548203729473049184e-01
4.416360000000000241e+02 2.880454091068180844e-01
4.410029999999999859e+02 2.858547972054745756e-01
4.403690000000000282e+02 2.607804569304743025e-01
4.397350000000000136e+02 2.606864499208022545e-01
4.391009999999999991e+02 2.543577964358543220e-01
4.384669999999999845e+02 2.064418807153830526e-01
4.378330000000000268e+02 2.209018083288718237e-01
4.371990000000000123e+02 2.042083917130364523e-01
4.365649999999999977e+02 2.186625888539592000e-01
4.359329999999999927e+02 1.708460260810864828e-01
4.352980000000000018e+02 1.417312810917706889e-01
4.346639999999999873e+02 1.396078502251798525e-01
4.340299999999999727e+02 1.457707230387770558e-01
4.333960000000000150e+02 1.457154476934374998e-01
4.327610000000000241e+02 1.995281644325871684e-01
4.321270000000000095e+02 1.808084054959809284e-01
4.314920000000000186e+02 1.496855231539908904e-01
4.308580000000000041e+02 1.351422500291846462e-01
4.302230000000000132e+02 1.495762038012022621e-01
4.295889999999999986e+02 1.722664221299994303e-01
4.289540000000000077e+02 1.432476331030271000e-01
4.283190000000000168e+02 1.617990478297981483e-01
4.276859999999999786e+02 1.617643432430896089e-01
4.270509999999999877e+02 1.389723826832392484e-01
4.264159999999999968e+02 1.162111349362495438e-01
4.257810000000000059e+02 1.388574546386582564e-01
4.251460000000000150e+02 1.553036900741788517e-01
4.245110000000000241e+02 1.861641936204811443e-01
4.238759999999999764e+02 1.881494538309398945e-01
4.232409999999999854e+02 2.066268283618732937e-01
4.226050000000000182e+02 1.818366646503945527e-01
4.219700000000000273e+02 1.858884956289200419e-01
4.213349999999999795e+02 1.919904063709487463e-01
4.206990000000000123e+02 2.207088128628544033e-01
4.200640000000000214e+02 2.226804018809897256e-01
4.194289999999999736e+02 2.472499931714858545e-01
4.187930000000000064e+02 1.999054489581174043e-01
4.181569999999999823e+02 1.895600095819622577e-01
4.175219999999999914e+02 2.018094380675179988e-01
4.168860000000000241e+02 2.468705442306197706e-01
4.162500000000000000e+02 2.693407253601077800e-01
4.156150000000000091e+02 2.733429050470717603e-01
4.149789999999999850e+02 2.814324971426082622e-01
4.143430000000000177e+02 2.895157810661027620e-01
4.137069999999999936e+02 2.607292788891258373e-01
4.130710000000000264e+02 3.036248406683596524e-01
4.124350000000000023e+02 3.239742396719286766e-01
4.117989999999999782e+02 3.402205787912883639e-01
4.111630000000000109e+02 3.278146015229612686e-01
4.105260000000000105e+02 3.154267333485512026e-01
4.098899999999999864e+02 3.255224166837003552e-01
4.092540000000000191e+02 2.804663183842119323e-01
4.086170000000000186e+02 2.844372244212600709e-01
4.079809999999999945e+02 3.026973555885554279e-01
4.073439999999999941e+02 2.903382315898896948e-01
4.067080000000000268e+02 2.779887583978407073e-01
4.060710000000000264e+02 3.104921712428426739e-01
4.054350000000000023e+02 2.655413927077398539e-01
4.047980000000000018e+02 2.715543339391824351e-01
4.041610000000000014e+02 2.633035030204787241e-01
4.035240000000000009e+02 2.835615866952532205e-01
4.028879999999999768e+02 2.407253553917018396e-01
4.022509999999999764e+02 2.609631539583465165e-01
4.016139999999999759e+02 2.161398018389868170e-01
4.009769999999999754e+02 2.201206567505661904e-01
4.003399999999999750e+02 1.733030647945613678e-01
3.997029999999999745e+02 2.097908867207320671e-01
3.990649999999999977e+02 1.975244229646198335e-01
3.984279999999999973e+02 1.589134349342953278e-01
3.977909999999999968e+02 1.487179493897085036e-01
3.971519999999999868e+02 1.445563007726648197e-01
3.965149999999999864e+02 1.141272446690836107e-01
3.958770000000000095e+02 1.302827317114979566e-01
3.952400000000000091e+02 8.568385745195238046e-02
3.946019999999999754e+02 1.180426710837561982e-01
3.939649999999999750e+02 8.358884971152766297e-02
3.933269999999999982e+02 7.951028869966686452e-02
3.926890000000000214e+02 1.259841634330978732e-01
3.920520000000000209e+02 1.178538809720246494e-01
3.914139999999999873e+02 1.541691650034379135e-01
3.907760000000000105e+02 1.561111073180755093e-01
3.901379999999999768e+02 2.085216525849875879e-01
3.895000000000000000e+02 2.548757255733163918e-01
3.888609999999999900e+02 2.306104341918543410e-01
3.882230000000000132e+02 2.365523709363058225e-01
3.875849999999999795e+02 2.606449673213050988e-01
3.869460000000000264e+02 2.827033783389242827e-01
3.863079999999999927e+02 3.087773565047590152e-01
3.856700000000000159e+02 3.247592151185534903e-01
3.850319999999999823e+02 3.427410650387989755e-01
3.843929999999999723e+02 3.104120640193197000e-01
3.837549999999999955e+02 3.303875842444837785e-01
3.831159999999999854e+02 3.202320741975460128e-01
3.824759999999999991e+02 3.160606309579659934e-01
3.818380000000000223e+02 3.038927302392913088e-01
3.811990000000000123e+02 2.535884869039179423e-01
3.805600000000000023e+02 2.815964885701590648e-01
3.799220000000000255e+02 2.694476116623800710e-01
3.792830000000000155e+02 2.392540794319540365e-01
3.786440000000000055e+02 2.591981308104016057e-01
3.780049999999999955e+02 2.390303699384043745e-01
3.773650000000000091e+02 2.470001688544192775e-01
3.767259999999999991e+02 3.209849556408144733e-01
3.760860000000000127e+02 3.148444170487026961e-01
3.754470000000000027e+02 3.807318987439584079e-01
3.748079999999999927e+02 3.765595678803961843e-01
3.741689999999999827e+02 3.963848515440606679e-01
3.735299999999999727e+02 4.182228985138518040e-01
3.728890000000000100e+02 4.240881374051608810e-01
3.722500000000000000e+02 3.919496107634398152e-01
3.716100000000000136e+02 4.436941997339335919e-01
3.709710000000000036e+02 4.076085897139433145e-01
3.703310000000000173e+02 3.915385121074740904e-01
3.696909999999999741e+02 3.793951420333453450e-01
3.690500000000000114e+02 3.891908041305460753e-01
3.684110000000000014e+02 3.691200098156823817e-01
3.677710000000000150e+02 3.610036937549681024e-01
3.671309999999999718e+02 3.449319381140411589e-01
3.664909999999999854e+02 3.965383385785757886e-01
3.658509999999999991e+02 3.665257885935623849e-01
3.652099999999999795e+02 3.664007908263343660e-01
3.645699999999999932e+02 4.119446565045161157e-01
3.639300000000000068e+02 4.038385423548800368e-01
3.632900000000000205e+02 3.996887036079057043e-01
3.626490000000000009e+02 4.094403341039178357e-01
3.620079999999999814e+02 3.993859174933284129e-01
3.613670000000000186e+02 3.932717615430705305e-01
3.607269999999999754e+02 3.653764381446030218e-01
3.600869999999999891e+02 3.771247798566578213e-01
3.594460000000000264e+02 3.413512162478457568e-01
3.588039999999999736e+02 3.153997478330481385e-01
3.581639999999999873e+02 3.054023695961364804e-01
3.575230000000000246e+02 2.815458729429086704e-01
3.568829999999999814e+02 3.169939105150194614e-01
3.562420000000000186e+02 3.069903512058561601e-01
3.556000000000000227e+02 3.128251095817069505e-01
3.549590000000000032e+02 3.284936645504609731e-01
3.543179999999999836e+02 2.967685176025287030e-01
3.536770000000000209e+02 3.065392649510415568e-01
3.530350000000000250e+02 3.517727620280179934e-01
3.523940000000000055e+02 3.634641810287250197e-01
3.517520000000000095e+02 3.633175341580289763e-01
3.511109999999999900e+02 2.941920008076511217e-01
3.504689999999999941e+02 3.196932851266071074e-01
3.498269999999999982e+02 3.294048844507163065e-01
3.491859999999999786e+02 3.233673741560317838e-01
3.485450000000000159e+02 3.173558793602470618e-01
3.479019999999999868e+02 3.112892784978401606e-01
3.472599999999999909e+02 2.915264134791721862e-01
3.466190000000000282e+02 2.874743267114480694e-01
3.459769999999999754e+02 2.794967920361497438e-01
3.453340000000000032e+02 3.049164789401063169e-01
3.446929999999999836e+02 3.204899701152431613e-01
3.440509999999999877e+02 3.085805547170681895e-01
3.434089999999999918e+02 3.045291072431582924e-01
3.427660000000000196e+02 2.848113799091822607e-01
3.421240000000000236e+02 3.258527620019086579e-01
3.414820000000000277e+02 3.355095357335354800e-01
3.408399999999999750e+02 3.333942805140065468e-01
3.401970000000000027e+02 3.508975682235814242e-01
3.395539999999999736e+02 3.546588226843006009e-01
3.389119999999999777e+02 3.447203734780129869e-01
3.382690000000000055e+02 3.543913255458296940e-01
3.376259999999999764e+02 4.030727927272260702e-01
3.369839999999999804e+02 4.341580751869941190e-01
3.363419999999999845e+02 4.164233414300109182e-01
3.356979999999999791e+02 3.908711565460639137e-01
3.350550000000000068e+02 3.848637582479881303e-01
3.344130000000000109e+02 3.671788291647440361e-01
3.337690000000000055e+02 3.728464612076987650e-01
3.331259999999999764e+02 3.824440590826210240e-01
3.324830000000000041e+02 4.348452385029928369e-01
3.318389999999999986e+02 4.113612710347981372e-01
3.311960000000000264e+02 4.442357272814285163e-01
3.305539999999999736e+02 4.304299761257823209e-01
3.299110000000000014e+02 4.574659003807689528e-01
3.292660000000000196e+02 4.747864849575619828e-01
3.286229999999999905e+02 5.017901713710160028e-01
3.279800000000000182e+02 4.938377554714578066e-01
3.273360000000000127e+02 4.800092876902663508e-01
3.266929999999999836e+02 4.352055671158144845e-01
3.260489999999999782e+02 4.272727412361242982e-01
3.254049999999999727e+02 4.173991774311499592e-01
3.247610000000000241e+02 4.404870627884270862e-01
3.241179999999999950e+02 4.248130962006994027e-01
3.234730000000000132e+02 4.362477297138180887e-01
3.228290000000000077e+02 4.379869443528909834e-01
3.221840000000000259e+02 4.746000638122472859e-01
3.215409999999999968e+02 4.782476682099264798e-01
3.208969999999999914e+02 5.186135592385765491e-01
3.202520000000000095e+02 5.416336592426703733e-01
3.196080000000000041e+02 5.394577986562467675e-01
3.189639999999999986e+02 5.566079439720658106e-01
3.183190000000000168e+02 5.814716108913392523e-01
3.176750000000000114e+02 5.465146484634526569e-01
3.170310000000000059e+02 4.904283640556952872e-01
3.163860000000000241e+02 4.901504163554477600e-01
3.157420000000000186e+02 4.784245150972002980e-01
3.150980000000000132e+02 4.493410000059607223e-01
3.144519999999999982e+02 4.414288028542756037e-01
3.138079999999999927e+02 4.277836667907503054e-01
3.131619999999999777e+02 4.199116157521430859e-01
3.125179999999999723e+02 4.081884498407636341e-01
3.118729999999999905e+02 4.137642649585064891e-01
3.112269999999999754e+02 4.827760193090647745e-01
3.105830000000000268e+02 4.537656636170124269e-01
3.099370000000000118e+02 4.420509304006857154e-01
3.092919999999999732e+02 4.476401665195914314e-01
3.086469999999999914e+02 4.359459967997136309e-01
3.080009999999999764e+02 4.760256828092878645e-01
3.073570000000000277e+02 4.987999661860808565e-01
3.067099999999999795e+02 5.062996164555462197e-01
3.060649999999999977e+02 4.984047055692605310e-01
3.054200000000000159e+02 4.962582447009741271e-01
3.047740000000000009e+02 4.941668073385618309e-01
3.041290000000000191e+02 4.920731394761281297e-01
3.034820000000000277e+02 5.453636201904097369e-01
3.028369999999999891e+02 5.795225509453003632e-01
3.021920000000000073e+02 6.059673215368408528e-01
3.015450000000000159e+02 5.885841239121862856e-01
3.008999999999999773e+02 5.501533006556232897e-01
3.002529999999999859e+02 6.052684959031863210e-01
2.996080000000000041e+02 5.821294388562324729e-01
2.989610000000000127e+02 5.551679393490903669e-01
2.983149999999999977e+02 6.045165061243064075e-01
2.976700000000000159e+02 5.795182555520997925e-01
2.970230000000000246e+02 5.830533575166545468e-01
2.963770000000000095e+02 5.466220952416718237e-01
2.957300000000000182e+02 5.350253541391951639e-01
2.950840000000000032e+02 5.519077518512769398e-01
2.944370000000000118e+02 5.117665027775790687e-01
2.937909999999999968e+02 5.286523290398885688e-01
2.931429999999999723e+02 6.195571352787131447e-01
2.924970000000000141e+02 6.174027198393927662e-01
2.918500000000000227e+02 5.886881897277149722e-01
2.912040000000000077e+02 5.789460211093483410e-01
2.905570000000000164e+02 6.070792349681199962e-01
2.899100000000000250e+02 6.428865686651304978e-01
2.892629999999999768e+02 6.956034898470153660e-01
2.886159999999999854e+02 7.275359154839289300e-01
2.879689999999999941e+02 7.499339732961978200e-01
2.873210000000000264e+02 7.534082047786507808e-01
2.866750000000000114e+02 7.455106673104822113e-01
2.860269999999999868e+02 7.867841880733247306e-01
2.853799999999999955e+02 8.015613860916087630e-01
2.847320000000000277e+02 7.936680406205766092e-01
2.840849999999999795e+02 8.329523522478322617e-01
2.834370000000000118e+02 8.514921091506796325e-01
2.827900000000000205e+02 8.906977464924181742e-01
2.821419999999999959e+02 9.242868277432221280e-01
2.814950000000000045e+02 9.407981660295340332e-01
2.808469999999999800e+02 9.781245136826135500e-01
2.801990000000000123e+02 9.475835195730472060e-01
2.795509999999999877e+02 9.283482268717599961e-01
2.789039999999999964e+02 9.411717064381910358e-01
2.782549999999999955e+02 9.426066418978784611e-01
2.776080000000000041e+02 9.459736963971009382e-01
2.769590000000000032e+02 9.342933808226638881e-01
2.763120000000000118e+02 9.545304375479634063e-01
2.756630000000000109e+02 9.391418237829014526e-01
2.750149999999999864e+02 9.574534984521669845e-01
2.743659999999999854e+02 1.039617775774424935e+00
2.737189999999999941e+02 1.102871426239194985e+00
2.730699999999999932e+02 1.121181252180294852e+00
2.724220000000000255e+02 1.107553737769422675e+00
2.717730000000000246e+02 1.084635185738583418e+00
2.711240000000000236e+02 1.067314409187730240e+00
2.704759999999999991e+02 1.036957301327772418e+00
2.698260000000000218e+02 1.057071194620121890e+00
2.691779999999999973e+02 1.094004213388919622e+00
2.685289999999999964e+02 1.043091716617719378e+00
2.678809999999999718e+02 1.031391219406580628e+00
2.672309999999999945e+02 1.016070179609752433e+00
2.665830000000000268e+02 1.039857480561161340e+00
2.659329999999999927e+02 1.114020438234541110e+00
2.652839999999999918e+02 1.147126527606856294e+00
2.646349999999999909e+02 1.198799971287719979e+00
2.639850000000000136e+02 1.170361919051373878e+00
2.633369999999999891e+02 1.158639431662098707e+00
2.626870000000000118e+02 1.191667182481820131e+00
2.620380000000000109e+02 1.167005345561848539e+00
2.613879999999999768e+02 1.216668732435473688e+00
2.607400000000000091e+02 1.193904275999214892e+00
2.600899999999999750e+02 1.143186518946578190e+00
2.594390000000000214e+02 1.174261805204744658e+00
2.587900000000000205e+02 1.153307194859900964e+00
2.581399999999999864e+02 1.158380425742550734e+00
2.574909999999999854e+02 1.150469813661799012e+00
2.568410000000000082e+02 1.207436011988110458e+00
2.561899999999999977e+02 1.251423160241179611e+00
2.555409999999999968e+02 1.230478412038124691e+00
2.548899999999999864e+02 1.259579691710568605e+00
2.542410000000000139e+02 1.260914584781311465e+00
2.535910000000000082e+02 1.221490464613508742e+00
2.529399999999999977e+02 1.224635464019502518e+00
2.522899999999999920e+02 1.244505788141447855e+00
2.516399999999999864e+02 1.286426228636972757e+00
2.509900000000000091e+02 1.232298921499941136e+00
2.503389999999999986e+02 1.239140068861913413e+00
2.496879999999999882e+02 1.270006565935308362e+00
2.490380000000000109e+02 1.278618012511667068e+00
2.483870000000000005e+02 1.320509368485878410e+00
2.477359999999999900e+02 1.358622490423677220e+00
2.470860000000000127e+02 1.345142337900927521e+00
2.464350000000000023e+02 1.388738315295105386e+00
2.457849999999999966e+02 1.332922291581888796e+00
2.451330000000000098e+02 1.367305600874229476e+00
2.444819999999999993e+02 1.344628390329409173e+00
2.438319999999999936e+02 1.325702948971136941e+00
2.431800000000000068e+02 1.312227996280329378e+00
2.425289999999999964e+02 1.311655775037695593e+00
2.418779999999999859e+02 1.366112179102364488e+00
2.412270000000000039e+02 1.404074700047999169e+00
2.405749999999999886e+02 1.374148419727251769e+00
2.399240000000000066e+02 1.435829715424208564e+00
2.392719999999999914e+02 1.435241044791994325e+00
2.386200000000000045e+02 1.465746055782477519e+00
2.379699999999999989e+02 1.461428794003462261e+00
2.373180000000000121e+02 1.504700678341363229e+00
2.366670000000000016e+02 1.504081837266198596e+00
2.360149999999999864e+02 1.505199562489778486e+00
2.353629999999999995e+02 1.537459862926354948e+00
2.347100000000000080e+02 1.597072399327537751e+00
2.340600000000000023e+02 1.590852316639237207e+00
2.334070000000000107e+02 1.586526116336243408e+00
2.327549999999999955e+02 1.649702596939559562e+00
2.321040000000000134e+02 1.698172444874546994e+00
2.314509999999999934e+02 1.691992031779074424e+00
2.307980000000000018e+02 1.738587015216204179e+00
2.301469999999999914e+02 1.737823510205953381e+00
2.294939999999999998e+02 1.718853926603257198e+00
2.288420000000000130e+02 1.687168482458272223e+00
2.281899999999999977e+02 1.750063122101746416e+00
2.275370000000000061e+02 1.798372442286437556e+00
2.268839999999999861e+02 1.826700631457840229e+00
2.262330000000000041e+02 1.871207866057589264e+00
2.255800000000000125e+02 1.928495370653391383e+00
2.249269999999999925e+02 1.929485552489649702e+00
2.242729999999999961e+02 1.943205869836978739e+00
2.236220000000000141e+02 1.989421132531850933e+00
2.229679999999999893e+02 2.004902009704674803e+00
2.223149999999999977e+02 2.023891209322768781e+00
2.216630000000000109e+02 1.999531200149349930e+00
2.210099999999999909e+02 1.971437838555202937e+00
2.203559999999999945e+02 1.941608969890119996e+00
2.197019999999999982e+02 1.929928435339052673e+00
2.190500000000000114e+02 1.941723202053444064e+00
2.183969999999999914e+02 1.944452246189235511e+00
2.177429999999999950e+02 1.941794111146067925e+00
2.170889999999999986e+02 1.957189075768234421e+00
2.164370000000000118e+02 1.929236902758748817e+00
2.157829999999999870e+02 1.960865939785355616e+00
2.151289999999999907e+02 1.945548199050139537e+00
2.144749999999999943e+02 1.998740320165916629e+00
2.138220000000000027e+02 2.003259000820967639e+00
2.131680000000000064e+02 2.011348907413977649e+00
2.125140000000000100e+02 2.026660094554657565e+00
2.118600000000000136e+02 1.998795183877914550e+00
2.112069999999999936e+02 2.041047734459570773e+00
2.105529999999999973e+02 2.029346728299619151e+00
2.098979999999999961e+02 2.019477527379614834e+00
2.092439999999999998e+02 1.996975457277000654e+00
2.085910000000000082e+02 1.997906861995809580e+00
2.079360000000000070e+02 1.995230647466167628e+00
2.072820000000000107e+02 1.988955739673204048e+00
2.066270000000000095e+02 1.950438221264259475e+00
2.059739999999999895e+02 1.985397483620791270e+00
2.053189999999999884e+02 1.982690069751276374e+00
2.046639999999999873e+02 1.965719226754215399e+00
2.040089999999999861e+02 1.971986452721121497e+00
2.033540000000000134e+02 1.972878569866020282e+00
2.027009999999999934e+02 1.921999961943109403e+00
2.020459999999999923e+02 1.906820409922827642e+00
2.013909999999999911e+02 1.870246171506957600e+00
2.007350000000000136e+02 1.912239220588766608e+00
2.000800000000000125e+02 1.898893667161849486e+00
1.994259999999999877e+02 1.864143419546798297e+00
1.987709999999999866e+02 1.865076185169943779e+00
1.981160000000000139e+02 1.853576560773758208e+00
1.974600000000000080e+02 1.881207603147190488e+00
1.968050000000000068e+02 1.846523758132490922e+00
1.961510000000000105e+02 1.840427945701009982e+00
1.954950000000000045e+02 1.884045174872024386e+00
1.948389999999999986e+02 1.849403562676248391e+00
1.941839999999999975e+02 1.830798958487952710e+00
1.935279999999999916e+02 1.849499363314111910e+00
1.928739999999999952e+02 1.873476660581320230e+00
1.922179999999999893e+02 1.869103372918030415e+00
1.915620000000000118e+02 1.917910962952196430e+00
1.909060000000000059e+02 1.984442611979496229e+00
1.902500000000000000e+02 2.013707367789770775e+00
1.895939999999999941e+02 1.986204703032858010e+00
1.889389999999999930e+02 2.036590523409905096e+00
1.882829999999999870e+02 2.074619879374354880e+00
1.876270000000000095e+02 2.116129185313000871e+00
1.869699999999999989e+02 2.108141107442824680e+00
1.863139999999999930e+02 2.107184927488408022e+00
1.856570000000000107e+02 2.074404907012764809e+00
1.850010000000000048e+02 2.052296130803053842e+00
1.843460000000000036e+02 2.083121161001431521e+00
1.836889999999999930e+02 2.126298498137924931e+00
1.830329999999999870e+02 2.167609078088350572e+00
1.823760000000000048e+02 2.191329587480243202e+00
1.817189999999999941e+02 2.179791073980990035e+00
1.810620000000000118e+02 2.287996925595974229e+00
1.804050000000000011e+02 2.369680946439649105e+00
1.797500000000000000e+02 2.405426379508180279e+00
1.790929999999999893e+02 2.474712191248850335e+00
1.784360000000000070e+02 2.482391188058491682e+00
1.777789999999999964e+02 2.514652909684820692e+00
1.771220000000000141e+02 2.531028988845843042e+00
1.764650000000000034e+02 2.549209032987882040e+00
1.758069999999999879e+02 2.574342693371777901e+00
1.751500000000000057e+02 2.557408249046646986e+00
1.744939999999999998e+02 2.585962276813386751e+00
1.738369999999999891e+02 2.646125542570289202e+00
1.731790000000000020e+02 2.685198928639280336e+00
1.725219999999999914e+02 2.734748558059989954e+00
1.718640000000000043e+02 2.796494665413318703e+00
1.712059999999999889e+02 2.845906119830800662e+00
1.705490000000000066e+02 2.886588851885116824e+00
1.698909999999999911e+02 2.911455585468066154e+00
1.692330000000000041e+02 2.908383145202086961e+00
1.685749999999999886e+02 2.901805772664048266e+00
1.679190000000000111e+02 2.942348255654790190e+00
1.672609999999999957e+02 2.935759107019654923e+00
1.666030000000000086e+02 3.000642264728086595e+00
1.659449999999999932e+02 2.962678748609883339e+00
1.652870000000000061e+02 2.910829870456860480e+00
1.646279999999999859e+02 2.923400305348997641e+00
1.639699999999999989e+02 2.965539264987408608e+00
1.633120000000000118e+02 3.026797656175272966e+00
1.626539999999999964e+02 3.041060843689470161e+00
1.619950000000000045e+02 3.011844670587390471e+00
1.613369999999999891e+02 3.008729648826782288e+00
1.606779999999999973e+02 2.974340840697306199e+00
1.600190000000000055e+02 2.986833626623130122e+00
1.593609999999999900e+02 3.016698867797046546e+00
1.587040000000000077e+02 3.029199944312753967e+00
1.580449999999999875e+02 3.057217032611815544e+00
1.573859999999999957e+02 3.052322305909552558e+00
1.567270000000000039e+02 3.082057955592173215e+00
1.560680000000000121e+02 3.077191293825053187e+00
1.554089999999999918e+02 3.091343965623955636e+00
1.547500000000000000e+02 3.114108386147417473e+00
1.540910000000000082e+02 3.109230088814596726e+00
1.534319999999999879e+02 3.121591223043627128e+00
1.527729999999999961e+02 3.132224339352952747e+00
1.521140000000000043e+02 3.120408076257548569e+00
1.514540000000000077e+02 3.127599752470037853e+00
1.507949999999999875e+02 3.134748507456622590e+00
1.501359999999999957e+02 3.248713620563097315e+00
1.494759999999999991e+02 3.293742428931110133e+00
1.488170000000000073e+02 3.318017598018606851e+00
1.481570000000000107e+02 3.397351015897015714e+00
1.474970000000000141e+02 3.404386320049014536e+00
1.468379999999999939e+02 3.452635321940439095e+00
1.461779999999999973e+02 3.483687507243746317e+00
1.455180000000000007e+02 3.554183486336222497e+00
1.448580000000000041e+02 3.585156610700473312e+00
1.441980000000000075e+02 3.526846696258505443e+00
1.435380000000000109e+02 3.576658230891541557e+00
1.428779999999999859e+02 3.610980138850627963e+00
1.422179999999999893e+02 3.676137527716999198e+00
1.415579999999999927e+02 3.706974429224756840e+00
1.408979999999999961e+02 3.729202033814394746e+00
1.402379999999999995e+02 3.747970001756087743e+00
1.395769999999999982e+02 3.759881657928849208e+00
1.389170000000000016e+02 3.823111295790173170e+00
1.382560000000000002e+02 3.940903142070045995e+00
1.375960000000000036e+02 4.015901810325815724e+00
1.369350000000000023e+02 4.080611436757315857e+00
1.362750000000000057e+02 4.114522640138470244e+00
1.356140000000000043e+02 4.189363562619198511e+00
1.349540000000000077e+02 4.258980366712143528e+00
1.342930000000000064e+02 4.376263669877312523e+00
1.336320000000000050e+02 4.491705916837441137e+00
1.329710000000000036e+02 4.569605159244043868e+00
1.323100000000000023e+02 4.625303720846898337e+00
1.316490000000000009e+02 4.747256764082538716e+00
1.309879999999999995e+02 4.799400743061303487e+00
1.303269999999999982e+02 4.839639120835940389e+00
1.296659999999999968e+02 4.959625860842763245e+00
1.290049999999999955e+02 5.021820458753222916e+00
1.283420000000000130e+02 5.050009665274965975e+00
1.276809999999999974e+02 5.090046312737190881e+00
1.270190000000000055e+02 5.175771577732373174e+00
1.263580000000000041e+02 5.147928175672428885e+00
1.256959999999999980e+02 5.103132117658529587e+00
1.250349999999999966e+02 5.143023512397122410e+00
1.243730000000000047e+02 5.162625135848421642e+00
1.237120000000000033e+02 5.163543836323812641e+00
1.230499999999999972e+02 5.198301762135257853e+00
1.223880000000000052e+02 5.211018920223887463e+00
1.217259999999999991e+02 5.144385534468470134e+00
1.210639999999999930e+02 5.055864864876763676e+00
1.204030000000000058e+02 5.072054553612707295e+00
1.197409999999999997e+02 5.061232594491354320e+00
1.190780000000000030e+02 4.957722259706646817e+00
1.184150000000000063e+02 4.943427510058661767e+00
1.177530000000000001e+02 4.895648685077884643e+00
1.170909999999999940e+02 4.822646325217256447e+00
1.164279999999999973e+02 4.751379603145814201e+00
1.157660000000000053e+02 4.732338916882678603e+00
1.151039999999999992e+02 4.698139601604258253e+00
1.144410000000000025e+02 4.628733711389704020e+00
1.137789999999999964e+02 4.564364287495066286e+00
1.131159999999999997e+02 4.565594051993338454e+00
1.124539999999999935e+02 4.539938232561011588e+00
1.117890000000000015e+02 4.509188711267079874e+00
1.111269999999999953e+02 4.518803001474323011e+00
1.104639999999999986e+02 4.479773890612999132e+00
1.098010000000000019e+02 4.449170598433100032e+00
1.091380000000000052e+02 4.405220089504829240e+00
1.084749999999999943e+02 4.396428735461170412e+00
1.078119999999999976e+02 4.290716073715691969e+00
1.071490000000000009e+02 4.236936664590086110e+00
1.064849999999999994e+02 4.075942190166942147e+00
1.058209999999999980e+02 3.942146497756540136e+00
1.051580000000000013e+02 3.768435391738173657e+00
1.044950000000000045e+02 3.724981971042880868e+00
1.038319999999999936e+02 3.594893829195211943e+00
1.031680000000000064e+02 3.481518904062404385e+00
1.025049999999999955e+02 3.376564159915951713e+00
1.018400000000000034e+02 3.343223743751416954e+00
1.011760000000000019e+02 3.273401115128581118e+00
1.005130000000000052e+02 3.315079969526083747e+00
9.984900000000000375e+01 3.330108844525810685e+00
9.918529999999999802e+01 3.330193030149582789e+00
9.852150000000000318e+01 3.318545667636124463e+00
9.785769999999999413e+01 3.421461492864794618e+00
9.719230000000000302e+01 3.544448725542816536e+00
9.652830000000000155e+01 3.662125654293661992e+00
9.586430000000000007e+01 3.759710089874658934e+00
9.520029999999999859e+01 3.885397293057677892e+00
9.453610000000000468e+01 4.058961065290415782e+00
9.387199999999999989e+01 4.232355922885810529e+00
9.320619999999999550e+01 4.354728216832605803e+00
9.254200000000000159e+01 4.493093191301226419e+00
9.187760000000000105e+01 4.528903282288689880e+00
9.121320000000000050e+01 4.596076278824364536e+00
9.054879999999999995e+01 4.625200429754302789e+00
8.988280000000000314e+01 4.745152099079144925e+00
8.921819999999999595e+01 4.785715270687762590e+00
8.855360000000000298e+01 4.785034119065977087e+00
8.788890000000000668e+01 4.781041024408637874e+00
8.722419999999999618e+01 4.895629544662251753e+00
8.655939999999999657e+01 4.991933292023603919e+00
8.589300000000000068e+01 5.119733227958064958e+00
8.522809999999999775e+01 5.181334774251081576e+00
8.456319999999999482e+01 5.280690785386418895e+00
8.389820000000000277e+01 5.304387138188452866e+00
8.323160000000000025e+01 5.385661515550063783e+00
8.256650000000000489e+01 5.433885864426819978e+00
8.190130000000000621e+01 5.528060864960463228e+00
8.123609999999999332e+01 5.579458379171567728e+00
8.057080000000000553e+01 5.543955238016178733e+00
7.990389999999999304e+01 5.597017425743515240e+00
7.923850000000000193e+01 5.681015994155803384e+00
7.857299999999999329e+01 5.782959911001419151e+00
7.790749999999999886e+01 5.860243674783144563e+00
7.724039999999999395e+01 5.909858948600856365e+00
7.657479999999999620e+01 5.990283009952229953e+00
7.590909999999999513e+01 5.969360767146569380e+00
7.524339999999999407e+01 6.051329383858855770e+00
7.457760000000000389e+01 6.097366266693419412e+00
7.391020000000000323e+01 6.038885123477769845e+00
7.324429999999999552e+01 6.040823747394695964e+00
7.257829999999999870e+01 5.966202688908337493e+00
7.191230000000000189e+01 5.933974268536033492e+00
7.124469999999999459e+01 5.957044426515849089e+00
7.057850000000000534e+01 5.939502147874536675e+00
6.991230000000000189e+01 6.013027992011807044e+00
6.924609999999999843e+01 5.962852062658958729e+00
6.857829999999999870e+01 5.984378082860771997e+00
6.791190000000000282e+01 5.992802965583772234e+00
6.724550000000000693e+01 5.970364629602913809e+00
6.657750000000000057e+01 5.980388054942110010e+00
6.591100000000000136e+01 5.933700108772586468e+00
6.524439999999999884e+01 5.945378295280979053e+00
6.457769999999999300e+01 5.923031192158872749e+00
6.390950000000000131e+01 5.879573186806629437e+00
6.324269999999999925e+01 5.886393616478745372e+00
6.257589999999999719e+01 5.923881221703922506e+00
6.190899999999999892e+01 5.950049270819478764e+00
6.124060000000000059e+01 5.955274670717888519e+00
6.057359999999999900e+01 5.973302178204538571e+00
5.990659999999999741e+01 5.996226061209777747e+00
5.923799999999999955e+01 5.923795634332865490e+00
5.857079999999999842e+01 5.840293181011516843e+00
5.790359999999999729e+01 5.861604016157426322e+00
5.723629999999999995e+01 5.834552322851631168e+00
5.656750000000000256e+01 5.765569318515388453e+00
5.590010000000000190e+01 5.782044771090761870e+00
5.523270000000000124e+01 5.755030137537395341e+00
5.456360000000000099e+01 5.760263938885143986e+00
5.389609999999999701e+01 5.789484900787735810e+00
5.322849999999999682e+01 5.863676805728443853e+00
5.255930000000000035e+01 5.970003626619603487e+00
5.189159999999999684e+01 5.915704070816278914e+00
5.122379999999999711e+01 5.954445095926440779e+00
5.055440000000000111e+01 5.975546652776838386e+00
4.988660000000000139e+01 5.958143897301236613e+00
4.921860000000000213e+01 5.934424306021908180e+00
4.854910000000000281e+01 5.920193293160721737e+00
4.788100000000000023e+01 5.963660376533028717e+00
4.721289999999999765e+01 5.965457899478829873e+00
4.654319999999999879e+01 5.928955427732702788e+00
4.587500000000000000e+01 5.951536854437187607e+00
4.520669999999999789e+01 5.876725006606906554e+00
4.453679999999999950e+01 5.870580917868517545e+00
4.386840000000000117e+01 5.875645398220444626e+00
4.320000000000000284e+01 5.944483841565315174e+00
4.252989999999999782e+01 5.912765551347418658e+00
4.186129999999999995e+01 5.865256882601292077e+00
4.119270000000000209e+01 5.771576245462447297e+00
4.052250000000000085e+01 5.752735591394845471e+00
3.985379999999999967e+01 5.765797567699691761e+00
3.918500000000000227e+01 5.807445480307447561e+00
3.851460000000000150e+01 5.804496479781450446e+00
3.784570000000000078e+01 5.788862901891296708e+00
3.717519999999999669e+01 5.739945509521551692e+00
3.650619999999999976e+01 5.706912628567149426e+00
3.583709999999999951e+01 5.724668457258675680e+00
3.516640000000000299e+01 5.736064088049646514e+00
3.449719999999999942e+01 5.695205129608850392e+00
3.382800000000000296e+01 5.693918075569573745e+00
3.315709999999999980e+01 5.640359654242241838e+00
3.248780000000000001e+01 5.530044811076069600e+00
3.181680000000000064e+01 5.497139785567242143e+00
3.114730000000000132e+01 5.499152142490011386e+00
3.047779999999999845e+01 5.534283245469935331e+00
2.980669999999999931e+01 5.413077681670199759e+00
2.913700000000000045e+01 5.404080198557390524e+00
2.846730000000000160e+01 5.413993217405485225e+00
2.779599999999999937e+01 5.322948115768576294e+00
2.712620000000000076e+01 5.287189514270833612e+00
2.645479999999999876e+01 5.270299490109975338e+00
2.578490000000000038e+01 5.222089548880918031e+00
2.511329999999999885e+01 5.117113471126437219e+00
2.444330000000000069e+01 4.999819012356105041e+00
2.377319999999999922e+01 4.986396686664566147e+00
2.310150000000000148e+01 4.847090395352493530e+00
2.243130000000000024e+01 4.763127752774412471e+00
2.175949999999999918e+01 4.678971242395058461e+00
2.108909999999999840e+01 4.573191138064709449e+00
2.041870000000000118e+01 4.506719841298811424e+00
1.974680000000000035e+01 4.353921964209070516e+00
1.907629999999999981e+01 4.267265193068277895e+00
1.840419999999999945e+01 4.196103585239273848e+00
1.773349999999999937e+01 4.084541352838953365e+00
1.706129999999999924e+01 4.062066662831131048e+00
1.639059999999999917e+01 3.947577124926368253e+00
1.571979999999999933e+01 3.881577035825722000e+00
1.504739999999999966e+01 3.859234090428024455e+00
1.437650000000000006e+01 3.804227509491450387e+00
1.370410000000000039e+01 3.808519186864573136e+00
1.303299999999999947e+01 3.738036938468844106e+00
1.236040000000000028e+01 3.700259763303035410e+00
1.168929999999999936e+01 3.654822103757581431e+00
1.101660000000000039e+01 3.687174534332455789e+00
1.034529999999999994e+01 3.857882786896713601e+00
9.672489999999999810e+00 3.996006014831070541e+00
9.001129999999999853e+00 4.149161225510384909e+00
8.329710000000000392e+00 4.275690598212428917e+00
7.656710000000000349e+00 4.534588253325349427e+00
6.985170000000000101e+00 5.172472330969272392e+00
6.312050000000000161e+00 5.834748991752879199e+00
5.640399999999999636e+00 6.522832148559309040e+00
4.967170000000000307e+00 7.110957987546261627e+00
4.295410000000000394e+00 7.614812394200719758e+00
3.622059999999999835e+00 8.117903902705650765e+00
2.950180000000000025e+00 8.588279366798920123e+00
2.276720000000000077e+00 9.116359337201433988e+00
1.604729999999999990e+00 9.507369772916284489e+00
9.311519999999999797e-01 9.564526065290070989e+00
2.590439999999999965e-01 9.562418465198977202e+00
