6.869719999999999800e+02 -3.534583981663739442e-03
6.863600000000000136e+02 6.292478812953818633e-03
6.857469999999999573e+02 8.346313352765198298e-03
6.851349999999999909e+02 1.609614719489873766e-02
6.845230000000000246e+02 1.450526700995781806e-02
6.839120000000000346e+02 1.765438528561248666e-02
6.832989999999999782e+02 1.132562323431036272e-02
6.826870000000000118e+02 2.709457895487550269e-02
6.820739999999999554e+02 -1.076004310429275537e-02
6.814610000000000127e+02 -1.264639787359635864e-02
6.808490000000000464e+02 -2.018647896887618837e-02
6.802359999999999900e+02 5.865615324655311770e-04
6.796230000000000473e+02 1.378556823620848137e-02
6.790099999999999909e+02 2.453885587027361884e-03
6.783980000000000246e+02 -8.858738108329650487e-03
6.777859999999999445e+02 -2.572481440722382967e-02
6.771730000000000018e+02 -6.933862735976090673e-03
6.765599999999999454e+02 -3.182658288820454200e-03
6.759470000000000027e+02 -2.384409811399026968e-02
6.753339999999999463e+02 2.309797640066606206e-02
6.747210000000000036e+02 -3.318240377435686950e-02
6.741079999999999472e+02 -1.816519810591902054e-02
6.734940000000000282e+02 5.114462439728414966e-02
6.728809999999999718e+02 5.673413881658725955e-02
6.722680000000000291e+02 4.921367028034403374e-02
6.716539999999999964e+02 1.552798529728372477e-02
6.710410000000000537e+02 -1.295454218351039860e-03
6.704270000000000209e+02 4.301957351016903394e-03
6.698150000000000546e+02 -2.926972762150848242e-02
6.692010000000000218e+02 2.295575622888598039e-02
6.685879999999999654e+02 3.783698407957426790e-02
6.679740000000000464e+02 6.144172551431579046e-03
6.673600000000000136e+02 1.173380109660283888e-02
6.667459999999999809e+02 2.474107648369746823e-02
6.661330000000000382e+02 2.287431269047138921e-02
6.655190000000000055e+02 1.357480678384649468e-02
6.649049999999999727e+02 -1.274711210709687098e-03
6.642910000000000537e+02 -1.610006172756851123e-02
6.636770000000000209e+02 -4.388436928070899717e-02
6.630629999999999882e+02 -7.533433721270030303e-02
6.624479999999999791e+02 -9.749280722403545762e-02
6.618339999999999463e+02 -8.633491534107251564e-02
6.612200000000000273e+02 -9.551977820529809760e-02
6.606059999999999945e+02 -1.083774111049458921e-01
6.599909999999999854e+02 -8.985273988995194638e-02
6.593769999999999527e+02 -8.425866967766919291e-02
6.587619999999999436e+02 -3.997502601447378706e-02
6.581480000000000246e+02 -3.073937943094946085e-02
6.575330000000000155e+02 -2.335672778816653625e-02
6.569189999999999827e+02 1.159841509227762385e-02
6.563039999999999736e+02 4.239058091167214812e-03
6.556889999999999645e+02 2.443444187000061094e-02
6.550750000000000455e+02 4.461384856862270903e-02
6.544600000000000364e+02 4.824709058427893021e-02
6.538450000000000273e+02 7.020684220547115939e-02
6.532300000000000182e+02 5.733772030495317557e-02
6.526150000000000091e+02 3.351294862650980311e-02
6.520000000000000000e+02 3.898047061339816183e-02
6.513849999999999909e+02 4.990759512680264381e-02
6.507699999999999818e+02 6.083129406314324167e-02
6.501549999999999727e+02 1.881870798666109013e-02
6.495389999999999873e+02 2.398709132237285963e-03
6.489239999999999782e+02 -6.719828479277486361e-03
6.483089999999999691e+02 -1.036168764681881342e-02
6.476929999999999836e+02 -3.765101674109327251e-02
6.470779999999999745e+02 1.147794676731989788e-02
6.464629999999999654e+02 6.021370104382037583e-03
6.458469999999999800e+02 -1.035226214474141773e-02
6.452319999999999709e+02 -2.125025354980530912e-02
6.446159999999999854e+02 2.410210709985359870e-02
6.439990000000000236e+02 4.949742296224277083e-02
6.433830000000000382e+02 2.409937243629466444e-02
6.427670000000000528e+02 -8.494271865421964413e-03
6.421520000000000437e+02 1.864363823776432616e-02
6.415359999999999445e+02 -1.569956324171626130e-02
6.409199999999999591e+02 -3.012840706797162427e-02
6.403039999999999736e+02 -4.094296407068798160e-02
6.396879999999999882e+02 -5.173432898538733726e-02
6.390720000000000027e+02 -5.170143277801755172e-02
6.384560000000000173e+02 -4.446903651019330772e-02
6.378400000000000318e+02 -2.644563797613035810e-02
6.372229999999999563e+02 5.473666330491523549e-04
6.366069999999999709e+02 -8.441854808413348787e-03
6.359909999999999854e+02 -1.381130130404276991e-02
6.353730000000000473e+02 9.522149328588091349e-03
6.347569999999999482e+02 -1.379537322771239201e-02
6.341399999999999864e+02 -1.199362209220249109e-02
6.335240000000000009e+02 -2.093006272609302179e-02
6.329070000000000391e+02 -4.238235237377943609e-02
6.322899999999999636e+02 4.120191104789440624e-03
6.316739999999999782e+02 5.892339108745005098e-03
6.310570000000000164e+02 1.658892641440176674e-02
6.304400000000000546e+02 3.798627250352512585e-02
6.298220000000000027e+02 3.978777071792289483e-02
6.292050000000000409e+02 5.577730832024205970e-02
6.285879999999999654e+02 6.463420251921205006e-02
6.279710000000000036e+02 5.035574484807532614e-02
6.273540000000000418e+02 8.410604981210292874e-02
6.267369999999999663e+02 1.477458171120448263e-02
6.261200000000000045e+02 9.442463980839952559e-03
6.255030000000000427e+02 2.360276644886952213e-02
6.248840000000000146e+02 -1.541274391612774096e-02
6.242670000000000528e+02 -2.247855048858768759e-02
6.236499999999999773e+02 -3.839106848934347588e-02
6.230320000000000391e+02 -4.542581056140058970e-02
6.224149999999999636e+02 -5.245024009480732385e-02
6.217980000000000018e+02 -9.479944863190559179e-02
6.211799999999999500e+02 -5.238085301402829047e-02
6.205610000000000355e+02 -3.823507532896103928e-02
6.199429999999999836e+02 -8.049337123956522289e-02
6.193260000000000218e+02 -7.164151085793116214e-02
6.187079999999999700e+02 -7.159240561755843280e-02
6.180900000000000318e+02 -2.408717278155006122e-02
6.174719999999999800e+02 -1.353936134919719522e-02
6.168529999999999518e+02 2.312716707042285647e-03
6.162350000000000136e+02 9.313003444439200973e-03
6.156169999999999618e+02 5.800115541958451859e-03
6.149990000000000236e+02 -2.223114417477928956e-02
6.143809999999999718e+02 9.284694710986444652e-03
6.137630000000000337e+02 3.378375539664234262e-02
6.131430000000000291e+02 4.597399932487502422e-02
6.125249999999999773e+02 4.071160974906955221e-02
6.119070000000000391e+02 5.462739994495719592e-02
6.112889999999999873e+02 3.889184895861634572e-02
6.106699999999999591e+02 3.366138751203224394e-02
6.100510000000000446e+02 1.271492094074575495e-02
6.094320000000000164e+02 2.836850183820110657e-02
6.088139999999999645e+02 4.025233962921610960e-03
6.081950000000000500e+02 3.528636453242117027e-02
6.075760000000000218e+02 1.790721139635434792e-02
6.069560000000000173e+02 3.178245881259520594e-02
6.063379999999999654e+02 1.268002601147585374e-02
6.057190000000000509e+02 3.343287431425170930e-02
6.051000000000000227e+02 4.033435104043699149e-02
6.044809999999999945e+02 6.279037684503467609e-02
6.038609999999999900e+02 5.237011145898570752e-02
6.032419999999999618e+02 7.650960279857590973e-02
6.026230000000000473e+02 6.437285610619075671e-02
6.020040000000000191e+02 5.400101934643399687e-02
6.013830000000000382e+02 3.973898802043049176e-03
6.007640000000000100e+02 5.699870281143212987e-03
6.001449999999999818e+02 -1.666031895650065681e-02
5.995249999999999773e+02 -2.888663729523071374e-03
5.989049999999999727e+02 -3.210819840908486072e-02
5.982849999999999682e+02 -9.764260242442972249e-03
5.976660000000000537e+02 -4.061906397720197598e-02
5.970460000000000491e+02 -6.117031740459775296e-02
5.964249999999999545e+02 -5.083430582730542185e-02
5.958060000000000400e+02 -3.026658009363995816e-02
5.951860000000000355e+02 -4.392088956080897333e-02
5.945670000000000073e+02 -3.534139820278623528e-02
5.939450000000000500e+02 -3.531399309642407891e-02
5.933260000000000218e+02 -7.998471732154999875e-03
5.927060000000000173e+02 -2.163871203915654698e-02
5.920860000000000127e+02 3.920924190433622974e-03
5.914650000000000318e+02 7.336134210932571988e-03
5.908450000000000273e+02 3.929521886260108759e-03
5.902250000000000227e+02 -2.495145544215365829e-02
5.896029999999999518e+02 -1.476346378490221017e-02
5.889829999999999472e+02 -1.134799830377482971e-02
5.883630000000000564e+02 1.238940780657315707e-02
5.877419999999999618e+02 2.421092447749507645e-02
5.871209999999999809e+02 1.068116620071454283e-02
5.865000000000000000e+02 -6.242636003507335239e-03
5.858799999999999955e+02 2.193267119885052886e-03
5.852580000000000382e+02 -1.636396351197087068e-02
5.846380000000000337e+02 -1.159063195634047047e-03
5.840170000000000528e+02 -9.558354366594998958e-03
5.833949999999999818e+02 3.420709271624622350e-02
5.827740000000000009e+02 -1.630881075435127586e-02
5.821539999999999964e+02 -1.127937207580717582e-02
5.815320000000000391e+02 -7.873048032759202147e-03
5.809109999999999445e+02 1.562768904933746830e-02
5.802899999999999636e+02 3.855617978004462123e-03
5.796680000000000064e+02 1.392271946758831709e-02
5.790470000000000255e+02 -4.504890937166611785e-03
5.784260000000000446e+02 8.915090628653926305e-03
5.778049999999999500e+02 -5.130033729332276332e-02
5.771820000000000164e+02 -3.958607233708310441e-02
5.765610000000000355e+02 -7.627750180254018464e-02
5.759379999999999882e+02 -8.291579564109975709e-02
5.753170000000000073e+02 -1.011744274342549071e-01
5.746960000000000264e+02 -9.278925074853464072e-02
5.740729999999999791e+02 -2.941907556084301725e-02
5.734519999999999982e+02 -1.279577865649502572e-02
5.728300000000000409e+02 -1.188323467832568718e-03
5.722069999999999936e+02 3.041999685643865733e-02
5.715860000000000127e+02 3.037401655548268437e-02
5.709640000000000555e+02 2.869881995107953152e-02
5.703410000000000082e+02 2.700120375797307806e-02
5.697190000000000509e+02 2.370478007766809239e-02
5.690979999999999563e+02 1.379477919848482413e-02
5.684740000000000464e+02 -1.435868722477622560e-02
5.678529999999999518e+02 -1.104119360391369112e-02
5.672290000000000418e+02 -3.247964598508670808e-02
5.666069999999999709e+02 -3.245680055926015994e-02
5.659850000000000136e+02 -1.927476365485494142e-02
5.653619999999999663e+02 5.222763619356100753e-04
5.647400000000000091e+02 5.444497998044318596e-03
5.641169999999999618e+02 8.736870366109402222e-03
5.634940000000000282e+02 5.068131467117952199e-04
5.628719999999999573e+02 -1.753092313846441042e-02
5.622480000000000473e+02 -2.768582818974138406e-03
5.616250000000000000e+02 2.834303598024720539e-02
5.610030000000000427e+02 7.244145253688698272e-02
5.603790000000000191e+02 6.753318837527250151e-02
5.597569999999999482e+02 5.111978099269814252e-02
5.591330000000000382e+02 7.722635067789432317e-02
5.585099999999999909e+02 8.367588188221042333e-02
5.578859999999999673e+02 7.544089802756152874e-02
5.572630000000000337e+02 1.079684766579453309e-01
5.566399999999999864e+02 7.538979355995661935e-02
5.560159999999999627e+02 7.202335709399321217e-02
5.553930000000000291e+02 1.024321188337244497e-02
5.547690000000000055e+02 5.369587072531695378e-03
5.541459999999999582e+02 -2.728455576931572684e-03
5.535209999999999582e+02 -2.740172312790359072e-03
5.528980000000000246e+02 6.974974071208761214e-03
5.522749999999999773e+02 2.638564101333558745e-02
5.516509999999999536e+02 3.282098930509595031e-02
5.510270000000000437e+02 4.408627127629532322e-02
5.504030000000000200e+02 4.406670677377658163e-02
5.497789999999999964e+02 6.978752255864680010e-02
5.491549999999999727e+02 7.297804394768352132e-02
5.485309999999999491e+02 8.257606590976938887e-02
5.479059999999999491e+02 9.696768934178030819e-02
5.472830000000000155e+02 8.403655818397655353e-02
5.466589999999999918e+02 9.200922322052890179e-02
5.460339999999999918e+02 9.511832758498056650e-02
5.454099999999999682e+02 1.126588742197791454e-01
5.447849999999999682e+02 1.029665448138758072e-01
5.441609999999999445e+02 7.407890521388406369e-02
5.435359999999999445e+02 9.479593623463479501e-02
5.429120000000000346e+02 9.313894492276152126e-02
5.422870000000000346e+02 5.473757276113078163e-02
5.416630000000000109e+02 6.747356613779612045e-02
5.410370000000000346e+02 7.376383343932614578e-02
5.404130000000000109e+02 3.232455957883337283e-02
5.397880000000000109e+02 3.865807733424798942e-02
5.391630000000000109e+02 2.114323111842164246e-02
5.385380000000000109e+02 2.112509052004820850e-02
5.379139999999999873e+02 2.427254289059571635e-02
5.372880000000000109e+02 1.792253138501319690e-02
5.366630000000000109e+02 3.375216049651617173e-02
5.360370000000000346e+02 3.845911513662770426e-02
5.354130000000000109e+02 3.209274584270191411e-02
5.347870000000000346e+02 4.628966310396945283e-02
5.341620000000000346e+02 4.938522567584836126e-02
5.335359999999999445e+02 6.355268590657393857e-02
5.329109999999999445e+02 5.877516996475844885e-02
5.322849999999999682e+02 5.557287485821724854e-02
5.316599999999999682e+02 6.496669192265260018e-02
5.310339999999999918e+02 8.846421948436448968e-02
5.304089999999999918e+02 1.072080017199026347e-01
5.297830000000000155e+02 1.181070779243677538e-01
5.291580000000000155e+02 1.446002937871417315e-01
5.285309999999999491e+02 1.257224215134961909e-01
5.279049999999999727e+02 1.303289790943165660e-01
5.272799999999999727e+02 1.567683631393292087e-01
5.266530000000000200e+02 1.644385083667868619e-01
5.260280000000000200e+02 1.752360178150394188e-01
5.254009999999999536e+02 1.610251444661519871e-01
5.247759999999999536e+02 1.204162378815119422e-01
5.241490000000000009e+02 1.405190309402815640e-01
5.235230000000000246e+02 1.123999341082480979e-01
5.228959999999999582e+02 1.433775222741636157e-01
5.222709999999999582e+02 1.649517949652213600e-01
5.216440000000000055e+02 1.663762247481850864e-01
5.210159999999999627e+02 1.414507802519585355e-01
5.203909999999999627e+02 1.475168758346132869e-01
5.197630000000000337e+02 1.566609094468225383e-01
5.191380000000000337e+02 1.689093023516086978e-01
5.185099999999999909e+02 1.471197350006940296e-01
5.178840000000000146e+02 1.362222086132745258e-01
5.172569999999999482e+02 1.206675439546295442e-01
5.166299999999999955e+02 8.360289974104598287e-02
5.160030000000000427e+02 1.081326819739795581e-01
5.153759999999999764e+02 1.295612697609427044e-01
5.147500000000000000e+02 1.248354969249748370e-01
5.141219999999999573e+02 1.247198301474329585e-01
5.134940000000000282e+02 1.307481302758379538e-01
5.128680000000000518e+02 1.199014931422905383e-01
5.122400000000000091e+02 1.458085527687341121e-01
5.116139999999999759e+02 1.487276486424090882e-01
5.109859999999999900e+02 1.318074489484427070e-01
5.103580000000000041e+02 1.011526706677859516e-01
5.097309999999999945e+02 9.803531968947971909e-02
5.091030000000000086e+02 8.117999550341951920e-02
5.084759999999999991e+02 8.719941274352983884e-02
5.078480000000000132e+02 1.023126670298330348e-01
5.072200000000000273e+02 1.113457407457458664e-01
5.065930000000000177e+02 9.907502339827929660e-02
5.059649999999999750e+02 8.384328050286551925e-02
5.053360000000000127e+02 1.064870790270435741e-01
5.047090000000000032e+02 1.200129341194939164e-01
5.040810000000000173e+02 8.815563741289961230e-02
5.034519999999999982e+02 1.016401950953258748e-01
5.028249999999999886e+02 8.046440836777495054e-02
5.021960000000000264e+02 4.719983184012733340e-02
5.015690000000000168e+02 2.007081111172669477e-02
5.009399999999999977e+02 4.743498125838309463e-04
5.003109999999999786e+02 -4.053141036761749583e-03
4.996840000000000259e+02 -1.153454264909948776e-02
4.990550000000000068e+02 4.959312871407655678e-03
4.984259999999999877e+02 3.495964806917755546e-02
4.977980000000000018e+02 3.040399682742569304e-02
4.971689999999999827e+02 3.487541914069776372e-02
4.965400000000000205e+02 4.383071884410760788e-02
4.959119999999999777e+02 7.513229984808779405e-02
4.952830000000000155e+02 7.358913015825986614e-02
4.946539999999999964e+02 6.456426546167226554e-02
4.940260000000000105e+02 9.432697847301722838e-02
4.933969999999999914e+02 6.445336710933574631e-02
4.927669999999999959e+02 5.249764798939932781e-02
4.921390000000000100e+02 7.472167035655809253e-02
4.915099999999999909e+02 8.355630203942976397e-02
4.908799999999999955e+02 8.348729182165215423e-02
4.902500000000000000e+02 5.675108503998003984e-02
4.896220000000000141e+02 9.367703273529037755e-02
4.889920000000000186e+02 1.157763025547292740e-01
4.883629999999999995e+02 7.725805224934463589e-02
4.877339999999999804e+02 7.278012640481423823e-02
4.871039999999999850e+02 8.301892156759399510e-02
4.864739999999999895e+02 7.556905608779485028e-02
4.858460000000000036e+02 3.872440281523743116e-02
4.852160000000000082e+02 3.574409745556655221e-02
4.845860000000000127e+02 5.185697090715942620e-02
4.839549999999999841e+02 2.393077900344532313e-02
4.833269999999999982e+02 5.613398503298682590e-02
4.826960000000000264e+02 7.660004409309778550e-02
4.820659999999999741e+02 9.994696568481441223e-02
4.814370000000000118e+02 7.790601830217520896e-02
4.808070000000000164e+02 9.973375218903773876e-02
4.801759999999999877e+02 1.419605456846940450e-01
4.795459999999999923e+02 1.607757347855877372e-01
4.789169999999999732e+02 1.606151569117623690e-01
4.782860000000000014e+02 1.517474967217427584e-01
4.776549999999999727e+02 1.225213548510870609e-01
4.770249999999999773e+02 1.340157114603516275e-01
4.763949999999999818e+02 1.179396124561639253e-01
4.757640000000000100e+02 1.757820681935103602e-01
4.751329999999999814e+02 1.625819817434016323e-01
4.745020000000000095e+02 1.682252109433622356e-01
4.738729999999999905e+02 1.362517701911239443e-01
4.732420000000000186e+02 1.260238695204644044e-01
4.726109999999999900e+02 1.533016465278262963e-01
4.719800000000000182e+02 1.632279607698487456e-01
4.713500000000000227e+02 1.602182724362757604e-01
4.707189999999999941e+02 1.658072041332092073e-01
4.700869999999999891e+02 1.297197189354246938e-01
4.694560000000000173e+02 8.797481396535494769e-02
4.688249999999999886e+02 5.348304090077023176e-02
4.681949999999999932e+02 1.006992538622724365e-01
4.675629999999999882e+02 1.292115698433390358e-01
4.669309999999999832e+02 1.147926759440459632e-01
4.663000000000000114e+02 9.040259049300129746e-02
4.656700000000000159e+02 1.088385827794831895e-01
4.650380000000000109e+02 1.187046495762684173e-01
4.644060000000000059e+02 1.043672757414173952e-01
4.637740000000000009e+02 1.412500171707301855e-01
4.631419999999999959e+02 1.624159398820511913e-01
4.625120000000000005e+02 1.665048109523638298e-01
4.618799999999999955e+02 1.450694049288659138e-01
4.612479999999999905e+02 1.406899796794772450e-01
4.606159999999999854e+02 1.631927423640242847e-01
4.599839999999999804e+02 1.602050994405125606e-01
4.593519999999999754e+02 1.416850194918452543e-01
4.587210000000000036e+02 1.683522299960173441e-01
4.580880000000000223e+02 1.540923016355949249e-01
4.574560000000000173e+02 1.454849848473886986e-01
4.568240000000000123e+02 1.200148315127540777e-01
4.561909999999999741e+02 1.269185138218341113e-01
4.555600000000000023e+02 1.268153772268528767e-01
4.549279999999999973e+02 1.448981079243667203e-01
4.542950000000000159e+02 1.377365602465095151e-01
4.536619999999999777e+02 1.208084965333545147e-01
4.530299999999999727e+02 1.109005904202044340e-01
4.523969999999999914e+02 1.373343154165777014e-01
4.517660000000000196e+02 1.274233855993853748e-01
4.511329999999999814e+02 1.412297558211097204e-01
4.505000000000000000e+02 1.410862482403140439e-01
4.498670000000000186e+02 1.479054283014262505e-01
4.492339999999999804e+02 1.171735110440825928e-01
4.486009999999999991e+02 1.031719924685396278e-01
4.479680000000000177e+02 1.446763065968144635e-01
4.473360000000000127e+02 1.403746692580907784e-01
4.467029999999999745e+02 1.332948336884663687e-01
4.460690000000000168e+02 1.580520997978030751e-01
4.454359999999999786e+02 1.426974338570101142e-01
4.448029999999999973e+02 1.384169104205293377e-01
4.441689999999999827e+02 1.506816299899305656e-01
4.435360000000000014e+02 1.656723714864019315e-01
4.429019999999999868e+02 1.943949282229984477e-01
4.422699999999999818e+02 1.680737487060867952e-01
4.416360000000000241e+02 1.898634013692377664e-01
4.410029999999999859e+02 1.882956758224559879e-01
4.403690000000000282e+02 1.716657150666129061e-01
4.397350000000000136e+02 1.714905513321773878e-01
4.391009999999999991e+02 1.672166646162117909e-01
4.384669999999999845e+02 1.356265213236805822e-01
4.378330000000000268e+02 1.450300340103190810e-01
4.371990000000000123e+02 1.339811412442752370e-01
4.365649999999999977e+02 1.433690907710463425e-01
4.359329999999999927e+02 1.119431040596828991e-01
4.352980000000000018e+02 9.280422982788490149e-02
4.346639999999999873e+02 9.135272253460768876e-02
4.340299999999999727e+02 9.532155212500088848e-02
4.333960000000000150e+02 9.522151323543925905e-02
4.327610000000000241e+02 1.302991134806234519e-01
4.321270000000000095e+02 1.179950103265882955e-01
4.314920000000000186e+02 9.761839864762356100e-02
4.308580000000000041e+02 8.807443814342014177e-02
4.302230000000000132e+02 9.741530104750627250e-02
4.295889999999999986e+02 1.121169414308709061e-01
4.289540000000000077e+02 9.316720681655867031e-02
4.283190000000000168e+02 1.051613451819660844e-01
4.276859999999999786e+02 1.050674013460538431e-01
4.270509999999999877e+02 9.020223983667179091e-02
4.264159999999999968e+02 7.537715177333030592e-02
4.257810000000000059e+02 9.000442840283971735e-02
4.251460000000000150e+02 1.005955305350956508e-01
4.245110000000000241e+02 1.205021597282336099e-01
4.238759999999999764e+02 1.217034639480433778e-01
4.232409999999999854e+02 1.335634166290556868e-01
4.226050000000000182e+02 1.174578806536567682e-01
4.219700000000000273e+02 1.199922267315347985e-01
4.213349999999999795e+02 1.238453073186499831e-01
4.206990000000000123e+02 1.422715900893699037e-01
4.200640000000000214e+02 1.434428791710712636e-01
4.194289999999999736e+02 1.591590365255045880e-01
4.187930000000000064e+02 1.285928178191990401e-01
4.181569999999999823e+02 1.218527673947304435e-01
4.175219999999999914e+02 1.296363354617912633e-01
4.168860000000000241e+02 1.584711439333106320e-01
4.162500000000000000e+02 1.727738909672827672e-01
4.156150000000000091e+02 1.752181411040953929e-01
4.149789999999999850e+02 1.802767519884844183e-01
4.143430000000000177e+02 1.853239134378721897e-01
4.137069999999999936e+02 1.667793538264877307e-01
4.130710000000000264e+02 1.940807969438214653e-01
4.124350000000000023e+02 2.069417181076168843e-01
4.117989999999999782e+02 2.171650710717882016e-01
4.111630000000000109e+02 2.090975927062575512e-01
4.105260000000000105e+02 2.010525626281434441e-01
4.098899999999999864e+02 2.073396663729338840e-01
4.092540000000000191e+02 1.785139274831713807e-01
4.086170000000000186e+02 1.809117391090037386e-01
4.079809999999999945e+02 1.923879524678821229e-01
4.073439999999999941e+02 1.844002168508975525e-01
4.067080000000000268e+02 1.764299832267345047e-01
4.060710000000000264e+02 1.969168113422158639e-01
4.054350000000000023e+02 1.682873047562261082e-01
4.047980000000000018e+02 1.719736346717085640e-01
4.041610000000000014e+02 1.666277327869564173e-01
4.035240000000000009e+02 1.793176639018556062e-01
4.028879999999999768e+02 1.521186780533189120e-01
4.022509999999999764e+02 1.647873782315188440e-01
4.016139999999999759e+02 1.363838840003984421e-01
4.009769999999999754e+02 1.387944711792471753e-01
4.003399999999999750e+02 1.091943526329588882e-01
3.997029999999999745e+02 1.320877759708424248e-01
3.990649999999999977e+02 1.242733171167389877e-01
3.984279999999999973e+02 9.990766024512931498e-02
3.977909999999999968e+02 9.342909674771646134e-02
3.971519999999999868e+02 9.074754287367799155e-02
3.965149999999999864e+02 7.159237579150043440e-02
3.958770000000000095e+02 8.166630197525061308e-02
3.952400000000000091e+02 5.367025282537118969e-02
3.946019999999999754e+02 7.388414493821936213e-02
3.939649999999999750e+02 5.228031189818296148e-02
3.933269999999999982e+02 4.969237358000047622e-02
3.926890000000000214e+02 7.867893185710943260e-02
3.920520000000000209e+02 7.354657974503146789e-02
3.914139999999999873e+02 9.613713911522363265e-02
3.907760000000000105e+02 9.727518273256596792e-02
3.901379999999999768e+02 1.298355079477341301e-01
3.895000000000000000e+02 1.585785216199031566e-01
3.888609999999999900e+02 1.433730058099479121e-01
3.882230000000000132e+02 1.469563288978257554e-01
3.875849999999999795e+02 1.618014381259784973e-01
3.869460000000000264e+02 1.753618235910759937e-01
3.863079999999999927e+02 1.913905656439974234e-01
3.856700000000000159e+02 2.011439994250386332e-01
3.850319999999999823e+02 2.121200625395202599e-01
3.843929999999999723e+02 1.919654950991814824e-01
3.837549999999999955e+02 2.041631150565178243e-01
3.831159999999999854e+02 1.977362730491592502e-01
3.824759999999999991e+02 1.950108764800085326e-01
3.818380000000000223e+02 1.873597009553878701e-01
3.811990000000000123e+02 1.562254597483543339e-01
3.805600000000000023e+02 1.733466299617181794e-01
3.799220000000000255e+02 1.657404074959135110e-01
3.792830000000000155e+02 1.470544835138422879e-01
3.786440000000000055e+02 1.591897571948088785e-01
3.780049999999999955e+02 1.466898808651812269e-01
3.773650000000000091e+02 1.514631876166002145e-01
3.767259999999999991e+02 1.966786851990659779e-01
3.760860000000000127e+02 1.927659581642425790e-01
3.754470000000000027e+02 2.329245912256755202e-01
3.748079999999999927e+02 2.301923965174851872e-01
3.741689999999999827e+02 2.421224296925281738e-01
3.735299999999999727e+02 2.552618693894692092e-01
3.728890000000000100e+02 2.586382989089927587e-01
3.722500000000000000e+02 2.388504481204164753e-01
3.716100000000000136e+02 2.701703131325386975e-01
3.709710000000000036e+02 2.480020447999290722e-01
3.703310000000000173e+02 2.380364234247754618e-01
3.696909999999999741e+02 2.304714649793310199e-01
3.690500000000000114e+02 2.362345231859543926e-01
3.684110000000000014e+02 2.238743449087131354e-01
3.677710000000000150e+02 2.187778043947480877e-01
3.671309999999999718e+02 2.088715863851136889e-01
3.664909999999999854e+02 2.399302183306413483e-01
3.658509999999999991e+02 2.215937872429586952e-01
3.652099999999999795e+02 2.213408866205897052e-01
3.645699999999999932e+02 2.486545003892504380e-01
3.639300000000000068e+02 2.435661254706693313e-01
3.632900000000000205e+02 2.408696778986993137e-01
3.626490000000000009e+02 2.465476876922484961e-01
3.620079999999999814e+02 2.402993367838922034e-01
3.613670000000000186e+02 2.364294448825976502e-01
3.607269999999999754e+02 2.194817021890428932e-01
3.600869999999999891e+02 2.263556270151521610e-01
3.594460000000000264e+02 2.047175300835202272e-01
3.588039999999999736e+02 1.889997282078084706e-01
3.581639999999999873e+02 1.828601448459145351e-01
3.575230000000000246e+02 1.684385704036263087e-01
3.568829999999999814e+02 1.894911949053293965e-01
3.562420000000000186e+02 1.833612142669934775e-01
3.556000000000000227e+02 1.866929380335293764e-01
3.549590000000000032e+02 1.958830356990189370e-01
3.543179999999999836e+02 1.768197007017423827e-01
3.536770000000000209e+02 1.824909717206802950e-01
3.530350000000000250e+02 2.092467983440272072e-01
3.523940000000000055e+02 2.160227951107718536e-01
3.517520000000000095e+02 2.157568339782414135e-01
3.511109999999999900e+02 1.745618403533836793e-01
3.504689999999999941e+02 1.895357343180000542e-01
3.498269999999999982e+02 1.951309706437761859e-01
3.491859999999999786e+02 1.913951651955047850e-01
3.485450000000000159e+02 1.876805861165214695e-01
3.479019999999999868e+02 1.839387875602712663e-01
3.472599999999999909e+02 1.721168659556837344e-01
3.466190000000000282e+02 1.695824711136127150e-01
3.459769999999999754e+02 1.647380691399958630e-01
3.453340000000000032e+02 1.795693300278761451e-01
3.446929999999999836e+02 1.885820756155202615e-01
3.440509999999999877e+02 1.814212262255845698e-01
3.434089999999999918e+02 1.788880646778059080e-01
3.427660000000000196e+02 1.671636226523500746e-01
3.421240000000000236e+02 1.910899001819632848e-01
3.414820000000000277e+02 1.965859717976754240e-01
3.408399999999999750e+02 1.951805631314681710e-01
3.401970000000000027e+02 2.052524766347623708e-01
3.395539999999999736e+02 2.072754544177543012e-01
3.389119999999999777e+02 2.012950667005038718e-01
3.382690000000000055e+02 2.067650783617643040e-01
3.376259999999999764e+02 2.349659608421247881e-01
3.369839999999999804e+02 2.528696584357522648e-01
3.363419999999999845e+02 2.423319672717726414e-01
3.356979999999999791e+02 2.272659320243369530e-01
3.350550000000000068e+02 2.235799287199029539e-01
3.344130000000000109e+02 2.131221187931844063e-01
3.337690000000000055e+02 2.162241869958814733e-01
3.331259999999999764e+02 2.215978452544003496e-01
3.324830000000000041e+02 2.517416803542290582e-01
3.318389999999999986e+02 2.379388951844361444e-01
3.311960000000000264e+02 2.567303229710838353e-01
3.305539999999999736e+02 2.485351685660888155e-01
3.299110000000000014e+02 2.639152972423011168e-01
3.292660000000000196e+02 2.736673073040286619e-01
3.286229999999999905e+02 2.889788510077619388e-01
3.279800000000000182e+02 2.841495418352988911e-01
3.273360000000000127e+02 2.759496823117525977e-01
3.266929999999999836e+02 2.499725392603214247e-01
3.260489999999999782e+02 2.451994391879078750e-01
3.254049999999999727e+02 2.393215009592864484e-01
3.247610000000000241e+02 2.523356123165511611e-01
3.241179999999999950e+02 2.431412033916498239e-01
3.234730000000000132e+02 2.494636879654760220e-01
3.228290000000000077e+02 2.502354478616952149e-01
3.221840000000000259e+02 2.709117103983780250e-01
3.215409999999999968e+02 2.727506434303773597e-01
3.208969999999999914e+02 2.955075204919198617e-01
3.202520000000000095e+02 3.083478126218904269e-01
3.196080000000000041e+02 3.068338528707784119e-01
3.189639999999999986e+02 3.163043610910062364e-01
3.183190000000000168e+02 3.301361487983582310e-01
3.176750000000000114e+02 3.100096211915466249e-01
3.170310000000000059e+02 2.779439049865463640e-01
3.163860000000000241e+02 2.775351273301552291e-01
3.157420000000000186e+02 2.706506242852343980e-01
3.150980000000000132e+02 2.539674665883053239e-01
3.144519999999999982e+02 2.492684533515488743e-01
3.138079999999999927e+02 2.413437697518129865e-01
3.131619999999999777e+02 2.366863428829418803e-01
3.125179999999999723e+02 2.298688225288960385e-01
3.118729999999999905e+02 2.327958185586916640e-01
3.112269999999999754e+02 2.713747927958651274e-01
3.105830000000000268e+02 2.548341927846188293e-01
3.099370000000000118e+02 2.480269067263906058e-01
3.092919999999999732e+02 2.509319559371984698e-01
3.086469999999999914e+02 2.441515302959819944e-01
3.080009999999999764e+02 2.663518703460941439e-01
3.073570000000000277e+02 2.788374045050870387e-01
3.067099999999999795e+02 2.827671742035993696e-01
3.060649999999999977e+02 2.780999724036978260e-01
3.054200000000000159e+02 2.766453407963538891e-01
3.047740000000000009e+02 2.752230335754181634e-01
3.041290000000000191e+02 2.738019054097585170e-01
3.034820000000000277e+02 3.031703378108689395e-01
3.028369999999999891e+02 3.218587113072488570e-01
3.021920000000000073e+02 3.362311203476613386e-01
3.015450000000000159e+02 3.262790215229603996e-01
3.008999999999999773e+02 3.046890773656458218e-01
3.002529999999999859e+02 3.348975042204856978e-01
2.996080000000000041e+02 3.217916243242971430e-01
2.989610000000000127e+02 3.065977769877079040e-01
2.983149999999999977e+02 3.335356478351035880e-01
2.976700000000000159e+02 3.194410373104239476e-01
2.970230000000000246e+02 3.210846098273686389e-01
2.963770000000000095e+02 3.007363988709462754e-01
2.957300000000000182e+02 2.940759729458590210e-01
2.950840000000000032e+02 3.030665894054054288e-01
2.944370000000000118e+02 2.807556804780438342e-01
2.937909999999999968e+02 2.897423618465814199e-01
2.931429999999999723e+02 3.392395297312488789e-01
2.924970000000000141e+02 3.377361406956918555e-01
2.918500000000000227e+02 3.217191875460299610e-01
2.912040000000000077e+02 3.160911808891007091e-01
2.905570000000000164e+02 3.311319443151116704e-01
2.899100000000000250e+02 3.503247528642368103e-01
2.892629999999999768e+02 3.786852325358288640e-01
2.886159999999999854e+02 3.956858993574566830e-01
2.879689999999999941e+02 4.074722687313218072e-01
2.873210000000000264e+02 4.089620294465046713e-01
2.866750000000000114e+02 4.042823609437574683e-01
2.860269999999999868e+02 4.262485440907317069e-01
2.853799999999999955e+02 4.338308690151573832e-01
2.847320000000000277e+02 4.291386665009479517e-01
2.840849999999999795e+02 4.499394053169864516e-01
2.834370000000000118e+02 4.595029726540738046e-01
2.827900000000000205e+02 4.801886636110857531e-01
2.821419999999999959e+02 4.978068543830095338e-01
2.814950000000000045e+02 5.062011823416122658e-01
2.808469999999999800e+02 5.257655485565697617e-01
2.801990000000000123e+02 5.088457277590765493e-01
2.795509999999999877e+02 4.980231841615753163e-01
2.789039999999999964e+02 5.044028747712399063e-01
2.782549999999999955e+02 5.046697326606701672e-01
2.776080000000000041e+02 5.059697931001385651e-01
2.769590000000000032e+02 4.992241579263246298e-01
2.763120000000000118e+02 5.095298011562743312e-01
2.756630000000000109e+02 5.008140433008770875e-01
2.750149999999999864e+02 5.100685448834038072e-01
2.743659999999999854e+02 5.532848378999237760e-01
2.737189999999999941e+02 5.863607326203638115e-01
2.730699999999999932e+02 5.954958683111138962e-01
2.724220000000000255e+02 5.876661728766235937e-01
2.717730000000000246e+02 5.749250259114969674e-01
2.711240000000000236e+02 5.651723261628658346e-01
2.704759999999999991e+02 5.485426625593413652e-01
2.698260000000000218e+02 5.586152535276461828e-01
2.691779999999999973e+02 5.775469175695726598e-01
2.685289999999999964e+02 5.501095274837363158e-01
2.678809999999999718e+02 5.433861003168278803e-01
2.672309999999999945e+02 5.347677523055557325e-01
2.665830000000000268e+02 5.467294252010060918e-01
2.659329999999999927e+02 5.851226216193651242e-01
2.652839999999999918e+02 6.018942378727678566e-01
2.646349999999999909e+02 6.283622189148762027e-01
2.639850000000000136e+02 6.128252602118366976e-01
2.633369999999999891e+02 6.060642068546115979e-01
2.626870000000000118e+02 6.226975142196496948e-01
2.620380000000000109e+02 6.091817039065684503e-01
2.613879999999999768e+02 6.344492038719460325e-01
2.607400000000000091e+02 6.219353565518211946e-01
2.600899999999999750e+02 5.948973278385919494e-01
2.594390000000000214e+02 6.104325546815371206e-01
2.587900000000000205e+02 5.989165429097801363e-01
2.581399999999999864e+02 6.009242304481213770e-01
2.574909999999999854e+02 5.961986200464209906e-01
2.568410000000000082e+02 6.250657958296460537e-01
2.561899999999999977e+02 6.471579710109011119e-01
2.555409999999999968e+02 6.356606924617950183e-01
2.548899999999999864e+02 6.500102137686550874e-01
2.542410000000000139e+02 6.500160945485311537e-01
2.535910000000000082e+02 6.290295736752459232e-01
2.529399999999999977e+02 6.299832216420978570e-01
2.522899999999999920e+02 6.395290484011797449e-01
2.516399999999999864e+02 6.603721895563233746e-01
2.509900000000000091e+02 6.319166843989731941e-01
2.503389999999999986e+02 6.347498967207876319e-01
2.496879999999999882e+02 6.498692920503598147e-01
2.490380000000000109e+02 6.535799442515851654e-01
2.483870000000000005e+02 6.742731241267944098e-01
2.477359999999999900e+02 6.929931650980672986e-01
2.470860000000000127e+02 6.853844100968843334e-01
2.464350000000000023e+02 7.068395392564098545e-01
2.457849999999999966e+02 6.777034957382724878e-01
2.451330000000000098e+02 6.944370026786473860e-01
2.444819999999999993e+02 6.821846493045616855e-01
2.438319999999999936e+02 6.718593013030197403e-01
2.431800000000000068e+02 6.643114489008030699e-01
2.425289999999999964e+02 6.633040971940250552e-01
2.418779999999999859e+02 6.900949552671298282e-01
2.412270000000000039e+02 7.085030223471070476e-01
2.405749999999999886e+02 6.926482364073800468e-01
2.399240000000000066e+02 7.229523356202020024e-01
2.392719999999999914e+02 7.218680184326393690e-01
2.386200000000000045e+02 7.364058522364286263e-01
2.379699999999999989e+02 7.334364172624546763e-01
2.373180000000000121e+02 7.543260337975317142e-01
2.366670000000000016e+02 7.531901985454185766e-01
2.360149999999999864e+02 7.529221442999928238e-01
2.353629999999999995e+02 7.682134008734212705e-01
2.347100000000000080e+02 7.971193960195852579e-01
2.340600000000000023e+02 7.931417882422263643e-01
2.334070000000000107e+02 7.901098773276130638e-01
2.327549999999999955e+02 8.206637786373900401e-01
2.321040000000000134e+02 8.438413163207585388e-01
2.314509999999999934e+02 8.398360783074709790e-01
2.307980000000000018e+02 8.620037756902265702e-01
2.301469999999999914e+02 8.606681163690566017e-01
2.294939999999999998e+02 8.503234348799687536e-01
2.288420000000000130e+02 8.337172927533632594e-01
2.281899999999999977e+02 8.638305339209800815e-01
2.275370000000000061e+02 8.866812315314227533e-01
2.268839999999999861e+02 8.996375942861458697e-01
2.262330000000000041e+02 9.205245760847853287e-01
2.255800000000000125e+02 9.476389336680199893e-01
2.249269999999999925e+02 9.470568855296807032e-01
2.242729999999999961e+02 9.527130966816927948e-01
2.236220000000000141e+02 9.742723760145555190e-01
2.229679999999999893e+02 9.807406887165164289e-01
2.223149999999999977e+02 9.889074207977529563e-01
2.216630000000000109e+02 9.758973485580697549e-01
2.210099999999999909e+02 9.610922212466284087e-01
2.203559999999999945e+02 9.454711948179889136e-01
2.197019999999999982e+02 9.387103082076785343e-01
2.190500000000000114e+02 9.433706567568236334e-01
2.183969999999999914e+02 9.436164867060108374e-01
2.177429999999999950e+02 9.412459983683667541e-01
2.170889999999999986e+02 9.476190010792024943e-01
2.164370000000000118e+02 9.330144502623297642e-01
2.157829999999999870e+02 9.472187923108608132e-01
2.151289999999999907e+02 9.387355784608309994e-01
2.144749999999999943e+02 9.632872787354925803e-01
2.138220000000000027e+02 9.643502057780651837e-01
2.131680000000000064e+02 9.671232629798107716e-01
2.125140000000000100e+02 9.733552115463534049e-01
2.118600000000000136e+02 9.588574516071797227e-01
2.112069999999999936e+02 9.779897057553251782e-01
2.105529999999999973e+02 9.712505034071718946e-01
2.098979999999999961e+02 9.653980401876915973e-01
2.092439999999999998e+02 9.535260429748239064e-01
2.085910000000000082e+02 9.528566584958473307e-01
2.079360000000000070e+02 9.504639961552274752e-01
2.072820000000000107e+02 9.463634718812317104e-01
2.066270000000000095e+02 9.269447191594180069e-01
2.059739999999999895e+02 9.424508921224439284e-01
2.053189999999999884e+02 9.400553724515386955e-01
2.046639999999999873e+02 9.309078817361081670e-01
2.040089999999999861e+02 9.327710138587305133e-01
2.033540000000000134e+02 9.320874012081444837e-01
2.027009999999999934e+02 9.069757478106198478e-01
2.020459999999999923e+02 8.987435966786592179e-01
2.013909999999999911e+02 8.804562537653878307e-01
2.007350000000000136e+02 8.991511454772772582e-01
2.000800000000000125e+02 8.918106628019862869e-01
1.994259999999999877e+02 8.744458787432914937e-01
1.987709999999999866e+02 8.738366729159490198e-01
1.981160000000000139e+02 8.674082867649201001e-01
1.974600000000000080e+02 8.792807872995690444e-01
1.968050000000000068e+02 8.620325069607771562e-01
1.961510000000000105e+02 8.581545605208600325e-01
1.954950000000000045e+02 8.774323255146576628e-01
1.948389999999999986e+02 8.602583484046119056e-01
1.941839999999999975e+02 8.505753981713123357e-01
1.935279999999999916e+02 8.582222385932950504e-01
1.928739999999999952e+02 8.682967080323723552e-01
1.922179999999999893e+02 8.652171802619075258e-01
1.915620000000000118e+02 8.867301249891235138e-01
1.909060000000000059e+02 9.163724740650689427e-01
1.902500000000000000e+02 9.287516139499158996e-01
1.895939999999999941e+02 9.149475951524648210e-01
1.889389999999999930e+02 9.370116608011056503e-01
1.882829999999999870e+02 9.533389221808854508e-01
1.876270000000000095e+02 9.712202695525171681e-01
1.869699999999999989e+02 9.663633544540666254e-01
1.863139999999999930e+02 9.647365076672058670e-01
1.856570000000000107e+02 9.485567531714576006e-01
1.850010000000000048e+02 9.372892044900015263e-01
1.843460000000000036e+02 9.501933657226196983e-01
1.836889999999999930e+02 9.686863672269451220e-01
1.830329999999999870e+02 9.862828531287418654e-01
1.823760000000000048e+02 9.958369182659799757e-01
1.817189999999999941e+02 9.893606657382862934e-01
1.810620000000000118e+02 1.037178983589112757e+00
1.804050000000000011e+02 1.072867031952153383e+00
1.797500000000000000e+02 1.087694040822802855e+00
1.790929999999999893e+02 1.117623774161945027e+00
1.784360000000000070e+02 1.119687056218719334e+00
1.777789999999999964e+02 1.132815642792662114e+00
1.771220000000000141e+02 1.138760271324485540e+00
1.764650000000000034e+02 1.145496808680158685e+00
1.758069999999999879e+02 1.155331073147893406e+00
1.751500000000000057e+02 1.146283116307596606e+00
1.744939999999999998e+02 1.157619517711383716e+00
1.738369999999999891e+02 1.183053355504377624e+00
1.731790000000000020e+02 1.198999466079853526e+00
1.725219999999999914e+02 1.219575372609682296e+00
1.718640000000000043e+02 1.245524748693185968e+00
1.712059999999999889e+02 1.265917195356847547e+00
1.705490000000000066e+02 1.282378140299610836e+00
1.698909999999999911e+02 1.291772962576933415e+00
1.692330000000000041e+02 1.288759038755082909e+00
1.685749999999999886e+02 1.284197346954897956e+00
1.679190000000000111e+02 1.300474255523101919e+00
1.672609999999999957e+02 1.295895264864917795e+00
1.666030000000000086e+02 1.322832167009976079e+00
1.659449999999999932e+02 1.304413733692642685e+00
1.652870000000000061e+02 1.279932701311816912e+00
1.646279999999999859e+02 1.283797406991016299e+00
1.639699999999999989e+02 1.300618318386093097e+00
1.633120000000000118e+02 1.325765743990890311e+00
1.626539999999999964e+02 1.330285827470776505e+00
1.619950000000000045e+02 1.315792029895799020e+00
1.613369999999999891e+02 1.312721998997999684e+00
1.606779999999999973e+02 1.296025721446091072e+00
1.600190000000000055e+02 1.299769785399584876e+00
1.593609999999999900e+02 1.311052177671110597e+00
1.587040000000000077e+02 1.314766598461822200e+00
1.580449999999999875e+02 1.325187106023119954e+00
1.573859999999999957e+02 1.321328365841788921e+00
1.567270000000000039e+02 1.332446662141296478e+00
1.560680000000000121e+02 1.328591343641299938e+00
1.554089999999999918e+02 1.332942365962640707e+00
1.547500000000000000e+02 1.340985583432731554e+00
1.540910000000000082e+02 1.337115169349116117e+00
1.534319999999999879e+02 1.340654218631678996e+00
1.527729999999999961e+02 1.343437995055384970e+00
1.521140000000000043e+02 1.336593678758591031e+00
1.514540000000000077e+02 1.337891113177068103e+00
1.507949999999999875e+02 1.339164695185919740e+00
1.501359999999999957e+02 1.386001266559408140e+00
1.494759999999999991e+02 1.403334120027406096e+00
1.488170000000000073e+02 1.411788008652975046e+00
1.481570000000000107e+02 1.443606790048712618e+00
1.474970000000000141e+02 1.444655323179288464e+00
1.468379999999999939e+02 1.463164406896114933e+00
1.461779999999999973e+02 1.474337650366918551e+00
1.455180000000000007e+02 1.502146095861329744e+00
1.448580000000000041e+02 1.513192710076088909e+00
1.441980000000000075e+02 1.486571104710106450e+00
1.435380000000000109e+02 1.505527729935940862e+00
1.428779999999999859e+02 1.517916362471888325e+00
1.422179999999999893e+02 1.543210375033658321e+00
1.415579999999999927e+02 1.554042278239810004e+00
1.408979999999999961e+02 1.561234792430598484e+00
1.402379999999999995e+02 1.566955623351422355e+00
1.395769999999999982e+02 1.569789297330831834e+00
1.389170000000000016e+02 1.594009243741271176e+00
1.382560000000000002e+02 1.640871882775155388e+00
1.375960000000000036e+02 1.669810264765440699e+00
1.369350000000000023e+02 1.694387425574272354e+00
1.362750000000000057e+02 1.706123570120953392e+00
1.356140000000000043e+02 1.734766117746270542e+00
1.349540000000000077e+02 1.761166783836457750e+00
1.342930000000000064e+02 1.807168289364863512e+00
1.336320000000000050e+02 1.852276883403650709e+00
1.329710000000000036e+02 1.881793439791143330e+00
1.323100000000000023e+02 1.902091554207149926e+00
1.316490000000000009e+02 1.949534725918759426e+00
1.309879999999999995e+02 1.968210592815996751e+00
1.303269999999999982e+02 1.981951534579065921e+00
1.296659999999999968e+02 2.028260218274866133e+00
1.290049999999999955e+02 2.050830874316999619e+00
1.283420000000000130e+02 2.059454249557966854e+00
1.276809999999999974e+02 2.072879157770754155e+00
1.270190000000000055e+02 2.104834458639929906e+00
1.263580000000000041e+02 2.090576369143771096e+00
1.256959999999999980e+02 2.069471083228850095e+00
1.250349999999999966e+02 2.082716585180404589e+00
1.243730000000000047e+02 2.087707479546476730e+00
1.237120000000000033e+02 2.085136250982392081e+00
1.230499999999999972e+02 2.096205437614485412e+00
1.223880000000000052e+02 2.098359954063705235e+00
1.217259999999999991e+02 2.068592887702947358e+00
1.210639999999999930e+02 2.030113651579200873e+00
1.204030000000000058e+02 2.033725408715681748e+00
1.197409999999999997e+02 2.026499319857812065e+00
1.190780000000000030e+02 1.982222428979731443e+00
1.184150000000000063e+02 1.973683822879269245e+00
1.177530000000000001e+02 1.951816588801561281e+00
1.170909999999999940e+02 1.919962363654705628e+00
1.164279999999999973e+02 1.888877640394927448e+00
1.157660000000000053e+02 1.878611011832315159e+00
1.151039999999999992e+02 1.862357535565160926e+00
1.144410000000000025e+02 1.832203495298596163e+00
1.137789999999999964e+02 1.804123698605104353e+00
1.131159999999999997e+02 1.802005255091128522e+00
1.124539999999999935e+02 1.789293510306802171e+00
1.117890000000000015e+02 1.774595108188338433e+00
1.111269999999999953e+02 1.775806076776981879e+00
1.104639999999999986e+02 1.757914393323724456e+00
1.098010000000000019e+02 1.743369211653372330e+00
1.091380000000000052e+02 1.723636954319798686e+00
1.084749999999999943e+02 1.717691955961886174e+00
1.078119999999999976e+02 1.673945312888123871e+00
1.071490000000000009e+02 1.650550780858775823e+00
1.064849999999999994e+02 1.585508556655151002e+00
1.058209999999999980e+02 1.531214991348225807e+00
1.051580000000000013e+02 1.461596413701400143e+00
1.044950000000000045e+02 1.442622614694495153e+00
1.038319999999999936e+02 1.390195822542591442e+00
1.031680000000000064e+02 1.344368216269052230e+00
1.025049999999999955e+02 1.301919704101535347e+00
1.018400000000000034e+02 1.287157224209955597e+00
1.011760000000000019e+02 1.258410956024023974e+00
1.005130000000000052e+02 1.272549053522789464e+00
9.984900000000000375e+01 1.276422409307082173e+00
9.918529999999999802e+01 1.274560157286287687e+00
9.852150000000000318e+01 1.268214605233077164e+00
9.785769999999999413e+01 1.305598998248218345e+00
9.719230000000000302e+01 1.350509569500298657e+00
9.652830000000000155e+01 1.393264488460784101e+00
9.586430000000000007e+01 1.428253246540418075e+00
9.520029999999999859e+01 1.473791365718140067e+00
9.453610000000000468e+01 1.537319559789239731e+00
9.387199999999999989e+01 1.600587485762852813e+00
9.320619999999999550e+01 1.644385958515327983e+00
9.254200000000000159e+01 1.694081686667542330e+00
9.187760000000000105e+01 1.705010908592047292e+00
9.121320000000000050e+01 1.727689572475935575e+00
9.054879999999999995e+01 1.736011443031943546e+00
8.988280000000000314e+01 1.778333850270851002e+00
8.921819999999999595e+01 1.790819035282516181e+00
8.855360000000000298e+01 1.787848623913538493e+00
8.788890000000000668e+01 1.783643718142491563e+00
8.722419999999999618e+01 1.823615560736771446e+00
8.655939999999999657e+01 1.856657048874277738e+00
8.589300000000000068e+01 1.901279648085181240e+00
8.522809999999999775e+01 1.921218390041468327e+00
8.456319999999999482e+01 1.955065908750587278e+00
8.389820000000000277e+01 1.960832655901314947e+00
8.323160000000000025e+01 1.987817869119311132e+00
8.256650000000000489e+01 2.002538779761166232e+00
8.190130000000000621e+01 2.034113555879097035e+00
8.123609999999999332e+01 2.049866333029789711e+00
8.057080000000000553e+01 2.033683683670124864e+00
7.990389999999999304e+01 2.049972757457684924e+00
7.923850000000000193e+01 2.077523098984055849e+00
7.857299999999999329e+01 2.111531254336960206e+00
7.790749999999999886e+01 2.136434860043798789e+00
7.724039999999999395e+01 2.151172751258624061e+00
7.657479999999999620e+01 2.177059948190132488e+00
7.590909999999999513e+01 2.166081589301474875e+00
7.524339999999999407e+01 2.192405474592126424e+00
7.457760000000000389e+01 2.205639500666878750e+00
7.391020000000000323e+01 2.181065502067736084e+00
7.324429999999999552e+01 2.178354155605491282e+00
7.257829999999999870e+01 2.148076633355885168e+00
7.191230000000000189e+01 2.133123651996875925e+00
7.124469999999999459e+01 2.138047442133790721e+00
7.057850000000000534e+01 2.128400060527978699e+00
6.991230000000000189e+01 2.151356212178707317e+00
6.924609999999999843e+01 2.130042037571125313e+00
6.857829999999999870e+01 2.134350380416664361e+00
6.791190000000000282e+01 2.133977532895179774e+00
6.724550000000000693e+01 2.122623704642249809e+00
6.657750000000000057e+01 2.122811025069211599e+00
6.591100000000000136e+01 2.102897400664462069e+00
6.524439999999999884e+01 2.103689118285201776e+00
6.457769999999999300e+01 2.092448205354879853e+00
6.390950000000000131e+01 2.073780210732938389e+00
6.324269999999999925e+01 2.072874753442444540e+00
6.257589999999999719e+01 2.082744988564499078e+00
6.190899999999999892e+01 2.088600431798444568e+00
6.124060000000000059e+01 2.087080657486755975e+00
6.057359999999999900e+01 2.090042759604349598e+00
5.990659999999999741e+01 2.094696407715327613e+00
5.923799999999999955e+01 2.066060525974945161e+00
5.857079999999999842e+01 2.033658955356058229e+00
5.790359999999999729e+01 2.037790839743471860e+00
5.723629999999999995e+01 2.025113514454528918e+00
5.656750000000000256e+01 1.997930184537763276e+00
5.590010000000000190e+01 2.000398233385873414e+00
5.523270000000000124e+01 1.987827382320764613e+00
5.456360000000000099e+01 1.986400702075238778e+00
5.389609999999999701e+01 1.993235679210356270e+00
5.322849999999999682e+01 2.015496496976123542e+00
5.255930000000000035e+01 2.048695285235306418e+00
5.189159999999999684e+01 2.026752433784575924e+00
5.122379999999999711e+01 2.036695441934876616e+00
5.055440000000000111e+01 2.040564930524921383e+00
4.988660000000000139e+01 2.031293114299000724e+00
4.921860000000000213e+01 2.019891171257067963e+00
4.854910000000000281e+01 2.011734098207287769e+00
4.788100000000000023e+01 2.023175465980109777e+00
4.721289999999999765e+01 2.020456649708738617e+00
4.654319999999999879e+01 2.004778863673408296e+00
4.587500000000000000e+01 2.009096088952006198e+00
4.520669999999999789e+01 1.980565827452493766e+00
4.453679999999999950e+01 1.975216698826019357e+00
4.386840000000000117e+01 1.973648294366629141e+00
4.320000000000000284e+01 1.993462173444873642e+00
4.252989999999999782e+01 1.979527232832536399e+00
4.186129999999999995e+01 1.960358934426399857e+00
4.119270000000000209e+01 1.925838560063824811e+00
4.052250000000000085e+01 1.916346987541248437e+00
3.985379999999999967e+01 1.917494769960387702e+00
3.918500000000000227e+01 1.928119902622088100e+00
3.851460000000000150e+01 1.923910885360590850e+00
3.784570000000000078e+01 1.915516690945238354e+00
3.717519999999999669e+01 1.896138789261092139e+00
3.650619999999999976e+01 1.882062449937874860e+00
3.583709999999999951e+01 1.884745145195240168e+00
3.516640000000000299e+01 1.885311727505102342e+00
3.449719999999999942e+01 1.868728490483708260e+00
3.382800000000000296e+01 1.865154679436665353e+00
3.315709999999999980e+01 1.844482410937719363e+00
3.248780000000000001e+01 1.805349741066172520e+00
3.181680000000000064e+01 1.791561523209258100e+00
3.114730000000000132e+01 1.789178699726990285e+00
3.047779999999999845e+01 1.797552343934121666e+00
2.980669999999999931e+01 1.755189355543872232e+00
2.913700000000000045e+01 1.749289705265364425e+00
2.846730000000000160e+01 1.749512462096075582e+00
2.779599999999999937e+01 1.717150307384277985e+00
2.712620000000000076e+01 1.702701434963966864e+00
2.645479999999999876e+01 1.694352735874614657e+00
2.578490000000000038e+01 1.675978949973068843e+00
2.511329999999999885e+01 1.639465383427907819e+00
2.444330000000000069e+01 1.599135865897983733e+00
2.377319999999999922e+01 1.592101711888761262e+00
2.310150000000000148e+01 1.544953307692017219e+00
2.243130000000000024e+01 1.515575360701517216e+00
2.175949999999999918e+01 1.486223404059535458e+00
2.108909999999999840e+01 1.450114148688904647e+00
2.041870000000000118e+01 1.426565286689324363e+00
1.974680000000000035e+01 1.375806757117304269e+00
1.907629999999999981e+01 1.346086115905955172e+00
1.840419999999999945e+01 1.321335678507395750e+00
1.773349999999999937e+01 1.283969534307479732e+00
1.706129999999999924e+01 1.274677653377729092e+00
1.639059999999999917e+01 1.236592706036738543e+00
1.571979999999999933e+01 1.213796890747821156e+00
1.504739999999999966e+01 1.204697506664002216e+00
1.437650000000000006e+01 1.185450109110884442e+00
1.370410000000000039e+01 1.184705188243710960e+00
1.303299999999999947e+01 1.160741957051495854e+00
1.236040000000000028e+01 1.146990149399631953e+00
1.168929999999999936e+01 1.130914929197182950e+00
1.101660000000000039e+01 1.138913970602228432e+00
1.034529999999999994e+01 1.189544002651131249e+00
9.672489999999999810e+00 1.229955174612600510e+00
9.001129999999999853e+00 1.274840692987949664e+00
8.329710000000000392e+00 1.311394625188736285e+00
7.656710000000000349e+00 1.388333588923178041e+00
6.985170000000000101e+00 1.580825007962797901e+00
6.312050000000000161e+00 1.780060511833257086e+00
5.640399999999999636e+00 1.986445154442323391e+00
4.967170000000000307e+00 2.161690874401049900e+00
4.295410000000000394e+00 2.310737481791468984e+00
3.622059999999999835e+00 2.458999999935936209e+00
2.950180000000000025e+00 2.596837864592292267e+00
2.276720000000000077e+00 2.751575671664027389e+00
1.604729999999999990e+00 2.864458901160436444e+00
9.311519999999999797e-01 2.876505047596847664e+00
2.590439999999999965e-01 2.870712762652815275e+00
