6.869719999999999800e+02 -8.610699999999305021e-03
6.863600000000000136e+02 1.533930000000083282e-02
6.857469999999999573e+02 2.035930000000085727e-02
6.851349999999999909e+02 3.928930000000097067e-02
6.845230000000000246e+02 3.542930000000055202e-02
6.839120000000000346e+02 4.314930000000050114e-02
6.832989999999999782e+02 2.769930000000009329e-02
6.826870000000000118e+02 6.630930000000034852e-02
6.820739999999999554e+02 -2.635069999999917201e-02
6.814610000000000127e+02 -3.099069999999937153e-02
6.808490000000000464e+02 -4.950069999999939796e-02
6.802359999999999900e+02 1.439300000000365287e-03
6.796230000000000473e+02 3.384930000000085926e-02
6.790099999999999909e+02 6.029300000000681337e-03
6.783980000000000246e+02 -2.178069999999987516e-02
6.777859999999999445e+02 -6.329069999999958895e-02
6.771730000000000018e+02 -1.707069999999966115e-02
6.765599999999999454e+02 -7.840699999999145575e-03
6.759470000000000027e+02 -5.878069999999979700e-02
6.753339999999999463e+02 5.697930000000095418e-02
6.747210000000000036e+02 -8.191069999999989193e-02
6.741079999999999472e+02 -4.487069999999970804e-02
6.734940000000000282e+02 1.264193000000002343e-01
6.728809999999999718e+02 1.403293000000003232e-01
6.722680000000000291e+02 1.218093000000006754e-01
6.716539999999999964e+02 3.845930000000041815e-02
6.710410000000000537e+02 -3.210699999999455656e-03
6.704270000000000209e+02 1.066930000000088086e-02
6.698150000000000546e+02 -7.264069999999911431e-02
6.692010000000000218e+02 5.700930000000070663e-02
6.685879999999999654e+02 9.402930000000075950e-02
6.679740000000000464e+02 1.527930000000043975e-02
6.673600000000000136e+02 2.919930000000015013e-02
6.667459999999999809e+02 6.160930000000064410e-02
6.661330000000000382e+02 5.699930000000019703e-02
6.655190000000000055e+02 3.384930000000085926e-02
6.649049999999999727e+02 -3.180699999999703209e-03
6.642910000000000537e+02 -4.020069999999975607e-02
6.636770000000000209e+02 -1.096506999999995458e-01
6.630629999999999882e+02 -1.883606999999996034e-01
6.624479999999999791e+02 -2.439306999999990566e-01
6.618339999999999463e+02 -2.161606999999996503e-01
6.612200000000000273e+02 -2.393206999999994977e-01
6.606059999999999945e+02 -2.717206999999994821e-01
6.599909999999999854e+02 -2.254306999999995398e-01
6.593769999999999527e+02 -2.115406999999995818e-01
6.587619999999999436e+02 -1.004306999999995398e-01
6.581480000000000246e+02 -7.728069999999931383e-02
6.575330000000000155e+02 -5.876069999999966598e-02
6.569189999999999827e+02 2.919930000000015013e-02
6.563039999999999736e+02 1.067930000000050228e-02
6.556889999999999645e+02 6.159930000000013450e-02
6.550750000000000455e+02 1.125493000000004074e-01
6.544600000000000364e+02 1.217993000000001658e-01
6.538450000000000273e+02 1.773593000000008857e-01
6.532300000000000182e+02 1.449493000000003917e-01
6.526150000000000091e+02 8.477930000000011290e-02
6.520000000000000000e+02 9.867930000000058044e-02
6.513849999999999909e+02 1.264293000000007439e-01
6.507699999999999818e+02 1.542093000000006597e-01
6.501549999999999727e+02 4.773930000000081719e-02
6.495389999999999873e+02 6.089300000000186230e-03
6.489239999999999782e+02 -1.707069999999966115e-02
6.483089999999999691e+02 -2.634069999999955058e-02
6.476929999999999836e+02 -9.578069999999971884e-02
6.470779999999999745e+02 2.921930000000028116e-02
6.464629999999999654e+02 1.533930000000083282e-02
6.458469999999999800e+02 -2.639069999999943406e-02
6.452319999999999709e+02 -5.421069999999961198e-02
6.446159999999999854e+02 6.152930000000012001e-02
6.439990000000000236e+02 1.264493000000008749e-01
6.433830000000000382e+02 6.160930000000064410e-02
6.427670000000000528e+02 -2.173069999999910351e-02
6.421520000000000437e+02 4.772930000000030759e-02
6.415359999999999445e+02 -4.022069999999988710e-02
6.409199999999999591e+02 -7.724069999999905178e-02
6.403039999999999736e+02 -1.050406999999990987e-01
6.396879999999999882e+02 -1.328206999999999027e-01
6.390720000000000027e+02 -1.328306999999995242e-01
6.384560000000000173e+02 -1.143306999999991191e-01
6.378400000000000318e+02 -6.804069999999917684e-02
6.372229999999999563e+02 1.409300000000612840e-03
6.366069999999999709e+02 -2.175069999999923454e-02
6.359909999999999854e+02 -3.561069999999944002e-02
6.353730000000000473e+02 2.456930000000046022e-02
6.347569999999999482e+02 -3.562069999999906145e-02
6.341399999999999864e+02 -3.099069999999937153e-02
6.335240000000000009e+02 -5.412069999999946646e-02
6.329070000000000391e+02 -1.096706999999996768e-01
6.322899999999999636e+02 1.066930000000088086e-02
6.316739999999999782e+02 1.526930000000081833e-02
6.310570000000000164e+02 4.301930000000009358e-02
6.304400000000000546e+02 9.857930000000081350e-02
6.298220000000000027e+02 1.033293000000004014e-01
6.292050000000000409e+02 1.449593000000009013e-01
6.285879999999999654e+02 1.680993000000006177e-01
6.279710000000000036e+02 1.310593000000004338e-01
6.273540000000000418e+02 2.190593000000005119e-01
6.267369999999999663e+02 3.850930000000030162e-02
6.261200000000000045e+02 2.462930000000085329e-02
6.255030000000000427e+02 6.160930000000064410e-02
6.248840000000000146e+02 -4.026069999999926097e-02
6.242670000000000528e+02 -5.876069999999966598e-02
6.236499999999999773e+02 -1.004306999999995398e-01
6.230320000000000391e+02 -1.189206999999994352e-01
6.224149999999999636e+02 -1.374106999999993306e-01
6.217980000000000018e+02 -2.485406999999995037e-01
6.211799999999999500e+02 -1.374306999999994616e-01
6.205610000000000355e+02 -1.003906999999992777e-01
6.199429999999999836e+02 -2.115006999999993198e-01
6.193260000000000218e+02 -1.883806999999997345e-01
6.187079999999999700e+02 -1.883906999999993559e-01
6.180900000000000318e+02 -6.343069999999961794e-02
6.174719999999999800e+02 -3.568069999999945452e-02
6.168529999999999518e+02 6.099300000000695832e-03
6.162350000000000136e+02 2.457930000000096982e-02
6.156169999999999618e+02 1.531930000000070180e-02
6.149990000000000236e+02 -5.876069999999966598e-02
6.143809999999999718e+02 2.455930000000083879e-02
6.137630000000000337e+02 8.942930000000082202e-02
6.131430000000000291e+02 1.217893000000005443e-01
6.125249999999999773e+02 1.079293000000003389e-01
6.119070000000000391e+02 1.449293000000002607e-01
6.112889999999999873e+02 1.032593000000003869e-01
6.106699999999999591e+02 8.943930000000044345e-02
6.100510000000000446e+02 3.380930000000059721e-02
6.094320000000000164e+02 7.548930000000009244e-02
6.088139999999999645e+02 1.071930000000076433e-02
6.081950000000000500e+02 9.403930000000038092e-02
6.075760000000000218e+02 4.775930000000094822e-02
6.069560000000000173e+02 8.482930000000088455e-02
6.063379999999999654e+02 3.386930000000010210e-02
6.057190000000000509e+02 8.936930000000042895e-02
6.051000000000000227e+02 1.078993000000005864e-01
6.044809999999999945e+02 1.680993000000006177e-01
6.038609999999999900e+02 1.403093000000001922e-01
6.032419999999999618e+02 2.051393000000008016e-01
6.026230000000000473e+02 1.727293000000003076e-01
6.020040000000000191e+02 1.450093000000007848e-01
6.013830000000000382e+02 1.067930000000050228e-02
6.007640000000000100e+02 1.532930000000032322e-02
6.001449999999999818e+02 -4.484069999999906742e-02
5.995249999999999773e+02 -7.780699999999640681e-03
5.989049999999999727e+02 -8.655069999999920327e-02
5.982849999999999682e+02 -2.634069999999955058e-02
5.976660000000000537e+02 -1.096606999999991672e-01
5.970460000000000491e+02 -1.652706999999997706e-01
5.964249999999999545e+02 -1.374506999999995926e-01
5.958060000000000400e+02 -8.190069999999938233e-02
5.951860000000000355e+02 -1.189406999999995662e-01
5.945670000000000073e+02 -9.578069999999971884e-02
5.939450000000000500e+02 -9.578069999999971884e-02
5.933260000000000218e+02 -2.171069999999986067e-02
5.927060000000000173e+02 -5.878069999999979700e-02
5.920860000000000127e+02 1.065930000000037126e-02
5.914650000000000318e+02 1.995930000000090132e-02
5.908450000000000273e+02 1.069930000000063330e-02
5.902250000000000227e+02 -6.799069999999929337e-02
5.896029999999999518e+02 -4.026069999999926097e-02
5.889829999999999472e+02 -3.097069999999924050e-02
5.883630000000000564e+02 3.383930000000034966e-02
5.877419999999999618e+02 6.617930000000082913e-02
5.871209999999999809e+02 2.921930000000028116e-02
5.865000000000000000e+02 -1.709069999999979217e-02
5.858799999999999955e+02 6.009300000000550313e-03
5.852580000000000382e+02 -4.487069999999970804e-02
5.846380000000000337e+02 -3.180699999999703209e-03
5.840170000000000528e+02 -2.625069999999940507e-02
5.833949999999999818e+02 9.401930000000024990e-02
5.827740000000000009e+02 -4.486069999999919844e-02
5.821539999999999964e+02 -3.105069999999976460e-02
5.815320000000000391e+02 -2.169069999999972964e-02
5.809109999999999445e+02 4.308930000000010807e-02
5.802899999999999636e+02 1.063930000000024023e-02
5.796680000000000064e+02 3.844930000000079673e-02
5.790470000000000255e+02 -1.245069999999959265e-02
5.784260000000000446e+02 2.465930000000060573e-02
5.778049999999999500e+02 -1.420106999999992681e-01
5.771820000000000164e+02 -1.096706999999996768e-01
5.765610000000000355e+02 -2.114906999999996984e-01
5.759379999999999882e+02 -2.300806999999993607e-01
5.753170000000000073e+02 -2.809706999999992405e-01
5.746960000000000264e+02 -2.578906999999990290e-01
5.740729999999999791e+02 -8.183069999999936783e-02
5.734519999999999982e+02 -3.562069999999906145e-02
5.728300000000000409e+02 -3.310699999999222598e-03
5.722069999999999936e+02 8.481930000000037495e-02
5.715860000000000127e+02 8.475930000000087006e-02
5.709640000000000555e+02 8.014930000000042298e-02
5.703410000000000082e+02 7.546930000000084959e-02
5.697190000000000509e+02 6.630930000000034852e-02
5.690979999999999563e+02 3.861930000000057817e-02
5.684740000000000464e+02 -4.023069999999950852e-02
5.678529999999999518e+02 -3.096069999999961908e-02
5.672290000000000418e+02 -9.115069999999914074e-02
5.666069999999999709e+02 -9.116069999999965034e-02
5.659850000000000136e+02 -5.418069999999985953e-02
5.653619999999999663e+02 1.469300000000117734e-03
5.647400000000000091e+02 1.532930000000032322e-02
5.641169999999999618e+02 2.461930000000034369e-02
5.634940000000000282e+02 1.429300000000743864e-03
5.628719999999999573e+02 -4.948069999999926694e-02
5.622480000000000473e+02 -7.820699999999902730e-03
5.616250000000000000e+02 8.012930000000029196e-02
5.610030000000000427e+02 2.049693000000001319e-01
5.603790000000000191e+02 1.912393000000003340e-01
5.597569999999999482e+02 1.448793000000003772e-01
5.591330000000000382e+02 2.190493000000008905e-01
5.585099999999999909e+02 2.375393000000007859e-01
5.578859999999999673e+02 2.143393000000006765e-01
5.572630000000000337e+02 3.070093000000007066e-01
5.566399999999999864e+02 2.145493000000007200e-01
5.560159999999999627e+02 2.051393000000008016e-01
5.553930000000000291e+02 2.919930000000015013e-02
5.547690000000000055e+02 1.531930000000070180e-02
5.541459999999999582e+02 -7.790699999999262104e-03
5.535209999999999582e+02 -7.830699999999524152e-03
5.528980000000000246e+02 1.994930000000039172e-02
5.522749999999999773e+02 7.552930000000035449e-02
5.516509999999999536e+02 9.402930000000075950e-02
5.510270000000000437e+02 1.264093000000006128e-01
5.504030000000000200e+02 1.264593000000004963e-01
5.497789999999999964e+02 2.004393000000002090e-01
5.491549999999999727e+02 2.097793000000001129e-01
5.485309999999999491e+02 2.375693000000005384e-01
5.479059999999999491e+02 2.792093000000006597e-01
5.472830000000000155e+02 2.421793000000000973e-01
5.466589999999999918e+02 2.653793000000002067e-01
5.460339999999999918e+02 2.745793000000009698e-01
5.454099999999999682e+02 3.254893000000000924e-01
5.447849999999999682e+02 2.977393000000008172e-01
5.441609999999999445e+02 2.143893000000005600e-01
5.435359999999999445e+02 2.745793000000009698e-01
5.429120000000000346e+02 2.700093000000007848e-01
5.422870000000000346e+02 1.588193000000002186e-01
5.416630000000000109e+02 1.959393000000009266e-01
5.410370000000000346e+02 2.143893000000005600e-01
5.404130000000000109e+02 9.402930000000075950e-02
5.397880000000000109e+02 1.125493000000004074e-01
5.391630000000000109e+02 6.160930000000064410e-02
5.385380000000000109e+02 6.160930000000064410e-02
5.379139999999999873e+02 7.084930000000078110e-02
5.372880000000000109e+02 5.235930000000088569e-02
5.366630000000000109e+02 9.868930000000020186e-02
5.360370000000000346e+02 1.125493000000004074e-01
5.354130000000000109e+02 9.399930000000011887e-02
5.347870000000000346e+02 1.356993000000006333e-01
5.341620000000000346e+02 1.448993000000005082e-01
5.335359999999999445e+02 1.866293000000007751e-01
5.329109999999999445e+02 1.727493000000004386e-01
5.322849999999999682e+02 1.634793000000005492e-01
5.316599999999999682e+02 1.912793000000005961e-01
5.310339999999999918e+02 2.606893000000001237e-01
5.304089999999999918e+02 3.161993000000009602e-01
5.297830000000000155e+02 3.486493000000008280e-01
5.291580000000000155e+02 4.272293000000004781e-01
5.285309999999999491e+02 3.717793000000009229e-01
5.279049999999999727e+02 3.857393000000008954e-01
5.272799999999999727e+02 4.643993000000010696e-01
5.266530000000000200e+02 4.875493000000004074e-01
5.260280000000000200e+02 5.200193000000004062e-01
5.254009999999999536e+02 4.782693000000000083e-01
5.247759999999999536e+02 3.579693000000006009e-01
5.241490000000000009e+02 4.180993000000006177e-01
5.235230000000000246e+02 3.347293000000002294e-01
5.228959999999999582e+02 4.273593000000008857e-01
5.222709999999999582e+02 4.920993000000004614e-01
5.216440000000000055e+02 4.967893000000005443e-01
5.210159999999999627e+02 4.227393000000008172e-01
5.203909999999999627e+02 4.412593000000004650e-01
5.197630000000000337e+02 4.690292999999998713e-01
5.191380000000000337e+02 5.061492999999996911e-01
5.185099999999999909e+02 4.412493000000008436e-01
5.178840000000000146e+02 4.089293000000004952e-01
5.172569999999999482e+02 3.625593000000009170e-01
5.166299999999999955e+02 2.514193000000002343e-01
5.160030000000000427e+02 3.254793000000004710e-01
5.153759999999999764e+02 3.903293000000003232e-01
5.147500000000000000e+02 3.764293000000007439e-01
5.141219999999999573e+02 3.764193000000002343e-01
5.134940000000000282e+02 3.949693000000005227e-01
5.128680000000000518e+02 3.625293000000002763e-01
5.122400000000000091e+02 4.412593000000004650e-01
5.116139999999999759e+02 4.504992999999997139e-01
5.109859999999999900e+02 3.996093000000007223e-01
5.103580000000000041e+02 3.069493000000003136e-01
5.097309999999999945e+02 2.977593000000009482e-01
5.091030000000000086e+02 2.467893000000005443e-01
5.084759999999999991e+02 2.653293000000003232e-01
5.078480000000000132e+02 3.115993000000001345e-01
5.072200000000000273e+02 3.394193000000003124e-01
5.065930000000000177e+02 3.022893000000008712e-01
5.059649999999999750e+02 2.560493000000008124e-01
5.053360000000000127e+02 3.254993000000006020e-01
5.047090000000000032e+02 3.671793000000000973e-01
5.040810000000000173e+02 2.699593000000009013e-01
5.034519999999999982e+02 3.115393000000006296e-01
5.028249999999999886e+02 2.468593000000005588e-01
5.021960000000000264e+02 1.449393000000007703e-01
5.015690000000000168e+02 6.168930000000028002e-02
5.009399999999999977e+02 1.459300000000496311e-03
5.003109999999999786e+02 -1.248069999999934510e-02
4.996840000000000259e+02 -3.555069999999904695e-02
4.990550000000000068e+02 1.529930000000057078e-02
4.984259999999999877e+02 1.079493000000004699e-01
4.977980000000000018e+02 9.396930000000036642e-02
4.971689999999999827e+02 1.078893000000009650e-01
4.965400000000000205e+02 1.357193000000007643e-01
4.959119999999999777e+02 2.328593000000003244e-01
4.952830000000000155e+02 2.282893000000001393e-01
4.946539999999999964e+02 2.004793000000004710e-01
4.940260000000000105e+02 2.931693000000006322e-01
4.933969999999999914e+02 2.005093000000002235e-01
4.927669999999999959e+02 1.634693000000009278e-01
4.921390000000000100e+02 2.328893000000009650e-01
4.915099999999999909e+02 2.606693000000008809e-01
4.908799999999999955e+02 2.606993000000006333e-01
4.902500000000000000e+02 1.773793000000001285e-01
4.896220000000000141e+02 2.930693000000008652e-01
4.889920000000000186e+02 3.625493000000004074e-01
4.883629999999999995e+02 2.421593000000008544e-01
4.877339999999999804e+02 2.283393000000009110e-01
4.871039999999999850e+02 2.607093000000002547e-01
4.864739999999999895e+02 2.375393000000007859e-01
4.858460000000000036e+02 1.218393000000004278e-01
4.852160000000000082e+02 1.125693000000005384e-01
4.845860000000000127e+02 1.634693000000009278e-01
4.839549999999999841e+02 7.550930000000022346e-02
4.833269999999999982e+02 1.772893000000008712e-01
4.826960000000000264e+02 2.421593000000008544e-01
4.820659999999999741e+02 3.162693000000009746e-01
4.814370000000000118e+02 2.467593000000007919e-01
4.808070000000000164e+02 3.161993000000009602e-01
4.801759999999999877e+02 4.505093000000011116e-01
4.795459999999999923e+02 5.107093000000011429e-01
4.789169999999999732e+02 5.106893000000001237e-01
4.782860000000000014e+02 4.829593000000000913e-01
4.776549999999999727e+02 3.903193000000007018e-01
4.770249999999999773e+02 4.273493000000003761e-01
4.763949999999999818e+02 3.764493000000008749e-01
4.757640000000000100e+02 5.616193000000011537e-01
4.751329999999999814e+02 5.199493000000012799e-01
4.745020000000000095e+02 5.385192999999999230e-01
4.738729999999999905e+02 4.365893000000005131e-01
4.732420000000000186e+02 4.042093000000006597e-01
4.726109999999999900e+02 4.921793000000009854e-01
4.719800000000000182e+02 5.245593000000008388e-01
4.713500000000000227e+02 5.153892999999998281e-01
4.707189999999999941e+02 5.338893000000011213e-01
4.700869999999999891e+02 4.180993000000006177e-01
4.694560000000000173e+02 2.838293000000007282e-01
4.688249999999999886e+02 1.727193000000006862e-01
4.681949999999999932e+02 3.255193000000007331e-01
4.675629999999999882e+02 4.180993000000006177e-01
4.669309999999999832e+02 3.718093000000006754e-01
4.663000000000000114e+02 2.930993000000006177e-01
4.656700000000000159e+02 3.532193000000001248e-01
4.650380000000000109e+02 3.856193000000001092e-01
4.644060000000000059e+02 3.393793000000009386e-01
4.637740000000000009e+02 4.597693000000004915e-01
4.631419999999999959e+02 5.291893000000014169e-01
4.625120000000000005e+02 5.430493000000007342e-01
4.618799999999999955e+02 4.736093000000005659e-01
4.612479999999999905e+02 4.597693000000004915e-01
4.606159999999999854e+02 5.338393000000012378e-01
4.599839999999999804e+02 5.245892999999997031e-01
4.593519999999999754e+02 4.644093000000006910e-01
4.587210000000000036e+02 5.523693000000013953e-01
4.580880000000000223e+02 5.060893000000001862e-01
4.574560000000000173e+02 4.782993000000006489e-01
4.568240000000000123e+02 3.949593000000009013e-01
4.561909999999999741e+02 4.180993000000006177e-01
4.555600000000000023e+02 4.181793000000002536e-01
4.549279999999999973e+02 4.782893000000010275e-01
4.542950000000000159e+02 4.551093000000010491e-01
4.536619999999999777e+02 3.995793000000009698e-01
4.530299999999999727e+02 3.671793000000000973e-01
4.523969999999999914e+02 4.551593000000009326e-01
4.517660000000000196e+02 4.227393000000008172e-01
4.511329999999999814e+02 4.690193000000002499e-01
4.505000000000000000e+02 4.690193000000002499e-01
4.498670000000000186e+02 4.921893000000006069e-01
4.492339999999999804e+02 3.903193000000007018e-01
4.486009999999999991e+02 3.440293000000007595e-01
4.479680000000000177e+02 4.829192999999998293e-01
4.473360000000000127e+02 4.690393000000012691e-01
4.467029999999999745e+02 4.458393000000002715e-01
4.460690000000000168e+02 5.291893000000014169e-01
4.454359999999999786e+02 4.782693000000000083e-01
4.448029999999999973e+02 4.643993000000010696e-01
4.441689999999999827e+02 5.060693000000009434e-01
4.435360000000000014e+02 5.569893000000005756e-01
4.429019999999999868e+02 6.542292999999999026e-01
4.422699999999999818e+02 5.662293000000007126e-01
4.416360000000000241e+02 6.402992999999996826e-01
4.410029999999999859e+02 6.356693000000008809e-01
4.403690000000000282e+02 5.801293000000002920e-01
4.397350000000000136e+02 5.801392999999999134e-01
4.391009999999999991e+02 5.662693000000009746e-01
4.384669999999999845e+02 4.597693000000004915e-01
4.378330000000000268e+02 4.921592999999999662e-01
4.371990000000000123e+02 4.551392999999999134e-01
4.365649999999999977e+02 4.875393000000007859e-01
4.359329999999999927e+02 3.810693000000009434e-01
4.352980000000000018e+02 3.162493000000008436e-01
4.346639999999999873e+02 3.116293000000007751e-01
4.340299999999999727e+02 3.255093000000002235e-01
4.333960000000000150e+02 3.255093000000002235e-01
4.327610000000000241e+02 4.458893000000001550e-01
4.321270000000000095e+02 4.042093000000006597e-01
4.314920000000000186e+02 3.347593000000008701e-01
4.308580000000000041e+02 3.023493000000003761e-01
4.302230000000000132e+02 3.347693000000004915e-01
4.295889999999999986e+02 3.856993000000006333e-01
4.289540000000000077e+02 3.208493000000007811e-01
4.283190000000000168e+02 3.625393000000007859e-01
4.276859999999999786e+02 3.625993000000002908e-01
4.270509999999999877e+02 3.116293000000007751e-01
4.264159999999999968e+02 2.606893000000001237e-01
4.257810000000000059e+02 3.116093000000006441e-01
4.251460000000000150e+02 3.486493000000008280e-01
4.245110000000000241e+02 4.180893000000001081e-01
4.238759999999999764e+02 4.227093000000001766e-01
4.232409999999999854e+02 4.643993000000010696e-01
4.226050000000000182e+02 4.088393000000003497e-01
4.219700000000000273e+02 4.181093000000002391e-01
4.213349999999999795e+02 4.319993000000001970e-01
4.206990000000000123e+02 4.968092999999997872e-01
4.200640000000000214e+02 5.014393000000003653e-01
4.194289999999999736e+02 5.569793000000009542e-01
4.187930000000000064e+02 4.504992999999997139e-01
4.181569999999999823e+02 4.273493000000003761e-01
4.175219999999999914e+02 4.551392999999999134e-01
4.168860000000000241e+02 5.569793000000009542e-01
4.162500000000000000e+02 6.079093000000002078e-01
4.156150000000000091e+02 6.171793000000009854e-01
4.149789999999999850e+02 6.356893000000001237e-01
4.143430000000000177e+02 6.541993000000010383e-01
4.137069999999999936e+02 5.893793000000000504e-01
4.130710000000000264e+02 6.866092999999997559e-01
4.124350000000000023e+02 7.329093000000002078e-01
4.117989999999999782e+02 7.699593000000009013e-01
4.111630000000000109e+02 7.421693000000013640e-01
4.105260000000000105e+02 7.143993000000010696e-01
4.098899999999999864e+02 7.375493000000004074e-01
4.092540000000000191e+02 6.357093000000011429e-01
4.086170000000000186e+02 6.449593000000009013e-01
4.079809999999999945e+02 6.866293000000007751e-01
4.073439999999999941e+02 6.588493000000008593e-01
4.067080000000000268e+02 6.310693000000009434e-01
4.060710000000000264e+02 7.051293000000002920e-01
4.054350000000000023e+02 6.032793000000014061e-01
4.047980000000000018e+02 6.171793000000009854e-01
4.041610000000000014e+02 5.986593000000004494e-01
4.035240000000000009e+02 6.449693000000005227e-01
4.028879999999999768e+02 5.477493000000004386e-01
4.022509999999999764e+02 5.940292999999998713e-01
4.016139999999999759e+02 4.921893000000006069e-01
4.009769999999999754e+02 5.014492999999999867e-01
4.003399999999999750e+02 3.949493000000003917e-01
3.997029999999999745e+02 4.782893000000010275e-01
3.990649999999999977e+02 4.504992999999997139e-01
3.984279999999999973e+02 3.625793000000001598e-01
3.977909999999999968e+02 3.394493000000009530e-01
3.971519999999999868e+02 3.300793000000004085e-01
3.965149999999999864e+02 2.606993000000006333e-01
3.958770000000000095e+02 2.977193000000006862e-01
3.952400000000000091e+02 1.958793000000005335e-01
3.946019999999999754e+02 2.699593000000009013e-01
3.939649999999999750e+02 1.912393000000003340e-01
3.933269999999999982e+02 1.819793000000009542e-01
3.926890000000000214e+02 2.884593000000004182e-01
3.920520000000000209e+02 2.699493000000003917e-01
3.914139999999999873e+02 3.532693000000008965e-01
3.907760000000000105e+02 3.578593000000003244e-01
3.901379999999999768e+02 4.781893000000012606e-01
3.895000000000000000e+02 5.847193000000006080e-01
3.888609999999999900e+02 5.292593000000005432e-01
3.882230000000000132e+02 5.431093000000002391e-01
3.875849999999999795e+02 5.986593000000004494e-01
3.869460000000000264e+02 6.495793000000000816e-01
3.863079999999999927e+02 7.097693000000004915e-01
3.856700000000000159e+02 7.467993000000001658e-01
3.850319999999999823e+02 7.884593000000004182e-01
3.843929999999999723e+02 7.143693000000004290e-01
3.837549999999999955e+02 7.606393000000002402e-01
3.831159999999999854e+02 7.375493000000004074e-01
3.824759999999999991e+02 7.282292999999997463e-01
3.818380000000000223e+02 7.004693000000008496e-01
3.811990000000000123e+02 5.847493000000012486e-01
3.805600000000000023e+02 6.495892999999997031e-01
3.799220000000000255e+02 6.218092999999997872e-01
3.792830000000000155e+02 5.523493000000003761e-01
3.786440000000000055e+02 5.986292999999998088e-01
3.780049999999999955e+02 5.522692999999998520e-01
3.773650000000000091e+02 5.709093000000011742e-01
3.767259999999999991e+02 7.422092999999998497e-01
3.760860000000000127e+02 7.282993000000006489e-01
3.754470000000000027e+02 8.810593000000013220e-01
3.748079999999999927e+02 8.717493000000002823e-01
3.741689999999999827e+02 9.180093000000004722e-01
3.735299999999999727e+02 9.689693000000003664e-01
3.728890000000000100e+02 9.829493000000004699e-01
3.722500000000000000e+02 9.088193000000002186e-01
3.716100000000000136e+02 1.029209300000000660e+00
3.709710000000000036e+02 9.458793000000005335e-01
3.703310000000000173e+02 9.089493000000006262e-01
3.696909999999999741e+02 8.811093000000012054e-01
3.690500000000000114e+02 9.042193000000002812e-01
3.684110000000000014e+02 8.579293000000012270e-01
3.677710000000000150e+02 8.393993000000010696e-01
3.671309999999999718e+02 8.023493000000003761e-01
3.664909999999999854e+02 9.227593000000000600e-01
3.658509999999999991e+02 8.532593000000003869e-01
3.652099999999999795e+02 8.533093000000002704e-01
3.645699999999999932e+02 9.597593000000008701e-01
3.639300000000000068e+02 9.412492999999999554e-01
3.632900000000000205e+02 9.319493000000003136e-01
3.626490000000000009e+02 9.550693000000007871e-01
3.620079999999999814e+02 9.319893000000005756e-01
3.613670000000000186e+02 9.180893000000009962e-01
3.607269999999999754e+02 8.533093000000002704e-01
3.600869999999999891e+02 8.810992999999998077e-01
3.594460000000000264e+02 7.978393000000005841e-01
3.588039999999999736e+02 7.374793000000012810e-01
3.581639999999999873e+02 7.143892999999996718e-01
3.575230000000000246e+02 6.588493000000008593e-01
3.568829999999999814e+02 7.420993000000004614e-01
3.562420000000000186e+02 7.189693000000003664e-01
3.556000000000000227e+02 7.329293000000012270e-01
3.549590000000000032e+02 7.699493000000012799e-01
3.543179999999999836e+02 6.958693000000009121e-01
3.536770000000000209e+02 7.190693000000001334e-01
3.530350000000000250e+02 8.255093000000011116e-01
3.523940000000000055e+02 8.532893000000010275e-01
3.517520000000000095e+02 8.532893000000010275e-01
3.511109999999999900e+02 6.912193000000010912e-01
3.504689999999999941e+02 7.514393000000003653e-01
3.498269999999999982e+02 7.745793000000000816e-01
3.491859999999999786e+02 7.606893000000001237e-01
3.485450000000000159e+02 7.468493000000000492e-01
3.479019999999999868e+02 7.328692999999999458e-01
3.472599999999999909e+02 6.866193000000011537e-01
3.466190000000000282e+02 6.773493000000003761e-01
3.459769999999999754e+02 6.588193000000002186e-01
3.453340000000000032e+02 7.190292999999998713e-01
3.446929999999999836e+02 7.560593000000013220e-01
3.440509999999999877e+02 7.282593000000003869e-01
3.434089999999999918e+02 7.189893000000013856e-01
3.427660000000000196e+02 6.727093000000001766e-01
3.421240000000000236e+02 7.699593000000009013e-01
3.414820000000000277e+02 7.930993000000006177e-01
3.408399999999999750e+02 7.884193000000001561e-01
3.401970000000000027e+02 8.301493000000013112e-01
3.395539999999999736e+02 8.393892999999996718e-01
3.389119999999999777e+02 8.161993000000000720e-01
3.382690000000000055e+02 8.394393000000013316e-01
3.376259999999999764e+02 9.551392999999999134e-01
3.369839999999999804e+02 1.029219300000000281e+00
3.363419999999999845e+02 9.875793000000010480e-01
3.356979999999999791e+02 9.273592999999999975e-01
3.350550000000000068e+02 9.134792999999996610e-01
3.344130000000000109e+02 8.718592999999996707e-01
3.337690000000000055e+02 8.856793000000005023e-01
3.331259999999999764e+02 9.088493000000008593e-01
3.324830000000000041e+02 1.033799300000000976e+00
3.318389999999999986e+02 9.783692999999997753e-01
3.311960000000000264e+02 1.056989300000000576e+00
3.305539999999999736e+02 1.024559300000000839e+00
3.299110000000000014e+02 1.089359300000000808e+00
3.292660000000000196e+02 1.131069300000000943e+00
3.286229999999999905e+02 1.195889300000000155e+00
3.279800000000000182e+02 1.177419300000001279e+00
3.273360000000000127e+02 1.144919300000000639e+00
3.266929999999999836e+02 1.038479299999999661e+00
3.260489999999999782e+02 1.019969300000000523e+00
3.254049999999999727e+02 9.968092999999997872e-01
3.247610000000000241e+02 1.052379300000001017e+00
3.241179999999999950e+02 1.015349300000001342e+00
3.234730000000000132e+02 1.043109300000000239e+00
3.228290000000000077e+02 1.047699300000000555e+00
3.221840000000000259e+02 1.135749300000001405e+00
3.215409999999999968e+02 1.144949300000001280e+00
3.208969999999999914e+02 1.242099300000000461e+00
3.202520000000000095e+02 1.297769299999999681e+00
3.196080000000000041e+02 1.293089300000000996e+00
3.189639999999999986e+02 1.334749300000001249e+00
3.183190000000000168e+02 1.394949300000001280e+00
3.176750000000000114e+02 1.311629300000000775e+00
3.170310000000000059e+02 1.177509299999999648e+00
3.163860000000000241e+02 1.177329300000001133e+00
3.157420000000000186e+02 1.149639300000001363e+00
3.150980000000000132e+02 1.080199300000001195e+00
3.144519999999999982e+02 1.061619300000001154e+00
3.138079999999999927e+02 1.029229299999999903e+00
3.131619999999999777e+02 1.010709300000001143e+00
3.125179999999999723e+02 9.828993000000005864e-01
3.118729999999999905e+02 9.967393000000006609e-01
3.112269999999999754e+02 1.163469300000000040e+00
3.105830000000000268e+02 1.094009300000000628e+00
3.099370000000000118e+02 1.066209299999999693e+00
3.092919999999999732e+02 1.080139299999999913e+00
3.086469999999999914e+02 1.052359299999999998e+00
3.080009999999999764e+02 1.149589299999999703e+00
3.073570000000000277e+02 1.205089300000000030e+00
3.067099999999999795e+02 1.223719299999999954e+00
3.060649999999999977e+02 1.205139299999999913e+00
3.054200000000000159e+02 1.200449299999999830e+00
3.047740000000000009e+02 1.195889300000000155e+00
3.041290000000000191e+02 1.191319300000000858e+00
3.034820000000000277e+02 1.320889300000000155e+00
3.028369999999999891e+02 1.404209300000000660e+00
3.021920000000000073e+02 1.468899300000001240e+00
3.015450000000000159e+02 1.427359299999999998e+00
3.008999999999999773e+02 1.334719300000000608e+00
3.002529999999999859e+02 1.469049300000000891e+00
2.996080000000000041e+02 1.413479299999999661e+00
2.989610000000000127e+02 1.348579299999999925e+00
2.983149999999999977e+02 1.469069300000000133e+00
2.976700000000000159e+02 1.408909300000000364e+00
2.970230000000000246e+02 1.418099300000000618e+00
2.963770000000000095e+02 1.330049299999999768e+00
2.957300000000000182e+02 1.302379300000001017e+00
2.950840000000000032e+02 1.344039300000001269e+00
2.944370000000000118e+02 1.246809299999999787e+00
2.937909999999999968e+02 1.288489300000001059e+00
2.931429999999999723e+02 1.510689300000000124e+00
2.924970000000000141e+02 1.506069300000000943e+00
2.918500000000000227e+02 1.436629300000000775e+00
2.912040000000000077e+02 1.413449300000000797e+00
2.905570000000000164e+02 1.482759300000000557e+00
2.899100000000000250e+02 1.570879300000000534e+00
2.892629999999999768e+02 1.700409300000001345e+00
2.886159999999999854e+02 1.779219300000000281e+00
2.879689999999999941e+02 1.834769300000000491e+00
2.873210000000000264e+02 1.844049300000000891e+00
2.866750000000000114e+02 1.825489300000000092e+00
2.860269999999999868e+02 1.927369300000001395e+00
2.853799999999999955e+02 1.964399300000001070e+00
2.847320000000000277e+02 1.945879300000000534e+00
2.840849999999999795e+02 2.043059300000000356e+00
2.834370000000000118e+02 2.089419300000000312e+00
2.827900000000000205e+02 2.186549300000000251e+00
2.821419999999999959e+02 2.269969300000000523e+00
2.814950000000000045e+02 2.311499300000000368e+00
2.808469999999999800e+02 2.404229299999999903e+00
2.801990000000000123e+02 2.330149300000001311e+00
2.795509999999999877e+02 2.283819300000000219e+00
2.789039999999999964e+02 2.316349299999999722e+00
2.782549999999999955e+02 2.320869300000000912e+00
2.776080000000000041e+02 2.330149300000001311e+00
2.769590000000000032e+02 2.302359299999999998e+00
2.763120000000000118e+02 2.353229299999999746e+00
2.756630000000000109e+02 2.316279300000000596e+00
2.750149999999999864e+02 2.362449300000000640e+00
2.743659999999999854e+02 2.566279300000000596e+00
2.737189999999999941e+02 2.723579299999999925e+00
2.730699999999999932e+02 2.769979300000000144e+00
2.724220000000000255e+02 2.737479300000001281e+00
2.717730000000000246e+02 2.681979300000000954e+00
2.711240000000000236e+02 2.640279300000000440e+00
2.704759999999999991e+02 2.566279300000000596e+00
2.698260000000000218e+02 2.617179300000000985e+00
2.691779999999999973e+02 2.709779300000000113e+00
2.685289999999999964e+02 2.584779300000000113e+00
2.678809999999999718e+02 2.556879300000001187e+00
2.672309999999999945e+02 2.519979300000000144e+00
2.665830000000000268e+02 2.580079300000000408e+00
2.659329999999999927e+02 2.765279300000000440e+00
2.652839999999999918e+02 2.848679299999999692e+00
2.646349999999999909e+02 2.978279300000001406e+00
2.639850000000000136e+02 2.908879299999999724e+00
2.633369999999999891e+02 2.880979300000000798e+00
2.626870000000000118e+02 2.964379300000000050e+00
2.620380000000000109e+02 2.904279299999999786e+00
2.613879999999999768e+02 3.029179300000000019e+00
2.607400000000000091e+02 2.973779300000001236e+00
2.600899999999999750e+02 2.848679299999999692e+00
2.594390000000000214e+02 2.927379300000001017e+00
2.587900000000000205e+02 2.876379300000000860e+00
2.581399999999999864e+02 2.890279300000000440e+00
2.574909999999999854e+02 2.871779300000000923e+00
2.568410000000000082e+02 3.015279300000000440e+00
2.561899999999999977e+02 3.126479300000000627e+00
2.555409999999999968e+02 3.075479300000000471e+00
2.548899999999999864e+02 3.149579300000000082e+00
2.542410000000000139e+02 3.154279299999999786e+00
2.535910000000000082e+02 3.056979300000000954e+00
2.529399999999999977e+02 3.066179300000000829e+00
2.522899999999999920e+02 3.117279300000000752e+00
2.516399999999999864e+02 3.223679299999999692e+00
2.509900000000000091e+02 3.089379300000000050e+00
2.503389999999999986e+02 3.107879300000001344e+00
2.496879999999999882e+02 3.186679300000000659e+00
2.490380000000000109e+02 3.209679300000000346e+00
2.483870000000000005e+02 3.316279300000000596e+00
2.477359999999999900e+02 3.413479299999999661e+00
2.470860000000000127e+02 3.381079300000000565e+00
2.464350000000000023e+02 3.492179300000000985e+00
2.457849999999999966e+02 3.353279300000001406e+00
2.451330000000000098e+02 3.441279300000000596e+00
2.444819999999999993e+02 3.385679300000000502e+00
2.438319999999999936e+02 3.339479299999999817e+00
2.431800000000000068e+02 3.306979300000000954e+00
2.425289999999999964e+02 3.306979300000000954e+00
2.418779999999999859e+02 3.445779300000000767e+00
2.412270000000000039e+02 3.543079300000001375e+00
2.405749999999999886e+02 3.469079299999999755e+00
2.399240000000000066e+02 3.626379300000000860e+00
2.392719999999999914e+02 3.626479300000000627e+00
2.386200000000000045e+02 3.705179300000000175e+00
2.379699999999999989e+02 3.695879300000000534e+00
2.373180000000000121e+02 3.806979300000000954e+00
2.366670000000000016e+02 3.807079300000000721e+00
2.360149999999999864e+02 3.811579300000000892e+00
2.353629999999999995e+02 3.894979300000000144e+00
2.347100000000000080e+02 4.047779300000001079e+00
2.340600000000000023e+02 4.033779299999999957e+00
2.334070000000000107e+02 4.024579300000000082e+00
2.327549999999999955e+02 4.186679300000000659e+00
2.321040000000000134e+02 4.311579300000000892e+00
2.314509999999999934e+02 4.297779300000001079e+00
2.307980000000000018e+02 4.418079300000001375e+00
2.301469999999999914e+02 4.418079300000001375e+00
2.294939999999999998e+02 4.371779300000000923e+00
2.288420000000000130e+02 4.293079300000001375e+00
2.281899999999999977e+02 4.455079300000000408e+00
2.275370000000000061e+02 4.580079300000000408e+00
2.268839999999999861e+02 4.654279299999999786e+00
2.262330000000000041e+02 4.769779300000000610e+00
2.255800000000000125e+02 4.917979299999999832e+00
2.249269999999999925e+02 4.922679300000001312e+00
2.242729999999999961e+02 4.959879299999999880e+00
2.236220000000000141e+02 5.080079300000000408e+00
2.229679999999999893e+02 5.121879300000000690e+00
2.223149999999999977e+02 5.172679300000001312e+00
2.216630000000000109e+02 5.112679300000000815e+00
2.210099999999999909e+02 5.043079300000001375e+00
2.203559999999999945e+02 4.968979299999999988e+00
2.197019999999999982e+02 4.941279300000000596e+00
2.190500000000000114e+02 4.973679299999999692e+00
2.183969999999999914e+02 4.982879300000001344e+00
2.177429999999999950e+02 4.978279300000001406e+00
2.170889999999999986e+02 5.019979300000000144e+00
2.164370000000000118e+02 4.950479300000000471e+00
2.157829999999999870e+02 5.033879299999999724e+00
2.151289999999999907e+02 4.996779300000000923e+00
2.144749999999999943e+02 5.135679300000000502e+00
2.138220000000000027e+02 5.149579300000000082e+00
2.131680000000000064e+02 5.172679300000001312e+00
2.125140000000000100e+02 5.214379300000000050e+00
2.118600000000000136e+02 5.144979300000000144e+00
2.112069999999999936e+02 5.256079300000000565e+00
2.105529999999999973e+02 5.228279300000001406e+00
2.098979999999999961e+02 5.205179300000000175e+00
2.092439999999999998e+02 5.149479300000000315e+00
2.085910000000000082e+02 5.154179300000000019e+00
2.079360000000000070e+02 5.149579300000000082e+00
2.072820000000000107e+02 5.135679300000000502e+00
2.066270000000000095e+02 5.038479299999999661e+00
2.059739999999999895e+02 5.131079300000000565e+00
2.053189999999999884e+02 5.126379300000000860e+00
2.046639999999999873e+02 5.084779300000000113e+00
2.040089999999999861e+02 5.103279300000001406e+00
2.033540000000000134e+02 5.107879300000001344e+00
2.027009999999999934e+02 4.978379300000001173e+00
2.020459999999999923e+02 4.941279300000000596e+00
2.013909999999999911e+02 4.848679299999999692e+00
2.007350000000000136e+02 4.959779300000000113e+00
2.000800000000000125e+02 4.927379300000001017e+00
1.994259999999999877e+02 4.839379300000000050e+00
1.987709999999999866e+02 4.843979299999999988e+00
1.981160000000000139e+02 4.816279300000000596e+00
1.974600000000000080e+02 4.890279300000000440e+00
1.968050000000000068e+02 4.802279300000001250e+00
1.961510000000000105e+02 4.788579300000001204e+00
1.954950000000000045e+02 4.904279299999999786e+00
1.948389999999999986e+02 4.816279300000000596e+00
1.941839999999999975e+02 4.769979300000000144e+00
1.935279999999999916e+02 4.820879300000000534e+00
1.928739999999999952e+02 4.885579300000000735e+00
1.922179999999999893e+02 4.876379300000000860e+00
1.915620000000000118e+02 5.005979300000000798e+00
1.909060000000000059e+02 5.181979300000000954e+00
1.902500000000000000e+02 5.260779300000000269e+00
1.895939999999999941e+02 5.191279300000000596e+00
1.889389999999999930e+02 5.325379300000000704e+00
1.882829999999999870e+02 5.427279300000001250e+00
1.876270000000000095e+02 5.538379299999999894e+00
1.869699999999999989e+02 5.519979300000000144e+00
1.863139999999999930e+02 5.519979300000000144e+00
1.856570000000000107e+02 5.436579300000000892e+00
1.850010000000000048e+02 5.381079300000000565e+00
1.843460000000000036e+02 5.464379300000000050e+00
1.836889999999999930e+02 5.580179300000000175e+00
1.830329999999999870e+02 5.691179300000000829e+00
1.823760000000000048e+02 5.756079300000000565e+00
1.817189999999999941e+02 5.728379300000001173e+00
1.810620000000000118e+02 6.015479299999999974e+00
1.804050000000000011e+02 6.233079300000000877e+00
1.797500000000000000e+02 6.329979300000000642e+00
1.790929999999999893e+02 6.515279300000000440e+00
1.784360000000000070e+02 6.538479299999999661e+00
1.777789999999999964e+02 6.626479300000000627e+00
1.771220000000000141e+02 6.672679300000001312e+00
1.764650000000000034e+02 6.723679299999999692e+00
1.758069999999999879e+02 6.793079300000001375e+00
1.751500000000000057e+02 6.751479300000000627e+00
1.744939999999999998e+02 6.829979300000000642e+00
1.738369999999999891e+02 6.992079300000001219e+00
1.731790000000000020e+02 7.098579299999999925e+00
1.725219999999999914e+02 7.232879300000001344e+00
1.718640000000000043e+02 7.399579300000000082e+00
1.712059999999999889e+02 7.533779299999999957e+00
1.705490000000000066e+02 7.644979300000000144e+00
1.698909999999999911e+02 7.714379300000000050e+00
1.692330000000000041e+02 7.709779300000000113e+00
1.685749999999999886e+02 7.695879300000000534e+00
1.679190000000000111e+02 7.806979300000000954e+00
1.672609999999999957e+02 7.793079300000001375e+00
1.666030000000000086e+02 7.968979299999999988e+00
1.659449999999999932e+02 7.871779300000000923e+00
1.652870000000000061e+02 7.737579300000001048e+00
1.646279999999999859e+02 7.774579300000000082e+00
1.639699999999999989e+02 7.890279300000000440e+00
1.633120000000000118e+02 8.056979300000001842e+00
1.626539999999999964e+02 8.098679300000000580e+00
1.619950000000000045e+02 8.024579299999999193e+00
1.613369999999999891e+02 8.019979299999999256e+00
1.606779999999999973e+02 7.931979300000000954e+00
1.600190000000000055e+02 7.968979299999999988e+00
1.593609999999999900e+02 8.052379300000001905e+00
1.587040000000000077e+02 8.089479300000000705e+00
1.580449999999999875e+02 8.168079300000002263e+00
1.573859999999999957e+02 8.158779299999999068e+00
1.567270000000000039e+02 8.242079300000000330e+00
1.560680000000000121e+02 8.232879300000000455e+00
1.554089999999999918e+02 8.274579299999999193e+00
1.547500000000000000e+02 8.339379300000000939e+00
1.540910000000000082e+02 8.330179300000001064e+00
1.534319999999999879e+02 8.367179300000000097e+00
1.527729999999999961e+02 8.399579299999999193e+00
1.521140000000000043e+02 8.371779300000000035e+00
1.514540000000000077e+02 8.394979299999999256e+00
1.507949999999999875e+02 8.418079300000002263e+00
1.501359999999999957e+02 8.728179300000000751e+00
1.494759999999999991e+02 8.853279300000000518e+00
1.488170000000000073e+02 8.922679300000002200e+00
1.481570000000000107e+02 9.140279300000003104e+00
1.474970000000000141e+02 9.163479300000002326e+00
1.468379999999999939e+02 9.297679300000002200e+00
1.461779999999999973e+02 9.385679300000003167e+00
1.455180000000000007e+02 9.580079300000001297e+00
1.448580000000000041e+02 9.668079300000002263e+00
1.441980000000000075e+02 9.515279300000003104e+00
1.435380000000000109e+02 9.654179300000002684e+00
1.428779999999999859e+02 9.751379299999999972e+00
1.422179999999999893e+02 9.931979300000001842e+00
1.415579999999999927e+02 1.001997930000000281e+01
1.408979999999999961e+02 1.008477930000000100e+01
1.402379999999999995e+02 1.014027930000000310e+01
1.395769999999999982e+02 1.017727930000000214e+01
1.389170000000000016e+02 1.035327930000000052e+01
1.382560000000000002e+02 1.067727930000000214e+01
1.375960000000000036e+02 1.088557929999999985e+01
1.369350000000000023e+02 1.106617930000000172e+01
1.362750000000000057e+02 1.116337930000000256e+01
1.356140000000000043e+02 1.137177930000000003e+01
1.349540000000000077e+02 1.156617930000000172e+01
1.342930000000000064e+02 1.189027930000000310e+01
1.336320000000000050e+02 1.220967930000000123e+01
1.329710000000000036e+02 1.242727930000000214e+01
1.323100000000000023e+02 1.258467930000000123e+01
1.316490000000000009e+02 1.292257930000000243e+01
1.309879999999999995e+02 1.307067930000000189e+01
1.303269999999999982e+02 1.318647930000000201e+01
1.296659999999999968e+02 1.351977929999999972e+01
1.290049999999999955e+02 1.369577930000000165e+01
1.283420000000000130e+02 1.377917930000000268e+01
1.276809999999999974e+02 1.389497930000000281e+01
1.270190000000000055e+02 1.413567930000000317e+01
1.263580000000000041e+02 1.406627930000000148e+01
1.256959999999999980e+02 1.395047930000000136e+01
1.250349999999999966e+02 1.406617930000000172e+01
1.243730000000000047e+02 1.412647929999999974e+01
1.237120000000000033e+02 1.413567930000000317e+01
1.230499999999999972e+02 1.423757930000000016e+01
1.223880000000000052e+02 1.427917930000000268e+01
1.217259999999999991e+02 1.410327930000000052e+01
1.210639999999999930e+02 1.386717930000000010e+01
1.204030000000000058e+02 1.391817930000000203e+01
1.197409999999999997e+02 1.389507930000000258e+01
1.190780000000000030e+02 1.361737930000000318e+01
1.184150000000000063e+02 1.358457930000000147e+01
1.177530000000000001e+02 1.345967930000000123e+01
1.170909999999999940e+02 1.326527930000000310e+01
1.164279999999999973e+02 1.307547930000000136e+01
1.157660000000000053e+02 1.302927930000000245e+01
1.151039999999999992e+02 1.294127930000000148e+01
1.144410000000000025e+02 1.275617930000000300e+01
1.137789999999999964e+02 1.258477930000000100e+01
1.131159999999999997e+02 1.259417930000000041e+01
1.124539999999999935e+02 1.252937930000000222e+01
1.117890000000000015e+02 1.245047930000000136e+01
1.111269999999999953e+02 1.248297930000000022e+01
1.104639999999999986e+02 1.238107929999999968e+01
1.098010000000000019e+02 1.230237930000000190e+01
1.091380000000000052e+02 1.218667930000000155e+01
1.084749999999999943e+02 1.216817930000000203e+01
1.078119999999999976e+02 1.188127930000000276e+01
1.071490000000000009e+02 1.173797930000000278e+01
1.064849999999999994e+02 1.129737930000000290e+01
1.058209999999999980e+02 1.093177930000000231e+01
1.051580000000000013e+02 1.045507930000000130e+01
1.044950000000000045e+02 1.033947930000000071e+01
1.038319999999999936e+02 9.983179299999999756e+00
1.031680000000000064e+02 9.672979300000001501e+00
1.025049999999999955e+02 9.385879300000002701e+00
1.018400000000000034e+02 9.297679300000002200e+00
1.011760000000000019e+02 9.107879300000000455e+00
1.005130000000000052e+02 9.228279300000000518e+00
9.984900000000000375e+01 9.274579300000002746e+00
9.918529999999999802e+01 9.279279300000002451e+00
9.852150000000000318e+01 9.251279300000000205e+00
9.785769999999999413e+01 9.542779300000002962e+00
9.719230000000000302e+01 9.890579300000002405e+00
9.652830000000000155e+01 1.022387930000000011e+01
9.586430000000000007e+01 1.050137929999999997e+01
9.520029999999999859e+01 1.085767930000000092e+01
9.453610000000000468e+01 1.134817930000000175e+01
9.387199999999999989e+01 1.183867930000000257e+01
9.320619999999999550e+01 1.218687930000000108e+01
9.254200000000000159e+01 1.258017930000000106e+01
9.187760000000000105e+01 1.268657930000000178e+01
9.121320000000000050e+01 1.288097929999999991e+01
9.054879999999999995e+01 1.296887930000000111e+01
8.988280000000000314e+01 1.331167930000000155e+01
8.921819999999999595e+01 1.343197930000000184e+01
8.855360000000000298e+01 1.343657930000000178e+01
8.788890000000000668e+01 1.343187930000000208e+01
8.722419999999999618e+01 1.376047930000000008e+01
8.655939999999999657e+01 1.403797929999999994e+01
8.589300000000000068e+01 1.440437930000000222e+01
8.522809999999999775e+01 1.458477930000000100e+01
8.456319999999999482e+01 1.487167930000000027e+01
8.389820000000000277e+01 1.494567930000000189e+01
8.323160000000000025e+01 1.518207930000000161e+01
8.256650000000000489e+01 1.532547930000000136e+01
8.190130000000000621e+01 1.559867930000000058e+01
8.123609999999999332e+01 1.575137929999999997e+01
8.057080000000000553e+01 1.565877930000000262e+01
7.990389999999999304e+01 1.581637930000000125e+01
7.923850000000000193e+01 1.606157930000000178e+01
7.857299999999999329e+01 1.635777930000000069e+01
7.790749999999999886e+01 1.658447930000000170e+01
7.724039999999999395e+01 1.673307929999999999e+01
7.657479999999999620e+01 1.696907930000000064e+01
7.590909999999999513e+01 1.691807930000000226e+01
7.524339999999999407e+01 1.715877930000000262e+01
7.457760000000000389e+01 1.729777930000000197e+01
7.391020000000000323e+01 1.714027930000000310e+01
7.324429999999999552e+01 1.715417930000000268e+01
7.257829999999999870e+01 1.695057930000000113e+01
7.191230000000000189e+01 1.686727929999999986e+01
7.124469999999999459e+01 1.694117930000000172e+01
7.057850000000000534e+01 1.689957930000000275e+01
6.991230000000000189e+01 1.711717930000000010e+01
6.924609999999999843e+01 1.698267930000000092e+01
6.857829999999999870e+01 1.705237930000000190e+01
6.791190000000000282e+01 1.708477930000000100e+01
6.724550000000000693e+01 1.702917930000000268e+01
6.657750000000000057e+01 1.706617930000000172e+01
6.591100000000000136e+01 1.694127930000000148e+01
6.524439999999999884e+01 1.698297930000000022e+01
6.457769999999999300e+01 1.692747930000000167e+01
6.390950000000000131e+01 1.681157930000000178e+01
6.324269999999999925e+01 1.683937930000000094e+01
6.257589999999999719e+01 1.695497930000000153e+01
6.190899999999999892e+01 1.703827930000000279e+01
6.124060000000000059e+01 1.706167930000000155e+01
6.057359999999999900e+01 1.712177930000000003e+01
5.990659999999999741e+01 1.719597930000000119e+01
5.923799999999999955e+01 1.699667930000000027e+01
5.857079999999999842e+01 1.676537930000000287e+01
5.790359999999999729e+01 1.683487930000000077e+01
5.723629999999999995e+01 1.676547930000000264e+01
5.656750000000000256e+01 1.657547930000000136e+01
5.590010000000000190e+01 1.663107929999999968e+01
5.523270000000000124e+01 1.656157930000000178e+01
5.456360000000000099e+01 1.658487930000000077e+01
5.389609999999999701e+01 1.667727930000000214e+01
5.322849999999999682e+01 1.689937929999999966e+01
5.255930000000000035e+01 1.721437930000000094e+01
5.189159999999999684e+01 1.706627930000000148e+01
5.122379999999999711e+01 1.718657930000000178e+01
5.055440000000000111e+01 1.725607929999999968e+01
4.988660000000000139e+01 1.721437930000000094e+01
4.921860000000000213e+01 1.715437930000000222e+01
4.854910000000000281e+01 1.712177930000000003e+01
4.788100000000000023e+01 1.725607929999999968e+01
4.721289999999999765e+01 1.726987930000000304e+01
4.654319999999999879e+01 1.717277930000000197e+01
4.587500000000000000e+01 1.724677930000000003e+01
4.520669999999999789e+01 1.703847930000000233e+01
4.453679999999999950e+01 1.702917930000000268e+01
4.386840000000000117e+01 1.705237930000000190e+01
4.320000000000000284e+01 1.726077930000000293e+01
4.252989999999999782e+01 1.717727930000000214e+01
4.186129999999999995e+01 1.704777930000000197e+01
4.119270000000000209e+01 1.678387930000000239e+01
4.052250000000000085e+01 1.673747930000000039e+01
3.985379999999999967e+01 1.678387930000000239e+01
3.918500000000000227e+01 1.691357930000000209e+01
3.851460000000000150e+01 1.691347930000000233e+01
3.784570000000000078e+01 1.687637929999999997e+01
3.717519999999999669e+01 1.674217930000000010e+01
3.650619999999999976e+01 1.665417930000000268e+01
3.583709999999999951e+01 1.671437930000000094e+01
3.516640000000000299e+01 1.675607929999999968e+01
3.449719999999999942e+01 1.664507930000000258e+01
3.382800000000000296e+01 1.664967930000000251e+01
3.315709999999999980e+01 1.650137929999999997e+01
3.248780000000000001e+01 1.618677930000000131e+01
3.181680000000000064e+01 1.609857930000000081e+01
3.114730000000000132e+01 1.611257930000000016e+01
3.047779999999999845e+01 1.622367930000000058e+01
2.980669999999999931e+01 1.587637929999999997e+01
2.913700000000000045e+01 1.585797930000000022e+01
2.846730000000000160e+01 1.589507930000000258e+01
2.779599999999999937e+01 1.563567930000000317e+01
2.712620000000000076e+01 1.553847930000000233e+01
2.645479999999999876e+01 1.549667930000000027e+01
2.578490000000000038e+01 1.536267929999999993e+01
2.511329999999999885e+01 1.506147930000000201e+01
2.444330000000000069e+01 1.472367930000000058e+01
2.377319999999999922e+01 1.469157930000000079e+01
2.310150000000000148e+01 1.428837930000000256e+01
2.243130000000000024e+01 1.404797930000000150e+01
2.175949999999999918e+01 1.380677930000000231e+01
2.108909999999999840e+01 1.350147929999999974e+01
2.041870000000000118e+01 1.331197930000000085e+01
1.974680000000000035e+01 1.286717930000000010e+01
1.907629999999999981e+01 1.261747930000000295e+01
1.840419999999999945e+01 1.241337930000000256e+01
1.773349999999999937e+01 1.208947930000000071e+01
1.706129999999999924e+01 1.202907930000000292e+01
1.639059999999999917e+01 1.169597930000000119e+01
1.571979999999999933e+01 1.150627930000000276e+01
1.504739999999999966e+01 1.144587930000000142e+01
1.437650000000000006e+01 1.128847930000000233e+01
1.370410000000000039e+01 1.130697930000000184e+01
1.303299999999999947e+01 1.110337930000000028e+01
1.236040000000000028e+01 1.099677930000000003e+01
1.168929999999999936e+01 1.086727929999999986e+01
1.101660000000000039e+01 1.096907930000000064e+01
1.034529999999999994e+01 1.148277930000000069e+01
9.672489999999999810e+00 1.189997930000000181e+01
9.001129999999999853e+00 1.236237930000000063e+01
8.329710000000000392e+00 1.274587930000000213e+01
7.656710000000000349e+00 1.352457930000000275e+01
6.985170000000000101e+00 1.543497930000000196e+01
6.312050000000000161e+00 1.742017930000000092e+01
5.640399999999999636e+00 1.948447930000000028e+01
4.967170000000000307e+00 2.125217930000000166e+01
4.295410000000000394e+00 2.276967929999999996e+01
3.622059999999999835e+00 2.428647929999999988e+01
2.950180000000000025e+00 2.570687930000000421e+01
2.276720000000000077e+00 2.730157930000000022e+01
1.604729999999999990e+00 2.848717930000000109e+01
9.311519999999999797e-01 2.867317930000000104e+01
2.590439999999999965e-01 2.868157930000000277e+01
