6.869719999999999800e+02 -3.515999950730955455e-03
6.863600000000000136e+02 6.259239362346458169e-03
6.857469999999999573e+02 8.302017757843649023e-03
6.851349999999999909e+02 1.601032131818893103e-02
6.845230000000000246e+02 1.442756137715626996e-02
6.839120000000000346e+02 1.755936714735315679e-02
6.832989999999999782e+02 1.126438117234158584e-02
6.826870000000000118e+02 2.694738141166760220e-02
6.820739999999999554e+02 -1.070131230056791186e-02
6.814610000000000127e+02 -1.257704690159737460e-02
6.808490000000000464e+02 -2.007526054271030827e-02
6.802359999999999900e+02 5.833146727295698917e-04
6.796230000000000473e+02 1.370890124848397375e-02
6.790099999999999909e+02 2.440174502267039407e-03
6.783980000000000246e+02 -8.809007951484646923e-03
6.777859999999999445e+02 -2.557972668028759763e-02
6.771730000000000018e+02 -6.894572246008361972e-03
6.765599999999999454e+02 -3.164539214968733853e-03
6.759470000000000027e+02 -2.370771498156090326e-02
6.753339999999999463e+02 2.296524078387393933e-02
6.747210000000000036e+02 -3.299082157232563484e-02
6.741079999999999472e+02 -1.805982707388043354e-02
6.734940000000000282e+02 5.084655445429134280e-02
6.728809999999999718e+02 5.640194125823805998e-02
6.722680000000000291e+02 4.892415499191138384e-02
6.716539999999999964e+02 1.543620743152470179e-02
6.710410000000000537e+02 -1.287761520219349266e-03
6.704270000000000209e+02 4.276291254828478404e-03
6.698150000000000546e+02 -2.909428186907856914e-02
6.692010000000000218e+02 2.281751013239124992e-02
6.685879999999999654e+02 3.760804941164017784e-02
6.679740000000000464e+02 6.106822126168059105e-03
6.673600000000000136e+02 1.166213595471248671e-02
6.667459999999999809e+02 2.458925790172192954e-02
6.661330000000000382e+02 2.273329026804744857e-02
6.655190000000000055e+02 1.349072326670034717e-02
6.649049999999999727e+02 -1.266778417854112944e-03
6.642910000000000537e+02 -1.599939662378933522e-02
6.636770000000000209e+02 -4.360869365990065194e-02
6.630629999999999882e+02 -7.485887219649457747e-02
6.624479999999999791e+02 -9.687459358037832369e-02
6.618339999999999463e+02 -8.578488129403528950e-02
6.612200000000000273e+02 -9.490836684080605767e-02
6.606059999999999945e+02 -1.076804379196309863e-01
6.599909999999999854e+02 -8.927217731599723649e-02
6.593769999999999527e+02 -8.371169224972950518e-02
6.587619999999999436e+02 -3.971430023447261592e-02
6.581480000000000246e+02 -3.053794791932203795e-02
6.575330000000000155e+02 -2.320295314459759617e-02
6.569189999999999827e+02 1.152169511365269509e-02
6.563039999999999736e+02 4.210885966126709165e-03
6.556889999999999645e+02 2.427128961671811899e-02
6.550750000000000455e+02 4.431455496353810947e-02
6.544600000000000364e+02 4.792189900457869550e-02
6.538450000000000273e+02 6.973141063688587105e-02
6.532300000000000182e+02 5.694760821363177572e-02
6.526150000000000091e+02 3.328386078313020496e-02
6.520000000000000000e+02 3.871275303086418179e-02
6.513849999999999909e+02 4.956321595801657653e-02
6.507699999999999818e+02 6.040956095257823955e-02
6.501549999999999727e+02 1.868762665018727440e-02
6.495389999999999873e+02 2.381922159801795787e-03
6.489239999999999782e+02 -6.672579395610891799e-03
6.483089999999999691e+02 -1.028848848429873321e-02
6.476929999999999836e+02 -3.738378006839848666e-02
6.470779999999999745e+02 1.139609577157770469e-02
6.464629999999999654e+02 5.978228579019684991e-03
6.458469999999999800e+02 -1.027774106021691648e-02
6.452319999999999709e+02 -2.109656255006154765e-02
6.446159999999999854e+02 2.392696802040373411e-02
6.439990000000000236e+02 4.913604830879578222e-02
6.433830000000000382e+02 2.392259592265313234e-02
6.427670000000000528e+02 -8.431669791752407703e-03
6.421520000000000437e+02 1.850558911751035152e-02
6.415359999999999445e+02 -1.558276554511319086e-02
6.409199999999999591e+02 -2.990320798937016328e-02
6.403039999999999736e+02 -4.063548649347131086e-02
6.396879999999999882e+02 -5.134397670398339192e-02
6.390720000000000027e+02 -5.130948860571084985e-02
6.384560000000000173e+02 -4.413033035889131483e-02
6.378400000000000318e+02 -2.624326004872975029e-02
6.372229999999999563e+02 5.431580639293546141e-04
6.366069999999999709e+02 -8.376641271629460886e-03
6.359909999999999854e+02 -1.370410539610531636e-02
6.353730000000000473e+02 9.447893771277408870e-03
6.347569999999999482e+02 -1.368728680087473622e-02
6.341399999999999864e+02 -1.189920837104004210e-02
6.335240000000000009e+02 -2.076452422605016765e-02
6.329070000000000391e+02 -4.204556128425974287e-02
6.322899999999999636e+02 4.087295343299590482e-03
6.316739999999999782e+02 5.845072543070110350e-03
6.310570000000000164e+02 1.645522634118244676e-02
6.304400000000000546e+02 3.767867196396957469e-02
6.298220000000000027e+02 3.946405753432311037e-02
6.292050000000000409e+02 5.532136025012219377e-02
6.285879999999999654e+02 6.410335807896097582e-02
6.279710000000000036e+02 4.994021621830457836e-02
6.273540000000000418e+02 8.340873929940373355e-02
6.267369999999999663e+02 1.465150915527067312e-02
6.261200000000000045e+02 9.363436450228603686e-03
6.255030000000000427e+02 2.340429271828027916e-02
6.248840000000000146e+02 -1.528252509147419967e-02
6.242670000000000528e+02 -2.228773696109798141e-02
6.236499999999999773e+02 -3.806363876227481652e-02
6.230320000000000391e+02 -4.503654950321392403e-02
6.224149999999999636e+02 -5.199866206639593147e-02
6.217980000000000018e+02 -9.397940269137050606e-02
6.211799999999999500e+02 -5.192559740524418932e-02
6.205610000000000355e+02 -3.790118920292063348e-02
6.199429999999999836e+02 -7.978714002838062369e-02
6.193260000000000218e+02 -7.100997418454897681e-02
6.187079999999999700e+02 -7.095831524189673278e-02
6.180900000000000318e+02 -2.387282430531171076e-02
6.174719999999999800e+02 -1.341830624143740443e-02
6.168529999999999518e+02 2.291940748893766134e-03
6.162350000000000136e+02 9.228945502144911273e-03
6.156169999999999618e+02 5.747516721783827408e-03
6.149990000000000236e+02 -2.202858517691931584e-02
6.143809999999999718e+02 9.199696904202027750e-03
6.137630000000000337e+02 3.347301452315405018e-02
6.131430000000000291e+02 4.554912572579478125e-02
6.125249999999999773e+02 4.033358859627390186e-02
6.119070000000000391e+02 5.411776555728974036e-02
6.112889999999999873e+02 3.852729891760105219e-02
6.106699999999999591e+02 3.334436926582776822e-02
6.100510000000000446e+02 1.259460599091914365e-02
6.094320000000000164e+02 2.809879247992893084e-02
6.088139999999999645e+02 3.986783540982142583e-03
6.081950000000000500e+02 3.494769932457163913e-02
6.075760000000000218e+02 1.773453009567110134e-02
6.069560000000000173e+02 3.147452183286324201e-02
6.063379999999999654e+02 1.255658915183863016e-02
6.057190000000000509e+02 3.310587102580551250e-02
6.051000000000000227e+02 3.993797521197936518e-02
6.044809999999999945e+02 6.217039515574899339e-02
6.038609999999999900e+02 5.185056274508825780e-02
6.032419999999999618e+02 7.574697539322149120e-02
6.026230000000000473e+02 6.372816315261005393e-02
6.020040000000000191e+02 5.345763667141525954e-02
6.013830000000000382e+02 3.933721483067220172e-03
6.007640000000000100e+02 5.641969715525605063e-03
6.001449999999999818e+02 -1.649027749447089242e-02
5.995249999999999773e+02 -2.859040970235007546e-03
5.989049999999999727e+02 -3.177737101695334715e-02
5.982849999999999682e+02 -9.663176369836630822e-03
5.976660000000000537e+02 -4.019656455272280215e-02
5.970460000000000491e+02 -6.053103324026665177e-02
5.964249999999999545e+02 -5.030051583140721788e-02
5.958060000000000400e+02 -2.994725682296267913e-02
5.951860000000000355e+02 -4.345530845524692154e-02
5.945670000000000073e+02 -3.496498778771433419e-02
5.939450000000000500e+02 -3.493608310883854901e-02
5.933260000000000218e+02 -7.912470981717789967e-03
5.927060000000000173e+02 -2.140494480609797176e-02
5.920860000000000127e+02 3.878364576796504253e-03
5.914650000000000318e+02 7.256125583646795378e-03
5.908450000000000273e+02 3.886462655636873167e-03
5.902250000000000227e+02 -2.467674229804495828e-02
5.896029999999999518e+02 -1.460014525694967175e-02
5.889829999999999472e+02 -1.122186683347175737e-02
5.883630000000000564e+02 1.225104742638273049e-02
5.877419999999999618e+02 2.393925997677225082e-02
5.871209999999999809e+02 1.056074567708173775e-02
5.865000000000000000e+02 -6.171921227287665603e-03
5.858799999999999955e+02 2.168304469806651719e-03
5.852580000000000382e+02 -1.617683011503868312e-02
5.846380000000000337e+02 -1.145745566496721374e-03
5.840170000000000528e+02 -9.448006675961070217e-03
5.833949999999999818e+02 3.381030344233759005e-02
5.827740000000000009e+02 -1.611873515340141172e-02
5.821539999999999964e+02 -1.114728935563770798e-02
5.815320000000000391e+02 -7.780414629442147095e-03
5.809109999999999445e+02 1.544294102599421716e-02
5.802899999999999636e+02 3.809820732718187559e-03
5.796680000000000064e+02 1.375655694776188077e-02
5.790470000000000255e+02 -4.450871059250488537e-03
5.784260000000000446e+02 8.807677986476367474e-03
5.778049999999999500e+02 -5.067931072849783669e-02
5.771820000000000164e+02 -3.910456897187242209e-02
5.765610000000000355e+02 -7.534529193920005974e-02
5.759379999999999882e+02 -8.189762291136218342e-02
5.753170000000000073e+02 -9.992613808844540146e-02
5.746960000000000264e+02 -9.163897358857964193e-02
5.740729999999999791e+02 -2.905263730626818364e-02
5.734519999999999982e+02 -1.263563902560334642e-02
5.728300000000000409e+02 -1.173380721775349467e-03
5.722069999999999936e+02 3.003565130177962214e-02
5.715860000000000127e+02 2.998842701656819279e-02
5.709640000000000555e+02 2.833276128312044173e-02
5.703410000000000082e+02 2.665515544437685111e-02
5.697190000000000509e+02 2.339953183014811117e-02
5.690979999999999563e+02 1.361629806213970201e-02
5.684740000000000464e+02 -1.417202236107735838e-02
5.678529999999999518e+02 -1.089697403689286574e-02
5.672290000000000418e+02 -3.205337112308660058e-02
5.666069999999999709e+02 -3.202879660620371050e-02
5.659850000000000136e+02 -1.901937901523392815e-02
5.653619999999999663e+02 5.153233490068398525e-04
5.647400000000000091e+02 5.371670708486387009e-03
5.641169999999999618e+02 8.619445749217352973e-03
5.634940000000000282e+02 4.999690192736295233e-04
5.628719999999999573e+02 -1.729305370453198404e-02
5.622480000000000473e+02 -2.730837626338284037e-03
5.616250000000000000e+02 2.795478062888624715e-02
5.610030000000000427e+02 7.144439121376830459e-02
5.603790000000000191e+02 6.659924134072617297e-02
5.597569999999999482e+02 5.040945514918532266e-02
5.591330000000000382e+02 7.614813804170759981e-02
5.585099999999999909e+02 8.250204930507974710e-02
5.578859999999999673e+02 7.437753150672790636e-02
5.572630000000000337e+02 1.064393619600566693e-01
5.566399999999999864e+02 7.431698408991736782e-02
5.560159999999999627e+02 7.099355521901160038e-02
5.553930000000000291e+02 1.009605403489992684e-02
5.547690000000000055e+02 5.292076947791221966e-03
5.541459999999999582e+02 -2.688882356936444888e-03
5.535209999999999582e+02 -2.700238942339886882e-03
5.528980000000000246e+02 6.872840704953506012e-03
5.522749999999999773e+02 2.599743732824785422e-02
5.516509999999999536e+02 3.233579695460082892e-02
5.510270000000000437e+02 4.343143019108813840e-02
5.504030000000000200e+02 4.340902861421316178e-02
5.497789999999999964e+02 6.874099449532949935e-02
5.491549999999999727e+02 7.187844177464336459e-02
5.485309999999999491e+02 8.132589948101424937e-02
5.479059999999999491e+02 9.549261373229728234e-02
5.472830000000000155e+02 8.275209267258196166e-02
5.466589999999999918e+02 9.059617875570602497e-02
5.460339999999999918e+02 9.365054320826707301e-02
5.454099999999999682e+02 1.109121122201611465e-01
5.447849999999999682e+02 1.013624203617019409e-01
5.441609999999999445e+02 7.291930910851483760e-02
5.435359999999999445e+02 9.330494358030021196e-02
5.429120000000000346e+02 9.166701419753328639e-02
5.422870000000000346e+02 5.386838183577029315e-02
5.416630000000000109e+02 6.639701767403990984e-02
5.410370000000000346e+02 7.258128127140403563e-02
5.404130000000000109e+02 3.180386900009853773e-02
5.397880000000000109e+02 3.803238484045742135e-02
5.391630000000000109e+02 2.079938379933636561e-02
5.385380000000000109e+02 2.077989396333048897e-02
5.379139999999999873e+02 2.387401985754527070e-02
5.372880000000000109e+02 1.762685651937081002e-02
5.366630000000000109e+02 3.319267320380665104e-02
5.360370000000000346e+02 3.781854771658715864e-02
5.354130000000000109e+02 3.155566123214589846e-02
5.347870000000000346e+02 4.551127397762173843e-02
5.341620000000000346e+02 4.855080823281487240e-02
5.335359999999999445e+02 6.247374626476935588e-02
5.329109999999999445e+02 5.777256298196396800e-02
5.322849999999999682e+02 5.462034937332832518e-02
5.316599999999999682e+02 6.384782590304970140e-02
5.310339999999999918e+02 8.693337212284926729e-02
5.304089999999999918e+02 1.053439196372237957e-01
5.297830000000000155e+02 1.160436435337159206e-01
5.291580000000000155e+02 1.420619087091816168e-01
5.285309999999999491e+02 1.235048313090997135e-01
5.279049999999999727e+02 1.280191148332723849e-01
5.272799999999999727e+02 1.539766069935635251e-01
5.266530000000000200e+02 1.614961009119340596e-01
5.260280000000000200e+02 1.720853961864841075e-01
5.254009999999999536e+02 1.581161238531311464e-01
5.247759999999999536e+02 1.182304312120179141e-01
5.241490000000000009e+02 1.379560695439971951e-01
5.235230000000000246e+02 1.103400163380442722e-01
5.228959999999999582e+02 1.407372718259355671e-01
5.222709999999999582e+02 1.618997235542155577e-01
5.216440000000000055e+02 1.632830166605709898e-01
5.210159999999999627e+02 1.388083303443961025e-01
5.203909999999999627e+02 1.447479156371309916e-01
5.197630000000000337e+02 1.537061699707890638e-01
5.191380000000000337e+02 1.657083020851979338e-01
5.185099999999999909e+02 1.443182608449414539e-01
5.178840000000000146e+02 1.336158119407308276e-01
5.172569999999999482e+02 1.183476758444632071e-01
5.166299999999999955e+02 8.198789281462443013e-02
5.160030000000000427e+02 1.060337892139922300e-01
5.153759999999999764e+02 1.270343660286711585e-01
5.147500000000000000e+02 1.223890910874701615e-01
5.141219999999999573e+02 1.222639370132575926e-01
5.134940000000000282e+02 1.281611507857300380e-01
5.128680000000000518e+02 1.175177525135626400e-01
5.122400000000000091e+02 1.428958179264491202e-01
5.116139999999999759e+02 1.457423583263358635e-01
5.109859999999999900e+02 1.291490610017744511e-01
5.103580000000000041e+02 9.910273938764281587e-02
5.097309999999999945e+02 9.603902457146364091e-02
5.091030000000000086e+02 7.951897595953888453e-02
5.084759999999999991e+02 8.540666367229257649e-02
5.078480000000000132e+02 1.001990860305180531e-01
5.072200000000000273e+02 1.090344922400271338e-01
5.065930000000000177e+02 9.700860887918941189e-02
5.059649999999999750e+02 8.208614575255364365e-02
5.053360000000000127e+02 1.042446403177973852e-01
5.047090000000000032e+02 1.174735292534562353e-01
5.040810000000000173e+02 8.628134421960177713e-02
5.034519999999999982e+02 9.946879531269799124e-02
5.028249999999999886e+02 7.873714584949381701e-02
5.021960000000000264e+02 4.618175199489873289e-02
5.015690000000000168e+02 1.963581383432254010e-02
5.009399999999999977e+02 4.640196487278842137e-04
5.003109999999999786e+02 -3.964448504408497366e-03
4.996840000000000259e+02 -1.128092706020996164e-02
4.990550000000000068e+02 4.849744820727185449e-03
4.984259999999999877e+02 3.418355046734922881e-02
4.977980000000000018e+02 2.972578788440852909e-02
4.971689999999999827e+02 3.409372090566465535e-02
4.965400000000000205e+02 4.284356429564711161e-02
4.959119999999999777e+02 7.343203418273362704e-02
4.952830000000000155e+02 7.191576534238758311e-02
4.946539999999999964e+02 6.308904801391332362e-02
4.940260000000000105e+02 9.216135328938035443e-02
4.933969999999999914e+02 6.296647368023304547e-02
4.927669999999999959e+02 5.128072174249393572e-02
4.921390000000000100e+02 7.298124850405995900e-02
4.915099999999999909e+02 8.160072905520025788e-02
4.908799999999999955e+02 8.152390726298548718e-02
4.902500000000000000e+02 5.541002152698503574e-02
4.896220000000000141e+02 9.145274049242757552e-02
4.889920000000000186e+02 1.130140169704707681e-01
4.883629999999999995e+02 7.540588791073869757e-02
4.877339999999999804e+02 7.102691038382392963e-02
4.871039999999999850e+02 8.100941286064736180e-02
4.864739999999999895e+02 7.373104984531687889e-02
4.858460000000000036e+02 3.777801038543036199e-02
4.852160000000000082e+02 3.486632682855347887e-02
4.845860000000000127e+02 5.057737149174261482e-02
4.839549999999999841e+02 2.333742043034157596e-02
4.833269999999999982e+02 5.473546141783590391e-02
4.826960000000000264e+02 7.468240688966559793e-02
4.820659999999999741e+02 9.743278074523573085e-02
4.814370000000000118e+02 7.593683802536757566e-02
4.808070000000000164e+02 9.720068443274290648e-02
4.801759999999999877e+02 1.383375667754219440e-01
4.795459999999999923e+02 1.566527775658160815e-01
4.789169999999999732e+02 1.564764781948902173e-01
4.782860000000000014e+02 1.478184226137344570e-01
4.776549999999999727e+02 1.193336803179340516e-01
4.770249999999999773e+02 1.305121634100481487e-01
4.763949999999999818e+02 1.148414639033821932e-01
4.757640000000000100e+02 1.711421469524865846e-01
4.751329999999999814e+02 1.582697514196535760e-01
4.745020000000000095e+02 1.637417425220123457e-01
4.738729999999999905e+02 1.326029534743432270e-01
4.732420000000000186e+02 1.226326476586101222e-01
4.726109999999999900e+02 1.491564635150709472e-01
4.719800000000000182e+02 1.587930494242675572e-01
4.713500000000000227e+02 1.558441331124677531e-01
4.707189999999999941e+02 1.612586071297630597e-01
4.700869999999999891e+02 1.261438888104819411e-01
4.694560000000000173e+02 8.553799798362519968e-02
4.688249999999999886e+02 5.199445477586218944e-02
4.681949999999999932e+02 9.788298374660520107e-02
4.675629999999999882e+02 1.255804024314151335e-01
4.669309999999999832e+02 1.115511025121058847e-01
4.663000000000000114e+02 8.783742105468099470e-02
4.656700000000000159e+02 1.057353936924912280e-01
4.650380000000000109e+02 1.153037805512559244e-01
4.644060000000000059e+02 1.013626987387531014e-01
4.637740000000000009e+02 1.371639611581305651e-01
4.631419999999999959e+02 1.576948608444555255e-01
4.625120000000000005e+02 1.616415274470625885e-01
4.618799999999999955e+02 1.408117011231732052e-01
4.612479999999999905e+02 1.365408252620138596e-01
4.606159999999999854e+02 1.583566555679923049e-01
4.599839999999999804e+02 1.554345720127670860e-01
4.593519999999999754e+02 1.374455568701227204e-01
4.587210000000000036e+02 1.632904968320849082e-01
4.580880000000000223e+02 1.494368539740777990e-01
4.574560000000000173e+02 1.410683093233456864e-01
4.568240000000000123e+02 1.163537528854669822e-01
4.561909999999999741e+02 1.230280691164269274e-01
4.555600000000000023e+02 1.229093102640466117e-01
4.549279999999999973e+02 1.404134709229476752e-01
4.542950000000000159e+02 1.334529105632133450e-01
4.536619999999999777e+02 1.170331021418248574e-01
4.530299999999999727e+02 1.074180551781620530e-01
4.523969999999999914e+02 1.330007948560401054e-01
4.517660000000000196e+02 1.233831710187744957e-01
4.511329999999999814e+02 1.367300757893162300e-01
4.505000000000000000e+02 1.365693506728904716e-01
4.498670000000000186e+02 1.431472599598049567e-01
4.492339999999999804e+02 1.133857265148922322e-01
4.486009999999999991e+02 9.982065800391441701e-02
4.479680000000000177e+02 1.399540073877388324e-01
4.473360000000000127e+02 1.357706021144132469e-01
4.467029999999999745e+02 1.289017816043308839e-01
4.460690000000000168e+02 1.528178221515860691e-01
4.454359999999999786e+02 1.379487552055398136e-01
4.448029999999999973e+02 1.337883503769214388e-01
4.441689999999999827e+02 1.456184832929150741e-01
4.435360000000000014e+02 1.600785265604183216e-01
4.429019999999999868e+02 1.877994131993309668e-01
4.422699999999999818e+02 1.623436713439869172e-01
4.416360000000000241e+02 1.833590303517837750e-01
4.410029999999999859e+02 1.818137429630944657e-01
4.403690000000000282e+02 1.657275645891315707e-01
4.397350000000000136e+02 1.655296589835055510e-01
4.391009999999999991e+02 1.613761100073489163e-01
4.384669999999999845e+02 1.308663497633911765e-01
4.378330000000000268e+02 1.399151076959849749e-01
4.371990000000000123e+02 1.292329461410333113e-01
4.365649999999999977e+02 1.382635251294569434e-01
4.359329999999999927e+02 1.079373664949023065e-01
4.352980000000000018e+02 8.946720308768978114e-02
4.346639999999999873e+02 8.805194039346504742e-02
4.340299999999999727e+02 9.186064518720687966e-02
4.333960000000000150e+02 9.174745299309938762e-02
4.327610000000000241e+02 1.255221656871500502e-01
4.321270000000000095e+02 1.136481455848466354e-01
4.314920000000000186e+02 9.400470833828633577e-02
4.308580000000000041e+02 8.479822171771309036e-02
4.302230000000000132e+02 9.377399949082060315e-02
4.295889999999999986e+02 1.079057579747546153e-01
4.289540000000000077e+02 8.965077044887570512e-02
4.283190000000000168e+02 1.011729095446617377e-01
4.276859999999999786e+02 1.010632122522358012e-01
4.270509999999999877e+02 8.674785533128981374e-02
4.264159999999999968e+02 7.247647160387049592e-02
4.257810000000000059e+02 8.652401551092689380e-02
4.251460000000000150e+02 9.668665048570732057e-02
4.245110000000000241e+02 1.157969904088853863e-01
4.238759999999999764e+02 1.169282797060280932e-01
4.232409999999999854e+02 1.282974090365618658e-01
4.226050000000000182e+02 1.128043111300154888e-01
4.219700000000000273e+02 1.152151311985904203e-01
4.213349999999999795e+02 1.188908380792318004e-01
4.206990000000000123e+02 1.365522509215413571e-01
4.200640000000000214e+02 1.376484130550838514e-01
4.194289999999999736e+02 1.526984417371906599e-01
4.187930000000000064e+02 1.233475459953856102e-01
4.181569999999999823e+02 1.168582127576046209e-01
4.175219999999999914e+02 1.242969056151152912e-01
4.168860000000000241e+02 1.519122830891944387e-01
4.162500000000000000e+02 1.655882349588986835e-01
4.156150000000000091e+02 1.678953921624682377e-01
4.149789999999999850e+02 1.727058977294219921e-01
4.143430000000000177e+02 1.775031939575405782e-01
4.137069999999999936e+02 1.597069407608200375e-01
4.130710000000000264e+02 1.858105594230525237e-01
4.124350000000000023e+02 1.980804974541498509e-01
4.117989999999999782e+02 2.078207971758765926e-01
4.111630000000000109e+02 2.000566294733445438e-01
4.105260000000000105e+02 1.923170441710420064e-01
4.098899999999999864e+02 1.982871034395128074e-01
4.092540000000000191e+02 1.706819515008438370e-01
4.086170000000000186e+02 1.729358447542708177e-01
4.079809999999999945e+02 1.838647932485328318e-01
4.073439999999999941e+02 1.761910788101175573e-01
4.067080000000000268e+02 1.685374102080889058e-01
4.060710000000000264e+02 1.880647908120305078e-01
4.054350000000000023e+02 1.606854239258291017e-01
4.047980000000000018e+02 1.641673393970887462e-01
4.041610000000000014e+02 1.590272042923752682e-01
4.035240000000000009e+02 1.710983989425710616e-01
4.028879999999999768e+02 1.451121553236353057e-01
4.022509999999999764e+02 1.571603151443684288e-01
4.016139999999999759e+02 1.300406628830514111e-01
4.009769999999999754e+02 1.323076434477427343e-01
4.003399999999999750e+02 1.040660484435824706e-01
3.997029999999999745e+02 1.258540224087269788e-01
3.990649999999999977e+02 1.183797041589676469e-01
3.984279999999999973e+02 9.514646588132222305e-02
3.977909999999999968e+02 8.895492476150347605e-02
3.971519999999999868e+02 8.638052031156623345e-02
3.965149999999999864e+02 6.813034650728005959e-02
3.958770000000000095e+02 7.769782767899686970e-02
3.952400000000000091e+02 5.104948997540360855e-02
3.946019999999999754e+02 7.025869382537169860e-02
3.939649999999999750e+02 4.970243382397472598e-02
3.933269999999999982e+02 4.723013198769297760e-02
3.926890000000000214e+02 7.476136789717574560e-02
3.920520000000000209e+02 6.986670088500027131e-02
3.914139999999999873e+02 9.130344733782669309e-02
3.907760000000000105e+02 9.236037499090460345e-02
3.901379999999999768e+02 1.232435462057731301e-01
3.895000000000000000e+02 1.504878927489237683e-01
3.888609999999999900e+02 1.360223626292563770e-01
3.882230000000000132e+02 1.393851594913464442e-01
3.875849999999999795e+02 1.534247226417118359e-01
3.869460000000000264e+02 1.662386387026957013e-01
3.863079999999999927e+02 1.813848382331573472e-01
3.856700000000000159e+02 1.905769937645113987e-01
3.850319999999999823e+02 2.009219887960683459e-01
3.843929999999999723e+02 1.817818141318877090e-01
3.837549999999999955e+02 1.932794388471912039e-01
3.831159999999999854e+02 1.871436209430008546e-01
3.824759999999999991e+02 1.845130219166426222e-01
3.818380000000000223e+02 1.772244473693501965e-01
3.811990000000000123e+02 1.477330628899488907e-01
3.805600000000000023e+02 1.638774164908245456e-01
3.799220000000000255e+02 1.566424558672260270e-01
3.792830000000000155e+02 1.389427527822928166e-01
3.786440000000000055e+02 1.503656574133266643e-01
3.780049999999999955e+02 1.385188757914771751e-01
3.773650000000000091e+02 1.429849463988405456e-01
3.767259999999999991e+02 1.856156063805862733e-01
3.760860000000000127e+02 1.818698249777036813e-01
3.754470000000000027e+02 2.196940552674980229e-01
3.748079999999999927e+02 2.170530700532599944e-01
3.741689999999999827e+02 2.282345103401749453e-01
3.735299999999999727e+02 2.405486354188829390e-01
3.728890000000000100e+02 2.436572680162737425e-01
3.722500000000000000e+02 2.249478823673318750e-01
3.716100000000000136e+02 2.543676648545600272e-01
3.709710000000000036e+02 2.334250653272032239e-01
3.703310000000000173e+02 2.239766265289350744e-01
3.696909999999999741e+02 2.167917785244962425e-01
3.690500000000000114e+02 2.221439385160277336e-01
3.684110000000000014e+02 2.104556583507891376e-01
3.677710000000000150e+02 2.056003267080987185e-01
3.671309999999999718e+02 1.962291218351575883e-01
3.664909999999999854e+02 2.253366774966324981e-01
3.658509999999999991e+02 2.080494843490154899e-01
3.652099999999999795e+02 2.077456306424821098e-01
3.645699999999999932e+02 2.333067256530922395e-01
3.639300000000000068e+02 2.284587393806579159e-01
3.632900000000000205e+02 2.258563171322229002e-01
3.626490000000000009e+02 2.311049822328722358e-01
3.620079999999999814e+02 2.251741170733095876e-01
3.613670000000000186e+02 2.214747572017738420e-01
3.607269999999999754e+02 2.055309555395031795e-01
3.600869999999999891e+02 2.118974421224474602e-01
3.594460000000000264e+02 1.915772634828335208e-01
3.588039999999999736e+02 1.768087008739570587e-01
3.581639999999999873e+02 1.710073291623069314e-01
3.575230000000000246e+02 1.574669523124965775e-01
3.568829999999999814e+02 1.770877730398963956e-01
3.562420000000000186e+02 1.713001225457201904e-01
3.556000000000000227e+02 1.743523170316682858e-01
3.549590000000000032e+02 1.828713785079371656e-01
3.543179999999999836e+02 1.650166818679653369e-01
3.536770000000000209e+02 1.702495884808324089e-01
3.530350000000000250e+02 1.951416417580217610e-01
3.523940000000000055e+02 2.013893921335908888e-01
3.517520000000000095e+02 2.010695906311222303e-01
3.511109999999999900e+02 1.626205377916510875e-01
3.504689999999999941e+02 1.765063627133771074e-01
3.498269999999999982e+02 1.816510122792423243e-01
3.491859999999999786e+02 1.781083783360394301e-01
3.485450000000000159e+02 1.745877113006804038e-01
3.479019999999999868e+02 1.710437598995457054e-01
3.472599999999999909e+02 1.599912903446101820e-01
3.466190000000000282e+02 1.575767969628593945e-01
3.459769999999999754e+02 1.530180171271144363e-01
3.453340000000000032e+02 1.667312220991971627e-01
3.446929999999999836e+02 1.750334286001168638e-01
3.440509999999999877e+02 1.683229667772056792e-01
3.434089999999999918e+02 1.659091962556288880e-01
3.427660000000000196e+02 1.549756764388456887e-01
3.421240000000000236e+02 1.770889838373300718e-01
3.414820000000000277e+02 1.821115500457559377e-01
3.408399999999999750e+02 1.807389656117232291e-01
3.401970000000000027e+02 1.899908661391132014e-01
3.395539999999999736e+02 1.917875334697414780e-01
3.389119999999999777e+02 1.861800598400498163e-01
3.382690000000000055e+02 1.911628836108638652e-01
3.376259999999999764e+02 2.171484618892864649e-01
3.369839999999999804e+02 2.336002456245213355e-01
3.363419999999999845e+02 2.237747678700254261e-01
3.356979999999999791e+02 2.097766223730290480e-01
3.350550000000000068e+02 2.062895531768199342e-01
3.344130000000000109e+02 1.965594581487844217e-01
3.337690000000000055e+02 1.993375778371206941e-01
3.331259999999999764e+02 2.042063471370066385e-01
3.324830000000000041e+02 2.318871385490428594e-01
3.318389999999999986e+02 2.190804110234809976e-01
3.311960000000000264e+02 2.362822781834968688e-01
3.305539999999999736e+02 2.286425280905071689e-01
3.299110000000000014e+02 2.426876225154028788e-01
3.292660000000000196e+02 2.515465142651678865e-01
3.286229999999999905e+02 2.655053909682281166e-01
3.279800000000000182e+02 2.609547068885221810e-01
3.273360000000000127e+02 2.533131020715950199e-01
3.266929999999999836e+02 2.293659319343996639e-01
3.260489999999999782e+02 2.248866174524334349e-01
3.254049999999999727e+02 2.193978422901904923e-01
3.247610000000000241e+02 2.312249182859528185e-01
3.241179999999999950e+02 2.226995605175726423e-01
3.234730000000000132e+02 2.283868974827789056e-01
3.228290000000000077e+02 2.289891846589939828e-01
3.221840000000000259e+02 2.477963106938597948e-01
3.215409999999999968e+02 2.493637422942694692e-01
3.208969999999999914e+02 2.700443770171431224e-01
3.202520000000000095e+02 2.816470140187672389e-01
3.196080000000000041e+02 2.801331168197704335e-01
3.189639999999999986e+02 2.886437532258678274e-01
3.183190000000000168e+02 3.011233572882680565e-01
3.176750000000000114e+02 2.826312134954757638e-01
3.170310000000000059e+02 2.532763136426955941e-01
3.163860000000000241e+02 2.527821501179219332e-01
3.157420000000000186e+02 2.463926188073551904e-01
3.150980000000000132e+02 2.310924869705950346e-01
3.144519999999999982e+02 2.267056450069392104e-01
3.138079999999999927e+02 2.193905362313819385e-01
3.131619999999999777e+02 2.150502514615681982e-01
3.125179999999999723e+02 2.087523074653828414e-01
3.118729999999999905e+02 2.113047884017930367e-01
3.112269999999999754e+02 2.461983271625974301e-01
3.105830000000000268e+02 2.310756653581719500e-01
3.099370000000000118e+02 2.247886357119590617e-01
3.092919999999999732e+02 2.273053757947133269e-01
3.086469999999999914e+02 2.210498155240357698e-01
3.080009999999999764e+02 2.410248727965237925e-01
3.073570000000000277e+02 2.521924156534395833e-01
3.067099999999999795e+02 2.556127869079299897e-01
3.060649999999999977e+02 2.512618685191884693e-01
3.054200000000000159e+02 2.498157462258221995e-01
3.047740000000000009e+02 2.483993320097543644e-01
3.041290000000000191e+02 2.469849012654049825e-01
3.034820000000000277e+02 2.733297759760592860e-01
3.028369999999999891e+02 2.900222041901167613e-01
3.021920000000000073e+02 3.028086990656507771e-01
3.015450000000000159e+02 2.936851731239527585e-01
3.008999999999999773e+02 2.741016305766871275e-01
3.002529999999999859e+02 3.011108850844462781e-01
2.996080000000000041e+02 2.891668581563187068e-01
2.989610000000000127e+02 2.753594222385013501e-01
2.983149999999999977e+02 2.993845579927196798e-01
2.976700000000000159e+02 2.865715555652131319e-01
2.970230000000000246e+02 2.878823143409492968e-01
2.963770000000000095e+02 2.694844023600945770e-01
2.957300000000000182e+02 2.633647026097137855e-01
2.950840000000000032e+02 2.712598283847622027e-01
2.944370000000000118e+02 2.511444539434092293e-01
2.937909999999999968e+02 2.590321380861854705e-01
2.931429999999999723e+02 3.031046004171780162e-01
2.924970000000000141e+02 3.015833832534163261e-01
2.918500000000000227e+02 2.871103268608991010e-01
2.912040000000000077e+02 2.819195390348447905e-01
2.905570000000000164e+02 2.951569289548535702e-01
2.899100000000000250e+02 3.120760094693730280e-01
2.892629999999999768e+02 3.371352207097101927e-01
2.886159999999999854e+02 3.520554397600779706e-01
2.879689999999999941e+02 3.623195714366733156e-01
2.873210000000000264e+02 3.634193717852483574e-01
2.866750000000000114e+02 3.590381228487908305e-01
2.860269999999999868e+02 3.783093058927930463e-01
2.853799999999999955e+02 3.847971219005930643e-01
2.847320000000000277e+02 3.803945722115967265e-01
2.840849999999999795e+02 3.985794317092115069e-01
2.834370000000000118e+02 4.067910564143820129e-01
2.827900000000000205e+02 4.248308693312028428e-01
2.821419999999999959e+02 4.401332020681106849e-01
2.814950000000000045e+02 4.472644403863631490e-01
2.808469999999999800e+02 4.642471823607662862e-01
2.801990000000000123e+02 4.490116647310334330e-01
2.795509999999999877e+02 4.391711319206860753e-01
2.789039999999999964e+02 4.445016129567005980e-01
2.782549999999999955e+02 4.444389269383586250e-01
2.776080000000000041e+02 4.452846528670782456e-01
2.769590000000000032e+02 4.390505089053508003e-01
2.763120000000000118e+02 4.478096912976001764e-01
2.756630000000000109e+02 4.398482017581729631e-01
2.750149999999999864e+02 4.476680164488326397e-01
2.743659999999999854e+02 4.852609490234368050e-01
2.737189999999999941e+02 5.139131518633741624e-01
2.730699999999999932e+02 5.215539504017113748e-01
2.724220000000000255e+02 5.143343843925188841e-01
2.717730000000000246e+02 5.028266080655101611e-01
2.711240000000000236e+02 4.939447215585811568e-01
2.704759999999999991e+02 4.790678367365394097e-01
2.698260000000000218e+02 4.875125556174495500e-01
2.691779999999999973e+02 5.036697645163421555e-01
2.685289999999999964e+02 4.793923451270234448e-01
2.678809999999999718e+02 4.731866222840860892e-01
2.672309999999999945e+02 4.653378153135964146e-01
2.665830000000000268e+02 4.753942767345261666e-01
2.659329999999999927e+02 5.083980987317983091e-01
2.652839999999999918e+02 5.225783200240018411e-01
2.646349999999999909e+02 5.451469376178270654e-01
2.639850000000000136e+02 5.312636408299977742e-01
2.633369999999999891e+02 5.250022030319625443e-01
2.626870000000000118e+02 5.389962584830959580e-01
2.620380000000000109e+02 5.268902929518589628e-01
2.613879999999999768e+02 5.483179762010452762e-01
2.607400000000000091e+02 5.370840553325091360e-01
2.600899999999999750e+02 5.133309115899155062e-01
2.594390000000000214e+02 5.263189084188470979e-01
2.587900000000000205e+02 5.159796335877688822e-01
2.581399999999999864e+02 5.172951492642181570e-01
2.574909999999999854e+02 5.128148899768624203e-01
2.568410000000000082e+02 5.372096523622059694e-01
2.561899999999999977e+02 5.557432665392189053e-01
2.555409999999999968e+02 5.454238646978354366e-01
2.548899999999999864e+02 5.572764315369287402e-01
2.542410000000000139e+02 5.568206712007384152e-01
2.535910000000000082e+02 5.383942423200394067e-01
2.529399999999999977e+02 5.387580400479982101e-01
2.522899999999999920e+02 5.464607037231067332e-01
2.516399999999999864e+02 5.637923596827451034e-01
2.509900000000000091e+02 5.390385645566309059e-01
2.503389999999999986e+02 5.409903569619343155e-01
2.496879999999999882e+02 5.533980069463375617e-01
2.490380000000000109e+02 5.560749967440640207e-01
2.483870000000000005e+02 5.731796842358410915e-01
2.477359999999999900e+02 5.885751942250375679e-01
2.470860000000000127e+02 5.815989870287544550e-01
2.464350000000000023e+02 5.992717820593723710e-01
2.457849999999999966e+02 5.740564779561746489e-01
2.451330000000000098e+02 5.877006493601387715e-01
2.444819999999999993e+02 5.768089336579661497e-01
2.438319999999999936e+02 5.675620936734326882e-01
2.431800000000000068e+02 5.606711990531979550e-01
2.425289999999999964e+02 5.593052739963261244e-01
2.418779999999999859e+02 5.813563873273925875e-01
2.412270000000000039e+02 5.963075180628194527e-01
2.405749999999999886e+02 5.824159622110937073e-01
2.399240000000000066e+02 6.073239002194651404e-01
2.392719999999999914e+02 6.058367528226945575e-01
2.386200000000000045e+02 6.174470230791642145e-01
2.379699999999999989e+02 6.143677516558684326e-01
2.373180000000000121e+02 6.312548752655009476e-01
2.366670000000000016e+02 6.296919814601463772e-01
2.360149999999999864e+02 6.288517318193284078e-01
2.353629999999999995e+02 6.409914247625642103e-01
2.347100000000000080e+02 6.644505266017048939e-01
2.340600000000000023e+02 6.604781503422881839e-01
2.334070000000000107e+02 6.572928054827154032e-01
2.327549999999999955e+02 6.820221432835608111e-01
2.321040000000000134e+02 7.005737626672406959e-01
2.314509999999999934e+02 6.965358630370668269e-01
2.307980000000000018e+02 7.141859840742652565e-01
2.301469999999999914e+02 7.123439825477843046e-01
2.294939999999999998e+02 7.030496596589083103e-01
2.288420000000000130e+02 6.885990874300021991e-01
2.281899999999999977e+02 7.127204572677245942e-01
2.275370000000000061e+02 7.307986968926714066e-01
2.268839999999999861e+02 7.406868474809723546e-01
2.262330000000000041e+02 7.570731426826488031e-01
2.255800000000000125e+02 7.785320816074540184e-01
2.249269999999999925e+02 7.772093289816673911e-01
2.242729999999999961e+02 7.809959835603469402e-01
2.236220000000000141e+02 7.977945870307393550e-01
2.229679999999999893e+02 8.022021453533617619e-01
2.223149999999999977e+02 8.079825784304915937e-01
2.216630000000000109e+02 7.964619504147764095e-01
2.210099999999999909e+02 7.834959931613348916e-01
2.203559999999999945e+02 7.698871940698336358e-01
2.197019999999999982e+02 7.635094841946477029e-01
2.190500000000000114e+02 7.664216351974364461e-01
2.183969999999999914e+02 7.657370130285606757e-01
2.177429999999999950e+02 7.629255121574907150e-01
2.170889999999999986e+02 7.671928061727507631e-01
2.164370000000000118e+02 7.544827855047976373e-01
2.157829999999999870e+02 7.650622291096866867e-01
2.151289999999999907e+02 7.573071335756698108e-01
2.144749999999999943e+02 7.761822526302870617e-01
2.138220000000000027e+02 7.761029875908008746e-01
2.131680000000000064e+02 7.773901906847909826e-01
2.125140000000000100e+02 7.814441839395165346e-01
2.118600000000000136e+02 7.688590597271842686e-01
2.112069999999999936e+02 7.832322497373283010e-01
2.105529999999999973e+02 7.768675162836095049e-01
2.098979999999999961e+02 7.712183318387237918e-01
2.092439999999999998e+02 7.607748608068460872e-01
2.085910000000000082e+02 7.592787712625642671e-01
2.079360000000000070e+02 7.564048642972027725e-01
2.072820000000000107e+02 7.521750900457980782e-01
2.066270000000000095e+02 7.357881567158063296e-01
2.059739999999999895e+02 7.471260358467475271e-01
2.053189999999999884e+02 7.442510934152506419e-01
2.046639999999999873e+02 7.360377250038445673e-01
2.040089999999999861e+02 7.365328477127150997e-01
2.033540000000000134e+02 7.350109187010107625e-01
2.027009999999999934e+02 7.142512762790427239e-01
2.020459999999999923e+02 7.068119603206748369e-01
2.013909999999999911e+02 6.914883596610813532e-01
2.007350000000000136e+02 7.052029904484844458e-01
2.000800000000000125e+02 6.984825900632539719e-01
1.994259999999999877e+02 6.839344189389242601e-01
1.987709999999999866e+02 6.825046931376917980e-01
1.981160000000000139e+02 6.765329133170240317e-01
1.974600000000000080e+02 6.848226298074359120e-01
1.968050000000000068e+02 6.704344652059914811e-01
1.961510000000000105e+02 6.664650422095752536e-01
1.954950000000000045e+02 6.804540055688689248e-01
1.948389999999999986e+02 6.661672862961501851e-01
1.941839999999999975e+02 6.577084177132518361e-01
1.935279999999999916e+02 6.626458368826912970e-01
1.928739999999999952e+02 6.694356561399296135e-01
1.922179999999999893e+02 6.660681905541924186e-01
1.915620000000000118e+02 6.816064856883524703e-01
1.909060000000000059e+02 7.033293894515786349e-01
1.902500000000000000e+02 7.117484730138223803e-01
1.895939999999999941e+02 7.000984825605812700e-01
1.889389999999999930e+02 7.158805705499301508e-01
1.882829999999999870e+02 7.272273549739753928e-01
1.876270000000000095e+02 7.397134961292644029e-01
1.869699999999999989e+02 7.348585034089140100e-01
1.863139999999999930e+02 7.324635847863426585e-01
1.856570000000000107e+02 7.190335567400842898e-01
1.850010000000000048e+02 7.093564109227230574e-01
1.843460000000000036e+02 7.179669236463851467e-01
1.836889999999999930e+02 7.307527546392846851e-01
1.830329999999999870e+02 7.428139136391403996e-01
1.823760000000000048e+02 7.487766441515606441e-01
1.817189999999999941e+02 7.426762095008004883e-01
1.810620000000000118e+02 7.772748826811864964e-01
1.804050000000000011e+02 8.026719565757726160e-01
1.797500000000000000e+02 8.123956998020918086e-01
1.790929999999999893e+02 8.333320464123332716e-01
1.784360000000000070e+02 8.334427811722852075e-01
1.777789999999999964e+02 8.417635277666849491e-01
1.771220000000000141e+02 8.447144544550940770e-01
1.764650000000000034e+02 8.482292206874585405e-01
1.758069999999999879e+02 8.540067372592007322e-01
1.751500000000000057e+02 8.458206580556660859e-01
1.744939999999999998e+02 8.526677102776416550e-01
1.738369999999999891e+02 8.698403114780220990e-01
1.731790000000000020e+02 8.799722629996543644e-01
1.725219999999999914e+02 8.934481432655505539e-01
1.718640000000000043e+02 9.107878912279002703e-01
1.712059999999999889e+02 9.239936620779113374e-01
1.705490000000000066e+02 9.342743308320063944e-01
1.698909999999999911e+02 9.393607995677643041e-01
1.692330000000000041e+02 9.354065146259452623e-01
1.685749999999999886e+02 9.303305969709824153e-01
1.679190000000000111e+02 9.403317356873165389e-01
1.672609999999999957e+02 9.352223564893826779e-01
1.666030000000000086e+02 9.528173906047713304e-01
1.659449999999999932e+02 9.377228594995602462e-01
1.652870000000000061e+02 9.183213933570900656e-01
1.646279999999999859e+02 9.192747797625656636e-01
1.639699999999999989e+02 9.294700888000891892e-01
1.633120000000000118e+02 9.455469851023418082e-01
1.626539999999999964e+02 9.468606612176317938e-01
1.619950000000000045e+02 9.346430359788966413e-01
1.613369999999999891e+02 9.305590853019269915e-01
1.606779999999999973e+02 9.168324664030236271e-01
1.600190000000000055e+02 9.175754193855439889e-01
1.593609999999999900e+02 9.236116621957074502e-01
1.587040000000000077e+02 9.242879594273588628e-01
1.580449999999999875e+02 9.296423794323812606e-01
1.573859999999999957e+02 9.249603915116729747e-01
1.567270000000000039e+02 9.307422071451987300e-01
1.560680000000000121e+02 9.260441012890304746e-01
1.554089999999999918e+02 9.270554711137222181e-01
1.547500000000000000e+02 9.306061614394187664e-01
1.540910000000000082e+02 9.258729715009235139e-01
1.534319999999999879e+02 9.262610427568428451e-01
1.527729999999999961e+02 9.261076499284439656e-01
1.521140000000000043e+02 9.193134434744955064e-01
1.514540000000000077e+02 9.181146507849226035e-01
1.507949999999999875e+02 9.168886414018367903e-01
1.501359999999999957e+02 9.467725143424453593e-01
1.494759999999999991e+02 9.563874698944526687e-01
1.488170000000000073e+02 9.599031642211466320e-01
1.481570000000000107e+02 9.792266246165400867e-01
1.474970000000000141e+02 9.776144113772314848e-01
1.468379999999999939e+02 9.877789013207076696e-01
1.461779999999999973e+02 9.929281828113708519e-01
1.455180000000000007e+02 1.009205992879430580e+00
1.448580000000000041e+02 1.014147422481212812e+00
1.441980000000000075e+02 9.938574853031318934e-01
1.435380000000000109e+02 1.004040117743452365e+00
1.428779999999999859e+02 1.009778847366979093e+00
1.422179999999999893e+02 1.024028047038207934e+00
1.415579999999999927e+02 1.028608102164971561e+00
1.408979999999999961e+02 1.030736748888484655e+00
1.402379999999999995e+02 1.031859648049771261e+00
1.395769999999999982e+02 1.031050350531224957e+00
1.389170000000000016e+02 1.044233073935422862e+00
1.382560000000000002e+02 1.072110128049525768e+00
1.375960000000000036e+02 1.088136477650919032e+00
1.369350000000000023e+02 1.101210458969233752e+00
1.362750000000000057e+02 1.105866582642505369e+00
1.356140000000000043e+02 1.121392121071493886e+00
1.349540000000000077e+02 1.135362453066790289e+00
1.342930000000000064e+02 1.161822031712983483e+00
1.336320000000000050e+02 1.187531367050552067e+00
1.329710000000000036e+02 1.203096413780071261e+00
1.323100000000000023e+02 1.212663333445286540e+00
1.316490000000000009e+02 1.239398939988465509e+00
1.309879999999999995e+02 1.247710743359006891e+00
1.303269999999999982e+02 1.252819178563001623e+00
1.296659999999999968e+02 1.278388264502105631e+00
1.290049999999999955e+02 1.288852843061898845e+00
1.283420000000000130e+02 1.290466423382311101e+00
1.276809999999999974e+02 1.295042258422327786e+00
1.270190000000000055e+02 1.311087638243454423e+00
1.263580000000000041e+02 1.298302504812804514e+00
1.256959999999999980e+02 1.281307968338454062e+00
1.250349999999999966e+02 1.285584894340099149e+00
1.243730000000000047e+02 1.284708727544096263e+00
1.237120000000000033e+02 1.279162960211815747e+00
1.230499999999999972e+02 1.281945320653125053e+00
1.223880000000000052e+02 1.279232886789644530e+00
1.217259999999999991e+02 1.257095514604915421e+00
1.210639999999999930e+02 1.229778191764391737e+00
1.204030000000000058e+02 1.228014583383766345e+00
1.197409999999999997e+02 1.219690718270557639e+00
1.190780000000000030e+02 1.189145012476373164e+00
1.184150000000000063e+02 1.180125901411139822e+00
1.177530000000000001e+02 1.163186445534888369e+00
1.170909999999999940e+02 1.140385274325044662e+00
1.164279999999999973e+02 1.118144526454166510e+00
1.157660000000000053e+02 1.108299672029323224e+00
1.151039999999999992e+02 1.094960161184590053e+00
1.144410000000000025e+02 1.073520156915076962e+00
1.137789999999999964e+02 1.053403571966694097e+00
1.131159999999999997e+02 1.048485887764296409e+00
1.124539999999999935e+02 1.037425103457712439e+00
1.117890000000000015e+02 1.025236909560460319e+00
1.111269999999999953e+02 1.022269292382591788e+00
1.104639999999999986e+02 1.008318911486257186e+00
1.098010000000000019e+02 9.963405275963521657e-01
1.091380000000000052e+02 9.814544904042954432e-01
1.084749999999999943e+02 9.744581651469282901e-01
1.078119999999999976e+02 9.461069257582028769e-01
1.071490000000000009e+02 9.293862971965649589e-01
1.064849999999999994e+02 8.893836900443676807e-01
1.058209999999999980e+02 8.556517720562865081e-01
1.051580000000000013e+02 8.136135829247694851e-01
1.044950000000000045e+02 7.999451713804744957e-01
1.038319999999999936e+02 7.678688247421294744e-01
1.031680000000000064e+02 7.396341680451234968e-01
1.025049999999999955e+02 7.134437582664810984e-01
1.018400000000000034e+02 7.025304428102046028e-01
1.011760000000000019e+02 6.840737855758088903e-01
1.005130000000000052e+02 6.889548135405038076e-01
9.984900000000000375e+01 6.882239358754315139e-01
9.918529999999999802e+01 6.843867232472173878e-01
9.852150000000000318e+01 6.781494473244809029e-01
9.785769999999999413e+01 6.952157105824027239e-01
9.719230000000000302e+01 7.160867776932601236e-01
9.652830000000000155e+01 7.356124269367678714e-01
9.586430000000000007e+01 7.508505501376114832e-01
9.520029999999999859e+01 7.714401706370727085e-01
9.453610000000000468e+01 8.011850087157659228e-01
9.387199999999999989e+01 8.304924374578916968e-01
9.320619999999999550e+01 8.494296995619362578e-01
9.254200000000000159e+01 8.711936521715692994e-01
9.187760000000000105e+01 8.728670375595996012e-01
9.121320000000000050e+01 8.804639373224836252e-01
9.054879999999999995e+01 8.806586186819066464e-01
8.988280000000000314e+01 8.979593470357110085e-01
8.921819999999999595e+01 9.000602890245298360e-01
8.855360000000000298e+01 8.943570951568934335e-01
8.788890000000000668e+01 8.880388766131197542e-01
8.722419999999999618e+01 9.036168645905957586e-01
8.655939999999999657e+01 9.155729454181485982e-01
8.589300000000000068e+01 9.330300123039055871e-01
8.522809999999999775e+01 9.382153014599954322e-01
8.456319999999999482e+01 9.500495838891147571e-01
8.389820000000000277e+01 9.481279582651082061e-01
8.323160000000000025e+01 9.563611918801463441e-01
8.256650000000000489e+01 9.585893365160782498e-01
8.190130000000000621e+01 9.687576823402964665e-01
8.123609999999999332e+01 9.712611077711602592e-01
8.057080000000000553e+01 9.586190306502071490e-01
7.990389999999999304e+01 9.612565821925590503e-01
7.923850000000000193e+01 9.690641010169875891e-01
7.857299999999999329e+01 9.797173319922807266e-01
7.790749999999999886e+01 9.859865285545715841e-01
7.724039999999999395e+01 9.874389979670046280e-01
7.657479999999999620e+01 9.939061907715512900e-01
7.590909999999999513e+01 9.834910918686282644e-01
7.524339999999999407e+01 9.899605750117210778e-01
7.457760000000000389e+01 9.904059124450236284e-01
7.391020000000000323e+01 9.738760036925347974e-01
7.324429999999999552e+01 9.671759496547490675e-01
7.257829999999999870e+01 9.483062094770302597e-01
7.191230000000000189e+01 9.363035446088672220e-01
7.124469999999999459e+01 9.330255654533977649e-01
7.057850000000000534e+01 9.234002144218127484e-01
6.991230000000000189e+01 9.278740658948527731e-01
6.924609999999999843e+01 9.132385371339277746e-01
6.857829999999999870e+01 9.096074779047556014e-01
6.791190000000000282e+01 9.039717359977366140e-01
6.724550000000000693e+01 8.937037237204408235e-01
6.657750000000000057e+01 8.883000738923078066e-01
6.591100000000000136e+01 8.745381221600145860e-01
6.524439999999999884e+01 8.694256814218939144e-01
6.457769999999999300e+01 8.593570323622232721e-01
6.390950000000000131e+01 8.462943711007054892e-01
6.324269999999999925e+01 8.405338347605627591e-01
6.257589999999999719e+01 8.391108337179247201e-01
6.190899999999999892e+01 8.360202124999793760e-01
6.124060000000000059e+01 8.299458426509774833e-01
6.057359999999999900e+01 8.256536800783691454e-01
5.990659999999999741e+01 8.220023845237020010e-01
5.923799999999999955e+01 8.053304090016678574e-01
5.857079999999999842e+01 7.873557619819683273e-01
5.790359999999999729e+01 7.835934995930868840e-01
5.723629999999999995e+01 7.733833420756976995e-01
5.656750000000000256e+01 7.577210436478453159e-01
5.590010000000000190e+01 7.533753178234534609e-01
5.523270000000000124e+01 7.433875983274323973e-01
5.456360000000000099e+01 7.375865799841158088e-01
5.389609999999999701e+01 7.348473983942634957e-01
5.322849999999999682e+01 7.377135860819680202e-01
5.255930000000000035e+01 7.444197625479773706e-01
5.189159999999999684e+01 7.310685171365066681e-01
5.122379999999999711e+01 7.292470339323200434e-01
5.055440000000000111e+01 7.251988092703751665e-01
4.988660000000000139e+01 7.165055560909072696e-01
4.921860000000000213e+01 7.071126238729692481e-01
4.854910000000000281e+01 6.988943779998160188e-01
4.788100000000000023e+01 6.974864576076627021e-01
4.721289999999999765e+01 6.911731562654509498e-01
4.654319999999999879e+01 6.804628520913603706e-01
4.587500000000000000e+01 6.765818924377432486e-01
4.520669999999999789e+01 6.617035985505024254e-01
4.453679999999999950e+01 6.546487771508645581e-01
4.386840000000000117e+01 6.488787669224512777e-01
4.320000000000000284e+01 6.500920534471736900e-01
4.252989999999999782e+01 6.402727830941489229e-01
4.186129999999999995e+01 6.288634488405289158e-01
4.119270000000000209e+01 6.126750976008202842e-01
4.052250000000000085e+01 6.045574808811824408e-01
3.985379999999999967e+01 5.998338354067712652e-01
3.918500000000000227e+01 5.980472748330168953e-01
3.851460000000000150e+01 5.916351658833788330e-01
3.784570000000000078e+01 5.839860444106198534e-01
3.717519999999999669e+01 5.730553339165979088e-01
3.650619999999999976e+01 5.638325660821130736e-01
3.583709999999999951e+01 5.596661840198621229e-01
3.516640000000000299e+01 5.548577653190426284e-01
3.449719999999999942e+01 5.450625070041642539e-01
3.382800000000000296e+01 5.391223295389014902e-01
3.315709999999999980e+01 5.282991137761653411e-01
3.248780000000000001e+01 5.123650742743339759e-01
3.181680000000000064e+01 5.037589932787397418e-01
3.114730000000000132e+01 4.984216420348137611e-01
3.047779999999999845e+01 4.960744713969583164e-01
2.980669999999999931e+01 4.798125055158369290e-01
2.913700000000000045e+01 4.736635260160386163e-01
2.846730000000000160e+01 4.691973408331497342e-01
2.779599999999999937e+01 4.560753517825062442e-01
2.712620000000000076e+01 4.478528956374582259e-01
2.645479999999999876e+01 4.412943895607806533e-01
2.578490000000000038e+01 4.322147006208289510e-01
2.511329999999999885e+01 4.185985209222546355e-01
2.444330000000000069e+01 4.042262561652305020e-01
2.377319999999999922e+01 3.984023382433188321e-01
2.310150000000000148e+01 3.826806399286881155e-01
2.243130000000000024e+01 3.715756254073345199e-01
2.175949999999999918e+01 3.606285552127307947e-01
2.108909999999999840e+01 3.482268719607311547e-01
2.041870000000000118e+01 3.390034619829255247e-01
1.974680000000000035e+01 3.235044419396679305e-01
1.907629999999999981e+01 3.131725109759908032e-01
1.840419999999999945e+01 3.041367102830829783e-01
1.773349999999999937e+01 2.923700524483462404e-01
1.706129999999999924e+01 2.871165986050963070e-01
1.639059999999999917e+01 2.755133413556347111e-01
1.571979999999999933e+01 2.674773268797313031e-01
1.504739999999999966e+01 2.625427716265901767e-01
1.437650000000000006e+01 2.554845689368434591e-01
1.370410000000000039e+01 2.524687017646994880e-01
1.303299999999999947e+01 2.445826156058393541e-01
1.236040000000000028e+01 2.389452853808483601e-01
1.168929999999999936e+01 2.329141345028002408e-01
1.101660000000000039e+01 2.318671244389550468e-01
1.034529999999999994e+01 2.393804300243025374e-01
9.672489999999999810e+00 2.446317996413041873e-01
9.001129999999999853e+00 2.505953315126054348e-01
8.329710000000000392e+00 2.547477747244122903e-01
7.656710000000000349e+00 2.664928015314197429e-01
6.985170000000000101e+00 2.998252377263089241e-01
6.312050000000000161e+00 3.335541601692882385e-01
5.640399999999999636e+00 3.677338517826044262e-01
4.967170000000000307e+00 3.953031712555469257e-01
4.295410000000000394e+00 4.173931386685794109e-01
3.622059999999999835e+00 4.386974982000725887e-01
2.950180000000000025e+00 4.575534126931516954e-01
2.276720000000000077e+00 4.787652062990429003e-01
1.604729999999999990e+00 4.921600759636423628e-01
9.311519999999999797e-01 4.879835211706124998e-01
2.590439999999999965e-01 4.808223145421193778e-01
