6.869719999999999800e+02 -5.146136246534340764e-01
6.863600000000000136e+02 9.149658603587901284e-01
6.857469999999999573e+02 1.212033215683403720e+00
6.851349999999999909e+02 2.334431430744342784e+00
6.845230000000000246e+02 2.100989417064467624e+00
6.839120000000000346e+02 2.553815805172342301e+00
6.832989999999999782e+02 1.636191644942071477e+00
6.826870000000000118e+02 3.909238860433688512e+00
6.820739999999999554e+02 -1.550451148238587207e+00
6.814610000000000127e+02 -1.819888505329943174e+00
6.808490000000000464e+02 -2.901182398351517477e+00
6.802359999999999900e+02 8.419011104712249838e-02
6.796230000000000473e+02 1.976093974587170399e+00
6.790099999999999909e+02 3.512929638557770740e-01
6.783980000000000246e+02 -1.266548677252280264e+00
6.777859999999999445e+02 -3.673110135005581700e+00
6.771730000000000018e+02 -9.887595973928199333e-01
6.765599999999999454e+02 -4.532481550906525825e-01
6.759470000000000027e+02 -3.391250542694250747e+00
6.753339999999999463e+02 3.280821745897918085e+00
6.747210000000000036e+02 -4.707017907560850922e+00
6.741079999999999472e+02 -2.573415061831235473e+00
6.734940000000000282e+02 7.235988569587290087e+00
6.728809999999999718e+02 8.016234021198121340e+00
6.722680000000000291e+02 6.944518030391769514e+00
6.716539999999999964e+02 2.188257244406182078e+00
6.710410000000000537e+02 -1.823190725429867931e-01
6.704270000000000209e+02 6.046513329707199347e-01
6.698150000000000546e+02 -4.108504807867173092e+00
6.692010000000000218e+02 3.217969513822324767e+00
6.685879999999999654e+02 5.297057962080703675e+00
6.679740000000000464e+02 8.590253133814813591e-01
6.673600000000000136e+02 1.638344370329588129e+00
6.667459999999999809e+02 3.449916181113853231e+00
6.661330000000000382e+02 3.185401514717451477e+00
6.655190000000000055e+02 1.887871372023084637e+00
6.649049999999999727e+02 -1.770405414764676111e-01
6.642910000000000537e+02 -2.233110473467481594e+00
6.636770000000000209e+02 -6.078743725041531043e+00
6.630629999999999882e+02 -1.042120196456447800e+01
6.624479999999999791e+02 -1.346844809725593350e+01
6.618339999999999463e+02 -1.191116655471157770e+01
6.612200000000000273e+02 -1.316075136401202883e+01
6.606059999999999945e+02 -1.491232150088576880e+01
6.599909999999999854e+02 -1.234685038283553915e+01
6.593769999999999527e+02 -1.156265793242715212e+01
6.587619999999999436e+02 -5.478344259668154415e+00
6.581480000000000246e+02 -4.207004607828253029e+00
6.575330000000000155e+02 -3.192320466951965141e+00
6.569189999999999827e+02 1.583104421788294580e+00
6.563039999999999736e+02 5.778245309998193413e-01
6.556889999999999645e+02 3.326168704970736023e+00
6.550750000000000455e+02 6.064941532392375656e+00
6.544600000000000364e+02 6.550016549606510807e+00
6.538450000000000273e+02 9.518414033431945143e+00
6.532300000000000182e+02 7.763168342320393656e+00
6.526150000000000091e+02 4.531314405464814676e+00
6.520000000000000000e+02 5.263457871471987737e+00
6.513849999999999909e+02 6.729809574179539844e+00
6.507699999999999818e+02 8.191714129871053629e+00
6.501549999999999727e+02 2.530746684352112030e+00
6.495389999999999873e+02 3.221416293425422572e-01
6.489239999999999782e+02 -9.012342076463284446e-01
6.483089999999999691e+02 -1.387767809552359122e+00
6.476929999999999836e+02 -5.035841101423062405e+00
6.470779999999999745e+02 1.533092424159524292e+00
6.464629999999999654e+02 8.031706109852259079e-01
6.458469999999999800e+02 -1.378971671715935265e+00
6.452319999999999709e+02 -2.826777457021978357e+00
6.446159999999999854e+02 3.201741285051613151e+00
6.439990000000000236e+02 6.566284654687596145e+00
6.433830000000000382e+02 3.192629803460390381e+00
6.427670000000000528e+02 -1.123754077486969871e+00
6.421520000000000437e+02 2.463093199779257780e+00
6.415359999999999445e+02 -2.071295376474444616e+00
6.409199999999999591e+02 -3.969487570645461982e+00
6.403039999999999736e+02 -5.386887827606649637e+00
6.396879999999999882e+02 -6.797360823270261143e+00
6.390720000000000027e+02 -6.783697197379604305e+00
6.384560000000000173e+02 -5.826711111916564434e+00
6.378400000000000318e+02 -3.460335873837037113e+00
6.372229999999999563e+02 7.152257741698617166e-02
6.366069999999999709e+02 -1.101539764233039564e+00
6.359909999999999854e+02 -1.799686465820201642e+00
6.353730000000000473e+02 1.239062278385161253e+00
6.347569999999999482e+02 -1.792629647735132226e+00
6.341399999999999864e+02 -1.556344268836660660e+00
6.335240000000000009e+02 -2.712194585490486087e+00
6.329070000000000391e+02 -5.484443642568692212e+00
6.322899999999999636e+02 5.324251947116507289e-01
6.316739999999999782e+02 7.603708882207690367e-01
6.310570000000000164e+02 2.137709805624903758e+00
6.304400000000000546e+02 4.888238305156105135e+00
6.298220000000000027e+02 5.112893196170192667e+00
6.292050000000000409e+02 7.157624144956290735e+00
6.285879999999999654e+02 8.282557170897478116e+00
6.279710000000000036e+02 6.443833212222911833e+00
6.273540000000000418e+02 1.074761748623914848e+01
6.267369999999999663e+02 1.885351669392784313e+00
6.261200000000000045e+02 1.203237044051107318e+00
6.255030000000000427e+02 3.003446934846408567e+00
6.248840000000000146e+02 -1.958502298555875765e+00
6.242670000000000528e+02 -2.852328693642189439e+00
6.236499999999999773e+02 -4.864644781652883054e+00
6.230320000000000391e+02 -5.747903117785389426e+00
6.224149999999999636e+02 -6.627348860667217068e+00
6.217980000000000018e+02 -1.196151768627248124e+01
6.211799999999999500e+02 -6.599899258707433880e+00
6.205610000000000355e+02 -4.810720618236158153e+00
6.199429999999999836e+02 -1.011326813340565423e+01
6.193260000000000218e+02 -8.988395827832428964e+00
6.187079999999999700e+02 -8.969465846720400037e+00
6.180900000000000318e+02 -3.013471560404068939e+00
6.174719999999999800e+02 -1.691467395414200103e+00
6.168529999999999518e+02 2.885148563961938972e-01
6.162350000000000136e+02 1.160153794346330258e+00
6.156169999999999618e+02 7.215093636799337906e-01
6.149990000000000236e+02 -2.761506905444364612e+00
6.143809999999999718e+02 1.151684402906897109e+00
6.137630000000000337e+02 4.184578356240929331e+00
6.131430000000000291e+02 5.686340405618843796e+00
6.125249999999999773e+02 5.028236436845793023e+00
6.119070000000000391e+02 6.737274654114789207e+00
6.112889999999999873e+02 4.789697402020663297e+00
6.106699999999999591e+02 4.139581357025441832e+00
6.100510000000000446e+02 1.561393800871775372e+00
6.094320000000000164e+02 3.478636257650019825e+00
6.088139999999999645e+02 4.928791427901162980e-01
6.081950000000000500e+02 4.314485037738789330e+00
6.075760000000000218e+02 2.186362652064849588e+00
6.069560000000000173e+02 3.874833711913673095e+00
6.063379999999999654e+02 1.543679387975502415e+00
6.057190000000000509e+02 4.064257411639684570e+00
6.051000000000000227e+02 4.896125470228276377e+00
6.044809999999999945e+02 7.610969325710793321e+00
6.038609999999999900e+02 6.338681614765543593e+00
6.032419999999999618e+02 9.246975050678354791e+00
6.026230000000000473e+02 7.768805600830673619e+00
6.020040000000000191e+02 6.507596369093796795e+00
6.013830000000000382e+02 4.781876027976348920e-01
6.007640000000000100e+02 6.848769067993155657e-01
6.001449999999999818e+02 -1.998924248444628793e+00
5.995249999999999773e+02 -3.460784977583352684e-01
5.989049999999999727e+02 -3.841117567140102995e+00
5.982849999999999682e+02 -1.166391832341967749e+00
5.976660000000000537e+02 -4.845049588209234592e+00
5.970460000000000491e+02 -7.285701319854699598e+00
5.964249999999999545e+02 -6.045688785352752781e+00
5.958060000000000400e+02 -3.594294856652402892e+00
5.951860000000000355e+02 -5.208132872357227328e+00
5.945670000000000073e+02 -4.184609690131263271e+00
5.939450000000000500e+02 -4.175165330070862879e+00
5.933260000000000218e+02 -9.442630515058210161e-01
5.927060000000000173e+02 -2.550795447560284313e+00
5.920860000000000127e+02 4.615197899892007904e-01
5.914650000000000318e+02 8.622291758798219519e-01
5.908450000000000273e+02 4.611600040556307345e-01
5.902250000000000227e+02 -2.923907913378667622e+00
5.896029999999999518e+02 -1.727458176084808450e+00
5.889829999999999472e+02 -1.325846464218305654e+00
5.883630000000000564e+02 1.445368612546992004e+00
5.877419999999999618e+02 2.820261756918269302e+00
5.871209999999999809e+02 1.242365296106879846e+00
5.865000000000000000e+02 -7.250210966429895265e-01
5.858799999999999955e+02 2.543446595963829715e-01
5.852580000000000382e+02 -1.894829225408592999e+00
5.846380000000000337e+02 -1.340106060817235489e-01
5.840170000000000528e+02 -1.103472492339133249e+00
5.833949999999999818e+02 3.943119641371299888e+00
5.827740000000000009e+02 -1.877130331507877559e+00
5.821539999999999964e+02 -1.296298733027688943e+00
5.815320000000000391e+02 -9.034552173331484859e-01
5.809109999999999445e+02 1.790626430827130244e+00
5.802899999999999636e+02 4.411099422007169202e-01
5.796680000000000064e+02 1.590456795174093774e+00
5.790470000000000255e+02 -5.138347314178617342e-01
5.784260000000000446e+02 1.015334055870829921e+00
5.778049999999999500e+02 -5.833692418045788308e+00
5.771820000000000164e+02 -4.494740123582557700e+00
5.765610000000000355e+02 -8.647703034003122013e+00
5.759379999999999882e+02 -9.385970359134237384e+00
5.753170000000000073e+02 -1.143545719279457984e+01
5.746960000000000264e+02 -1.047170477898503016e+01
5.740729999999999791e+02 -3.315006838203516271e+00
5.734519999999999982e+02 -1.439663816102333183e+00
5.728300000000000409e+02 -1.334946175607205632e-01
5.722069999999999936e+02 3.412101966048822543e+00
5.715860000000000127e+02 3.401747714405453316e+00
5.709640000000000555e+02 3.209199287427344505e+00
5.703410000000000082e+02 3.014724166938765659e+00
5.697190000000000509e+02 2.642622794087891691e+00
5.690979999999999563e+02 1.535483402518761809e+00
5.684740000000000464e+02 -1.595785974529087436e+00
5.678529999999999518e+02 -1.225205900786314306e+00
5.672290000000000418e+02 -3.598591592119547045e+00
5.666069999999999709e+02 -3.590501909107239875e+00
5.659850000000000136e+02 -2.128952804617718630e+00
5.653619999999999663e+02 5.759753292194959295e-02
5.647400000000000091e+02 5.995023512724945158e-01
5.641169999999999618e+02 9.605371037054336592e-01
5.634940000000000282e+02 5.563276679091225252e-02
5.628719999999999573e+02 -1.921373281339291417e+00
5.622480000000000473e+02 -3.029614372275983292e-01
5.616250000000000000e+02 3.096696969610361894e+00
5.610030000000000427e+02 7.902447775243587991e+00
5.603790000000000191e+02 7.355506314154856895e+00
5.597569999999999482e+02 5.559150943234121733e+00
5.591330000000000382e+02 8.385026983094245878e+00
5.585099999999999909e+02 9.071066449168970536e+00
5.578859999999999673e+02 8.165503966748621778e+00
5.572630000000000337e+02 1.166785002249108238e+01
5.566399999999999864e+02 8.134361062839936096e+00
5.560159999999999627e+02 7.758902046826404053e+00
5.553930000000000291e+02 1.101738946275807818e+00
5.547690000000000055e+02 5.766310937060317166e-01
5.541459999999999582e+02 -2.925420457461441193e-01
5.535209999999999582e+02 -2.933315400797913974e-01
5.528980000000000246e+02 7.454805465751812577e-01
5.522749999999999773e+02 2.815638651935520542e+00
5.516509999999999536e+02 3.496782382227614949e+00
5.510270000000000437e+02 4.689544846880098206e+00
5.504030000000000200e+02 4.680018773470687066e+00
5.497789999999999964e+02 7.399864054325058227e+00
5.491549999999999727e+02 7.725852684456989472e+00
5.485309999999999491e+02 8.728023731038950572e+00
5.479059999999999491e+02 1.023281830789061964e+01
5.472830000000000155e+02 8.854068463893222329e+00
5.466589999999999918e+02 9.678496070403323159e+00
5.460339999999999918e+02 9.989529359135437048e+00
5.454099999999999682e+02 1.181272594744553572e+01
5.447849999999999682e+02 1.077912998812111489e+01
5.441609999999999445e+02 7.742559669597422811e+00
5.435359999999999445e+02 9.891852276143556111e+00
5.429120000000000346e+02 9.703316021744329944e+00
5.422870000000000346e+02 5.693434080550068721e+00
5.416630000000000109e+02 7.006835234359026110e+00
5.410370000000000346e+02 7.647620196891940836e+00
5.404130000000000109e+02 3.345903690102564276e+00
5.397880000000000109e+02 3.995011062210173325e+00
5.391630000000000109e+02 2.181432338038688634e+00
5.385380000000000109e+02 2.176027491699821681e+00
5.379139999999999873e+02 2.496180897223104989e+00
5.372880000000000109e+02 1.840137085797598271e+00
5.366630000000000109e+02 3.459756559240492191e+00
5.360370000000000346e+02 3.935788649641769776e+00
5.354130000000000109e+02 3.278923537397167465e+00
5.347870000000000346e+02 4.721667578872438042e+00
5.341620000000000346e+02 5.029195286604539739e+00
5.335359999999999445e+02 6.461365972767358912e+00
5.329109999999999445e+02 5.965808351359004114e+00
5.322849999999999682e+02 5.631520763390119200e+00
5.316599999999999682e+02 6.572596760687740236e+00
5.310339999999999918e+02 8.935106762552004867e+00
5.304089999999999918e+02 1.081038431062044580e+01
5.297830000000000155e+02 1.188978900988931287e+01
5.291580000000000155e+02 1.453274496844688457e+01
5.285309999999999491e+02 1.261460330637233263e+01
5.279049999999999727e+02 1.305509953024412972e+01
5.272799999999999727e+02 1.567758155876449422e+01
5.266530000000000200e+02 1.641725622330371692e+01
5.260280000000000200e+02 1.746612954570123932e+01
5.254009999999999536e+02 1.602305742294491608e+01
5.247759999999999536e+02 1.196220895751440771e+01
5.241490000000000009e+02 1.393588777981540083e+01
5.235230000000000246e+02 1.112863365024052520e+01
5.228959999999999582e+02 1.417191024177674841e+01
5.222709999999999582e+02 1.627718751320237445e+01
5.216440000000000055e+02 1.639017074918151806e+01
5.210159999999999627e+02 1.391125441029319099e+01
5.203909999999999627e+02 1.448355557411077044e+01
5.197630000000000337e+02 1.535527365851213766e+01
5.191380000000000337e+02 1.652804049634746519e+01
5.185099999999999909e+02 1.437156750932120808e+01
5.178840000000000146e+02 1.328464676065299166e+01
5.172569999999999482e+02 1.174780228358382139e+01
5.166299999999999955e+02 8.125511588819376740e+00
5.160030000000000427e+02 1.049176896203445608e+01
5.153759999999999764e+02 1.254955888585263857e+01
5.147500000000000000e+02 1.207135556421333789e+01
5.141219999999999573e+02 1.203962452811765615e+01
5.134940000000000282e+02 1.260002903944915076e+01
5.128680000000000518e+02 1.153503957034726390e+01
5.122400000000000091e+02 1.400342921729581036e+01
5.116139999999999759e+02 1.425935314175261759e+01
5.109859999999999900e+02 1.261546427675907900e+01
5.103580000000000041e+02 9.664845968308776847e+00
5.097309999999999945e+02 9.350910851152011816e+00
5.091030000000000086e+02 7.729882998097676428e+00
5.084759999999999991e+02 8.288829208494426837e+00
5.078480000000000132e+02 9.708672050670449138e+00
5.072200000000000273e+02 1.054760711723753097e+01
5.065930000000000177e+02 9.369013871929549708e+00
5.059649999999999750e+02 7.914912071085276501e+00
5.053360000000000127e+02 1.003501209892305468e+01
5.047090000000000032e+02 1.129014377960509563e+01
5.040810000000000173e+02 8.278791721249261215e+00
5.034519999999999982e+02 9.528461890392538436e+00
5.028249999999999886e+02 7.530175767002096343e+00
5.021960000000000264e+02 4.409447056148533939e+00
5.015690000000000168e+02 1.871762618189940719e+00
5.009399999999999977e+02 4.415960162704145320e-02
5.003109999999999786e+02 -3.766671809387830416e-01
4.996840000000000259e+02 -1.070054420019662889e+00
4.990550000000000068e+02 4.592665407350622897e-01
4.984259999999999877e+02 3.231820558490110518e+00
4.977980000000000018e+02 2.805713797773250029e+00
4.971689999999999827e+02 3.212677647920277213e+00
4.965400000000000205e+02 4.030513710112188619e+00
4.959119999999999777e+02 6.896710493000116848e+00
4.952830000000000155e+02 6.743124853805726460e+00
4.946539999999999964e+02 5.905643068712306487e+00
4.940260000000000105e+02 8.612744775782894990e+00
4.933969999999999914e+02 5.874631701465971467e+00
4.927669999999999959e+02 4.776424988162615293e+00
4.921390000000000100e+02 6.786369613575202742e+00
4.915099999999999909e+02 7.575177511479804338e+00
4.908799999999999955e+02 7.555429901159262052e+00
4.902500000000000000e+02 5.126646284840718160e+00
4.896220000000000141e+02 8.447268101911442173e+00
4.889920000000000186e+02 1.042137747794749636e+01
4.883629999999999995e+02 6.941718612135375110e+00
4.877339999999999804e+02 6.527648365413933895e+00
4.871039999999999850e+02 7.432593810382973842e+00
4.864739999999999895e+02 6.753389534232371538e+00
4.858460000000000036e+02 3.454463663473517965e+00
4.852160000000000082e+02 3.182853428738584789e+00
4.845860000000000127e+02 4.609257320077203346e+00
4.839549999999999841e+02 2.123199441300411383e+00
4.833269999999999982e+02 4.971345481668664412e+00
4.826960000000000264e+02 6.771566426357649604e+00
4.820659999999999741e+02 8.819362852002141651e+00
4.814370000000000118e+02 6.861978438723047802e+00
4.808070000000000164e+02 8.768512751379965664e+00
4.801759999999999877e+02 1.245831881490674853e+01
4.795459999999999923e+02 1.408366458818504618e+01
4.789169999999999732e+02 1.404392060045041113e+01
4.782860000000000014e+02 1.324415777568944286e+01
4.776549999999999727e+02 1.067368870322373375e+01
4.770249999999999773e+02 1.165364205502793560e+01
4.763949999999999818e+02 1.023679158436089942e+01
4.757640000000000100e+02 1.522928497879500576e+01
4.751329999999999814e+02 1.405960460602150164e+01
4.745020000000000095e+02 1.452066379331046697e+01
4.738729999999999905e+02 1.173912947428399889e+01
4.732420000000000186e+02 1.083774993461381442e+01
4.726109999999999900e+02 1.315905325145906701e+01
4.719800000000000182e+02 1.398514038622236555e+01
4.713500000000000227e+02 1.370168730593372786e+01
4.707189999999999941e+02 1.415330019917501048e+01
4.700869999999999891e+02 1.105216026946363250e+01
4.694560000000000173e+02 7.481448021673326565e+00
4.688249999999999886e+02 4.539713442922217013e+00
4.681949999999999932e+02 8.531530730358458214e+00
4.675629999999999882e+02 1.092658891926245879e+01
4.669309999999999832e+02 9.688995971481109137e+00
4.663000000000000114e+02 7.615985822194430099e+00
4.656700000000000159e+02 9.151832130944196564e+00
4.650380000000000109e+02 9.962560442706109853e+00
4.644060000000000059e+02 8.742761271345587559e+00
4.637740000000000009e+02 1.180996537262431723e+01
4.631419999999999959e+02 1.355387525627745049e+01
4.625120000000000005e+02 1.386870634045369499e+01
4.618799999999999955e+02 1.206028189043254883e+01
4.612479999999999905e+02 1.167390420341797785e+01
4.606159999999999854e+02 1.351524707389226165e+01
4.599839999999999804e+02 1.324245584092830796e+01
4.593519999999999754e+02 1.168917967800364188e+01
4.587210000000000036e+02 1.386277665226629274e+01
4.580880000000000223e+02 1.266407266462248948e+01
4.574560000000000173e+02 1.193369862315166863e+01
4.568240000000000123e+02 9.825509769627982948e+00
4.561909999999999741e+02 1.037067177290923148e+01
4.555600000000000023e+02 1.034235173856825618e+01
4.549279999999999973e+02 1.179423770417846384e+01
4.542950000000000159e+02 1.118949403654916530e+01
4.536619999999999777e+02 9.795254611742567619e+00
4.530299999999999727e+02 8.974460111992538458e+00
4.523969999999999914e+02 1.109195748621468880e+01
4.517660000000000196e+02 1.027146726775420404e+01
4.511329999999999814e+02 1.136218398313162226e+01
4.505000000000000000e+02 1.132847245588184393e+01
4.498670000000000186e+02 1.185279117464300036e+01
4.492339999999999804e+02 9.371618534229595454e+00
4.486009999999999991e+02 8.235503942778819919e+00
4.479680000000000177e+02 1.152582369381437033e+01
4.473360000000000127e+02 1.116114266588054704e+01
4.467029999999999745e+02 1.057735242553838084e+01
4.460690000000000168e+02 1.251716725790080176e+01
4.454359999999999786e+02 1.127869806935270702e+01
4.448029999999999973e+02 1.091872640334976197e+01
4.441689999999999827e+02 1.186264505173679851e+01
4.435360000000000014e+02 1.301693819626106219e+01
4.429019999999999868e+02 1.524317006996232848e+01
4.422699999999999818e+02 1.315302498336004078e+01
4.416360000000000241e+02 1.482860753534973064e+01
4.410029999999999859e+02 1.467681887873364843e+01
4.403690000000000282e+02 1.335370161961160385e+01
4.397350000000000136e+02 1.331336459130482552e+01
4.391009999999999991e+02 1.295540869653713933e+01
4.384669999999999845e+02 1.048680360878861428e+01
4.378330000000000268e+02 1.119134075380090998e+01
4.371990000000000123e+02 1.031781825926653440e+01
4.365649999999999977e+02 1.101850785594701243e+01
4.359329999999999927e+02 8.585925840540383547e+00
4.352980000000000018e+02 7.103514200767819808e+00
4.346639999999999873e+02 6.978243055379119042e+00
4.340299999999999727e+02 7.266564530917190901e+00
4.333960000000000150e+02 7.244185645680238039e+00
4.327610000000000241e+02 9.892505839522080180e+00
4.321270000000000095e+02 8.940098186500529565e+00
4.314920000000000186e+02 7.381047352356858937e+00
4.308580000000000041e+02 6.645800411019228804e+00
4.302230000000000132e+02 7.335496958295101955e+00
4.295889999999999986e+02 8.425234470538720544e+00
4.289540000000000077e+02 6.986763559070118923e+00
4.283190000000000168e+02 7.869913194694265535e+00
4.276859999999999786e+02 7.846689814698927457e+00
4.270509999999999877e+02 6.722616295576031575e+00
4.264159999999999968e+02 5.606055751104475071e+00
4.257810000000000059e+02 6.680006055043606672e+00
4.251460000000000150e+02 7.450578621092477150e+00
4.245110000000000241e+02 8.906326862916309040e+00
4.238759999999999764e+02 8.976309258213131415e+00
4.232409999999999854e+02 9.830520433725686402e+00
4.226050000000000182e+02 8.626983652032361505e+00
4.219700000000000273e+02 8.794612893143129995e+00
4.213349999999999795e+02 9.058014889042286910e+00
4.206990000000000123e+02 1.038377295502950304e+01
4.200640000000000214e+02 1.044716556835117061e+01
4.194289999999999736e+02 1.156729521985606013e+01
4.187930000000000064e+02 9.326021197212922331e+00
4.181569999999999823e+02 8.818552683720458418e+00
4.175219999999999914e+02 9.361928438521205820e+00
4.168860000000000241e+02 1.141993237459572619e+01
4.162500000000000000e+02 1.242409436848259219e+01
4.156150000000000091e+02 1.257310289297839745e+01
4.149789999999999850e+02 1.290843064550680097e+01
4.143430000000000177e+02 1.324140309756647405e+01
4.137069999999999936e+02 1.189082950713527609e+01
4.130710000000000264e+02 1.380760153557306502e+01
4.124350000000000023e+02 1.469088736636614989e+01
4.117989999999999782e+02 1.538341420543302007e+01
4.111630000000000109e+02 1.477995283287768480e+01
4.105260000000000105e+02 1.418054533075281931e+01
4.098899999999999864e+02 1.459230514365248688e+01
4.092540000000000191e+02 1.253645899494198801e+01
4.086170000000000186e+02 1.267709005725505200e+01
4.079809999999999945e+02 1.345206270598815834e+01
4.073439999999999941e+02 1.286528331473800613e+01
4.067080000000000268e+02 1.228246092470289419e+01
4.060710000000000264e+02 1.367868087671447341e+01
4.054350000000000023e+02 1.166433677159115057e+01
4.047980000000000018e+02 1.189366838622714972e+01
4.041610000000000014e+02 1.149847443737029096e+01
4.035240000000000009e+02 1.234690408861682087e+01
4.028879999999999768e+02 1.045101411910009936e+01
4.022509999999999764e+02 1.129636420145292242e+01
4.016139999999999759e+02 9.328569026122425001e+00
4.009769999999999754e+02 9.472393963446233300e+00
4.003399999999999750e+02 7.435698049252296826e+00
3.997029999999999745e+02 8.974629774751056388e+00
3.990649999999999977e+02 8.424848002163686900e+00
3.984279999999999973e+02 6.757830201937315096e+00
3.977909999999999968e+02 6.305478240259835054e+00
3.971519999999999868e+02 6.110765425499726788e+00
3.965149999999999864e+02 4.810071993786616318e+00
3.958770000000000095e+02 5.474505033161575440e+00
3.952400000000000091e+02 3.589684759088370480e+00
3.946019999999999754e+02 4.930517377765044174e+00
3.939649999999999750e+02 3.480941552594725596e+00
3.933269999999999982e+02 3.301099876641913511e+00
3.926890000000000214e+02 5.214838184319292580e+00
3.920520000000000209e+02 4.863591049922217913e+00
3.914139999999999873e+02 6.343015685842399165e+00
3.907760000000000105e+02 6.403392064968272734e+00
3.901379999999999768e+02 8.527231780657615445e+00
3.895000000000000000e+02 1.039115340647914998e+01
3.888609999999999900e+02 9.373127363926261779e+00
3.882230000000000132e+02 9.585322113414742162e+00
3.875849999999999795e+02 1.052920145515506434e+01
3.869460000000000264e+02 1.138532427776918254e+01
3.863079999999999927e+02 1.239729241641497026e+01
3.856700000000000159e+02 1.299878237638100309e+01
3.850319999999999823e+02 1.367633467797625002e+01
3.843929999999999723e+02 1.234799220859192737e+01
3.837549999999999955e+02 1.310204911293440233e+01
3.831159999999999854e+02 1.265988717833438137e+01
3.824759999999999991e+02 1.245622740321960542e+01
3.818380000000000223e+02 1.193939196918130463e+01
3.811990000000000123e+02 9.932048279083451447e+00
3.805600000000000023e+02 1.099452768511093304e+01
3.799220000000000255e+02 1.048738755615710438e+01
3.792830000000000155e+02 9.282984194916737763e+00
3.786440000000000055e+02 1.002531442747504187e+01
3.780049999999999955e+02 9.216153386313330031e+00
3.773650000000000091e+02 9.493381182782675509e+00
3.767259999999999991e+02 1.229812762024733708e+01
3.760860000000000127e+02 1.202465181542670258e+01
3.754470000000000027e+02 1.449494340979880391e+01
3.748079999999999927e+02 1.429072592287596244e+01
3.741689999999999827e+02 1.499524236908745500e+01
3.735299999999999727e+02 1.577112534862780002e+01
3.728890000000000100e+02 1.594115848585583883e+01
3.722500000000000000e+02 1.468596179715635230e+01
3.716100000000000136e+02 1.657146104910950157e+01
3.709710000000000036e+02 1.517500615459650604e+01
3.703310000000000173e+02 1.452980908038198926e+01
3.696909999999999741e+02 1.403377574243697445e+01
3.690500000000000114e+02 1.434957786779262889e+01
3.684110000000000014e+02 1.356571110012779258e+01
3.677710000000000150e+02 1.322441092476802460e+01
3.671309999999999718e+02 1.259462523237150755e+01
3.664909999999999854e+02 1.443183648845403333e+01
3.658509999999999991e+02 1.329605942677924624e+01
3.652099999999999795e+02 1.324808736988814317e+01
3.645699999999999932e+02 1.484627998303332852e+01
3.639300000000000068e+02 1.450643626957248600e+01
3.632900000000000205e+02 1.431022355271954716e+01
3.626490000000000009e+02 1.461110541781270733e+01
3.620079999999999814e+02 1.420530170579161755e+01
3.613670000000000186e+02 1.394161510228832590e+01
3.607269999999999754e+02 1.290986960076654100e+01
3.600869999999999891e+02 1.328081453294105607e+01
3.594460000000000264e+02 1.198107244026391172e+01
3.588039999999999736e+02 1.103332562118522553e+01
3.581639999999999873e+02 1.064799284472902308e+01
3.575230000000000246e+02 9.783426926667887713e+00
3.568829999999999814e+02 1.097836300048956026e+01
3.562420000000000186e+02 1.059625578465441187e+01
3.556000000000000227e+02 1.076134488429987179e+01
3.549590000000000032e+02 1.126231025612350045e+01
3.543179999999999836e+02 1.014030688967225657e+01
3.536770000000000209e+02 1.043877154518016326e+01
3.530350000000000250e+02 1.193855178315918941e+01
3.523940000000000055e+02 1.229349839421539770e+01
3.517520000000000095e+02 1.224674804552479834e+01
3.511109999999999900e+02 9.882893092902776289e+00
3.504689999999999941e+02 1.070277162992578290e+01
3.498269999999999982e+02 1.099018085361951869e+01
3.491859999999999786e+02 1.075180297412077657e+01
3.485450000000000159e+02 1.051572165552704874e+01
3.479019999999999868e+02 1.027919467849752522e+01
3.472599999999999909e+02 9.593299048808026086e+00
3.466190000000000282e+02 9.427312941683204883e+00
3.459769999999999754e+02 9.133988857098465530e+00
3.453340000000000032e+02 9.930138964139953117e+00
3.446929999999999836e+02 1.040109153059866998e+01
3.440509999999999877e+02 9.979609310278673817e+00
3.434089999999999918e+02 9.814243887820190082e+00
3.427660000000000196e+02 9.146698470870648023e+00
3.421240000000000236e+02 1.042797581465082857e+01
3.414820000000000277e+02 1.069935511403115136e+01
3.408399999999999750e+02 1.059453768168626020e+01
3.401970000000000027e+02 1.111132033570039468e+01
3.395539999999999736e+02 1.119077221526889332e+01
3.389119999999999777e+02 1.083872761068171009e+01
3.382690000000000055e+02 1.110316354174429598e+01
3.376259999999999764e+02 1.258351497877630720e+01
3.369839999999999804e+02 1.350559241013366929e+01
3.363419999999999845e+02 1.290775226272151954e+01
3.356979999999999791e+02 1.207224363973242554e+01
3.350550000000000068e+02 1.184414859686428478e+01
3.344130000000000109e+02 1.125939211399823314e+01
3.337690000000000055e+02 1.139191520594574669e+01
3.331259999999999764e+02 1.164292272502776271e+01
3.324830000000000041e+02 1.319042263363139256e+01
3.318389999999999986e+02 1.243275200890413679e+01
3.311960000000000264e+02 1.337768262460287971e+01
3.305539999999999736e+02 1.291491066216972072e+01
3.299110000000000014e+02 1.367599789073451078e+01
3.292660000000000196e+02 1.414179368689347349e+01
3.286229999999999905e+02 1.489151774198715295e+01
3.279800000000000182e+02 1.460167741689206267e+01
3.273360000000000127e+02 1.414051756510183644e+01
3.266929999999999836e+02 1.277353126375815506e+01
3.260489999999999782e+02 1.249431154310279446e+01
3.254049999999999727e+02 1.216051136362398033e+01
3.247610000000000241e+02 1.278548970563308274e+01
3.241179999999999950e+02 1.228468117506663049e+01
3.234730000000000132e+02 1.256826248575845106e+01
3.228290000000000077e+02 1.257138012146814177e+01
3.221840000000000259e+02 1.357121991808836192e+01
3.215409999999999968e+02 1.362423789490686232e+01
3.208969999999999914e+02 1.471881286252394894e+01
3.202520000000000095e+02 1.531417508328607724e+01
3.196080000000000041e+02 1.519505317339602257e+01
3.189639999999999986e+02 1.561879310009099520e+01
3.183190000000000168e+02 1.625456068056830361e+01
3.176750000000000114e+02 1.521951595358156162e+01
3.170310000000000059e+02 1.360559290750456540e+01
3.163860000000000241e+02 1.354594792303320716e+01
3.157420000000000186e+02 1.317131853978283651e+01
3.150980000000000132e+02 1.232321789417611235e+01
3.144519999999999982e+02 1.205965842212311223e+01
3.138079999999999927e+02 1.164205578754823200e+01
3.131619999999999777e+02 1.138351546648376811e+01
3.125179999999999723e+02 1.102308556320574695e+01
3.118729999999999905e+02 1.113034187121590257e+01
3.112269999999999754e+02 1.293627972393562686e+01
3.105830000000000268e+02 1.211162225908139334e+01
3.099370000000000118e+02 1.175286745330225457e+01
3.092919999999999732e+02 1.185492903044030832e+01
3.086469999999999914e+02 1.149998507477855902e+01
3.080009999999999764e+02 1.250790790670594888e+01
3.073570000000000277e+02 1.305476799042925684e+01
3.067099999999999795e+02 1.319870434310721130e+01
3.060649999999999977e+02 1.294152674020027938e+01
3.054200000000000159e+02 1.283473793233512694e+01
3.047740000000000009e+02 1.272986128426647312e+01
3.041290000000000191e+02 1.262548360954142268e+01
3.034820000000000277e+02 1.393670764867088963e+01
3.028369999999999891e+02 1.475043811431811491e+01
3.021920000000000073e+02 1.536174200265662471e+01
3.015450000000000159e+02 1.486106932478213594e+01
3.008999999999999773e+02 1.383483950548492381e+01
3.002529999999999859e+02 1.515936056392029840e+01
2.996080000000000041e+02 1.452089536785679336e+01
2.989610000000000127e+02 1.379197230936952501e+01
2.983149999999999977e+02 1.495691232929096337e+01
2.976700000000000159e+02 1.428005841160503131e+01
2.970230000000000246e+02 1.430848486924608132e+01
2.963770000000000095e+02 1.335956363426829618e+01
2.957300000000000182e+02 1.302229246585669564e+01
2.950840000000000032e+02 1.337799973129190079e+01
2.944370000000000118e+02 1.235386244207168005e+01
2.937909999999999968e+02 1.270860914910792516e+01
2.931429999999999723e+02 1.483221085065899203e+01
2.924970000000000141e+02 1.471933515863735664e+01
2.918500000000000227e+02 1.397616895687910699e+01
2.912040000000000077e+02 1.368761132242057599e+01
2.905570000000000164e+02 1.429276388589447855e+01
2.899100000000000250e+02 1.507216672345459685e+01
2.892629999999999768e+02 1.623961987366548243e+01
2.886159999999999854e+02 1.691338335424773831e+01
2.879689999999999941e+02 1.736054264281046144e+01
2.873210000000000264e+02 1.736691164530772369e+01
2.866750000000000114e+02 1.711208889869111971e+01
2.860269999999999868e+02 1.798269087152678480e+01
2.853799999999999955e+02 1.824215243940759024e+01
2.847320000000000277e+02 1.798536721108995096e+01
2.840849999999999795e+02 1.879455224610611097e+01
2.834370000000000118e+02 1.913042988327971017e+01
2.827900000000000205e+02 1.992493674121521252e+01
2.821419999999999959e+02 2.058717275825518200e+01
2.814950000000000045e+02 2.086411214512369483e+01
2.808469999999999800e+02 2.159758450709481536e+01
2.801990000000000123e+02 2.083235291642874643e+01
2.795509999999999877e+02 2.032030384895362474e+01
2.789039999999999964e+02 2.051115776188686013e+01
2.782549999999999955e+02 2.045218276192359497e+01
2.776080000000000041e+02 2.043530072162766942e+01
2.769590000000000032e+02 2.009387926819166026e+01
2.763120000000000118e+02 2.043840200884002556e+01
2.756630000000000109e+02 2.001969531305518402e+01
2.750149999999999864e+02 2.031966959839346387e+01
2.743659999999999854e+02 2.196505416013087952e+01
2.737189999999999941e+02 2.319786666517666518e+01
2.730699999999999932e+02 2.347734796679829827e+01
2.724220000000000255e+02 2.308791130385488444e+01
2.717730000000000246e+02 2.250836129166026822e+01
2.711240000000000236e+02 2.204895577672398588e+01
2.704759999999999991e+02 2.132531796564684612e+01
2.698260000000000218e+02 2.164029060254663150e+01
2.691779999999999973e+02 2.229461444287653293e+01
2.685289999999999964e+02 2.116017101661268995e+01
2.678809999999999718e+02 2.082760441898257397e+01
2.672309999999999945e+02 2.042380948168502641e+01
2.665830000000000268e+02 2.080635651532652020e+01
2.659329999999999927e+02 2.218755622121534898e+01
2.652839999999999918e+02 2.274144626620307363e+01
2.646349999999999909e+02 2.365586298460100068e+01
2.639850000000000136e+02 2.298745771601074495e+01
2.633369999999999891e+02 2.265142410085725544e+01
2.626870000000000118e+02 2.318838364426442666e+01
2.620380000000000109e+02 2.260231239296953021e+01
2.613879999999999768e+02 2.345363484051573622e+01
2.607400000000000091e+02 2.290709672622749693e+01
2.600899999999999750e+02 2.183055766793185626e+01
2.594390000000000214e+02 2.231750905902448068e+01
2.587900000000000205e+02 2.181542782585305318e+01
2.581399999999999864e+02 2.180725443319419554e+01
2.574909999999999854e+02 2.155520387018855644e+01
2.568410000000000082e+02 2.251444227880416449e+01
2.561899999999999977e+02 2.322279100330053581e+01
2.555409999999999968e+02 2.272452961912887659e+01
2.548899999999999864e+02 2.314987463906217968e+01
2.542410000000000139e+02 2.306259821592381343e+01
2.535910000000000082e+02 2.223335945445526818e+01
2.529399999999999977e+02 2.218232756855717014e+01
2.522899999999999920e+02 2.243253493682435007e+01
2.516399999999999864e+02 2.307460388282147079e+01
2.509900000000000091e+02 2.199556685470481554e+01
2.503389999999999986e+02 2.200908093722906145e+01
2.496879999999999882e+02 2.244626581989520275e+01
2.490380000000000109e+02 2.248699013418069725e+01
2.483870000000000005e+02 2.310837144519474862e+01
2.477359999999999900e+02 2.365732941762473729e+01
2.470860000000000127e+02 2.330611536149365648e+01
2.464350000000000023e+02 2.394138560143385064e+01
2.457849999999999966e+02 2.286382135040724251e+01
2.451330000000000098e+02 2.333582734255232083e+01
2.444819999999999993e+02 2.283331975249667423e+01
2.438319999999999936e+02 2.239843659627016592e+01
2.431800000000000068e+02 2.205811461780787752e+01
2.425289999999999964e+02 2.193662450772297845e+01
2.418779999999999859e+02 2.273071647816657048e+01
2.412270000000000039e+02 2.324317295644819481e+01
2.405749999999999886e+02 2.263129554840080360e+01
2.399240000000000066e+02 2.352538500730201676e+01
2.392719999999999914e+02 2.339465284040606008e+01
2.386200000000000045e+02 2.376808340407603737e+01
2.379699999999999989e+02 2.357553589583223541e+01
2.373180000000000121e+02 2.414709185004670999e+01
2.366670000000000016e+02 2.401154696619491702e+01
2.360149999999999864e+02 2.390388933487817624e+01
2.353629999999999995e+02 2.428787447064220473e+01
2.347100000000000080e+02 2.509650714587392528e+01
2.340600000000000023e+02 2.486726094741851512e+01
2.334070000000000107e+02 2.466805731950978853e+01
2.327549999999999955e+02 2.551444365067146691e+01
2.321040000000000134e+02 2.612461678976400847e+01
2.314509999999999934e+02 2.589022537156469284e+01
2.307980000000000018e+02 2.646040440064214394e+01
2.301469999999999914e+02 2.630710091490875158e+01
2.294939999999999998e+02 2.587944965281275245e+01
2.288420000000000130e+02 2.526492482539650197e+01
2.281899999999999977e+02 2.606501983084014640e+01
2.275370000000000061e+02 2.663862078590972260e+01
2.268839999999999861e+02 2.691039887578127932e+01
2.262330000000000041e+02 2.741575201116730298e+01
2.255800000000000125e+02 2.809979286934153819e+01
2.249269999999999925e+02 2.795923104461708064e+01
2.242729999999999961e+02 2.800223318615604384e+01
2.236220000000000141e+02 2.850999738007856976e+01
2.229679999999999893e+02 2.857190114697636218e+01
2.223149999999999977e+02 2.868157930000000277e+01
2.216630000000000109e+02 2.817843565308684717e+01
2.210099999999999909e+02 2.762656032937453432e+01
2.203559999999999945e+02 2.705522962931293307e+01
2.197019999999999982e+02 2.674045604214047245e+01
2.190500000000000114e+02 2.675155620004960610e+01
2.183969999999999914e+02 2.663743229785489675e+01
2.177429999999999950e+02 2.644925511496751724e+01
2.170889999999999986e+02 2.650638346627882669e+01
2.164370000000000118e+02 2.597804822783586332e+01
2.157829999999999870e+02 2.625189364039422557e+01
2.151289999999999907e+02 2.589635252482197814e+01
2.144749999999999943e+02 2.645019605495884463e+01
2.138220000000000027e+02 2.635599325557673112e+01
2.131680000000000064e+02 2.630810521014527836e+01
2.125140000000000100e+02 2.635329006352694847e+01
2.118600000000000136e+02 2.583841317876154164e+01
2.112069999999999936e+02 2.622991954848222917e+01
2.105529999999999973e+02 2.592550643498563545e+01
2.098979999999999961e+02 2.564590350813536901e+01
2.092439999999999998e+02 2.520938236106772123e+01
2.085910000000000082e+02 2.507082938979759490e+01
2.079360000000000070e+02 2.488732948594894623e+01
2.072820000000000107e+02 2.466013306978596376e+01
2.066270000000000095e+02 2.403682569248232426e+01
2.059739999999999895e+02 2.431992359799146897e+01
2.053189999999999884e+02 2.413942198289518615e+01
2.046639999999999873e+02 2.378713107160884732e+01
2.040089999999999861e+02 2.371724523041356036e+01
2.033540000000000134e+02 2.358208678390860058e+01
2.027009999999999934e+02 2.283339163889384693e+01
2.020459999999999923e+02 2.251284875772533312e+01
2.013909999999999911e+02 2.194438170128849208e+01
2.007350000000000136e+02 2.229767763645126522e+01
2.000800000000000125e+02 2.200362532741119637e+01
1.994259999999999877e+02 2.146600891529200439e+01
1.987709999999999866e+02 2.134202790902669022e+01
1.981160000000000139e+02 2.107693309588218966e+01
1.974600000000000080e+02 2.125545414041792469e+01
1.968050000000000068e+02 2.073134279096321464e+01
1.961510000000000105e+02 2.053159632646281807e+01
1.954950000000000045e+02 2.088396350945067326e+01
1.948389999999999986e+02 2.036815195676005530e+01
1.941839999999999975e+02 2.003368814636824524e+01
1.935279999999999916e+02 2.010772354987317101e+01
1.928739999999999952e+02 2.023670155989971420e+01
1.922179999999999893e+02 2.005781292918898018e+01
1.915620000000000118e+02 2.044736356017504875e+01
1.909060000000000059e+02 2.101774146373968222e+01
1.902500000000000000e+02 2.118762215319805975e+01
1.895939999999999941e+02 2.076003197244075338e+01
1.889389999999999930e+02 2.114597202685204991e+01
1.882829999999999870e+02 2.139783955472917398e+01
1.876270000000000095e+02 2.168006089416694238e+01
1.869699999999999989e+02 2.145320645027112150e+01
1.863139999999999930e+02 2.129957970962491842e+01
1.856570000000000107e+02 2.082642625222687371e+01
1.850010000000000048e+02 2.046518410137081645e+01
1.843460000000000036e+02 2.063174310760443220e+01
1.836889999999999930e+02 2.091538456063087636e+01
1.830329999999999870e+02 2.117551286668921762e+01
1.823760000000000048e+02 2.126028598759480914e+01
1.817189999999999941e+02 2.100211962274023847e+01
1.810620000000000118e+02 2.189168805267390994e+01
1.804050000000000011e+02 2.251585061542414223e+01
1.797500000000000000e+02 2.269591755595056526e+01
1.790929999999999893e+02 2.318633749397930899e+01
1.784360000000000070e+02 2.309443192688275204e+01
1.777789999999999964e+02 2.322913274161923880e+01
1.771220000000000141e+02 2.321500748161454197e+01
1.764650000000000034e+02 2.321514330418282057e+01
1.758069999999999879e+02 2.327620760998411598e+01
1.751500000000000057e+02 2.295704883169117139e+01
1.744939999999999998e+02 2.304672886597449732e+01
1.738369999999999891e+02 2.341225798184811069e+01
1.731790000000000020e+02 2.358524525556249785e+01
1.725219999999999914e+02 2.384587370892616320e+01
1.718640000000000043e+02 2.420560394604639853e+01
1.712059999999999889e+02 2.445208657752317194e+01
1.705490000000000066e+02 2.461859740552266373e+01
1.698909999999999911e+02 2.464656280339541894e+01
1.692330000000000041e+02 2.443726882731580119e+01
1.685749999999999886e+02 2.419976677895668615e+01
1.679190000000000111e+02 2.435463396464928110e+01
1.672609999999999957e+02 2.411700495272392075e+01
1.666030000000000086e+02 2.446353581591781179e+01
1.659449999999999932e+02 2.397055763604931755e+01
1.652870000000000061e+02 2.337143503999542204e+01
1.646279999999999859e+02 2.329247746915345019e+01
1.639699999999999989e+02 2.344652804186493356e+01
1.633120000000000118e+02 2.374607305955457903e+01
1.626539999999999964e+02 2.367298569493855354e+01
1.619950000000000045e+02 2.326287452945821954e+01
1.613369999999999891e+02 2.305712052647704624e+01
1.606779999999999973e+02 2.261449248254061573e+01
1.600190000000000055e+02 2.253029251409954981e+01
1.593609999999999900e+02 2.257539386942798032e+01
1.587040000000000077e+02 2.248882143119519483e+01
1.580449999999999875e+02 2.251544100911977608e+01
1.573859999999999957e+02 2.229898003641766380e+01
1.567270000000000039e+02 2.233472928894476794e+01
1.560680000000000121e+02 2.211894482140388263e+01
1.554089999999999918e+02 2.203939558790069952e+01
1.547500000000000000e+02 2.202039568151270643e+01
1.540910000000000082e+02 2.180557990665592172e+01
1.534319999999999879e+02 2.171192848877020154e+01
1.527729999999999961e+02 2.160562765496101534e+01
1.521140000000000043e+02 2.134523837614141328e+01
1.514540000000000077e+02 2.121509547806061846e+01
1.507949999999999875e+02 2.108528544385121251e+01
1.501359999999999957e+02 2.166779276612656346e+01
1.494759999999999991e+02 2.178211216310376486e+01
1.488170000000000073e+02 2.175551340807157530e+01
1.481570000000000107e+02 2.208535375659926459e+01
1.474970000000000141e+02 2.194112776418158717e+01
1.468379999999999939e+02 2.206035410515356432e+01
1.461779999999999973e+02 2.206528252778634780e+01
1.455180000000000007e+02 2.231587840143669155e+01
1.448580000000000041e+02 2.231286283652224256e+01
1.441980000000000075e+02 2.175714323891045154e+01
1.435380000000000109e+02 2.186969778889532279e+01
1.428779999999999859e+02 2.188310754877639752e+01
1.422179999999999893e+02 2.207948714803155355e+01
1.415579999999999927e+02 2.206470870822843366e+01
1.408979999999999961e+02 2.199735447511272923e+01
1.402379999999999995e+02 2.190824782838111062e+01
1.395769999999999982e+02 2.177745469730907857e+01
1.389170000000000016e+02 2.194160507112819758e+01
1.382560000000000002e+02 2.240936776645290252e+01
1.375960000000000036e+02 2.262539706332232115e+01
1.369350000000000023e+02 2.277618534755615443e+01
1.362750000000000057e+02 2.275173355303940781e+01
1.356140000000000043e+02 2.294801715138579468e+01
1.349540000000000077e+02 2.311007044498233753e+01
1.342930000000000064e+02 2.352122016652846526e+01
1.336320000000000050e+02 2.391231177381120077e+01
1.329710000000000036e+02 2.409392092998881907e+01
1.323100000000000023e+02 2.415272699735798767e+01
1.316490000000000009e+02 2.455039447116849871e+01
1.309879999999999995e+02 2.457855891855570363e+01
1.303269999999999982e+02 2.454222479816254676e+01
1.296659999999999968e+02 2.490426302512382861e+01
1.290049999999999955e+02 2.496736473959480307e+01
1.283420000000000130e+02 2.485772181463537223e+01
1.276809999999999974e+02 2.480541969464323060e+01
1.270190000000000055e+02 2.496976432793220724e+01
1.263580000000000041e+02 2.458476226616807736e+01
1.256959999999999980e+02 2.412334505069487633e+01
1.250349999999999966e+02 2.406471841107099507e+01
1.243730000000000047e+02 2.390847125085598535e+01
1.237120000000000033e+02 2.366610454593041624e+01
1.230499999999999972e+02 2.357816366003824271e+01
1.223880000000000052e+02 2.339004742685145288e+01
1.217259999999999991e+02 2.284868295805058835e+01
1.210639999999999930e+02 2.221860003069386380e+01
1.204030000000000058e+02 2.205343296763195582e+01
1.197409999999999997e+02 2.177158475009251148e+01
1.190780000000000030e+02 2.109732779227811150e+01
1.184150000000000063e+02 2.080933017032621635e+01
1.177530000000000001e+02 2.038455318108491454e+01
1.170909999999999940e+02 1.986214511462654286e+01
1.164279999999999973e+02 1.935365193970748621e+01
1.157660000000000053e+02 1.906325123897443774e+01
1.151039999999999992e+02 1.871529282460909016e+01
1.144410000000000025e+02 1.823266723725537020e+01
1.137789999999999964e+02 1.777706908333054159e+01
1.131159999999999997e+02 1.758069386529612999e+01
1.124539999999999935e+02 1.728309149332367056e+01
1.117890000000000015e+02 1.696854562372928399e+01
1.111269999999999953e+02 1.680965432670826587e+01
1.104639999999999986e+02 1.647134964380845901e+01
1.098010000000000019e+02 1.616808821604559654e+01
1.091380000000000052e+02 1.581993941004521531e+01
1.084749999999999943e+02 1.560199434766096793e+01
1.078119999999999976e+02 1.504597627205989419e+01
1.071490000000000009e+02 1.467980637881771955e+01
1.064849999999999994e+02 1.395202004148722530e+01
1.058209999999999980e+02 1.333057630425492412e+01
1.051580000000000013e+02 1.258792659650646328e+01
1.044950000000000045e+02 1.229022492708162062e+01
1.038319999999999936e+02 1.171415978287300064e+01
1.031680000000000064e+02 1.120371476169415281e+01
1.025049999999999955e+02 1.073012306476978495e+01
1.018400000000000034e+02 1.049028251468735284e+01
1.011760000000000019e+02 1.014055108036837716e+01
1.005130000000000052e+02 1.013870244758782313e+01
9.984900000000000375e+01 1.005381733023308399e+01
9.918529999999999802e+01 9.924054828865765288e+00
9.852150000000000318e+01 9.760146495223052554e+00
9.785769999999999413e+01 9.930904053989518587e+00
9.719230000000000302e+01 1.015191033343872462e+01
9.652830000000000155e+01 1.034904296806892887e+01
9.586430000000000007e+01 1.048256871359658149e+01
9.520029999999999859e+01 1.068694788873369461e+01
9.453610000000000468e+01 1.101222410681941000e+01
9.387199999999999989e+01 1.132561680418784711e+01
9.320619999999999550e+01 1.149182676913074985e+01
9.254200000000000159e+01 1.169243833915971464e+01
9.187760000000000105e+01 1.162087645271795111e+01
9.121320000000000050e+01 1.162661405102736900e+01
9.054879999999999995e+01 1.153430665867226779e+01
8.988280000000000314e+01 1.166355517880298187e+01
8.921819999999999595e+01 1.159384802592515484e+01
8.855360000000000298e+01 1.142342559442821326e+01
8.788890000000000668e+01 1.124699239219099667e+01
8.722419999999999618e+01 1.134629125940071326e+01
8.655939999999999657e+01 1.139767979159218569e+01
8.589300000000000068e+01 1.151374240425957041e+01
8.522809999999999775e+01 1.147591712635665040e+01
8.456319999999999482e+01 1.151814365542840157e+01
8.389820000000000277e+01 1.139190775032259140e+01
8.323160000000000025e+01 1.138694211996793371e+01
8.256650000000000489e+01 1.130993780464386944e+01
8.190130000000000621e+01 1.132464135399684046e+01
8.123609999999999332e+01 1.124893856354945321e+01
8.057080000000000553e+01 1.099828872025880599e+01
7.990389999999999304e+01 1.092396474957485530e+01
7.923850000000000193e+01 1.090785190759226531e+01
7.857299999999999329e+01 1.092112652544172846e+01
7.790749999999999886e+01 1.088365048556599213e+01
7.724039999999999395e+01 1.079209016767049256e+01
7.657479999999999620e+01 1.075507737939664032e+01
7.590909999999999513e+01 1.053515712124026926e+01
7.524339999999999407e+01 1.049649040227205887e+01
7.457760000000000389e+01 1.039314818127221152e+01
7.391020000000000323e+01 1.011334366811795071e+01
7.324429999999999552e+01 9.938733427629466988e+00
7.257829999999999870e+01 9.641214021685676983e+00
7.191230000000000189e+01 9.416836741931367882e+00
7.124469999999999459e+01 9.281793898983423219e+00
7.057850000000000534e+01 9.085001744635759380e+00
6.991230000000000189e+01 9.027441258116748912e+00
6.924609999999999843e+01 8.785579204109390972e+00
6.857829999999999870e+01 8.650384102945420040e+00
6.791190000000000282e+01 8.498221697729757551e+00
6.724550000000000693e+01 8.303656017864918581e+00
6.657750000000000057e+01 8.155918639294647221e+00
6.591100000000000136e+01 7.933529944488681096e+00
6.524439999999999884e+01 7.791628849842685334e+00
6.457769999999999300e+01 7.606929070114273550e+00
6.390950000000000131e+01 7.398186913945281162e+00
6.324269999999999925e+01 7.255336452104505618e+00
6.257589999999999719e+01 7.150671680361753602e+00
6.190899999999999892e+01 7.032245545934276976e+00
6.124060000000000059e+01 6.889159639214145869e+00
6.057359999999999900e+01 6.762496592949355012e+00
5.990659999999999741e+01 6.641916867606230568e+00
5.923799999999999955e+01 6.418290357760105813e+00
5.857079999999999842e+01 6.188103352437352100e+00
5.790359999999999729e+01 6.071980744342611480e+00
5.723629999999999995e+01 5.907401412513392458e+00
5.656750000000000256e+01 5.703967304618582368e+00
5.590010000000000190e+01 5.587939816235769186e+00
5.523270000000000124e+01 5.431194509679371230e+00
5.456360000000000099e+01 5.307153295401923820e+00
5.389609999999999701e+01 5.206106819215457371e+00
5.322849999999999682e+01 5.144737339311868496e+00
5.255930000000000035e+01 5.108606509705657217e+00
5.189159999999999684e+01 4.936015192050350997e+00
5.122379999999999711e+01 4.842940132713358103e+00
5.055440000000000111e+01 4.735272224867880908e+00
4.988660000000000139e+01 4.599140311331109565e+00
4.921860000000000213e+01 4.460520023562575709e+00
4.854910000000000281e+01 4.330840664627535475e+00
4.788100000000000023e+01 4.244875864752184036e+00
4.721289999999999765e+01 4.129931610814876919e+00
4.654319999999999879e+01 3.990206543761579905e+00
4.587500000000000000e+01 3.892596185120667407e+00
4.520669999999999789e+01 3.733823477085247422e+00
4.453679999999999950e+01 3.621266569711941496e+00
4.386840000000000117e+01 3.517683672913905824e+00
4.320000000000000284e+01 3.452518093633317964e+00
4.252989999999999782e+01 3.329385732195580427e+00
4.186129999999999995e+01 3.200785789991902774e+00
4.119270000000000209e+01 3.050655444047809084e+00
4.052250000000000085e+01 2.943443685718100333e+00
3.985379999999999967e+01 2.854623606371982092e+00
3.918500000000000227e+01 2.780595208920242367e+00
3.851460000000000150e+01 2.685722719661352009e+00
3.784570000000000078e+01 2.586945281527349039e+00
3.717519999999999669e+01 2.476049695103066828e+00
3.650619999999999976e+01 2.374624859482445061e+00
3.583709999999999951e+01 2.296387838614261767e+00
3.516640000000000299e+01 2.216332559409742498e+00
3.449719999999999942e+01 2.118159372654693673e+00
3.382800000000000296e+01 2.037121064911686652e+00
3.315709999999999980e+01 1.939326654596961186e+00
3.248780000000000001e+01 1.826143091901823556e+00
3.181680000000000064e+01 1.741627135488152289e+00
3.114730000000000132e+01 1.670169030612315586e+00
3.047779999999999845e+01 1.610022748580050456e+00
2.980669999999999931e+01 1.506665165852766775e+00
2.913700000000000045e+01 1.437726132522495703e+00
2.846730000000000160e+01 1.375288760309573588e+00
2.779599999999999937e+01 1.289565910660589010e+00
2.712620000000000076e+01 1.220444391618516589e+00
2.645479999999999876e+01 1.157458054904007438e+00
2.578490000000000038e+01 1.089824360174092233e+00
2.511329999999999885e+01 1.013357536456358066e+00
2.444330000000000069e+01 9.382623596131685062e-01
2.377319999999999922e+01 8.855494944278624603e-01
2.310150000000000148e+01 8.131381023715745782e-01
2.243130000000000024e+01 7.535761059886757485e-01
2.175949999999999918e+01 6.968323842240231603e-01
2.108909999999999840e+01 6.399427602581597707e-01
2.041870000000000118e+01 5.913528648183681291e-01
1.974680000000000035e+01 5.345154315929099287e-01
1.907629999999999981e+01 4.890450052684115478e-01
1.840419999999999945e+01 4.477672787451968950e-01
1.773349999999999937e+01 4.047924674763204722e-01
1.706129999999999924e+01 3.727662212321068980e-01
1.639059999999999917e+01 3.344353172091669157e-01
1.571979999999999933e+01 3.026510446218654282e-01
1.504739999999999966e+01 2.757503690456716283e-01
1.437650000000000006e+01 2.481956862281134990e-01
1.370410000000000039e+01 2.258677180673755447e-01
1.303299999999999947e+01 2.005692240538392013e-01
1.236040000000000028e+01 1.786552919413729457e-01
1.168929999999999936e+01 1.578690815662818769e-01
1.101660000000000039e+01 1.415271979200874441e-01
1.034529999999999994e+01 1.306263782810950236e-01
9.672489999999999810e+00 1.183343438406626730e-01
9.001129999999999853e+00 1.064423110402916567e-01
8.329710000000000392e+00 9.396835816693344112e-02
7.656710000000000349e+00 8.420496515136319249e-02
6.985170000000000101e+00 7.996848898476935363e-02
6.312050000000000161e+00 7.370397487450187912e-02
5.640399999999999636e+00 6.582007862832074674e-02
4.967170000000000307e+00 5.564005824953236617e-02
4.295410000000000394e+00 4.457334576134260040e-02
3.622059999999999835e+00 3.381618644984954458e-02
2.950180000000000025e+00 2.374739891877023640e-02
2.276720000000000077e+00 1.500456239361716571e-02
1.604729999999999990e+00 7.778229876307493802e-03
9.311519999999999797e-01 2.641299590234291294e-03
2.590439999999999965e-01 2.026105988783950763e-04
