4.498670000000000186e+02 6.748574563078391228e-04
4.492339999999999804e+02 1.056063101537066395e-03
4.486009999999999991e+02 8.621538499838346699e-04
4.479680000000000177e+02 1.050254448168462442e-03
4.473360000000000127e+02 1.236115044445976934e-03
4.467029999999999745e+02 1.747652903011741050e-03
4.460690000000000168e+02 1.805510748299859547e-03
4.454359999999999786e+02 1.659222700438688731e-03
4.448029999999999973e+02 1.707105961500648408e-03
4.441689999999999827e+02 1.577596139221038680e-03
4.435360000000000014e+02 1.526501701432454207e-03
4.429019999999999868e+02 1.337124384727926898e-03
4.422699999999999818e+02 1.395450434768912831e-03
4.416360000000000241e+02 1.392320970015933955e-03
4.410029999999999859e+02 1.387646199142106426e-03
4.403690000000000282e+02 1.300930923414789350e-03
4.397350000000000136e+02 1.205424919421143682e-03
4.391009999999999991e+02 1.247823566390408867e-03
4.384669999999999845e+02 1.006769263112269192e-03
4.378330000000000268e+02 6.947401124147403913e-04
4.371990000000000123e+02 1.028641855762036516e-04
4.365649999999999977e+02 -3.053134881695290337e-04
4.359329999999999927e+02 -6.288493556835379706e-04
4.352980000000000018e+02 -6.274378356019699992e-04
4.346639999999999873e+02 -6.618689321244671572e-04
4.340299999999999727e+02 -6.603586653996142012e-04
4.333960000000000150e+02 -6.704772138702795028e-04
4.327610000000000241e+02 -6.491077123320548913e-04
4.321270000000000095e+02 -6.562005097132250905e-04
4.314920000000000186e+02 -6.546879903657030087e-04
4.308580000000000041e+02 -6.494706476543722715e-04
4.302230000000000132e+02 -6.498185244574177389e-04
4.295889999999999986e+02 -6.475783084766986112e-04
4.289540000000000077e+02 -6.453398697791782419e-04
4.283190000000000168e+02 -6.614343282285834423e-04
4.276859999999999786e+02 -6.745094526545127251e-04
4.270509999999999877e+02 -7.417963701122517973e-04
4.264159999999999968e+02 -7.109330433316758853e-04
4.257810000000000059e+02 -5.099461884263294977e-04
4.251460000000000150e+02 -1.002237167328673981e-04
4.245110000000000241e+02 4.144572455336249187e-04
4.238759999999999764e+02 1.268411618218112224e-03
4.232409999999999854e+02 1.792194366528971445e-03
4.226050000000000182e+02 1.957246764022159500e-03
4.219700000000000273e+02 1.443115158084263584e-03
4.213349999999999795e+02 7.626657197597198597e-04
4.206990000000000123e+02 8.620665621304468551e-05
4.200640000000000214e+02 -2.584496179423849296e-04
4.194289999999999736e+02 -3.414208117012404496e-04
4.187930000000000064e+02 -2.986652146438093869e-04
4.181569999999999823e+02 -5.254612619770150216e-04
4.175219999999999914e+02 -6.281638190594488955e-04
4.168860000000000241e+02 -7.545817108551138583e-04
4.162500000000000000e+02 -7.571835672476180494e-04
4.156150000000000091e+02 -7.791165630716685546e-04
4.149789999999999850e+02 -6.906449559114330406e-04
4.143430000000000177e+02 -6.452905428437645920e-04
4.137069999999999936e+02 -6.132138596413408979e-04
4.130710000000000264e+02 -6.113703402625680905e-04
4.124350000000000023e+02 -5.805921413950846603e-04
4.117989999999999782e+02 -2.407861659925532749e-04
4.111630000000000109e+02 -1.554619973184405543e-04
4.105260000000000105e+02 -1.387975659761969997e-04
4.098899999999999864e+02 -3.987041897629588151e-04
4.092540000000000191e+02 -5.611300457592238462e-04
4.086170000000000186e+02 -6.152496359348485133e-04
4.079809999999999945e+02 -5.570521477437546682e-04
4.073439999999999941e+02 -4.128101274717139025e-04
4.067080000000000268e+02 4.162398739064402113e-04
4.060710000000000264e+02 7.719469289176147291e-04
4.054350000000000023e+02 1.177158259473247990e-03
4.047980000000000018e+02 8.610846235026164237e-04
4.041610000000000014e+02 1.014508037915827065e-03
4.035240000000000009e+02 1.011380031315833915e-03
4.028879999999999768e+02 1.163374733132186908e-03
4.022509999999999764e+02 9.587852566535760802e-04
4.016139999999999759e+02 6.866103440025268095e-04
4.009769999999999754e+02 2.624346822262679118e-04
4.003399999999999750e+02 -1.896254389691498900e-04
3.997029999999999745e+02 -3.795365924590520120e-04
3.990649999999999977e+02 -5.778329222398102556e-04
3.984279999999999973e+02 -4.971211023040687533e-04
3.977909999999999968e+02 -3.445890068993111093e-04
3.971519999999999868e+02 -2.337909083721241251e-04
3.965149999999999864e+02 -1.236865198679123578e-04
3.958770000000000095e+02 -2.728547298537684594e-04
3.952400000000000091e+02 -7.310887063403554722e-05
3.946019999999999754e+02 -7.287792784296017855e-05
3.939649999999999750e+02 7.549858001251557021e-05
3.933269999999999982e+02 3.709230755309035794e-04
3.926890000000000214e+02 8.113694799701295490e-04
3.920520000000000209e+02 1.102583105106654362e-03
3.914139999999999873e+02 9.527981611648298887e-04
3.907760000000000105e+02 6.578389785125769544e-04
3.901379999999999768e+02 8.010775171125339737e-04
3.895000000000000000e+02 7.982090449943722967e-04
3.888609999999999900e+02 6.509322272479965785e-04
3.882230000000000132e+02 5.055001014526151705e-04
3.875849999999999795e+02 3.603905606310022175e-04
3.869460000000000264e+02 5.025483018380676832e-04
3.863079999999999927e+02 2.155092841862605289e-04
3.856700000000000159e+02 7.271469032316406518e-05
3.850319999999999823e+02 3.554569738400495415e-04
3.843929999999999723e+02 1.060486097460347976e-03
3.837549999999999955e+02 1.338182016798559982e-03
3.831159999999999854e+02 1.194148904689532401e-03
3.824759999999999991e+02 6.298634512968061695e-04
3.818380000000000223e+02 4.890471598503886175e-04
3.811990000000000123e+02 4.874447549314367173e-04
3.805600000000000023e+02 2.092711878334987778e-04
3.799220000000000255e+02 -6.766131817528467764e-05
3.792830000000000155e+02 -4.802976895290728089e-04
3.786440000000000055e+02 6.927781183141743350e-05
3.780049999999999955e+02 3.422824247989852812e-04
3.773650000000000091e+02 7.499251251288625939e-04
3.767259999999999991e+02 6.117260640177661765e-04
3.760860000000000127e+02 7.000542161779540942e-04
3.754470000000000027e+02 5.691448393829585907e-04
3.748079999999999927e+02 3.657057003854190637e-04
3.741689999999999827e+02 2.125667966360594711e-04
3.735299999999999727e+02 -2.619387765709755596e-05
3.728890000000000100e+02 -6.690494525669361944e-05
3.722500000000000000e+02 -1.371429090932238862e-04
3.716100000000000136e+02 3.573937370111695535e-04
3.709710000000000036e+02 9.888547607364592349e-04
3.703310000000000173e+02 1.641680084293669663e-03
3.696909999999999741e+02 1.810599746954261440e-03
3.690500000000000114e+02 1.766387215800266884e-03
3.684110000000000014e+02 1.696809041032274444e-03
3.677710000000000150e+02 1.713064681337355278e-03
3.671309999999999718e+02 1.616152117358300635e-03
3.664909999999999854e+02 1.673841590561970117e-03
3.658509999999999991e+02 1.860054132232484385e-03
3.652099999999999795e+02 1.930395968901802437e-03
3.645699999999999932e+02 1.668979670292176486e-03
3.639300000000000068e+02 1.536416350502648040e-03
3.632900000000000205e+02 1.581570560027842050e-03
3.626490000000000009e+02 1.827736053168030252e-03
3.620079999999999814e+02 1.192787531097177145e-03
3.613670000000000186e+02 6.891283372738080636e-04
3.607269999999999754e+02 3.125453811687330889e-04
3.600869999999999891e+02 4.359295368230910184e-04
3.594460000000000264e+02 4.422098882666696310e-04
3.588039999999999736e+02 3.002165634269871541e-04
3.581639999999999873e+02 2.072412401513935257e-04
3.575230000000000246e+02 7.631392540981327252e-05
3.568829999999999814e+02 3.194360659472315715e-05
3.562420000000000186e+02 1.227919317913222120e-04
3.556000000000000227e+02 1.832088899322235876e-04
3.549590000000000032e+02 1.221796292527512341e-04
3.543179999999999836e+02 1.214943646286991411e-04
3.536770000000000209e+02 1.810184392364573396e-04
3.530350000000000250e+02 4.198426790373239515e-04
3.523940000000000055e+02 6.564642079441309307e-04
3.517520000000000095e+02 1.009768743168124559e-03
3.511109999999999900e+02 1.360540032428582315e-03
3.504689999999999941e+02 1.355663249519867665e-03
3.498269999999999982e+02 1.116563571430774981e-03
3.491859999999999786e+02 5.280951089087428281e-04
3.485450000000000159e+02 2.931549784004766905e-04
3.479019999999999868e+02 4.084369467250272348e-04
3.472599999999999909e+02 2.905518486661621972e-04
3.466190000000000282e+02 4.045178234807672081e-04
3.459769999999999754e+02 2.877251771714374744e-04
3.453340000000000032e+02 6.304252545264927600e-04
3.446929999999999836e+02 9.708677280152295218e-04
3.440509999999999877e+02 8.537321971181940049e-04
3.434089999999999918e+02 9.190834571007445259e-04
3.427660000000000196e+02 5.769592612662124845e-04
3.421240000000000236e+02 7.990569686952221553e-04
3.414820000000000277e+02 1.176352749061170379e-03
3.408399999999999750e+02 1.618088919685350176e-03
3.401970000000000027e+02 1.834780693085183477e-03
3.395539999999999736e+02 1.894721328885803826e-03
3.389119999999999777e+02 1.849003442672818862e-03
3.382690000000000055e+02 1.869360532347071838e-03
3.376259999999999764e+02 1.687617527294844703e-03
3.369839999999999804e+02 1.501244811637437700e-03
3.363419999999999845e+02 1.251177704294420762e-03
3.356979999999999791e+02 9.213051063836867746e-04
3.350550000000000068e+02 7.832789887524132686e-04
3.344130000000000109e+02 7.103715488934938139e-04
3.337690000000000055e+02 7.076879527948409928e-04
3.331259999999999764e+02 6.252744531933939354e-04
3.324830000000000041e+02 5.856427606091439610e-04
3.318389999999999986e+02 5.765263521159466999e-04
3.311960000000000264e+02 5.743346639915374464e-04
3.305539999999999736e+02 5.372952034289617436e-04
3.299110000000000014e+02 5.422769441681194033e-04
3.292660000000000196e+02 4.355541647190619013e-04
3.286229999999999905e+02 5.723653241587707075e-04
3.279800000000000182e+02 6.733576085656474983e-04
3.273360000000000127e+02 1.083446750844492112e-03
3.266929999999999836e+02 1.263798815363721207e-03
3.260489999999999782e+02 1.565553894590769211e-03
3.254049999999999727e+02 1.763550433282252755e-03
3.247610000000000241e+02 1.928864558074848239e-03
3.241179999999999950e+02 1.971884311731162288e-03
3.234730000000000132e+02 1.913866043449516082e-03
3.228290000000000077e+02 1.879643013858581018e-03
3.221840000000000259e+02 1.821928889259887734e-03
3.215409999999999968e+02 1.732050825651750914e-03
3.208969999999999914e+02 1.701932348281588649e-03
3.202520000000000095e+02 1.596750074170079229e-03
3.196080000000000041e+02 1.525199054717912362e-03
3.189639999999999986e+02 1.127784665011711445e-03
3.183190000000000168e+02 1.025185150761994323e-03
3.176750000000000114e+02 9.237886151204607920e-04
3.170310000000000059e+02 1.152397211321626314e-03
3.163860000000000241e+02 1.244345209664010762e-03
3.157420000000000186e+02 1.526859191158647057e-03
3.150980000000000132e+02 1.578172919963689727e-03
3.144519999999999982e+02 1.647816152937321742e-03
3.138079999999999927e+02 1.451766680616334076e-03
3.131619999999999777e+02 1.635152233877987032e-03
3.125179999999999723e+02 1.459621048987769275e-03
3.118729999999999905e+02 1.466103022893229047e-03
3.112269999999999754e+02 1.281997280748784678e-03
3.105830000000000268e+02 1.322850928579755820e-03
3.099370000000000118e+02 1.290234344468988619e-03
3.092919999999999732e+02 1.276250168755936783e-03
3.086469999999999914e+02 1.316716292244385919e-03
3.080009999999999764e+02 1.326664529393517056e-03
3.073570000000000277e+02 1.412235345907385383e-03
3.067099999999999795e+02 1.497229574176868472e-03
3.060649999999999977e+02 1.220432006112421143e-03
3.054200000000000159e+02 1.053722210082898118e-03
3.047740000000000009e+02 8.703032934583571209e-04
3.041290000000000191e+02 9.558342802226727809e-04
3.034820000000000277e+02 9.339358202842201013e-04
3.028369999999999891e+02 9.417376654174197323e-04
3.021920000000000073e+02 1.113499098869153965e-03
3.015450000000000159e+02 1.167382401043198445e-03
3.008999999999999773e+02 1.237853452382002431e-03
3.002529999999999859e+02 1.145696463747604421e-03
2.996080000000000041e+02 1.256337295636285149e-03
2.989610000000000127e+02 1.596508428813986444e-03
2.983149999999999977e+02 1.846674846406607534e-03
2.976700000000000159e+02 1.924653078610236070e-03
2.970230000000000246e+02 1.852431137965198597e-03
2.963770000000000095e+02 1.934590745088374383e-03
2.957300000000000182e+02 1.946144826233449192e-03
2.950840000000000032e+02 1.905317369772814920e-03
2.944370000000000118e+02 1.640718349357086223e-03
2.937909999999999968e+02 1.697509733086808963e-03
2.931429999999999723e+02 1.701824675480008084e-03
2.924970000000000141e+02 1.859588473060368131e-03
2.918500000000000227e+02 1.604535843026741980e-03
2.912040000000000077e+02 1.352177218454008551e-03
2.905570000000000164e+02 1.020130156183246626e-03
2.899100000000000250e+02 8.532227552069400044e-04
2.892629999999999768e+02 8.172360611006415209e-04
2.886159999999999854e+02 9.746628285238386749e-04
2.879689999999999941e+02 1.290483667043453280e-03
2.873210000000000264e+02 1.316763061400136586e-03
2.866750000000000114e+02 1.470006076374319025e-03
2.860269999999999868e+02 1.484057459258014645e-03
2.853799999999999955e+02 1.772104843013697952e-03
2.847320000000000277e+02 1.885771794566452409e-03
2.840849999999999795e+02 1.934835040716709502e-03
2.834370000000000118e+02 1.945398279137995580e-03
2.827900000000000205e+02 1.971565599465969695e-03
2.821419999999999959e+02 2.014067163666719961e-03
2.814950000000000045e+02 1.996622265627600191e-03
2.808469999999999800e+02 1.960043794434256515e-03
2.801990000000000123e+02 1.842919155860073049e-03
2.795509999999999877e+02 1.767578034511216268e-03
2.789039999999999964e+02 1.604423906475765764e-03
2.782549999999999955e+02 1.354161394612738096e-03
2.776080000000000041e+02 1.124627557934815758e-03
2.769590000000000032e+02 1.002145870172926195e-03
2.763120000000000118e+02 1.071513577519682967e-03
2.756630000000000109e+02 1.360620414390044299e-03
2.750149999999999864e+02 1.719548379669227911e-03
2.743659999999999854e+02 1.966813863627100371e-03
2.737189999999999941e+02 2.001380378546811604e-03
2.730699999999999932e+02 1.992198800791699156e-03
2.724220000000000255e+02 2.126468964691029598e-03
2.717730000000000246e+02 2.148476178142247339e-03
2.711240000000000236e+02 2.156162589137119827e-03
2.704759999999999991e+02 2.101715360425989929e-03
2.698260000000000218e+02 2.088820368171713515e-03
2.691779999999999973e+02 1.851093104866136443e-03
2.685289999999999964e+02 1.743803280456639616e-03
2.678809999999999718e+02 1.602759111355899803e-03
2.672309999999999945e+02 1.594963107747932127e-03
2.665830000000000268e+02 1.555129063693013033e-03
2.659329999999999927e+02 1.541341220747523451e-03
2.652839999999999918e+02 1.534226699485553543e-03
2.646349999999999909e+02 1.526841856816032539e-03
2.639850000000000136e+02 1.384662060894918494e-03
2.633369999999999891e+02 1.394901684180552964e-03
2.626870000000000118e+02 1.378160081415530803e-03
2.620380000000000109e+02 1.504169693005953266e-03
2.613879999999999768e+02 1.678655764094283756e-03
2.607400000000000091e+02 1.877552894682055218e-03
2.600899999999999750e+02 1.999665446105902081e-03
2.594390000000000214e+02 2.032552558080260793e-03
2.587900000000000205e+02 1.974022119827828405e-03
2.581399999999999864e+02 2.093654608523805912e-03
2.574909999999999854e+02 1.913112397144092367e-03
2.568410000000000082e+02 1.861843735588596723e-03
2.561899999999999977e+02 1.674442776165606557e-03
2.555409999999999968e+02 1.675533108215628182e-03
2.548899999999999864e+02 1.582468854351676280e-03
2.542410000000000139e+02 1.517940108863305698e-03
2.535910000000000082e+02 1.521956213714920850e-03
2.529399999999999977e+02 1.516480117507020562e-03
2.522899999999999920e+02 1.516068232750676127e-03
2.516399999999999864e+02 1.505928051443304388e-03
2.509900000000000091e+02 1.519700280442122780e-03
2.503389999999999986e+02 1.531473519519668596e-03
2.496879999999999882e+02 1.566055992134340403e-03
2.490380000000000109e+02 1.579132181870606918e-03
2.483870000000000005e+02 1.646684824494102370e-03
2.477359999999999900e+02 1.578780683748452719e-03
2.470860000000000127e+02 1.807519636615232154e-03
2.464350000000000023e+02 1.857430118872595987e-03
2.457849999999999966e+02 1.965004017895471359e-03
2.451330000000000098e+02 1.826249036552784729e-03
2.444819999999999993e+02 1.700577239393050730e-03
2.438319999999999936e+02 1.749369114320781324e-03
2.431800000000000068e+02 1.809123641373219446e-03
2.425289999999999964e+02 1.799465513361798259e-03
2.418779999999999859e+02 1.676615889153762994e-03
2.412270000000000039e+02 1.611004296694598225e-03
2.405749999999999886e+02 1.636304763147630693e-03
2.399240000000000066e+02 1.683469680444486718e-03
2.392719999999999914e+02 1.563167124905118438e-03
2.386200000000000045e+02 1.521556964821319273e-03
2.379699999999999989e+02 1.478849047814496899e-03
2.373180000000000121e+02 1.487873495022730939e-03
2.366670000000000016e+02 1.509661617182274287e-03
2.360149999999999864e+02 1.531589541665735570e-03
2.353629999999999995e+02 1.558411456381227078e-03
2.347100000000000080e+02 1.599361738477460921e-03
2.340600000000000023e+02 1.594436968960044653e-03
2.334070000000000107e+02 1.693537235652266748e-03
2.327549999999999955e+02 1.659444403795218769e-03
2.321040000000000134e+02 1.807349273652259685e-03
2.314509999999999934e+02 1.745270288966040053e-03
2.307980000000000018e+02 1.787120548563847456e-03
2.301469999999999914e+02 1.622847573110154998e-03
2.294939999999999998e+02 1.611730413917127373e-03
2.288420000000000130e+02 1.653721935859708879e-03
2.281899999999999977e+02 1.684743023012785302e-03
2.275370000000000061e+02 1.727693490742555080e-03
2.268839999999999861e+02 1.718237107038193042e-03
2.262330000000000041e+02 1.718453212220140977e-03
2.255800000000000125e+02 1.857030923551137224e-03
2.249269999999999925e+02 1.915279193719552535e-03
2.242729999999999961e+02 2.149013468067987546e-03
2.236220000000000141e+02 2.039332056775911266e-03
2.229679999999999893e+02 2.153355631545525537e-03
2.223149999999999977e+02 2.105064562664564053e-03
2.216630000000000109e+02 2.236306769318742796e-03
2.210099999999999909e+02 2.227612952312530824e-03
2.203559999999999945e+02 2.287973263675334608e-03
2.197019999999999982e+02 2.293335638784361856e-03
2.190500000000000114e+02 2.291788454990801877e-03
2.183969999999999914e+02 2.194639399739448972e-03
2.177429999999999950e+02 2.187111257279500051e-03
2.170889999999999986e+02 2.204421860585693230e-03
2.164370000000000118e+02 2.282480459379601558e-03
2.157829999999999870e+02 2.285261837121690346e-03
2.151289999999999907e+02 2.271604246209436503e-03
2.144749999999999943e+02 2.302778255372134580e-03
2.138220000000000027e+02 2.365464108910101705e-03
2.131680000000000064e+02 2.409582041985345712e-03
2.125140000000000100e+02 2.439081916181063802e-03
2.118600000000000136e+02 2.441821517620211286e-03
2.112069999999999936e+02 2.326286050820773697e-03
2.105529999999999973e+02 2.311988404624939087e-03
2.098979999999999961e+02 2.280579472691992779e-03
2.092439999999999998e+02 2.437202161903591520e-03
2.085910000000000082e+02 2.422199844333516178e-03
2.079360000000000070e+02 2.477214382354988968e-03
2.072820000000000107e+02 2.493338150636480611e-03
2.066270000000000095e+02 2.542312231112011604e-03
2.059739999999999895e+02 2.557129712336558662e-03
2.053189999999999884e+02 2.469175107370898733e-03
2.046639999999999873e+02 2.443855622534665296e-03
2.040089999999999861e+02 2.428340247707438081e-03
2.033540000000000134e+02 2.453278024303025447e-03
2.027009999999999934e+02 2.505238320888936426e-03
2.020459999999999923e+02 2.495287528882376808e-03
2.013909999999999911e+02 2.542563367607047521e-03
2.007350000000000136e+02 2.492866469337837957e-03
2.000800000000000125e+02 2.431944911444093495e-03
1.994259999999999877e+02 2.393112298552393501e-03
1.987709999999999866e+02 2.303591911989929120e-03
1.981160000000000139e+02 2.173652983338420115e-03
1.974600000000000080e+02 2.007198732631314958e-03
1.968050000000000068e+02 1.947531477449472278e-03
1.961510000000000105e+02 2.009771744445304053e-03
1.954950000000000045e+02 2.071259064216831279e-03
1.948389999999999986e+02 2.168772324374360072e-03
1.941839999999999975e+02 2.228147083280152506e-03
1.935279999999999916e+02 2.249926585950439394e-03
1.928739999999999952e+02 2.234918864946042975e-03
1.922179999999999893e+02 2.179522996438915030e-03
1.915620000000000118e+02 2.128935949642259129e-03
1.909060000000000059e+02 2.022138308275663390e-03
1.902500000000000000e+02 1.943522418488906117e-03
1.895939999999999941e+02 1.862369493239174117e-03
1.889389999999999930e+02 1.825642634917658096e-03
1.882829999999999870e+02 1.809782347986230340e-03
1.876270000000000095e+02 1.932574609951250369e-03
1.869699999999999989e+02 2.031494432455207069e-03
1.863139999999999930e+02 2.188772334008400652e-03
1.856570000000000107e+02 2.139855071808358707e-03
1.850010000000000048e+02 2.158298342488249467e-03
1.843460000000000036e+02 2.076861206100467146e-03
1.836889999999999930e+02 2.037028854892358049e-03
1.830329999999999870e+02 1.881305395457199105e-03
1.823760000000000048e+02 1.776106757984233491e-03
1.817189999999999941e+02 1.688943829308864678e-03
1.810620000000000118e+02 1.662678082044130937e-03
1.804050000000000011e+02 1.664266141855416268e-03
1.797500000000000000e+02 1.707284856996803268e-03
1.790929999999999893e+02 1.844263988552463695e-03
1.784360000000000070e+02 1.905535501948425400e-03
1.777789999999999964e+02 2.149342074512715275e-03
1.771220000000000141e+02 2.287135896015709147e-03
1.764650000000000034e+02 2.483782729542687896e-03
1.758069999999999879e+02 2.465488323616096648e-03
1.751500000000000057e+02 2.417276446102589651e-03
1.744939999999999998e+02 2.250632707588958153e-03
1.738369999999999891e+02 2.263335830919156830e-03
1.731790000000000020e+02 2.158247891652030712e-03
1.725219999999999914e+02 2.054630536152327828e-03
1.718640000000000043e+02 1.749894063486231348e-03
1.712059999999999889e+02 1.621842892867960849e-03
1.705490000000000066e+02 1.723490039266755910e-03
1.698909999999999911e+02 1.993070036012204935e-03
1.692330000000000041e+02 2.314624453194443279e-03
1.685749999999999886e+02 2.630827310195226355e-03
1.679190000000000111e+02 2.776944108844064344e-03
1.672609999999999957e+02 2.846027955338053996e-03
1.666030000000000086e+02 2.827329251722368597e-03
1.659449999999999932e+02 2.814950847673225107e-03
1.652870000000000061e+02 2.768270620579361962e-03
1.646279999999999859e+02 2.610598148946652753e-03
1.639699999999999989e+02 2.447775199111898101e-03
1.633120000000000118e+02 2.261378887790127089e-03
1.626539999999999964e+02 2.113712806459496635e-03
1.619950000000000045e+02 2.019592993211564384e-03
1.613369999999999891e+02 1.952365256532114738e-03
1.606779999999999973e+02 1.936602412524507984e-03
1.600190000000000055e+02 1.996241935124457630e-03
1.593609999999999900e+02 2.204197644373672663e-03
1.587040000000000077e+02 2.383381317653990739e-03
1.580449999999999875e+02 2.486402157755966246e-03
1.573859999999999957e+02 2.538912584644403142e-03
1.567270000000000039e+02 2.662496868018773485e-03
1.560680000000000121e+02 2.855412056737908089e-03
1.554089999999999918e+02 2.950042859982374751e-03
1.547500000000000000e+02 2.878340001075637040e-03
1.540910000000000082e+02 2.807481401084346417e-03
1.534319999999999879e+02 2.853061354163993323e-03
1.527729999999999961e+02 2.941331573388801870e-03
1.521140000000000043e+02 2.999505634368655662e-03
1.514540000000000077e+02 2.963369998935153765e-03
1.507949999999999875e+02 2.971666877627078193e-03
1.501359999999999957e+02 2.966198531624365375e-03
1.494759999999999991e+02 2.947183580023100651e-03
1.488170000000000073e+02 3.061209519616891681e-03
1.481570000000000107e+02 3.122436447793179842e-03
1.474970000000000141e+02 3.140910256844323383e-03
1.468379999999999939e+02 2.989320670730635700e-03
1.461779999999999973e+02 2.843802017253523138e-03
1.455180000000000007e+02 2.735203249239233705e-03
1.448580000000000041e+02 2.690062622062873443e-03
1.441980000000000075e+02 2.706655076950213647e-03
1.435380000000000109e+02 2.844012994468483185e-03
1.428779999999999859e+02 3.179150488297071558e-03
1.422179999999999893e+02 3.507806688812162722e-03
1.415579999999999927e+02 3.810343043851800553e-03
1.408979999999999961e+02 4.028843813199861450e-03
1.402379999999999995e+02 4.339449196947915872e-03
1.395769999999999982e+02 4.643680415320775023e-03
1.389170000000000016e+02 4.941669751425611934e-03
1.382560000000000002e+02 5.139410441871732418e-03
1.375960000000000036e+02 5.370035063927356030e-03
1.369350000000000023e+02 5.577116122176886681e-03
1.362750000000000057e+02 5.870895039249587194e-03
1.356140000000000043e+02 6.103950519051323971e-03
1.349540000000000077e+02 6.313842567810535635e-03
1.342930000000000064e+02 6.394530512223414558e-03
1.336320000000000050e+02 6.472784782284811238e-03
1.329710000000000036e+02 6.705060887520952230e-03
1.323100000000000023e+02 7.104084489199916780e-03
1.316490000000000009e+02 7.664717397247920033e-03
1.309879999999999995e+02 8.179299607432074376e-03
1.303269999999999982e+02 8.765955663009411883e-03
1.296659999999999968e+02 9.372641428132320526e-03
1.290049999999999955e+02 9.916595722217095427e-03
1.283420000000000130e+02 1.030308893921389260e-02
1.276809999999999974e+02 1.072763367249341022e-02
1.270190000000000055e+02 1.098275586822513097e-02
1.263580000000000041e+02 1.138830108180136601e-02
1.256959999999999980e+02 1.159680491791677086e-02
1.250349999999999966e+02 1.193787751572706647e-02
1.243730000000000047e+02 1.233064864513556784e-02
1.237120000000000033e+02 1.275862120306408068e-02
1.230499999999999972e+02 1.304103838496026985e-02
1.223880000000000052e+02 1.321197404137364022e-02
1.217259999999999991e+02 1.311432909600016190e-02
1.210639999999999930e+02 1.316084839545649150e-02
1.204030000000000058e+02 1.304717027404089964e-02
1.197409999999999997e+02 1.293341827259635729e-02
1.190780000000000030e+02 1.269395977187562537e-02
1.184150000000000063e+02 1.224962746274249961e-02
1.177530000000000001e+02 1.181355301221269707e-02
1.170909999999999940e+02 1.134430417990029555e-02
1.164279999999999973e+02 1.070947104034836866e-02
1.157660000000000053e+02 1.007373237625196032e-02
1.151039999999999992e+02 9.319633764258697037e-03
1.144410000000000025e+02 8.709759688380015394e-03
1.137789999999999964e+02 8.163274244323269827e-03
1.131159999999999997e+02 7.791448483571517328e-03
1.124539999999999935e+02 7.539089854053449176e-03
1.117890000000000015e+02 7.413582544335189928e-03
1.111269999999999953e+02 7.180531312982560421e-03
1.104639999999999986e+02 7.011416721316752337e-03
1.098010000000000019e+02 6.797273100734459346e-03
1.091380000000000052e+02 6.727757663792807187e-03
1.084749999999999943e+02 6.611947429147197776e-03
1.078119999999999976e+02 6.463094621696409588e-03
1.071490000000000009e+02 6.214497027347492576e-03
1.064849999999999994e+02 5.981308640913337443e-03
1.058209999999999980e+02 5.797001077980895589e-03
1.051580000000000013e+02 5.637796598307282664e-03
1.044950000000000045e+02 5.459643374770624391e-03
1.038319999999999936e+02 5.188838104599983493e-03
1.031680000000000064e+02 5.091441059938759187e-03
1.025049999999999955e+02 5.140594956821748635e-03
1.018400000000000034e+02 5.382256116338557904e-03
1.011760000000000019e+02 5.524947620171173635e-03
1.005130000000000052e+02 5.652684634624170756e-03
9.984900000000000375e+01 5.686986324257711604e-03
9.918529999999999802e+01 5.660790210406400381e-03
9.852150000000000318e+01 5.566626395483070637e-03
9.785769999999999413e+01 5.492282473501002536e-03
9.719230000000000302e+01 5.483681121819740725e-03
9.652830000000000155e+01 5.667154173958961587e-03
9.586430000000000007e+01 5.844102977828464357e-03
9.520029999999999859e+01 6.130937062132419367e-03
9.453610000000000468e+01 6.408240474380858323e-03
9.387199999999999989e+01 6.719576587060504050e-03
9.320619999999999550e+01 7.029515558619793721e-03
9.254200000000000159e+01 7.209458067257375202e-03
9.187760000000000105e+01 7.265361228731731166e-03
9.121320000000000050e+01 7.342085061370579556e-03
9.054879999999999995e+01 7.487239097608421046e-03
8.988280000000000314e+01 7.762325630868300783e-03
8.921819999999999595e+01 7.892499608546071910e-03
8.855360000000000298e+01 7.868958341605163109e-03
8.788890000000000668e+01 7.782467774811422864e-03
8.722419999999999618e+01 7.733625503188956696e-03
8.655939999999999657e+01 7.713135387993489203e-03
8.589300000000000068e+01 7.646603710340478359e-03
8.522809999999999775e+01 7.543599601630507356e-03
8.456319999999999482e+01 7.533010241964734413e-03
8.389820000000000277e+01 7.582699272510874146e-03
8.323160000000000025e+01 7.662519345473852231e-03
8.256650000000000489e+01 7.601829376224046760e-03
8.190130000000000621e+01 7.400863121793027632e-03
8.123609999999999332e+01 7.125041964081568410e-03
8.057080000000000553e+01 6.900098961788726261e-03
7.990389999999999304e+01 6.748851711737964727e-03
7.923850000000000193e+01 6.593849939348555254e-03
7.857299999999999329e+01 6.410706989853787868e-03
7.790749999999999886e+01 6.261048879569828390e-03
7.724039999999999395e+01 6.154802349442343133e-03
7.657479999999999620e+01 6.026503628662656549e-03
7.590909999999999513e+01 5.791466096272815563e-03
7.524339999999999407e+01 5.460943766084466917e-03
7.457760000000000389e+01 5.139319599776995262e-03
7.391020000000000323e+01 4.836663659796645864e-03
7.324429999999999552e+01 4.580252228172205023e-03
7.257829999999999870e+01 4.346383706216342020e-03
7.191230000000000189e+01 4.134145089302541584e-03
7.124469999999999459e+01 3.927022160384411979e-03
7.057850000000000534e+01 3.666731125244048102e-03
6.991230000000000189e+01 3.394734145445055685e-03
6.924609999999999843e+01 3.107289261387590016e-03
6.857829999999999870e+01 2.856374183937655103e-03
6.791190000000000282e+01 2.618501950440031874e-03
6.724550000000000693e+01 2.433158396275673669e-03
6.657750000000000057e+01 2.266399064261371936e-03
6.591100000000000136e+01 2.165447669603288647e-03
6.524439999999999884e+01 2.046074669474456497e-03
6.457769999999999300e+01 1.942606370621412617e-03
6.390950000000000131e+01 1.813475472119540017e-03
6.324269999999999925e+01 1.700638504289530249e-03
6.257589999999999719e+01 1.610727176592022421e-03
6.190899999999999892e+01 1.531100114925900910e-03
6.124060000000000059e+01 1.453584456779612351e-03
6.057359999999999900e+01 1.378565068695618420e-03
5.990659999999999741e+01 1.337780790172094208e-03
5.923799999999999955e+01 1.290770786807782667e-03
5.857079999999999842e+01 1.248368296525943907e-03
5.790359999999999729e+01 1.170253744865086499e-03
5.723629999999999995e+01 1.104538290841050640e-03
5.656750000000000256e+01 1.037578939382030434e-03
5.590010000000000190e+01 1.013345800909891273e-03
5.523270000000000124e+01 9.893838160256352311e-04
5.456360000000000099e+01 9.715465916484451866e-04
5.389609999999999701e+01 9.191738034842693696e-04
5.322849999999999682e+01 8.713129877790824415e-04
5.255930000000000035e+01 8.441097714132045869e-04
5.189159999999999684e+01 8.201778580035105296e-04
5.122379999999999711e+01 7.914850830029921498e-04
5.055440000000000111e+01 7.506388954463662309e-04
4.988660000000000139e+01 7.260401732861271546e-04
4.921860000000000213e+01 7.260335788816428765e-04
4.854910000000000281e+01 7.182223458543226342e-04
4.788100000000000023e+01 6.918106100257157649e-04
4.721289999999999765e+01 6.594084244880930043e-04
4.654319999999999879e+01 6.279513749604382061e-04
4.587500000000000000e+01 6.100938048272862247e-04
4.520669999999999789e+01 5.904753298473599567e-04
4.453679999999999950e+01 5.731541820524774580e-04
4.386840000000000117e+01 5.561233451528814833e-04
4.320000000000000284e+01 5.412039090221912622e-04
4.252989999999999782e+01 5.245969498595474652e-04
4.186129999999999995e+01 5.100227169181585770e-04
4.119270000000000209e+01 4.871555757189230764e-04
4.052250000000000085e+01 4.714663407754554093e-04
3.985379999999999967e+01 4.529034442260534000e-04
3.918500000000000227e+01 4.394053029131737365e-04
3.851460000000000150e+01 4.215771261967538584e-04
3.784570000000000078e+01 4.170699247589901423e-04
3.717519999999999669e+01 4.134862102460112117e-04
3.650619999999999976e+01 4.053988610181377661e-04
3.583709999999999951e+01 3.779326892573360336e-04
3.516640000000000299e+01 3.553070863211924002e-04
3.449719999999999942e+01 3.407603282034746620e-04
3.382800000000000296e+01 3.402264131513869677e-04
3.315709999999999980e+01 3.268979102310420534e-04
3.248780000000000001e+01 3.065213931790115669e-04
3.181680000000000064e+01 2.839154187791941919e-04
3.114730000000000132e+01 2.769554875257648828e-04
3.047779999999999845e+01 2.744428440717078862e-04
2.980669999999999931e+01 2.696056776976100164e-04
2.913700000000000045e+01 2.576401334626529909e-04
2.846730000000000160e+01 2.540195705195959436e-04
2.779599999999999937e+01 2.522336751452689918e-04
2.712620000000000076e+01 2.527038028762730701e-04
2.645479999999999876e+01 2.445636955717699914e-04
2.578490000000000038e+01 2.316935175127052889e-04
2.511329999999999885e+01 2.172792135692205406e-04
2.444330000000000069e+01 2.005041261396804642e-04
2.377319999999999922e+01 1.834873017512360046e-04
2.310150000000000148e+01 1.679459587444386763e-04
2.243130000000000024e+01 1.568471584851450899e-04
2.175949999999999918e+01 1.490251983981084926e-04
2.108909999999999840e+01 1.426563115578141725e-04
2.041870000000000118e+01 1.341563951730555954e-04
1.974680000000000035e+01 1.289888167146369656e-04
1.907629999999999981e+01 1.243776590575058948e-04
1.840419999999999945e+01 1.208564914268175434e-04
1.773349999999999937e+01 1.156674020486629867e-04
1.706129999999999924e+01 1.094012676231959888e-04
1.639059999999999917e+01 1.063359863759580077e-04
1.571979999999999933e+01 1.057051215602968544e-04
1.504739999999999966e+01 1.041088485624474950e-04
1.437650000000000006e+01 1.001975860808788726e-04
1.370410000000000039e+01 9.461952270892935940e-05
1.303299999999999947e+01 9.219577467458041852e-05
1.236040000000000028e+01 9.087787650087616933e-05
1.168929999999999936e+01 8.823691024051519120e-05
1.101660000000000039e+01 8.420458929988096971e-05
1.034529999999999994e+01 7.949552912698355832e-05
9.672489999999999810e+00 7.604961612045648247e-05
9.001129999999999853e+00 7.176989564390361641e-05
8.329710000000000392e+00 6.610926352885970433e-05
7.656710000000000349e+00 5.908947746145467385e-05
6.985170000000000101e+00 5.166796085084554205e-05
6.312050000000000161e+00 4.402800345164370103e-05
5.640399999999999636e+00 3.619605470458656755e-05
4.967170000000000307e+00 2.846311458425514478e-05
4.295410000000000394e+00 2.140890127668952642e-05
3.622059999999999835e+00 1.528095786174990815e-05
2.950180000000000025e+00 1.014857212153536347e-05
2.276720000000000077e+00 6.047292364945208659e-06
1.604729999999999990e+00 3.005879019821810538e-06
9.311519999999999797e-01 1.012756101391889285e-06
2.590439999999999965e-01 7.841327846574439268e-08
