4.498670000000000186e+02 2.199307427910574333e-03
4.492339999999999804e+02 2.290469087210567165e-03
4.486009999999999991e+02 1.702877230322951893e-03
4.479680000000000177e+02 1.697846245069023268e-03
4.473360000000000127e+02 2.175189761251549760e-03
4.467029999999999745e+02 1.977238172207115407e-03
4.460690000000000168e+02 1.013713022118864103e-03
4.454359999999999786e+02 6.291489965548428256e-04
4.448029999999999973e+02 1.179776379197500875e-03
4.441689999999999827e+02 1.100365261265966827e-03
4.435360000000000014e+02 1.192112206390271573e-03
4.429019999999999868e+02 9.996925786764311508e-04
4.422699999999999818e+02 1.166349615675722762e-03
4.416360000000000241e+02 7.117317928381274592e-04
4.410029999999999859e+02 1.834138761231112564e-03
4.403690000000000282e+02 1.922805643003799815e-03
4.397350000000000136e+02 1.823843080283184519e-03
4.391009999999999991e+02 2.097277838892965332e-03
4.384669999999999845e+02 1.836913166657776686e-03
4.378330000000000268e+02 1.850147419383320509e-03
4.371990000000000123e+02 1.526795034650653502e-03
4.365649999999999977e+02 1.982063380392626306e-03
4.359329999999999927e+02 1.917807990813487351e-03
4.352980000000000018e+02 1.933441296117772599e-03
4.346639999999999873e+02 2.329136606613508003e-03
4.340299999999999727e+02 2.048910538015646498e-03
4.333960000000000150e+02 2.091856785561592349e-03
4.327610000000000241e+02 2.144000684892578053e-03
4.321270000000000095e+02 2.048077067782568764e-03
4.314920000000000186e+02 2.006698658756881845e-03
4.308580000000000041e+02 1.931712610802598313e-03
4.302230000000000132e+02 1.836822900960058619e-03
4.295889999999999986e+02 2.009669813051605160e-03
4.289540000000000077e+02 1.755440976961925243e-03
4.283190000000000168e+02 1.732093806809750607e-03
4.276859999999999786e+02 1.286524398307748590e-03
4.270509999999999877e+02 1.634344219718219561e-03
4.264159999999999968e+02 1.367155953529361262e-03
4.257810000000000059e+02 1.625156883035634410e-03
4.251460000000000150e+02 9.231293923445109016e-04
4.245110000000000241e+02 3.986133420387211039e-04
4.238759999999999764e+02 1.350968112648421324e-03
4.232409999999999854e+02 1.001265065153717588e-03
4.226050000000000182e+02 3.088615767977597381e-04
4.219700000000000273e+02 6.516727984890772173e-04
4.213349999999999795e+02 3.928001207130436259e-04
4.206990000000000123e+02 7.333368836980303472e-04
4.200640000000000214e+02 3.904852329462215970e-04
4.194289999999999736e+02 3.893311630091840351e-04
4.187930000000000064e+02 5.573656072728024524e-04
4.181569999999999823e+02 1.231046783698297193e-03
4.175219999999999914e+02 1.564057078028747516e-03
4.168860000000000241e+02 1.475409540481849389e-03
4.162500000000000000e+02 2.056592655469503209e-03
4.156150000000000091e+02 1.689062443456626960e-03
4.149789999999999850e+02 1.746291932047425209e-03
4.143430000000000177e+02 1.691438769802709611e-03
4.137069999999999936e+02 1.784145763564778681e-03
4.130710000000000264e+02 1.202205921671841956e-03
4.124350000000000023e+02 1.198586050583227459e-03
4.117989999999999782e+02 1.112976204867614956e-03
4.111630000000000109e+02 4.562056858693173413e-04
4.105260000000000105e+02 9.594956478866659621e-04
4.098899999999999864e+02 4.531611911755193648e-04
4.092540000000000191e+02 1.584741775023039423e-03
4.086170000000000186e+02 2.225430417599277236e-03
4.079809999999999945e+02 1.977395324728602796e-03
4.073439999999999941e+02 1.410041856679774544e-03
4.067080000000000268e+02 1.565781257164690181e-03
4.060710000000000264e+02 2.118870100839296243e-03
4.054350000000000023e+02 2.191911705026931747e-03
4.047980000000000018e+02 1.234540830611558383e-03
4.041610000000000014e+02 1.467598336210960194e-03
4.035240000000000009e+02 1.384272300479667817e-03
4.028879999999999768e+02 1.929361099380873853e-03
4.022509999999999764e+02 2.236379682205827564e-03
4.016139999999999759e+02 2.073579185836695298e-03
4.009769999999999754e+02 1.911484279671781363e-03
4.003399999999999750e+02 2.060719641415899046e-03
3.997029999999999745e+02 1.126955100319960252e-03
3.990649999999999977e+02 1.355020576106941632e-03
3.984279999999999973e+02 1.043599932985819550e-03
3.977909999999999968e+02 1.269403094596546636e-03
3.971519999999999868e+02 1.342330232140634926e-03
3.965149999999999864e+02 1.261973994419756176e-03
3.958770000000000095e+02 1.409276887615485774e-03
3.952400000000000091e+02 2.009626653828048594e-03
3.946019999999999754e+02 1.698939071420222172e-03
3.939649999999999750e+02 1.831590487493866800e-03
3.933269999999999982e+02 1.990621005262481133e-03
3.926890000000000214e+02 1.461846956407010598e-03
3.920520000000000209e+02 1.531679824995044051e-03
3.914139999999999873e+02 1.600778565779638818e-03
3.907760000000000105e+02 1.374189706560173269e-03
3.901379999999999768e+02 1.148766290794052099e-03
3.895000000000000000e+02 1.012688811936375858e-03
3.888609999999999900e+02 5.553393083265633539e-04
3.882230000000000132e+02 4.074442950617040439e-04
3.875849999999999795e+02 5.517751271646206390e-04
3.869460000000000264e+02 5.045648538383967849e-04
3.863079999999999927e+02 5.487251699130185666e-04
3.856700000000000159e+02 5.103880227893720263e-04
3.850319999999999823e+02 7.718909142822107149e-04
3.843929999999999723e+02 4.712570397357051686e-04
3.837549999999999955e+02 1.325488744145299951e-03
3.831159999999999854e+02 6.812510833912724167e-04
3.824759999999999991e+02 1.388542922183241433e-03
3.818380000000000223e+02 1.242320233682639311e-03
3.811990000000000123e+02 1.590445946358146805e-03
3.805600000000000023e+02 1.725740236226139691e-03
3.799220000000000255e+02 1.230134177912970512e-03
3.792830000000000155e+02 4.590596414538306957e-04
3.786440000000000055e+02 6.664855111871570295e-04
3.780049999999999955e+02 8.713206828113996246e-04
3.773650000000000091e+02 1.283067335690379939e-03
3.767259999999999991e+02 1.141299980843585738e-03
3.760860000000000127e+02 1.480501027675162895e-03
3.754470000000000027e+02 1.748773049724352147e-03
3.748079999999999927e+02 2.015470165173490012e-03
3.741689999999999827e+02 1.994957781744146740e-03
3.735299999999999727e+02 1.907285993646063750e-03
3.728890000000000100e+02 1.985143094680971807e-03
3.722500000000000000e+02 1.978480152442020721e-03
3.716100000000000136e+02 2.048720195320784688e-03
3.709710000000000036e+02 1.975224057824976828e-03
3.703310000000000173e+02 1.702833357565084046e-03
3.696909999999999741e+02 4.372765303980901460e-04
3.690500000000000114e+02 1.109577436184193194e-03
3.684110000000000014e+02 7.630327512376698044e-04
3.677710000000000150e+02 6.947320983134368071e-04
3.671309999999999718e+02 9.538256407242855272e-04
3.664909999999999854e+02 8.198273178145197874e-04
3.658509999999999991e+02 1.271799360549840307e-03
3.652099999999999795e+02 1.850949033791574961e-03
3.645699999999999932e+02 1.306441482753044120e-03
3.639300000000000068e+02 1.466236743878844475e-03
3.632900000000000205e+02 1.530037862921903354e-03
3.626490000000000009e+02 1.424619213913954491e-03
3.620079999999999814e+02 1.463339937607588490e-03
3.613670000000000186e+02 1.462479875547171258e-03
3.607269999999999754e+02 1.563352123093000477e-03
3.600869999999999891e+02 1.674737412155583461e-03
3.594460000000000264e+02 1.919732454312809110e-03
3.588039999999999736e+02 1.974955717156526465e-03
3.581639999999999873e+02 1.096034889171619434e-03
3.575230000000000246e+02 1.278458204244872212e-03
3.568829999999999814e+02 9.649050245244399386e-04
3.562420000000000186e+02 5.298615819262331812e-04
3.556000000000000227e+02 8.348822637300211185e-04
3.549590000000000032e+02 7.093522527377143366e-04
3.543179999999999836e+02 7.066279458179110066e-04
3.536770000000000209e+02 8.260483466663117759e-04
3.530350000000000250e+02 7.628931353634105326e-04
3.523940000000000055e+02 1.121878685511613167e-03
3.517520000000000095e+02 5.166290996041894828e-04
3.511109999999999900e+02 7.944033436777344411e-04
3.504689999999999941e+02 1.037775956440220538e-03
3.498269999999999982e+02 1.145262582872578734e-03
3.491859999999999786e+02 1.724477880451322827e-03
3.485450000000000159e+02 1.649417340168172520e-03
3.479019999999999868e+02 1.712056987970102858e-03
3.472599999999999909e+02 1.500586209316611720e-03
3.466190000000000282e+02 1.904018192458160246e-03
3.459769999999999754e+02 1.431237659342902025e-03
3.453340000000000032e+02 1.252009781369943682e-03
3.446929999999999836e+02 1.652273769143053177e-03
3.440509999999999877e+02 1.300747788420158037e-03
3.434089999999999918e+02 1.341778161589734716e-03
3.427660000000000196e+02 1.176975308455054711e-03
3.421240000000000236e+02 1.343504248122428558e-03
3.414820000000000277e+02 1.735416642737440786e-03
3.408399999999999750e+02 1.503616355813946820e-03
3.401970000000000027e+02 1.497461839749499165e-03
3.395539999999999736e+02 1.534143733746005109e-03
3.389119999999999777e+02 1.430603270632727292e-03
3.382690000000000055e+02 1.611870775029733156e-03
3.376259999999999764e+02 1.753101199515646807e-03
3.369839999999999804e+02 1.856677540495210157e-03
3.363419999999999845e+02 1.849932154136877619e-03
3.356979999999999791e+02 1.722360405813671115e-03
3.350550000000000068e+02 1.617532883602684161e-03
3.344130000000000109e+02 1.557503291639195445e-03
3.337690000000000055e+02 1.225345356962887497e-03
3.331259999999999764e+02 1.112871983013868742e-03
3.324830000000000041e+02 1.269809106952265619e-03
3.318389999999999986e+02 1.211846462527769053e-03
3.311960000000000264e+02 1.848450052572769668e-03
3.305539999999999736e+02 1.362154952273495487e-03
3.299110000000000014e+02 1.834392381128645798e-03
3.292660000000000196e+02 1.404267270453441168e-03
3.286229999999999905e+02 9.783402895795559329e-04
3.279800000000000182e+02 8.173242290693338375e-04
3.273360000000000127e+02 1.075021558307473826e-03
3.266929999999999836e+02 7.066999348543605676e-04
3.260489999999999782e+02 7.558422293979660681e-04
3.254049999999999727e+02 9.596122570073409601e-04
3.247610000000000241e+02 1.058473827819013304e-03
3.241179999999999950e+02 1.362364953914467838e-03
3.234730000000000132e+02 1.356508556152964369e-03
3.228290000000000077e+02 1.655921090536595234e-03
3.221840000000000259e+02 1.903333927660969850e-03
3.215409999999999968e+02 1.626553239953364887e-03
3.208969999999999914e+02 1.715089597218423523e-03
3.202520000000000095e+02 1.846129792509385980e-03
3.196080000000000041e+02 1.798728023067779980e-03
3.189639999999999986e+02 1.631094005893803708e-03
3.183190000000000168e+02 1.660091276571512477e-03
3.176750000000000114e+02 1.161450897458123728e-03
3.170310000000000059e+02 1.205751917947123827e-03
3.163860000000000241e+02 8.591583607307170557e-04
3.157420000000000186e+02 1.244670238701001911e-03
3.150980000000000132e+02 1.481718717342702741e-03
3.144519999999999982e+02 1.427948550613063671e-03
3.138079999999999927e+02 1.133999127185612420e-03
3.131619999999999777e+02 1.272518282515878139e-03
3.125179999999999723e+02 9.339324654959277761e-04
3.118729999999999905e+02 1.120130926096816852e-03
3.112269999999999754e+02 1.115575141122227779e-03
3.105830000000000268e+02 1.188364482145404461e-03
3.099370000000000118e+02 1.388258849826352588e-03
3.092919999999999732e+02 1.391579267932753234e-03
3.086469999999999914e+02 1.888278294858110329e-03
3.080009999999999764e+02 1.741526601055865420e-03
3.073570000000000277e+02 1.457859197384171659e-03
3.067099999999999795e+02 1.587106032767020020e-03
3.060649999999999977e+02 1.449199779958845963e-03
3.054200000000000159e+02 1.293251413368211441e-03
3.047740000000000009e+02 1.190657353307489081e-03
3.041290000000000191e+02 1.137299376807828465e-03
3.034820000000000277e+02 1.132547074083459443e-03
3.028369999999999891e+02 1.127819053923283113e-03
3.021920000000000073e+02 1.123100612949848353e-03
3.015450000000000159e+02 1.118377166691318127e-03
3.008999999999999773e+02 1.113677919037350762e-03
3.002529999999999859e+02 1.215566215611403470e-03
2.996080000000000041e+02 1.252831947567306778e-03
2.989610000000000127e+02 1.416685783265470488e-03
2.983149999999999977e+02 1.410671669354063122e-03
2.976700000000000159e+02 1.404679231972779567e-03
2.970230000000000246e+02 1.398529618711173358e-03
2.963770000000000095e+02 1.392703709861349516e-03
2.957300000000000182e+02 1.386430525535326539e-03
2.950840000000000032e+02 1.380777873976716435e-03
2.944370000000000118e+02 1.374086819252057093e-03
2.937909999999999968e+02 1.368901742610871726e-03
2.931429999999999723e+02 1.360908419013370308e-03
2.924970000000000141e+02 1.357066206854845624e-03
2.918500000000000227e+02 1.345185967283793471e-03
2.912040000000000077e+02 1.345289578036759897e-03
2.905570000000000164e+02 1.321772606089567344e-03
2.899100000000000250e+02 1.333553658621137571e-03
2.892629999999999768e+02 1.275238820617433967e-03
2.886159999999999854e+02 1.321867594340759991e-03
2.879689999999999941e+02 1.160313128072346404e-03
2.873210000000000264e+02 1.465122313833231663e-03
2.866750000000000114e+02 1.592863951664902182e-03
2.860269999999999868e+02 1.625886647477104699e-03
2.853799999999999955e+02 1.578874897917332144e-03
2.847320000000000277e+02 1.174530380568803919e-03
2.840849999999999795e+02 1.367114082360245796e-03
2.834370000000000118e+02 1.164040440663781806e-03
2.827900000000000205e+02 1.276589365291716429e-03
2.821419999999999959e+02 1.348772303011214679e-03
2.814950000000000045e+02 1.342283728582823084e-03
2.808469999999999800e+02 1.800544190823904264e-03
2.801990000000000123e+02 1.675909802375589964e-03
2.795509999999999877e+02 1.937154674513724998e-03
2.789039999999999964e+02 1.962628160584021890e-03
2.782549999999999955e+02 1.905305050412276283e-03
2.776080000000000041e+02 1.957935663882148097e-03
2.769590000000000032e+02 2.014600639204142379e-03
2.763120000000000118e+02 1.668699618265374711e-03
2.756630000000000109e+02 1.549120949654464409e-03
2.750149999999999864e+02 1.653442983650594330e-03
2.743659999999999854e+02 1.867055488273551642e-03
2.737189999999999941e+02 1.747944870624892682e-03
2.730699999999999932e+02 1.337802778212996563e-03
2.724220000000000255e+02 1.804537322590822699e-03
2.717730000000000246e+02 1.941126609006527549e-03
2.711240000000000236e+02 1.967973631175499918e-03
2.704759999999999991e+02 1.908482178053957402e-03
2.698260000000000218e+02 1.985338906330243614e-03
2.691779999999999973e+02 1.869212241772108714e-03
2.685289999999999964e+02 2.030233761955311557e-03
2.678809999999999718e+02 2.062865926505179099e-03
2.672309999999999945e+02 2.053018793789710382e-03
2.665830000000000268e+02 2.147832917252890956e-03
2.659329999999999927e+02 2.033423312307512665e-03
2.652839999999999918e+02 1.954508209146067852e-03
2.646349999999999909e+02 1.979630068097705878e-03
2.639850000000000136e+02 1.559265765684599708e-03
2.633369999999999891e+02 1.688283696901825802e-03
2.626870000000000118e+02 1.742216725534000707e-03
2.620380000000000109e+02 1.710973327128222045e-03
2.613879999999999768e+02 1.798672563146227641e-03
2.607400000000000091e+02 1.905694940793612596e-03
2.600899999999999750e+02 1.894834384617742357e-03
2.594390000000000214e+02 1.887005006134027940e-03
2.587900000000000205e+02 1.873455130258717223e-03
2.581399999999999864e+02 1.868433131810290837e-03
2.574909999999999854e+02 1.846534106502393212e-03
2.568410000000000082e+02 1.849950552165442437e-03
2.561899999999999977e+02 1.803137508463600446e-03
2.555409999999999968e+02 1.831543176828660368e-03
2.548899999999999864e+02 1.710731711611487241e-03
2.542410000000000139e+02 1.924181897074444744e-03
2.535910000000000082e+02 1.851555674072052904e-03
2.529399999999999977e+02 1.968218069644183960e-03
2.522899999999999920e+02 2.145731374620281958e-03
2.516399999999999864e+02 2.029059432828005799e-03
2.509900000000000091e+02 2.198458678945130508e-03
2.503389999999999986e+02 2.160056549922679484e-03
2.496879999999999882e+02 2.225064955856034202e-03
2.490380000000000109e+02 2.231912737972474321e-03
2.483870000000000005e+02 2.323535088570392610e-03
2.477359999999999900e+02 2.221009800730357371e-03
2.470860000000000127e+02 2.209535358691275785e-03
2.464350000000000023e+02 2.257770454093338975e-03
2.457849999999999966e+02 2.305431971574465125e-03
2.451330000000000098e+02 2.263901666981182545e-03
2.444819999999999993e+02 2.340266767486708869e-03
2.438319999999999936e+02 2.269654643678881319e-03
2.431800000000000068e+02 2.292533363249697493e-03
2.425289999999999964e+02 2.361492772979556422e-03
2.418779999999999859e+02 2.262545952511444206e-03
2.412270000000000039e+02 2.422460581804318242e-03
2.405749999999999886e+02 2.153124579894660252e-03
2.399240000000000066e+02 2.113483319300582270e-03
2.392719999999999914e+02 2.102071619040997777e-03
2.386200000000000045e+02 2.118848888483243140e-03
2.379699999999999989e+02 2.129729062721748278e-03
2.373180000000000121e+02 2.151525854441252612e-03
2.366670000000000016e+02 2.194731077074580771e-03
2.360149999999999864e+02 2.210566913659935216e-03
2.353629999999999995e+02 2.197485718985480417e-03
2.347100000000000080e+02 2.186518873451718647e-03
2.340600000000000023e+02 2.171566373342980871e-03
2.334070000000000107e+02 2.162635530569339323e-03
2.327549999999999955e+02 2.141858489519550286e-03
2.321040000000000134e+02 2.138879983143211587e-03
2.314509999999999934e+02 2.100601531543910133e-03
2.307980000000000018e+02 2.115198030284000559e-03
2.301469999999999914e+02 2.025055829565454955e-03
2.294939999999999998e+02 2.169627741901107749e-03
2.288420000000000130e+02 1.976622106622928296e-03
2.281899999999999977e+02 1.863025771870326910e-03
2.275370000000000061e+02 1.959619720391868238e-03
2.268839999999999861e+02 1.943473375290631069e-03
2.262330000000000041e+02 1.881965194489323067e-03
2.255800000000000125e+02 1.971807139050243442e-03
2.249269999999999925e+02 1.943879855762466885e-03
2.242729999999999961e+02 1.949320785149411895e-03
2.236220000000000141e+02 1.888707903809065452e-03
2.229679999999999893e+02 2.000455693125497477e-03
2.223149999999999977e+02 2.183957391194037926e-03
2.216630000000000109e+02 2.098291949926732718e-03
2.210099999999999909e+02 2.375469953964496218e-03
2.203559999999999945e+02 2.265860140402218247e-03
2.197019999999999982e+02 1.871418001363326896e-03
2.190500000000000114e+02 2.089017815755576674e-03
2.183969999999999914e+02 1.987356826292474565e-03
2.177429999999999950e+02 1.899625285077057501e-03
2.170889999999999986e+02 1.851334363906329385e-03
2.164370000000000118e+02 1.913933694592772662e-03
2.157829999999999870e+02 1.902530200675289903e-03
2.151289999999999907e+02 1.892759243960057602e-03
2.144749999999999943e+02 1.881412674296739163e-03
2.138220000000000027e+02 1.873197970460527099e-03
2.131680000000000064e+02 1.858993708902775864e-03
2.125140000000000100e+02 1.850634111632595835e-03
2.118600000000000136e+02 1.830790607222281896e-03
2.112069999999999936e+02 2.171671482494252035e-03
2.105529999999999973e+02 2.022066818281125031e-03
2.098979999999999961e+02 2.206405868892387552e-03
2.092439999999999998e+02 2.135237518043085758e-03
2.085910000000000082e+02 2.122169194028785365e-03
2.079360000000000070e+02 2.191644870848952383e-03
2.072820000000000107e+02 2.092893581859813553e-03
2.066270000000000095e+02 2.206635062027579013e-03
2.059739999999999895e+02 2.108782625208657866e-03
2.053189999999999884e+02 1.970565907632770234e-03
2.046639999999999873e+02 2.227362975290646946e-03
2.040089999999999861e+02 2.107020126023082841e-03
2.033540000000000134e+02 2.154418770509365470e-03
2.027009999999999934e+02 2.111477952614426203e-03
2.020459999999999923e+02 1.969729357158295918e-03
2.013909999999999911e+02 1.957059967438189163e-03
2.007350000000000136e+02 1.964287596674273249e-03
2.000800000000000125e+02 1.793311663917746424e-03
1.994259999999999877e+02 1.899604990674934714e-03
1.987709999999999866e+02 1.809183464750840475e-03
1.981160000000000139e+02 2.011061735390523835e-03
1.974600000000000080e+02 1.997988176163915074e-03
1.968050000000000068e+02 1.965660590569877873e-03
1.961510000000000105e+02 2.029056902422894659e-03
1.954950000000000045e+02 1.977871453815821263e-03
1.948389999999999986e+02 1.833143589813504646e-03
1.941839999999999975e+02 1.858339101469485893e-03
1.935279999999999916e+02 1.883122397641022634e-03
1.928739999999999952e+02 1.962394337679218038e-03
1.922179999999999893e+02 2.058999456489758913e-03
1.915620000000000118e+02 1.954335968039893224e-03
1.909060000000000059e+02 2.049427893508266006e-03
1.902500000000000000e+02 2.143031607326591030e-03
1.895939999999999941e+02 2.057178383091968522e-03
1.889389999999999930e+02 1.831241943974261334e-03
1.882829999999999870e+02 1.871287492177508725e-03
1.876270000000000095e+02 1.823449017659518152e-03
1.869699999999999989e+02 1.914774589484136364e-03
1.863139999999999930e+02 1.918722217022460859e-03
1.856570000000000107e+02 1.802929493163364953e-03
1.850010000000000048e+02 1.926015534401071027e-03
1.843460000000000036e+02 1.929463810995368702e-03
1.836889999999999930e+02 1.915768166214095423e-03
1.830329999999999870e+02 1.835903566533373223e-03
1.823760000000000048e+02 1.789890267099851712e-03
1.817189999999999941e+02 1.711626905151871587e-03
1.810620000000000118e+02 1.650666182929238232e-03
1.804050000000000011e+02 1.590503356242705313e-03
1.797500000000000000e+02 1.659151923463559079e-03
1.790929999999999893e+02 1.631201605628484087e-03
1.784360000000000070e+02 1.572086905955248203e-03
1.777789999999999964e+02 1.607660445001274667e-03
1.771220000000000141e+02 1.704770182276406408e-03
1.764650000000000034e+02 1.769572151804864541e-03
1.758069999999999879e+02 1.833207949471573088e-03
1.751500000000000057e+02 1.804443625092487079e-03
1.744939999999999998e+02 1.760802741821316944e-03
1.738369999999999891e+02 1.957635669828261538e-03
1.731790000000000020e+02 2.017362921907863826e-03
1.725219999999999914e+02 1.972729689997297468e-03
1.718640000000000043e+02 1.943193796691065943e-03
1.712059999999999889e+02 1.899425831768620718e-03
1.705490000000000066e+02 1.942772360446400537e-03
1.698909999999999911e+02 2.085546519098395533e-03
1.692330000000000041e+02 2.055356582067054648e-03
1.685749999999999886e+02 2.011423712084260511e-03
1.679190000000000111e+02 1.981797954114446290e-03
1.672609999999999957e+02 2.160904742768723647e-03
1.666030000000000086e+02 2.116611850292349564e-03
1.659449999999999932e+02 2.182169597250936503e-03
1.652870000000000061e+02 2.097215742186653645e-03
1.646279999999999859e+02 2.053791320288465144e-03
1.639699999999999989e+02 1.997514006385793083e-03
1.633120000000000118e+02 2.206828341801370715e-03
1.626539999999999964e+02 2.031575196265418722e-03
1.619950000000000045e+02 2.080510641194906456e-03
1.613369999999999891e+02 1.882755898744305602e-03
1.606779999999999973e+02 2.021463320791353369e-03
1.600190000000000055e+02 2.157824781554615323e-03
1.593609999999999900e+02 2.203317853143301006e-03
1.587040000000000077e+02 2.122535742672246664e-03
1.580449999999999875e+02 2.204573904056180648e-03
1.573859999999999957e+02 2.211094146214964001e-03
1.567270000000000039e+02 2.522506431026684277e-03
1.560680000000000121e+02 2.695263759078625736e-03
1.554089999999999918e+02 2.624725426001332362e-03
1.547500000000000000e+02 2.674193703342285511e-03
1.540910000000000082e+02 2.557209684814023588e-03
1.534319999999999879e+02 2.594139450905282810e-03
1.527729999999999961e+02 2.688221062281732909e-03
1.521140000000000043e+02 2.619251362472704153e-03
1.514540000000000077e+02 2.459802104636343942e-03
1.507949999999999875e+02 2.608326479946202359e-03
1.501359999999999957e+02 2.697920539734674841e-03
1.494759999999999991e+02 2.852315514468342725e-03
1.488170000000000073e+02 2.937676704280158240e-03
1.481570000000000107e+02 2.988371931963290477e-03
1.474970000000000141e+02 3.102781302043605607e-03
1.468379999999999939e+02 3.236341230927222007e-03
1.461779999999999973e+02 3.143767171403443524e-03
1.455180000000000007e+02 3.189478000800920025e-03
1.448580000000000041e+02 3.223532119600710285e-03
1.441980000000000075e+02 3.308359175213100405e-03
1.435380000000000109e+02 3.473294396076281182e-03
1.428779999999999859e+02 3.502683339502871921e-03
1.422179999999999893e+02 3.591522449866426433e-03
1.415579999999999927e+02 3.798093071205270628e-03
1.408979999999999961e+02 3.891591078473508741e-03
1.402379999999999995e+02 4.139622036395390961e-03
1.395769999999999982e+02 4.188348421847827227e-03
1.389170000000000016e+02 4.149200066524226689e-03
1.382560000000000002e+02 4.367260983947718854e-03
1.375960000000000036e+02 4.363751067668548630e-03
1.369350000000000023e+02 4.509140155053209011e-03
1.362750000000000057e+02 4.854801241017090568e-03
1.356140000000000043e+02 5.028150686781627555e-03
1.349540000000000077e+02 5.297444515089297715e-03
1.342930000000000064e+02 5.650660249369244062e-03
1.336320000000000050e+02 5.702461415430206543e-03
1.329710000000000036e+02 5.990429158736723658e-03
1.323100000000000023e+02 6.446458014697584692e-03
1.316490000000000009e+02 6.607396312373369114e-03
1.309879999999999995e+02 6.866836383161495014e-03
1.303269999999999982e+02 7.255503511822396917e-03
1.296659999999999968e+02 7.559843442703757452e-03
1.290049999999999955e+02 8.006529679033161373e-03
1.283420000000000130e+02 8.418744891740164923e-03
1.276809999999999974e+02 8.446670761273639486e-03
1.270190000000000055e+02 8.762376509841173292e-03
1.263580000000000041e+02 9.094230192407142324e-03
1.256959999999999980e+02 9.236449628268018214e-03
1.250349999999999966e+02 9.592763127794078082e-03
1.243730000000000047e+02 9.963126798684092053e-03
1.237120000000000033e+02 1.032425457495707126e-02
1.230499999999999972e+02 1.060794365985602214e-02
1.223880000000000052e+02 1.076415632755766370e-02
1.217259999999999991e+02 1.083382668159775519e-02
1.210639999999999930e+02 1.077578209408102013e-02
1.204030000000000058e+02 1.051466594549508270e-02
1.197409999999999997e+02 1.017841251598389056e-02
1.190780000000000030e+02 9.585473761520690861e-03
1.184150000000000063e+02 9.317985018266418742e-03
1.177530000000000001e+02 9.007255772456234863e-03
1.170909999999999940e+02 8.516714434401460865e-03
1.164279999999999973e+02 8.163977130589489956e-03
1.157660000000000053e+02 7.824314482602293813e-03
1.151039999999999992e+02 7.444460843795600198e-03
1.144410000000000025e+02 7.353000025008604723e-03
1.137789999999999964e+02 7.126465338605497170e-03
1.131159999999999997e+02 6.794795392935461253e-03
1.124539999999999935e+02 6.476004604734907598e-03
1.117890000000000015e+02 6.237442643108328903e-03
1.111269999999999953e+02 6.028540396187567763e-03
1.104639999999999986e+02 5.939076326833690050e-03
1.098010000000000019e+02 5.657593580039372259e-03
1.091380000000000052e+02 5.399330977405701441e-03
1.084749999999999943e+02 5.134317968676078807e-03
1.078119999999999976e+02 5.118673042576004154e-03
1.071490000000000009e+02 5.085065754204409587e-03
1.064849999999999994e+02 5.056634634426512148e-03
1.058209999999999980e+02 4.865335990515443250e-03
1.051580000000000013e+02 4.760696171341267588e-03
1.044950000000000045e+02 4.652084848439696010e-03
1.038319999999999936e+02 4.674554873190713347e-03
1.031680000000000064e+02 4.610008940279558716e-03
1.025049999999999955e+02 4.509253329549164392e-03
1.018400000000000034e+02 4.368282107672595907e-03
1.011760000000000019e+02 4.511696778819470656e-03
1.005130000000000052e+02 4.625024128069961903e-03
9.984900000000000375e+01 4.669267836295712751e-03
9.918529999999999802e+01 4.671767865034300547e-03
9.852150000000000318e+01 4.745814598426246166e-03
9.785769999999999413e+01 5.013174171691762819e-03
9.719230000000000302e+01 5.177821923198807318e-03
9.652830000000000155e+01 5.238377910446952862e-03
9.586430000000000007e+01 5.401667127483316191e-03
9.520029999999999859e+01 5.527111598839989232e-03
9.453610000000000468e+01 5.705872674357181928e-03
9.387199999999999989e+01 5.878036868565708617e-03
9.320619999999999550e+01 5.961188241798929914e-03
9.254200000000000159e+01 6.130107567482718893e-03
9.187760000000000105e+01 6.199271431531067945e-03
9.121320000000000050e+01 6.243704616061541285e-03
9.054879999999999995e+01 6.428845062722318530e-03
8.988280000000000314e+01 6.562276965419636295e-03
8.921819999999999595e+01 6.557808445668770157e-03
8.855360000000000298e+01 6.574986218683999406e-03
8.788890000000000668e+01 6.558432478046867173e-03
8.722419999999999618e+01 6.521237088333228793e-03
8.655939999999999657e+01 6.452856834224972825e-03
8.589300000000000068e+01 6.398774496517331892e-03
8.522809999999999775e+01 6.271458626542242287e-03
8.456319999999999482e+01 6.239049933287050057e-03
8.389820000000000277e+01 6.085312400461097282e-03
8.323160000000000025e+01 5.902608724166166429e-03
8.256650000000000489e+01 5.833076444110168318e-03
8.190130000000000621e+01 5.780371674948903485e-03
8.123609999999999332e+01 5.654199034475320546e-03
8.057080000000000553e+01 5.516849398981748566e-03
7.990389999999999304e+01 5.298154059820322538e-03
7.923850000000000193e+01 5.109899966962034093e-03
7.857299999999999329e+01 5.037321102352125893e-03
7.790749999999999886e+01 4.873654698682092917e-03
7.724039999999999395e+01 4.622957919066220285e-03
7.657479999999999620e+01 4.411607683459578544e-03
7.590909999999999513e+01 4.263311218164332617e-03
7.524339999999999407e+01 4.118201697703766442e-03
7.457760000000000389e+01 3.973439080267667997e-03
7.391020000000000323e+01 3.713412499999342413e-03
7.324429999999999552e+01 3.531345959229811003e-03
7.257829999999999870e+01 3.375194517972680136e-03
7.191230000000000189e+01 3.124301923770836202e-03
7.124469999999999459e+01 2.939022683610767288e-03
7.057850000000000534e+01 2.724457058186365022e-03
6.991230000000000189e+01 2.560585951725004999e-03
6.924609999999999843e+01 2.466512264610929654e-03
6.857829999999999870e+01 2.362525453524031999e-03
6.791190000000000282e+01 2.205783448475105366e-03
6.724550000000000693e+01 2.117480497232219951e-03
6.657750000000000057e+01 1.964275602583583427e-03
6.591100000000000136e+01 1.875116864521205297e-03
6.524439999999999884e+01 1.784096695030076883e-03
6.457769999999999300e+01 1.726994295760251284e-03
6.390950000000000131e+01 1.599117042410216341e-03
6.324269999999999925e+01 1.499668353771709418e-03
6.257589999999999719e+01 1.421099202987702922e-03
6.190899999999999892e+01 1.360293286297306007e-03
6.124060000000000059e+01 1.319775679883794040e-03
6.057359999999999900e+01 1.235959526686892683e-03
5.990659999999999741e+01 1.151207357894231840e-03
5.923799999999999955e+01 1.111635441646970437e-03
5.857079999999999842e+01 1.085081881208327338e-03
5.790359999999999729e+01 1.042042655848406801e-03
5.723629999999999995e+01 1.010026779546671812e-03
5.656750000000000256e+01 9.076698223070252605e-04
5.590010000000000190e+01 8.739126590260129241e-04
5.523270000000000124e+01 8.225453290469163887e-04
5.456360000000000099e+01 7.682917387635780290e-04
5.389609999999999701e+01 7.306714089746485377e-04
5.322849999999999682e+01 7.227095761503823761e-04
5.255930000000000035e+01 6.922278441186466291e-04
5.189159999999999684e+01 7.290328961185743193e-04
5.122379999999999711e+01 7.038450279214006865e-04
5.055440000000000111e+01 6.779051220665462379e-04
4.988660000000000139e+01 6.488889152087201411e-04
4.921860000000000213e+01 6.365809415579423789e-04
4.854910000000000281e+01 5.968431342270275010e-04
4.788100000000000023e+01 5.759658105963446099e-04
4.721289999999999765e+01 5.431982670219201448e-04
4.654319999999999879e+01 5.344996144955913671e-04
4.587500000000000000e+01 5.076388179759681353e-04
4.520669999999999789e+01 5.053576596492104786e-04
4.453679999999999950e+01 4.845315029568722357e-04
4.386840000000000117e+01 4.711119764851801192e-04
4.320000000000000284e+01 4.446797532588317903e-04
4.252989999999999782e+01 4.273702294327549629e-04
4.186129999999999995e+01 4.061225479284751331e-04
4.119270000000000209e+01 4.104009141595008655e-04
4.052250000000000085e+01 3.864265947480234435e-04
3.985379999999999967e+01 3.714044963323803977e-04
3.918500000000000227e+01 3.582938778476516461e-04
3.851460000000000150e+01 3.514124605315412358e-04
3.784570000000000078e+01 3.480116381296740604e-04
3.717519999999999669e+01 3.337270091407723116e-04
3.650619999999999976e+01 3.198342002953807189e-04
3.583709999999999951e+01 3.088906248514091996e-04
3.516640000000000299e+01 3.024586738566272599e-04
3.449719999999999942e+01 2.868772350916565348e-04
3.382800000000000296e+01 2.816591966342637436e-04
3.315709999999999980e+01 2.645119459278274837e-04
3.248780000000000001e+01 2.539647862973009478e-04
3.181680000000000064e+01 2.369555936821679174e-04
3.114730000000000132e+01 2.329874465072052166e-04
3.047779999999999845e+01 2.254413567367418705e-04
2.980669999999999931e+01 2.259672151649111296e-04
2.913700000000000045e+01 2.193722878969853445e-04
2.846730000000000160e+01 2.184140212984122793e-04
2.779599999999999937e+01 2.149041040999757923e-04
2.712620000000000076e+01 2.061754831600504719e-04
2.645479999999999876e+01 1.957575231070972333e-04
2.578490000000000038e+01 1.866611922680694064e-04
2.511329999999999885e+01 1.735667863730705810e-04
2.444330000000000069e+01 1.662591219892563786e-04
2.377319999999999922e+01 1.515669424480677800e-04
2.310150000000000148e+01 1.450257971343861291e-04
2.243130000000000024e+01 1.415757350004455829e-04
2.175949999999999918e+01 1.358716667674652158e-04
2.108909999999999840e+01 1.316842174017035679e-04
2.041870000000000118e+01 1.308288337023932424e-04
1.974680000000000035e+01 1.263223599257899113e-04
1.907629999999999981e+01 1.224958960074444265e-04
1.840419999999999945e+01 1.174585903673818383e-04
1.773349999999999937e+01 1.136725619889249927e-04
1.706129999999999924e+01 1.099433861207760327e-04
1.639059999999999917e+01 1.048738309407735964e-04
1.571979999999999933e+01 9.772144343392528900e-05
1.504739999999999966e+01 9.184319881713523515e-05
1.437650000000000006e+01 8.906917614455573914e-05
1.370410000000000039e+01 8.341484587466994785e-05
1.303299999999999947e+01 7.828541093949921252e-05
1.236040000000000028e+01 7.514187334384589542e-05
1.168929999999999936e+01 7.010965153455496111e-05
1.101660000000000039e+01 6.732153296347020597e-05
1.034529999999999994e+01 6.375747368967891852e-05
9.672489999999999810e+00 6.067284005488353605e-05
9.001129999999999853e+00 5.869662938118019727e-05
8.329710000000000392e+00 5.592269132875340342e-05
7.656710000000000349e+00 5.192409404335249137e-05
6.985170000000000101e+00 4.162590706223368226e-05
6.312050000000000161e+00 3.613600160887870099e-05
5.640399999999999636e+00 2.861312342821913798e-05
4.967170000000000307e+00 2.247046589508107619e-05
4.295410000000000394e+00 1.692347378503436829e-05
3.622059999999999835e+00 1.225631298532796000e-05
2.950180000000000025e+00 8.134509410169859584e-06
2.276720000000000077e+00 4.828095658401779610e-06
1.604729999999999990e+00 2.408489373973154662e-06
9.311519999999999797e-01 8.112327900000479647e-07
2.590439999999999965e-01 6.273332240342555363e-08
