4.498670000000000186e+02 2.881366322861103043e-15
4.492339999999999804e+02 2.281201542089553097e-15
4.486009999999999991e+02 2.007306003065779129e-15
4.479680000000000177e+02 2.812898524497729385e-15
4.473360000000000127e+02 2.727468309056185940e-15
4.467029999999999745e+02 2.588202738012914630e-15
4.460690000000000168e+02 3.066857436227825288e-15
4.454359999999999786e+02 2.767092516780197659e-15
4.448029999999999973e+02 2.682310461140251414e-15
4.441689999999999827e+02 2.918026574731012663e-15
4.435360000000000014e+02 3.206181489479491524e-15
4.429019999999999868e+02 3.759501686904554126e-15
4.422699999999999818e+02 3.248316736757517107e-15
4.416360000000000241e+02 3.666966640215724584e-15
4.410029999999999859e+02 3.634256582387345374e-15
4.403690000000000282e+02 3.311074436659637492e-15
4.397350000000000136e+02 3.305474014325171813e-15
4.391009999999999991e+02 3.220930288946871881e-15
4.384669999999999845e+02 2.610706431198628813e-15
4.378330000000000268e+02 2.789824294219341332e-15
4.371990000000000123e+02 2.575555296508634995e-15
4.365649999999999977e+02 2.754148716689796689e-15
4.359329999999999927e+02 2.149027039033627125e-15
4.352980000000000018e+02 1.780421445526544127e-15
4.346639999999999873e+02 1.751386436855063905e-15
4.340299999999999727e+02 1.826226766686317080e-15
4.333960000000000150e+02 1.823067726567001462e-15
4.327610000000000241e+02 2.492893731243676180e-15
4.321270000000000095e+02 2.255961333281558258e-15
4.314920000000000186e+02 1.865122876746555890e-15
4.308580000000000041e+02 1.681633856088785594e-15
4.302230000000000132e+02 1.858689919315303690e-15
4.295889999999999986e+02 2.137708485654958529e-15
4.289540000000000077e+02 1.775196706523707651e-15
4.283190000000000168e+02 2.002331854418809488e-15
4.276859999999999786e+02 1.999165192644803485e-15
4.270509999999999877e+02 1.715150039084928121e-15
4.264159999999999968e+02 1.432286917179163181e-15
4.257810000000000059e+02 1.709016036374391763e-15
4.251460000000000150e+02 1.908778115729897665e-15
4.245110000000000241e+02 2.284884394458208123e-15
4.238759999999999764e+02 2.306052755998574812e-15
4.232409999999999854e+02 2.528997029794856344e-15
4.226050000000000182e+02 2.222500208241817665e-15
4.219700000000000273e+02 2.268861618708619371e-15
4.213349999999999795e+02 2.340070824765557273e-15
4.206990000000000123e+02 2.686327065278748483e-15
4.200640000000000214e+02 2.706536788219399122e-15
4.194289999999999736e+02 3.000945647885582566e-15
4.187930000000000064e+02 2.422930749518646514e-15
4.181569999999999823e+02 2.294317368592575367e-15
4.175219999999999914e+02 2.439135384449046994e-15
4.168860000000000241e+02 2.979523042197997807e-15
4.162500000000000000e+02 3.246117359555622092e-15
4.156150000000000091e+02 3.289698087223224739e-15
4.149789999999999850e+02 3.382255136027378865e-15
4.143430000000000177e+02 3.474459963409985829e-15
4.137069999999999936e+02 3.124561553501472083e-15
4.130710000000000264e+02 3.633419519458551779e-15
4.124350000000000023e+02 3.871401992036653665e-15
4.117989999999999782e+02 4.059730594115409338e-15
4.111630000000000109e+02 3.906105727282929403e-15
4.105260000000000105e+02 3.753110417282650169e-15
4.098899999999999864e+02 3.867674090623688465e-15
4.092540000000000191e+02 3.327572756720127424e-15
4.086170000000000186e+02 3.369819708813941369e-15
4.079809999999999945e+02 3.580976625673024450e-15
4.073439999999999941e+02 3.429804434072009501e-15
4.067080000000000268e+02 3.279175619019339959e-15
4.060710000000000264e+02 3.657261110325034742e-15
4.054350000000000023e+02 3.123270876941316288e-15
4.047980000000000018e+02 3.189343989545834972e-15
4.041610000000000014e+02 3.087936515885367070e-15
4.035240000000000009e+02 3.320652425437929808e-15
4.028879999999999768e+02 2.814921417606629674e-15
4.022509999999999764e+02 3.047092532641035625e-15
4.016139999999999759e+02 2.520039385434172413e-15
4.009769999999999754e+02 2.562680262468038525e-15
4.003399999999999750e+02 2.014679249340332786e-15
3.997029999999999745e+02 2.435235778085199972e-15
3.990649999999999977e+02 2.289464209687581463e-15
3.984279999999999973e+02 1.839232313599183884e-15
3.977909999999999968e+02 1.718689990501538762e-15
3.971519999999999868e+02 1.668111950637405179e-15
3.965149999999999864e+02 1.315043333330759238e-15
3.958770000000000095e+02 1.498941182744292908e-15
3.952400000000000091e+02 9.843896932626745331e-16
3.946019999999999754e+02 1.354073472014520896e-15
3.939649999999999750e+02 9.574528430119378799e-16
3.933269999999999982e+02 9.093747476874139811e-16
3.926890000000000214e+02 1.438668811463841439e-15
3.920520000000000209e+02 1.343809882996529623e-15
3.914139999999999873e+02 1.755200485978080548e-15
3.907760000000000105e+02 1.774622528042677898e-15
3.901379999999999768e+02 2.366781726193365367e-15
3.895000000000000000e+02 2.888501991311229939e-15
3.888609999999999900e+02 2.609540528603167645e-15
3.882230000000000132e+02 2.672703765615520491e-15
3.875849999999999795e+02 2.940416736656233546e-15
3.869460000000000264e+02 3.184379528274594724e-15
3.863079999999999927e+02 3.472749619811086693e-15
3.856700000000000159e+02 3.646894715967516918e-15
3.850319999999999823e+02 3.842912177127338916e-15
3.843929999999999723e+02 3.475085000764791521e-15
3.837549999999999955e+02 3.693011909221394367e-15
3.831159999999999854e+02 3.573971655977023628e-15
3.824759999999999991e+02 3.521952633660622145e-15
3.818380000000000223e+02 3.381127860978782491e-15
3.811990000000000123e+02 2.817080016994285739e-15
3.805600000000000023e+02 3.123340389782380012e-15
3.799220000000000255e+02 2.983948129546156334e-15
3.792830000000000155e+02 2.645454576890334360e-15
3.786440000000000055e+02 2.861488927105123521e-15
3.780049999999999955e+02 2.634719034376889540e-15
3.773650000000000091e+02 2.718285983037115051e-15
3.767259999999999991e+02 3.526918989381062013e-15
3.760860000000000127e+02 3.453997222239962480e-15
3.754470000000000027e+02 4.170206165110984322e-15
3.748079999999999927e+02 4.117993532201323299e-15
3.741689999999999827e+02 4.327935631789009401e-15
3.735299999999999727e+02 4.559131510536165994e-15
3.728890000000000100e+02 4.615705381576036270e-15
3.722500000000000000e+02 4.259138941757324351e-15
3.716100000000000136e+02 4.813715262083768703e-15
3.709710000000000036e+02 4.415167331367319199e-15
3.703310000000000173e+02 4.234310992379149062e-15
3.696909999999999741e+02 4.096407311392862048e-15
3.690500000000000114e+02 4.195406339470118913e-15
3.684110000000000014e+02 3.972656502889517020e-15
3.677710000000000150e+02 3.879040699872970409e-15
3.671309999999999718e+02 3.700363738944443523e-15
3.664909999999999854e+02 4.247084958980304464e-15
3.658509999999999991e+02 3.919281385170771627e-15
3.652099999999999795e+02 3.911570346779181614e-15
3.645699999999999932e+02 4.390610448964110935e-15
3.639300000000000068e+02 4.297198329025188011e-15
3.632900000000000205e+02 4.246095107703675804e-15
3.626490000000000009e+02 4.342560624247644412e-15
3.620079999999999814e+02 4.228970823032828226e-15
3.613670000000000186e+02 4.157382411013795994e-15
3.607269999999999754e+02 3.856146556666187812e-15
3.600869999999999891e+02 3.973573706895598559e-15
3.594460000000000264e+02 3.590707886609479685e-15
3.588039999999999736e+02 3.312224507837205286e-15
3.581639999999999873e+02 3.201923352042965901e-15
3.575230000000000246e+02 2.946904944375408846e-15
3.568829999999999814e+02 3.312402162214282419e-15
3.562420000000000186e+02 3.202519865915417709e-15
3.556000000000000227e+02 3.257920319037699580e-15
3.549590000000000032e+02 3.415363746889824038e-15
3.543179999999999836e+02 3.080347455645257963e-15
3.536770000000000209e+02 3.176410247719640404e-15
3.530350000000000250e+02 3.638960698800355696e-15
3.523940000000000055e+02 3.753554301333664456e-15
3.517520000000000095e+02 3.745685099054559302e-15
3.511109999999999900e+02 3.027905084749283071e-15
3.504689999999999941e+02 3.284768197571090820e-15
3.498269999999999982e+02 3.378784332121918748e-15
3.491859999999999786e+02 3.311206645063336292e-15
3.485450000000000159e+02 3.244104874476914132e-15
3.479019999999999868e+02 3.176632926985473338e-15
3.472599999999999909e+02 2.969858487056271637e-15
3.466190000000000282e+02 2.923552286081949089e-15
3.459769999999999754e+02 2.837528397554120269e-15
3.453340000000000032e+02 3.090234819763692816e-15
3.446929999999999836e+02 3.242453435010630132e-15
3.440509999999999877e+02 3.116558048583961008e-15
3.434089999999999918e+02 3.070301564991731485e-15
3.427660000000000196e+02 2.866509014365900875e-15
3.421240000000000236e+02 3.273842914231547945e-15
3.414820000000000277e+02 3.364975251861766730e-15
3.408399999999999750e+02 3.337910848079532408e-15
3.401970000000000027e+02 3.506978496156434507e-15
3.395539999999999736e+02 3.538333080942807000e-15
3.389119999999999777e+02 3.433130337014558048e-15
3.382690000000000055e+02 3.523208989417035042e-15
3.376259999999999764e+02 4.000074761119478294e-15
3.369839999999999804e+02 4.300928515950835868e-15
3.363419999999999845e+02 4.117928872136449553e-15
3.356979999999999791e+02 3.858363731547263856e-15
3.350550000000000068e+02 3.792289385171331172e-15
3.344130000000000109e+02 3.611578411638118280e-15
3.337690000000000055e+02 3.660746819523042820e-15
3.331259999999999764e+02 3.748239918112270405e-15
3.324830000000000041e+02 4.254135424198754151e-15
3.318389999999999986e+02 4.017134134670716742e-15
3.311960000000000264e+02 4.330330181340437447e-15
3.305539999999999736e+02 4.188180653893846645e-15
3.299110000000000014e+02 4.443173309710342278e-15
3.292660000000000196e+02 4.602997224391478771e-15
3.286229999999999905e+02 4.855937192248347739e-15
3.279800000000000182e+02 4.770268139440179776e-15
3.273360000000000127e+02 4.628209449073139339e-15
3.266929999999999836e+02 4.188543036637930302e-15
3.260489999999999782e+02 4.104641890849087310e-15
3.254049999999999727e+02 4.002410631680425361e-15
3.247610000000000241e+02 4.216001282595958658e-15
3.241179999999999950e+02 4.058481109333072761e-15
3.234730000000000132e+02 4.159987900064523656e-15
3.228290000000000077e+02 4.168819869194975127e-15
3.221840000000000259e+02 4.508885087809134358e-15
3.215409999999999968e+02 4.535082547161732755e-15
3.208969999999999914e+02 4.908667017498418621e-15
3.202520000000000095e+02 5.116937661348118622e-15
3.196080000000000041e+02 5.086823810503268997e-15
3.189639999999999986e+02 5.238673948560334038e-15
3.183190000000000168e+02 5.462358046378588305e-15
3.176750000000000114e+02 5.124287823234247558e-15
3.170310000000000059e+02 4.589718649925013454e-15
3.163860000000000241e+02 4.578410199341035440e-15
3.157420000000000186e+02 4.460395257724145486e-15
3.150980000000000132e+02 4.181279453311811703e-15
3.144519999999999982e+02 4.099796367058674471e-15
3.138079999999999927e+02 3.965475256756277286e-15
3.131619999999999777e+02 3.885025528830090838e-15
3.125179999999999723e+02 3.769316091667237206e-15
3.118729999999999905e+02 3.813442060736992039e-15
3.112269999999999754e+02 4.440866380097803546e-15
3.105830000000000268e+02 4.165953373342981856e-15
3.099370000000000118e+02 4.050522896974707844e-15
3.092919999999999732e+02 4.093765301912755293e-15
3.086469999999999914e+02 3.979057883535868638e-15
3.080009999999999764e+02 4.336380150354771696e-15
3.073570000000000277e+02 4.534965610019256499e-15
3.067099999999999795e+02 4.594098252515151025e-15
3.060649999999999977e+02 4.513578094456618230e-15
3.054200000000000159e+02 4.485292196316122476e-15
3.047740000000000009e+02 4.457563581327947095e-15
3.041290000000000191e+02 4.429901287758338363e-15
3.034820000000000277e+02 4.899880491503011325e-15
3.028369999999999891e+02 5.196438174727085701e-15
3.021920000000000073e+02 5.422742272288281784e-15
3.015450000000000159e+02 5.256644112783248208e-15
3.008999999999999773e+02 4.903600649397419256e-15
3.002529999999999859e+02 5.383998001603284342e-15
2.996080000000000041e+02 5.167775092029009243e-15
2.989610000000000127e+02 4.918481594214801689e-15
2.983149999999999977e+02 5.344853942391085670e-15
2.976700000000000159e+02 5.113475197693775884e-15
2.970230000000000246e+02 5.134209837555569620e-15
2.963770000000000095e+02 4.803620578760209280e-15
2.957300000000000182e+02 4.692112036083844459e-15
2.950840000000000032e+02 4.830275860278883654e-15
2.944370000000000118e+02 4.469780542346344223e-15
2.937909999999999968e+02 4.607781194923872442e-15
2.931429999999999723e+02 5.388956281502087194e-15
2.924970000000000141e+02 5.359143606285747715e-15
2.918500000000000227e+02 5.099324036434539081e-15
2.912040000000000077e+02 5.004548384221574082e-15
2.905570000000000164e+02 5.236821581532341281e-15
2.899100000000000250e+02 5.534140610205410230e-15
2.892629999999999768e+02 5.975425145694312215e-15
2.886159999999999854e+02 6.236642433917951705e-15
2.879689999999999941e+02 6.415149193096420527e-15
2.873210000000000264e+02 6.431288754391047357e-15
2.866750000000000114e+02 6.350475350812211039e-15
2.860269999999999868e+02 6.687862685983988097e-15
2.853799999999999955e+02 6.799035775629118256e-15
2.847320000000000277e+02 6.717764926059910776e-15
2.840849999999999795e+02 7.035263538965644014e-15
2.834370000000000118e+02 7.176482983344818820e-15
2.827900000000000205e+02 7.490853854538989614e-15
2.821419999999999959e+02 7.756647697625280135e-15
2.814950000000000045e+02 7.878243653856385321e-15
2.808469999999999800e+02 8.173140348277453637e-15
2.801990000000000123e+02 7.900821483604581768e-15
2.795509999999999877e+02 7.723662528598568978e-15
2.789039999999999964e+02 7.813361100603818806e-15
2.782549999999999955e+02 7.808201976847062381e-15
2.776080000000000041e+02 7.819009433208458353e-15
2.769590000000000032e+02 7.705537124565994663e-15
2.763120000000000118e+02 7.855193069114662974e-15
2.756630000000000109e+02 7.711530840055423736e-15
2.750149999999999864e+02 7.844556875884141481e-15
2.743659999999999854e+02 8.498878598525925065e-15
2.737189999999999941e+02 8.996026887720856337e-15
2.730699999999999932e+02 9.125033001137394783e-15
2.724220000000000255e+02 8.994052055275957651e-15
2.717730000000000246e+02 8.788249771733852384e-15
2.711240000000000236e+02 8.628528844773727103e-15
2.704759999999999991e+02 8.364309042968600932e-15
2.698260000000000218e+02 8.507316651892677850e-15
2.691779999999999973e+02 8.784701903856362899e-15
2.685289999999999964e+02 8.356926138003334475e-15
2.678809999999999718e+02 8.244464084075904588e-15
2.672309999999999945e+02 8.103490440061074579e-15
2.665830000000000268e+02 8.274314961165035577e-15
2.659329999999999927e+02 8.844136649447241997e-15
2.652839999999999918e+02 9.086085858003972122e-15
2.646349999999999909e+02 9.473552733058220246e-15
2.639850000000000136e+02 9.227480361072817447e-15
2.633369999999999891e+02 9.113989491387658108e-15
2.626870000000000118e+02 9.352046426489370211e-15
2.620380000000000109e+02 9.137241766316815359e-15
2.613879999999999768e+02 9.503877343351349151e-15
2.607400000000000091e+02 9.304325902185776797e-15
2.600899999999999750e+02 8.888198892288592524e-15
2.594390000000000214e+02 9.108322177330724319e-15
2.587900000000000205e+02 8.924746296783689839e-15
2.581399999999999864e+02 8.942834271362448207e-15
2.574909999999999854e+02 8.860765252214863346e-15
2.568410000000000082e+02 9.277429623191478622e-15
2.561899999999999977e+02 9.592482390118639541e-15
2.555409999999999968e+02 9.409460827383061537e-15
2.548899999999999864e+02 9.608912147289304901e-15
2.542410000000000139e+02 9.596052044396254603e-15
2.535910000000000082e+02 9.273658422929825055e-15
2.529399999999999977e+02 9.275074528832124003e-15
2.522899999999999920e+02 9.402770087070036026e-15
2.516399999999999864e+02 9.695924505388097440e-15
2.509900000000000091e+02 9.265380817340180079e-15
2.503389999999999986e+02 9.294067511448691409e-15
2.496879999999999882e+02 9.502254665610056986e-15
2.490380000000000109e+02 9.543234774997469523e-15
2.483870000000000005e+02 9.831634851381994267e-15
2.477359999999999900e+02 1.009042854896079687e-14
2.470860000000000127e+02 9.965623004490469082e-15
2.464350000000000023e+02 1.026307007695900089e-14
2.457849999999999966e+02 9.826102672604478291e-15
2.451330000000000098e+02 1.005437607891384721e-14
2.444819999999999993e+02 9.862878283249248012e-15
2.438319999999999936e+02 9.699696316139270644e-15
2.431800000000000068e+02 9.576908307409885617e-15
2.425289999999999964e+02 9.548576191941939025e-15
2.418779999999999859e+02 9.919838895860614199e-15
2.412270000000000039e+02 1.016962514969267599e-14
2.405749999999999886e+02 9.927506902681635650e-15
2.399240000000000066e+02 1.034664849955230140e-14
2.392719999999999914e+02 1.031589932748663273e-14
2.386200000000000045e+02 1.050807707331928992e-14
2.379699999999999989e+02 1.045020415257092622e-14
2.373180000000000121e+02 1.073181327932214971e-14
2.366670000000000016e+02 1.069963432194986289e-14
2.360149999999999864e+02 1.067974948515881834e-14
2.353629999999999995e+02 1.088020238259218425e-14
2.347100000000000080e+02 1.127246603082496535e-14
2.340600000000000023e+02 1.119921054041048920e-14
2.334070000000000107e+02 1.113933907510267365e-14
2.327549999999999955e+02 1.155236295254727692e-14
2.321040000000000134e+02 1.186037378213023051e-14
2.314509999999999934e+02 1.178581186510035274e-14
2.307980000000000018e+02 1.207810375673771748e-14
2.301469999999999914e+02 1.204063373542035271e-14
2.294939999999999998e+02 1.187728121681974924e-14
2.288420000000000130e+02 1.162704284717137275e-14
2.281899999999999977e+02 1.202800729735705335e-14
2.275370000000000061e+02 1.232660552168589689e-14
2.268839999999999861e+02 1.248681396966349239e-14
2.262330000000000041e+02 1.275636027960096538e-14
2.255800000000000125e+02 1.311102473153712914e-14
2.249269999999999925e+02 1.308185558830534528e-14
2.242729999999999961e+02 1.313865696895664640e-14
2.236220000000000141e+02 1.341420911694539417e-14
2.229679999999999893e+02 1.348120061740391213e-14
2.223149999999999977e+02 1.357118686495615601e-14
2.216630000000000109e+02 1.337064358346077540e-14
2.210099999999999909e+02 1.314604535467686596e-14
2.203559999999999945e+02 1.291088845754184288e-14
2.197019999999999982e+02 1.279717482984208933e-14
2.190500000000000114e+02 1.283922169800967721e-14
2.183969999999999914e+02 1.282098766945518083e-14
2.177429999999999950e+02 1.276716589386097665e-14
2.170889999999999986e+02 1.283179318108787983e-14
2.164370000000000118e+02 1.261256289041601552e-14
2.157829999999999870e+02 1.278265731959583167e-14
2.151289999999999907e+02 1.264639735186978360e-14
2.144749999999999943e+02 1.295474182456421275e-14
2.138220000000000027e+02 1.294657983136572951e-14
2.131680000000000064e+02 1.296119382947137996e-14
2.125140000000000100e+02 1.302189281000427657e-14
2.118600000000000136e+02 1.280539848430275312e-14
2.112069999999999936e+02 1.303789170065335652e-14
2.105529999999999973e+02 1.292509903095176256e-14
2.098979999999999961e+02 1.282430901997268776e-14
2.092439999999999998e+02 1.264395142100848651e-14
2.085910000000000082e+02 1.261241468127252584e-14
2.079360000000000070e+02 1.255801134165755342e-14
2.072820000000000107e+02 1.248117259170747164e-14
2.066270000000000095e+02 1.220277928066365684e-14
2.059739999999999895e+02 1.238425630628063805e-14
2.053189999999999884e+02 1.233005257428125343e-14
2.046639999999999873e+02 1.218750687749061500e-14
2.040089999999999861e+02 1.218922789080755045e-14
2.033540000000000134e+02 1.215757895891102882e-14
2.027009999999999934e+02 1.180794372480705178e-14
2.020459999999999923e+02 1.167874790110518179e-14
2.013909999999999911e+02 1.141948144566197546e-14
2.007350000000000136e+02 1.163976654188440336e-14
2.000800000000000125e+02 1.152271142529738594e-14
1.994259999999999877e+02 1.127672153056298210e-14
1.987709999999999866e+02 1.124716016395032777e-14
1.981160000000000139e+02 1.114281611835209461e-14
1.974600000000000080e+02 1.127333651518958075e-14
1.968050000000000068e+02 1.103060667803953174e-14
1.961510000000000105e+02 1.095946603121105108e-14
1.954950000000000045e+02 1.118353022847366584e-14
1.948389999999999986e+02 1.094287881763063995e-14
1.941839999999999975e+02 1.079816852145887870e-14
1.935279999999999916e+02 1.087341883286275266e-14
1.928739999999999952e+02 1.097898155189315858e-14
1.922179999999999893e+02 1.091791559650557074e-14
1.915620000000000118e+02 1.116663805380041857e-14
1.909060000000000059e+02 1.151635603931494763e-14
1.902500000000000000e+02 1.164797465884447790e-14
1.895939999999999941e+02 1.145118793775207161e-14
1.889389999999999930e+02 1.170306737532754368e-14
1.882829999999999870e+02 1.188219388631466747e-14
1.876270000000000095e+02 1.207972866568758517e-14
1.869699999999999989e+02 1.199400351415358598e-14
1.863139999999999930e+02 1.194850455193503317e-14
1.856570000000000107e+02 1.172312302397492704e-14
1.850010000000000048e+02 1.155914093639494998e-14
1.843460000000000036e+02 1.169317906481821469e-14
1.836889999999999930e+02 1.189501253103781942e-14
1.830329999999999870e+02 1.208484284158313778e-14
1.823760000000000048e+02 1.217529112798417686e-14
1.817189999999999941e+02 1.206959191870595278e-14
1.810620000000000118e+02 1.262506157487417097e-14
1.804050000000000011e+02 1.303054768665736592e-14
1.797500000000000000e+02 1.318130885684928147e-14
1.790929999999999893e+02 1.351370665028794908e-14
1.784360000000000070e+02 1.350820351913357103e-14
1.777789999999999964e+02 1.363569154016594816e-14
1.771220000000000141e+02 1.367609555915595267e-14
1.764650000000000034e+02 1.372557135062831751e-14
1.758069999999999879e+02 1.381156844669219894e-14
1.751500000000000057e+02 1.367176970060750035e-14
1.744939999999999998e+02 1.377498675856852276e-14
1.738369999999999891e+02 1.404479174897290435e-14
1.731790000000000020e+02 1.420066420320549598e-14
1.725219999999999914e+02 1.441030330945618067e-14
1.718640000000000043e+02 1.468197867170221573e-14
1.712059999999999889e+02 1.488674477746268187e-14
1.705490000000000066e+02 1.504418863089237510e-14
1.698909999999999911e+02 1.511784404607528250e-14
1.692330000000000041e+02 1.504598849422367571e-14
1.685749999999999886e+02 1.495616892156184561e-14
1.679190000000000111e+02 1.510870982908214314e-14
1.672609999999999957e+02 1.501839424337588991e-14
1.666030000000000086e+02 1.529256705359898585e-14
1.659449999999999932e+02 1.504205453053895521e-14
1.652870000000000061e+02 1.472275508700337965e-14
1.646279999999999859e+02 1.472993559505582659e-14
1.639699999999999989e+02 1.488511380890316258e-14
1.633120000000000118e+02 1.513424824109752607e-14
1.626539999999999964e+02 1.514692910407184238e-14
1.619950000000000045e+02 1.494323006594895435e-14
1.613369999999999891e+02 1.486972546154395183e-14
1.606779999999999973e+02 1.464227832148987235e-14
1.600190000000000055e+02 1.464602703781389763e-14
1.593609999999999900e+02 1.473421277038254819e-14
1.587040000000000077e+02 1.473684051821496847e-14
1.580449999999999875e+02 1.481397235421343701e-14
1.573859999999999957e+02 1.473116160445130212e-14
1.567270000000000039e+02 1.481498389270303118e-14
1.560680000000000121e+02 1.473197787771992496e-14
1.554089999999999918e+02 1.473982701837616304e-14
1.547500000000000000e+02 1.478800284127659385e-14
1.540910000000000082e+02 1.470454560153835951e-14
1.534319999999999879e+02 1.470245425876295224e-14
1.527729999999999961e+02 1.469175842883747364e-14
1.521140000000000043e+02 1.457576701705178179e-14
1.514540000000000077e+02 1.454854140892492229e-14
1.507949999999999875e+02 1.452090986521739147e-14
1.501359999999999957e+02 1.498570306666873503e-14
1.494759999999999991e+02 1.512929995266688228e-14
1.488170000000000073e+02 1.517629628789634540e-14
1.481570000000000107e+02 1.547298694004990764e-14
1.474970000000000141e+02 1.543869807608748592e-14
1.468379999999999939e+02 1.559031324106718376e-14
1.461779999999999973e+02 1.566260829710927623e-14
1.455180000000000007e+02 1.591023897827775546e-14
1.448580000000000041e+02 1.597894480682837289e-14
1.441980000000000075e+02 1.565023026333227256e-14
1.435380000000000109e+02 1.580144153323551021e-14
1.428779999999999859e+02 1.588255505556824094e-14
1.422179999999999893e+02 1.609732871739188093e-14
1.415579999999999927e+02 1.615991854564321388e-14
1.408979999999999961e+02 1.618391657088340463e-14
1.402379999999999995e+02 1.619207484525256443e-14
1.395769999999999982e+02 1.616987654186283725e-14
1.389170000000000016e+02 1.636699387493553096e-14
1.382560000000000002e+02 1.679401029810225711e-14
1.375960000000000036e+02 1.703497903353730825e-14
1.369350000000000023e+02 1.722941954364988262e-14
1.362750000000000057e+02 1.729198173730155404e-14
1.356140000000000043e+02 1.752427482506133255e-14
1.349540000000000077e+02 1.773197798200300720e-14
1.342930000000000064e+02 1.813431349721474710e-14
1.336320000000000050e+02 1.852441883806336776e-14
1.329710000000000036e+02 1.875586248341482482e-14
1.323100000000000023e+02 1.889352721940119903e-14
1.316490000000000009e+02 1.929830417056521694e-14
1.309879999999999995e+02 1.941584100932861960e-14
1.303269999999999982e+02 1.948336409743208694e-14
1.296659999999999968e+02 1.986874971470929540e-14
1.290049999999999955e+02 2.001899399247323275e-14
1.283420000000000130e+02 2.003156412708196415e-14
1.276809999999999974e+02 2.009004955600475716e-14
1.270190000000000055e+02 2.032619635576400025e-14
1.263580000000000041e+02 2.011531500795349262e-14
1.256959999999999980e+02 1.983943788753010409e-14
1.250349999999999966e+02 1.989301506207547812e-14
1.243730000000000047e+02 1.986674891918564610e-14
1.237120000000000033e+02 1.976830093511127791e-14
1.230499999999999972e+02 1.979850869326635448e-14
1.223880000000000052e+02 1.974379607238811486e-14
1.217259999999999991e+02 1.938946831970148024e-14
1.210639999999999930e+02 1.895568393245478809e-14
1.204030000000000058e+02 1.891603354812869491e-14
1.197409999999999997e+02 1.877535200744785089e-14
1.190780000000000030e+02 1.829291417557922597e-14
1.184150000000000063e+02 1.814196703144999239e-14
1.177530000000000001e+02 1.786948232826388813e-14
1.170909999999999940e+02 1.750729324262069449e-14
1.164279999999999973e+02 1.715409307755555324e-14
1.157660000000000053e+02 1.699135121570303211e-14
1.151039999999999992e+02 1.677520763002500248e-14
1.144410000000000025e+02 1.643524288705129186e-14
1.137789999999999964e+02 1.611592936000590627e-14
1.131159999999999997e+02 1.602932040294097585e-14
1.124539999999999935e+02 1.584891041710320861e-14
1.117890000000000015e+02 1.565140232595525756e-14
1.111269999999999953e+02 1.559479526339332085e-14
1.104639999999999986e+02 1.537073521674327161e-14
1.098010000000000019e+02 1.517694298475932989e-14
1.091380000000000052e+02 1.493907769204515758e-14
1.084749999999999943e+02 1.482146640972817399e-14
1.078119999999999976e+02 1.437936597011779580e-14
1.071490000000000009e+02 1.411446386392474579e-14
1.064849999999999994e+02 1.349653829836461020e-14
1.058209999999999980e+02 1.297454902831044961e-14
1.051580000000000013e+02 1.232743463999100302e-14
1.044950000000000045e+02 1.211074054147087292e-14
1.038319999999999936e+02 1.161582584228244204e-14
1.031680000000000064e+02 1.117965879188049070e-14
1.025049999999999955e+02 1.077498696837070497e-14
1.018400000000000034e+02 1.060138817929250814e-14
1.011760000000000019e+02 1.031425341604772649e-14
1.005130000000000052e+02 1.037909230829512957e-14
9.984900000000000375e+01 1.035923155820266151e-14
9.918529999999999802e+01 1.029258371857442877e-14
9.852150000000000318e+01 1.018987560962184753e-14
9.785769999999999413e+01 1.043708292422760878e-14
9.719230000000000302e+01 1.074077691211680641e-14
9.652830000000000155e+01 1.102365465216435814e-14
9.586430000000000007e+01 1.124168982066153076e-14
9.520029999999999859e+01 1.153922867109285378e-14
9.453610000000000468e+01 1.197287291937294739e-14
9.387199999999999989e+01 1.239900662949140728e-14
9.320619999999999550e+01 1.266944588864387706e-14
9.254200000000000159e+01 1.298132610880251365e-14
9.187760000000000105e+01 1.299333219511219225e-14
9.121320000000000050e+01 1.309320401426416229e-14
9.054879999999999995e+01 1.308270371126690143e-14
8.988280000000000314e+01 1.332583602083913061e-14
8.921819999999999595e+01 1.334293705928244854e-14
8.855360000000000298e+01 1.324420355979206680e-14
8.788890000000000668e+01 1.313634748860713455e-14
8.722419999999999618e+01 1.335202874727000048e-14
8.655939999999999657e+01 1.351351716325771791e-14
8.589300000000000068e+01 1.375543801792493816e-14
8.522809999999999775e+01 1.381584977757673358e-14
8.456319999999999482e+01 1.397362779008040172e-14
8.389820000000000277e+01 1.392864445313401170e-14
8.323160000000000025e+01 1.403241843044870214e-14
8.256650000000000489e+01 1.404765164078908563e-14
8.190130000000000621e+01 1.417872369077880323e-14
8.123609999999999332e+01 1.419707556328262531e-14
8.057080000000000553e+01 1.399392445292693823e-14
7.990389999999999304e+01 1.401365353787363351e-14
7.923850000000000193e+01 1.410826068431542265e-14
7.857299999999999329e+01 1.424358429587385616e-14
7.790749999999999886e+01 1.431447224562232572e-14
7.724039999999999395e+01 1.431485407383757750e-14
7.657479999999999620e+01 1.438743177705415440e-14
7.590909999999999513e+01 1.421531848210682216e-14
7.524339999999999407e+01 1.428693419119848447e-14
7.457760000000000389e+01 1.427103674254657066e-14
7.391020000000000323e+01 1.401042348648508779e-14
7.324429999999999552e+01 1.389137585818281757e-14
7.257829999999999870e+01 1.359769498038482072e-14
7.191230000000000189e+01 1.340277215589610523e-14
7.124469999999999459e+01 1.333259724359275601e-14
7.057850000000000534e+01 1.317162264997322957e-14
6.991230000000000189e+01 1.321140900257151618e-14
6.924609999999999843e+01 1.297888143823471993e-14
6.857829999999999870e+01 1.290266746683081594e-14
6.791190000000000282e+01 1.279780202427070149e-14
6.724550000000000693e+01 1.262726810975118077e-14
6.657750000000000057e+01 1.252530321285258221e-14
6.591100000000000136e+01 1.230554500883034712e-14
6.524439999999999884e+01 1.220748296591870936e-14
6.457769999999999300e+01 1.203971206327120716e-14
6.390950000000000131e+01 1.183006434508436118e-14
6.324269999999999925e+01 1.172254334070827794e-14
6.257589999999999719e+01 1.167513504610072280e-14
6.190899999999999892e+01 1.160404005738829523e-14
6.124060000000000059e+01 1.149113078813932806e-14
6.057359999999999900e+01 1.140265418970597660e-14
5.990659999999999741e+01 1.132263134678491110e-14
5.923799999999999955e+01 1.106323283267246589e-14
5.857079999999999842e+01 1.078659043223600330e-14
5.790359999999999729e+01 1.070476816772719326e-14
5.723629999999999995e+01 1.053467738951259983e-14
5.656750000000000256e+01 1.029054856435565783e-14
5.590010000000000190e+01 1.020024128596750006e-14
5.523270000000000124e+01 1.003338379049674163e-14
5.456360000000000099e+01 9.922848770821693426e-15
5.389609999999999701e+01 9.853159584279035000e-15
5.322849999999999682e+01 9.857796686673500539e-15
5.255930000000000035e+01 9.912367559252279993e-15
5.189159999999999684e+01 9.699386078782322921e-15
5.122379999999999711e+01 9.639209426172182620e-15
5.055440000000000111e+01 9.548887832375929965e-15
4.988660000000000139e+01 9.397207288504828543e-15
4.921860000000000213e+01 9.236332974886773416e-15
4.854910000000000281e+01 9.090690664719436973e-15
4.788100000000000023e+01 9.033246911088154310e-15
4.721289999999999765e+01 8.911693800289675607e-15
4.654319999999999879e+01 8.733302990121187562e-15
4.587500000000000000e+01 8.642462018089868033e-15
4.520669999999999789e+01 8.411214574775911858e-15
4.453679999999999950e+01 8.279596248895158258e-15
4.386840000000000117e+01 8.164034745168286306e-15
4.320000000000000284e+01 8.135492143326861122e-15
4.252989999999999782e+01 7.968190647414052908e-15
4.186129999999999995e+01 7.781495641669800738e-15
4.119270000000000209e+01 7.536448428085190735e-15
4.052250000000000085e+01 7.391143875125254275e-15
3.985379999999999967e+01 7.287171329721643526e-15
3.918500000000000227e+01 7.218114432573788127e-15
3.851460000000000150e+01 7.092476686457983210e-15
3.784570000000000078e+01 6.951953380314982568e-15
3.717519999999999669e+01 6.772476131415282591e-15
3.650619999999999976e+01 6.613684494101730987e-15
3.583709999999999951e+01 6.514005395368666608e-15
3.516640000000000299e+01 6.406139607373407618e-15
3.449719999999999942e+01 6.240755372049973499e-15
3.382800000000000296e+01 6.119571161878234378e-15
3.315709999999999980e+01 5.943011932515005273e-15
3.248780000000000001e+01 5.710339004442484977e-15
3.181680000000000064e+01 5.560273765705707114e-15
3.114730000000000132e+01 5.446391511199049900e-15
3.047779999999999845e+01 5.364479574463044499e-15
2.980669999999999931e+01 5.132523412808883026e-15
2.913700000000000045e+01 5.009904551070566671e-15
2.846730000000000160e+01 4.904750629622572418e-15
2.779599999999999937e+01 4.709533515143518241e-15
2.712620000000000076e+01 4.566121469809949863e-15
2.645479999999999876e+01 4.439805546373664665e-15
2.578490000000000038e+01 4.288687038925971024e-15
2.511329999999999885e+01 4.093870905339092092e-15
2.444330000000000069e+01 3.894126085777504412e-15
2.377319999999999922e+01 3.777991687956930102e-15
2.310150000000000148e+01 3.569429205401860188e-15
2.243130000000000024e+01 3.406551417535333324e-15
2.175949999999999918e+01 3.246823256789667020e-15
2.108909999999999840e+01 3.076293213868580539e-15
2.041870000000000118e+01 2.935823928031932586e-15
1.974680000000000035e+01 2.743532071692688677e-15
1.907629999999999981e+01 2.598170406923517508e-15
1.840419999999999945e+01 2.465349319656488783e-15
1.773349999999999937e+01 2.312833804618701971e-15
1.706129999999999924e+01 2.213387426569927796e-15
1.639059999999999917e+01 2.066879871704215455e-15
1.571979999999999933e+01 1.949559725139475855e-15
1.504739999999999966e+01 1.855819525336698393e-15
1.437650000000000006e+01 1.748173392756234788e-15
1.370410000000000039e+01 1.668643203196608995e-15
1.303299999999999947e+01 1.557889576882816562e-15
1.236040000000000028e+01 1.462869420473056762e-15
1.168929999999999936e+01 1.366745240467995717e-15
1.101660000000000039e+01 1.299769566781292589e-15
1.034529999999999994e+01 1.277348225040112653e-15
9.672489999999999810e+00 1.237297126109216662e-15
9.001129999999999853e+00 1.195801747836817876e-15
8.329710000000000392e+00 1.140592030328127572e-15
7.656710000000000349e+00 1.112158895849815707e-15
6.985170000000000101e+00 1.157588906745459219e-15
6.312050000000000161e+00 1.180224240323156774e-15
5.640399999999999636e+00 1.179262886905814810e-15
4.967170000000000307e+00 1.132386200843480589e-15
4.295410000000000394e+00 1.048851609514300293e-15
3.622059999999999835e+00 9.430676340830227496e-16
2.950180000000000025e+00 8.128135187988444387e-16
2.276720000000000077e+00 6.659789948487062504e-16
1.604729999999999990e+00 4.896490725190530105e-16
9.311519999999999797e-01 2.858906963551773158e-16
2.590439999999999965e-01 7.953358225564830423e-17
