4.498670000000000186e+02 2.227025621244230686e-15
4.492339999999999804e+02 1.762964338589253974e-15
4.486009999999999991e+02 1.551115771470705552e-15
4.479680000000000177e+02 2.173303708029835426e-15
4.473360000000000127e+02 2.107042373169147303e-15
4.467029999999999745e+02 1.999215351853951930e-15
4.460690000000000168e+02 2.368626532581801550e-15
4.454359999999999786e+02 2.136857306741923079e-15
4.448029999999999973e+02 2.071132775067631890e-15
4.441689999999999827e+02 2.252848759544464520e-15
4.435360000000000014e+02 2.474997788489534290e-15
4.429019999999999868e+02 2.901748108869254877e-15
4.422699999999999818e+02 2.506900476651922150e-15
4.416360000000000241e+02 2.829626754596488164e-15
4.410029999999999859e+02 2.804039120817307490e-15
4.403690000000000282e+02 2.554379320373855017e-15
4.397350000000000136e+02 2.549741854466085483e-15
4.391009999999999991e+02 2.484221592400980280e-15
4.384669999999999845e+02 2.013345263998222709e-15
4.378330000000000268e+02 2.151202060700432707e-15
4.371990000000000123e+02 1.985744148058705452e-15
4.365649999999999977e+02 2.123165550807386276e-15
4.359329999999999927e+02 1.656501236885308707e-15
4.352980000000000018e+02 1.372225208011056526e-15
4.346639999999999873e+02 1.349680684262717925e-15
4.340299999999999727e+02 1.407174175135005837e-15
4.333960000000000150e+02 1.404564832611349104e-15
4.327610000000000241e+02 1.920338771775401859e-15
4.321270000000000095e+02 1.737618755751863772e-15
4.314920000000000186e+02 1.436423716032572875e-15
4.308580000000000041e+02 1.294960220055279628e-15
4.302230000000000132e+02 1.431111500648194998e-15
4.295889999999999986e+02 1.645718927892737797e-15
4.289540000000000077e+02 1.366488594526305889e-15
4.283190000000000168e+02 1.541120420356377190e-15
4.276859999999999786e+02 1.538490933998723611e-15
4.270509999999999877e+02 1.319774502142971932e-15
4.264159999999999968e+02 1.101999113299880229e-15
4.257810000000000059e+02 1.314724679724312775e-15
4.251460000000000150e+02 1.468200059000522959e-15
4.245110000000000241e+02 1.757249254682701057e-15
4.238759999999999764e+02 1.773305237377246819e-15
4.232409999999999854e+02 1.944488058837570190e-15
4.226050000000000182e+02 1.708629405664323263e-15
4.219700000000000273e+02 1.744049376882756104e-15
4.213349999999999795e+02 1.798556808258625016e-15
4.206990000000000123e+02 2.064407487010761889e-15
4.200640000000000214e+02 2.079675492159704265e-15
4.194289999999999736e+02 2.305592357024684512e-15
4.187930000000000064e+02 1.861298777816759124e-15
4.181569999999999823e+02 1.762281715656889800e-15
4.175219999999999914e+02 1.873273408836851362e-15
4.168860000000000241e+02 2.287978696437727392e-15
4.162500000000000000e+02 2.492370708340763792e-15
4.156150000000000091e+02 2.525511491769515215e-15
4.149789999999999850e+02 2.596235956346291416e-15
4.143430000000000177e+02 2.666672059532642932e-15
4.137069999999999936e+02 2.397831277256867470e-15
4.130710000000000264e+02 2.787963028769691638e-15
4.124350000000000023e+02 2.970185430355212909e-15
4.117989999999999782e+02 3.114272846361506769e-15
4.111630000000000109e+02 2.996049961738397245e-15
4.105260000000000105e+02 2.878339080247435606e-15
4.098899999999999864e+02 2.965820462702067171e-15
4.092540000000000191e+02 2.551351464971197964e-15
4.086170000000000186e+02 2.583413481437044709e-15
4.079809999999999945e+02 2.744937154976368596e-15
4.073439999999999941e+02 2.628729232005723975e-15
4.067080000000000268e+02 2.512967599611252429e-15
4.060710000000000264e+02 2.802339563610433126e-15
4.054350000000000023e+02 2.392887957924266051e-15
4.047980000000000018e+02 2.443195910321988062e-15
4.041610000000000014e+02 2.365215022388772104e-15
4.035240000000000009e+02 2.543131330494677444e-15
4.028879999999999768e+02 2.155559219726593439e-15
4.022509999999999764e+02 2.333039539683646095e-15
4.016139999999999759e+02 1.929269640016834643e-15
4.009769999999999754e+02 1.961661753137698284e-15
4.003399999999999750e+02 1.542010017684551624e-15
3.997029999999999745e+02 1.863636010408023685e-15
3.990649999999999977e+02 1.751862686780948297e-15
3.984279999999999973e+02 1.407195150287323016e-15
3.977909999999999968e+02 1.314807694258946808e-15
3.971519999999999868e+02 1.275954759879614587e-15
3.965149999999999864e+02 1.005784960771845215e-15
3.958770000000000095e+02 1.146272264953904859e-15
3.952400000000000091e+02 7.527270109678271677e-16
3.946019999999999754e+02 1.035234342566715020e-15
3.939649999999999750e+02 7.319445198604083927e-16
3.933269999999999982e+02 6.951066188715740026e-16
3.926890000000000214e+02 1.099479333397214493e-15
3.920520000000000209e+02 1.026860640263393526e-15
3.914139999999999873e+02 1.341013582558449089e-15
3.907760000000000105e+02 1.355676767151699926e-15
3.901379999999999768e+02 1.807770620461058113e-15
3.895000000000000000e+02 2.205956483614679685e-15
3.888609999999999900e+02 1.992666909307286506e-15
3.882230000000000132e+02 2.040633284672690556e-15
3.875849999999999795e+02 2.244733945096230551e-15
3.869460000000000264e+02 2.430653619577239485e-15
3.863079999999999927e+02 2.650416082679781892e-15
3.856700000000000159e+02 2.782959737443690529e-15
3.850319999999999823e+02 2.932157111787777355e-15
3.843929999999999723e+02 2.651171619793718149e-15
3.837549999999999955e+02 2.817059171624346465e-15
3.831159999999999854e+02 2.725905339578018388e-15
3.824759999999999991e+02 2.685883442802151420e-15
3.818380000000000223e+02 2.578160051354722330e-15
3.811990000000000123e+02 2.147805699931025624e-15
3.805600000000000023e+02 2.380985015376391346e-15
3.799220000000000255e+02 2.274434191740504636e-15
3.792830000000000155e+02 2.016177804173599134e-15
3.786440000000000055e+02 2.180532038163348385e-15
3.780049999999999955e+02 2.007475576168929791e-15
3.773650000000000091e+02 2.070875201474574218e-15
3.767259999999999991e+02 2.686535581023321483e-15
3.760860000000000127e+02 2.630649549775532333e-15
3.754470000000000027e+02 3.175696718610657494e-15
3.748079999999999927e+02 3.135529725430220620e-15
3.741689999999999827e+02 3.294950379887410574e-15
3.735299999999999727e+02 3.470507728160271133e-15
3.728890000000000100e+02 3.513113277374974034e-15
3.722500000000000000e+02 3.241309545034826917e-15
3.716100000000000136e+02 3.662864171204811249e-15
3.709710000000000036e+02 3.359171732838777299e-15
3.703310000000000173e+02 3.221155878967049770e-15
3.696909999999999741e+02 3.115845715306198252e-15
3.690500000000000114e+02 3.190727470283874105e-15
3.684110000000000014e+02 3.020931647283898716e-15
3.677710000000000150e+02 2.949360531763940483e-15
3.671309999999999718e+02 2.813143963356514277e-15
3.664909999999999854e+02 3.228342431362731844e-15
3.658509999999999991e+02 2.978787386318066380e-15
3.652099999999999795e+02 2.972537490679143013e-15
3.645699999999999932e+02 3.336127028347663564e-15
3.639300000000000068e+02 3.264724411742803105e-15
3.632900000000000205e+02 3.225478500101179278e-15
3.626490000000000009e+02 3.298321866344061190e-15
3.620079999999999814e+02 3.211627837477433136e-15
3.613670000000000186e+02 3.156848436870154813e-15
3.607269999999999754e+02 2.927733049894639925e-15
3.600869999999999891e+02 3.016489311054707385e-15
3.594460000000000264e+02 2.725493362998404908e-15
3.588039999999999736e+02 2.513790242102669030e-15
3.581639999999999873e+02 2.429762322909086147e-15
3.575230000000000246e+02 2.235957078684231171e-15
3.568829999999999814e+02 2.512934048427081615e-15
3.562420000000000186e+02 2.429256098047743467e-15
3.556000000000000227e+02 2.470952084409013875e-15
3.549590000000000032e+02 2.590017942547509744e-15
3.543179999999999836e+02 2.335662900284370594e-15
3.536770000000000209e+02 2.408181437887628651e-15
3.530350000000000250e+02 2.758482631306578216e-15
3.523940000000000055e+02 2.844970735401745585e-15
3.517520000000000095e+02 2.838631342889990245e-15
3.511109999999999900e+02 2.294385378313289007e-15
3.504689999999999941e+02 2.488684684404314157e-15
3.498269999999999982e+02 2.559573811259631401e-15
3.491859999999999786e+02 2.508051371896711473e-15
3.485450000000000159e+02 2.456902803330482819e-15
3.479019999999999868e+02 2.405486301793679821e-15
3.472599999999999909e+02 2.248616202185859944e-15
3.466190000000000282e+02 2.213264278053774059e-15
3.459769999999999754e+02 2.147858346585212499e-15
3.453340000000000032e+02 2.338823974707705423e-15
3.446929999999999836e+02 2.453699588392568987e-15
3.440509999999999877e+02 2.358120171319258749e-15
3.434089999999999918e+02 2.322813584467084736e-15
3.427660000000000196e+02 2.168353996463870932e-15
3.421240000000000236e+02 2.476136130590760524e-15
3.414820000000000277e+02 2.544722072395345850e-15
3.408399999999999750e+02 2.523920134694206920e-15
3.401970000000000027e+02 2.651400305008972106e-15
3.395539999999999736e+02 2.674748146628380747e-15
3.389119999999999777e+02 2.594879303798780791e-15
3.382690000000000055e+02 2.662606213064244578e-15
3.376259999999999764e+02 3.022573009728024797e-15
3.369839999999999804e+02 3.249466551289111285e-15
3.363419999999999845e+02 3.110794995177066236e-15
3.356979999999999791e+02 2.914328854426548979e-15
3.350550000000000068e+02 2.864040157407755993e-15
3.344130000000000109e+02 2.727203081454007179e-15
3.337690000000000055e+02 2.763960130956568027e-15
3.331259999999999764e+02 2.829639014182808482e-15
3.324830000000000041e+02 3.211109440521898080e-15
3.318389999999999986e+02 3.031815033112107681e-15
3.311960000000000264e+02 3.267745709419933499e-15
3.305539999999999736e+02 3.160057786037002154e-15
3.299110000000000014e+02 3.351999509896823824e-15
3.292660000000000196e+02 3.472103057268128534e-15
3.286229999999999905e+02 3.662402959073872536e-15
3.279800000000000182e+02 3.597309754198999431e-15
3.273360000000000127e+02 3.489715843647004736e-15
3.266929999999999836e+02 3.157788346863963426e-15
3.260489999999999782e+02 3.094120307757457989e-15
3.254049999999999727e+02 3.016654036645129860e-15
3.247610000000000241e+02 3.177206833283325852e-15
3.241179999999999950e+02 3.058091206729009298e-15
3.234730000000000132e+02 3.134152293551130570e-15
3.228290000000000077e+02 3.140383241826120472e-15
3.221840000000000259e+02 3.396089451023478029e-15
3.215409999999999968e+02 3.415361307276381310e-15
3.208969999999999914e+02 3.696201078680508052e-15
3.202520000000000095e+02 3.852503577887629615e-15
3.196080000000000041e+02 3.829315120283514797e-15
3.189639999999999986e+02 3.943091724171553688e-15
3.183190000000000168e+02 4.110896578735259964e-15
3.176750000000000114e+02 3.855954595088546316e-15
3.170310000000000059e+02 3.453241984253323549e-15
3.163860000000000241e+02 3.444267769674064232e-15
3.157420000000000186e+02 3.355035811091456656e-15
3.150980000000000132e+02 3.144670022547248306e-15
3.144519999999999982e+02 3.082971427957423186e-15
3.138079999999999927e+02 2.981563966768101905e-15
3.131619999999999777e+02 2.920680646234110806e-15
3.125179999999999723e+02 2.833311767490892957e-15
3.118729999999999905e+02 2.866090389296479965e-15
3.112269999999999754e+02 3.337178790073624926e-15
3.105830000000000268e+02 3.130171173184447597e-15
3.099370000000000118e+02 3.043028816050760245e-15
3.092919999999999732e+02 3.075096749173823615e-15
3.086469999999999914e+02 2.988528836540063447e-15
3.080009999999999764e+02 3.256449472466965650e-15
3.073570000000000277e+02 3.405112863262076024e-15
3.067099999999999795e+02 3.449041265091399299e-15
3.060649999999999977e+02 3.388130888309431175e-15
3.054200000000000159e+02 3.366440302135491708e-15
3.047740000000000009e+02 3.345172894865339229e-15
3.041290000000000191e+02 3.323961532553205709e-15
3.034820000000000277e+02 3.676097034984986063e-15
3.028369999999999891e+02 3.898050478639959838e-15
3.021920000000000073e+02 4.067251607386850604e-15
3.015450000000000159e+02 3.942135351096465231e-15
3.008999999999999773e+02 3.676880293757955710e-15
3.002529999999999859e+02 4.036536763290800817e-15
2.996080000000000041e+02 3.873902859430398620e-15
2.989610000000000127e+02 3.686524875478236380e-15
2.983149999999999977e+02 4.005545977145885971e-15
2.976700000000000159e+02 3.831625935081982611e-15
2.970230000000000246e+02 3.846634902526715026e-15
2.963770000000000095e+02 3.598464578196039652e-15
2.957300000000000182e+02 3.514451506282165871e-15
2.950840000000000032e+02 3.617439573052267661e-15
2.944370000000000118e+02 3.347007904235961699e-15
2.937909999999999968e+02 3.449868047972645759e-15
2.931429999999999723e+02 4.034167921963487628e-15
2.924970000000000141e+02 4.011300062009941373e-15
2.918500000000000227e+02 3.816305320420671059e-15
2.912040000000000077e+02 3.744862950446896148e-15
2.905570000000000164e+02 3.918127996255876022e-15
2.899100000000000250e+02 4.140003894902926239e-15
2.892629999999999768e+02 4.469499788301944351e-15
2.886159999999999854e+02 4.664239005168490847e-15
2.879689999999999941e+02 4.797076641303546947e-15
2.873210000000000264e+02 4.808481341123682016e-15
2.866750000000000114e+02 4.747407041722327219e-15
2.860269999999999868e+02 4.998931757065422284e-15
2.853799999999999955e+02 5.081327070667163147e-15
2.847320000000000277e+02 5.019895536584044725e-15
2.840849999999999795e+02 5.256418880003440747e-15
2.834370000000000118e+02 5.361188157061935075e-15
2.827900000000000205e+02 5.595262114041786180e-15
2.821419999999999959e+02 5.792990936167816389e-15
2.814950000000000045e+02 5.882989281165257112e-15
2.808469999999999800e+02 6.102351735125775916e-15
2.801990000000000123e+02 5.898214407241567239e-15
2.795509999999999877e+02 5.765162322949645946e-15
2.789039999999999964e+02 5.831307655064935199e-15
2.782549999999999955e+02 5.826647896897123417e-15
2.776080000000000041e+02 5.833904328982369043e-15
2.769590000000000032e+02 5.748442645200728320e-15
2.763120000000000118e+02 5.859274319966986430e-15
2.756630000000000109e+02 5.751316505872094784e-15
2.750149999999999864e+02 5.849714170035839715e-15
2.743659999999999854e+02 6.336755515817120334e-15
2.737189999999999941e+02 6.706493182550196462e-15
2.730699999999999932e+02 6.801718040714747394e-15
2.724220000000000255e+02 6.703154577061221793e-15
2.717730000000000246e+02 6.548861685802646421e-15
2.711240000000000236e+02 6.428945243861107844e-15
2.704759999999999991e+02 6.231214917908019409e-15
2.698260000000000218e+02 6.336865366999956463e-15
2.691779999999999973e+02 6.542567662693693119e-15
2.685289999999999964e+02 6.223108716662244803e-15
2.678809999999999718e+02 6.138507170854042259e-15
2.672309999999999945e+02 6.032700816872871991e-15
2.665830000000000268e+02 6.159011213120853299e-15
2.659329999999999927e+02 6.582232696935672946e-15
2.652839999999999918e+02 6.761355219103863434e-15
2.646349999999999909e+02 7.048696905693285771e-15
2.639850000000000136e+02 6.864649132985381963e-15
2.633369999999999891e+02 6.779272557528835376e-15
2.626870000000000118e+02 6.955369236578875316e-15
2.620380000000000109e+02 6.794663058970748814e-15
2.613879999999999768e+02 7.066306854850892680e-15
2.607400000000000091e+02 6.916970097310120829e-15
2.600899999999999750e+02 6.606690707648411111e-15
2.594390000000000214e+02 6.769356209107956785e-15
2.587900000000000205e+02 6.631992407850395323e-15
2.581399999999999864e+02 6.644499264062785053e-15
2.574909999999999854e+02 6.582598531364618513e-15
2.568410000000000082e+02 6.891162465573565078e-15
2.561899999999999977e+02 7.124173150851119564e-15
2.555409999999999968e+02 6.987265378659830717e-15
2.548899999999999864e+02 7.134365826511363587e-15
2.542410000000000139e+02 7.123815578822571325e-15
2.535910000000000082e+02 6.883512800745761485e-15
2.529399999999999977e+02 6.883592004394589421e-15
2.522899999999999920e+02 6.977377602468572401e-15
2.516399999999999864e+02 7.193897351072261641e-15
2.509900000000000091e+02 6.873488440293383561e-15
2.503389999999999986e+02 6.893794669382513895e-15
2.496879999999999882e+02 7.047217394526686448e-15
2.490380000000000109e+02 7.076609779193455662e-15
2.483870000000000005e+02 7.289433732909456992e-15
2.477359999999999900e+02 7.480249338242384116e-15
2.470860000000000127e+02 7.386684726873059000e-15
2.464350000000000023e+02 7.606077766873172642e-15
2.457849999999999966e+02 7.281209018331385654e-15
2.451330000000000098e+02 7.449301868109810616e-15
2.444819999999999993e+02 7.306386098430450689e-15
2.438319999999999936e+02 7.184485014655847033e-15
2.431800000000000068e+02 7.092529818149158896e-15
2.425289999999999964e+02 7.070543946662758639e-15
2.418779999999999859e+02 7.344411472662854706e-15
2.412270000000000039e+02 7.528276105914292195e-15
2.405749999999999886e+02 7.347998975367045613e-15
2.399240000000000066e+02 7.657141820236092741e-15
2.392719999999999914e+02 7.633298735416594129e-15
2.386200000000000045e+02 7.774392769411412728e-15
2.379699999999999989e+02 7.730477660488307827e-15
2.373180000000000121e+02 7.937662991757230207e-15
2.366670000000000016e+02 7.912735773182341451e-15
2.360149999999999864e+02 7.896903924040973391e-15
2.353629999999999995e+02 8.043975258143127405e-15
2.347100000000000080e+02 8.332790770191283110e-15
2.340600000000000023e+02 8.277461238920186663e-15
2.334070000000000107e+02 8.232032277712314576e-15
2.327549999999999955e+02 8.536037001568583160e-15
2.321040000000000134e+02 8.762373797155325507e-15
2.314509999999999934e+02 8.706041607403105662e-15
2.307980000000000018e+02 8.920674692447844662e-15
2.301469999999999914e+02 8.891729954759820880e-15
2.294939999999999998e+02 8.769841685655364562e-15
2.288420000000000130e+02 8.583845312561530852e-15
2.281899999999999977e+02 8.878589688988731429e-15
2.275370000000000061e+02 9.097695812381475092e-15
2.268839999999999861e+02 9.214614762130587078e-15
2.262330000000000041e+02 9.412177122829251569e-15
2.255800000000000125e+02 9.672472343104392824e-15
2.249269999999999925e+02 9.649566930591638670e-15
2.242729999999999961e+02 9.690070188371091435e-15
2.236220000000000141e+02 9.891877217306236263e-15
2.229679999999999893e+02 9.939845863635606631e-15
2.223149999999999977e+02 1.000475395467998121e-14
2.216630000000000109e+02 9.855497068576880571e-15
2.210099999999999909e+02 9.688552027556485651e-15
2.203559999999999945e+02 9.513871781797090411e-15
2.197019999999999982e+02 9.428717777428376072e-15
2.190500000000000114e+02 9.458335940860841031e-15
2.183969999999999914e+02 9.443542093790530324e-15
2.177429999999999950e+02 9.402540906402191358e-15
2.170889999999999986e+02 9.448771040886705406e-15
2.164370000000000118e+02 9.286002553150566248e-15
2.157829999999999870e+02 9.409873358925478547e-15
2.151289999999999907e+02 9.308220921834994840e-15
2.144749999999999943e+02 9.533793210720824872e-15
2.138220000000000027e+02 9.526410050910291160e-15
2.131680000000000064e+02 9.535782857523134518e-15
2.125140000000000100e+02 9.579052712549018265e-15
2.118600000000000136e+02 9.418433651872172446e-15
2.112069999999999936e+02 9.588045161105841145e-15
2.105529999999999973e+02 9.503720478853623832e-15
2.098979999999999961e+02 9.428241612231127457e-15
2.092439999999999998e+02 9.294298032352356338e-15
2.085910000000000082e+02 9.269773167001120986e-15
2.079360000000000070e+02 9.228446899584114966e-15
2.072820000000000107e+02 9.170649538783313118e-15
2.066270000000000095e+02 8.964794841566053169e-15
2.059739999999999895e+02 9.096796666661002283e-15
2.053189999999999884e+02 9.055663605484455508e-15
2.046639999999999873e+02 8.949670027160160825e-15
2.040089999999999861e+02 8.949630152320900780e-15
2.033540000000000134e+02 8.925092362846408554e-15
2.027009999999999934e+02 8.667161172478073211e-15
2.020459999999999923e+02 8.571080876164543559e-15
2.013909999999999911e+02 8.379583193697704038e-15
2.007350000000000136e+02 8.539978689793420817e-15
2.000800000000000125e+02 8.452863351361302599e-15
1.994259999999999877e+02 8.271204801138591248e-15
1.987709999999999866e+02 8.248317682987018183e-15
1.981160000000000139e+02 8.170601771093664491e-15
1.974600000000000080e+02 8.265096918281747255e-15
1.968050000000000068e+02 8.085957496038860203e-15
1.961510000000000105e+02 8.032635412148153779e-15
1.954950000000000045e+02 8.195659119234643698e-15
1.948389999999999986e+02 8.018127826564333646e-15
1.941839999999999975e+02 7.910937490430962184e-15
1.935279999999999916e+02 7.964898669593888051e-15
1.928739999999999952e+02 8.041047821420044662e-15
1.922179999999999893e+02 7.995149779984394557e-15
1.915620000000000118e+02 8.176086710267227124e-15
1.909060000000000059e+02 8.430906384387421330e-15
1.902500000000000000e+02 8.526008703276541767e-15
1.895939999999999941e+02 8.380735337666503522e-15
1.889389999999999930e+02 8.563819117912549947e-15
1.882829999999999870e+02 8.693617191648720043e-15
1.876270000000000095e+02 8.836842847608873175e-15
1.869699999999999989e+02 8.772838666771866224e-15
1.863139999999999930e+02 8.738273032089228038e-15
1.856570000000000107e+02 8.572182089970998327e-15
1.850010000000000048e+02 8.451031018222863815e-15
1.843460000000000036e+02 8.547769760114976180e-15
1.836889999999999930e+02 8.694026653227407852e-15
1.830329999999999870e+02 8.831470025181863900e-15
1.823760000000000048e+02 8.896254104570686315e-15
1.817189999999999941e+02 8.817719182990369135e-15
1.810620000000000118e+02 9.222164796109953995e-15
1.804050000000000011e+02 9.516949305803678360e-15
1.797500000000000000e+02 9.625638742274360325e-15
1.790929999999999893e+02 9.866910715820749718e-15
1.784360000000000070e+02 9.861433092956085082e-15
1.777789999999999964e+02 9.953029436605173420e-15
1.771220000000000141e+02 9.981042922271511209e-15
1.764650000000000034e+02 1.001566712173675324e-14
1.758069999999999879e+02 1.007692390707937951e-14
1.751500000000000057e+02 9.973448619185601924e-15
1.744939999999999998e+02 1.004725651277027965e-14
1.738369999999999891e+02 1.024252752253161721e-14
1.731790000000000020e+02 1.035466202401147894e-14
1.725219999999999914e+02 1.050596371432614175e-14
1.718640000000000043e+02 1.070243850139367967e-14
1.712059999999999889e+02 1.085008802682680457e-14
1.705490000000000066e+02 1.096321016796878817e-14
1.698909999999999911e+02 1.101524529715181230e-14
1.692330000000000041e+02 1.096125741745902600e-14
1.685749999999999886e+02 1.089419974770137711e-14
1.679190000000000111e+02 1.100367659959752433e-14
1.672609999999999957e+02 1.093626980994020725e-14
1.666030000000000086e+02 1.113425902267913314e-14
1.659449999999999932e+02 1.095023250804833839e-14
1.652870000000000061e+02 1.071619266487087669e-14
1.646279999999999859e+02 1.071981659902770422e-14
1.639699999999999989e+02 1.083113096047019065e-14
1.633120000000000118e+02 1.101076791195711108e-14
1.626539999999999964e+02 1.101834747077323921e-14
1.619950000000000045e+02 1.086854422206653368e-14
1.613369999999999891e+02 1.081346622479454913e-14
1.606779999999999973e+02 1.064646961634996158e-14
1.600190000000000055e+02 1.064759995340143304e-14
1.593609999999999900e+02 1.071010751781313603e-14
1.587040000000000077e+02 1.071041663517370009e-14
1.580449999999999875e+02 1.076485963093396282e-14
1.573859999999999957e+02 1.070307807356714137e-14
1.567270000000000039e+02 1.076236456881459290e-14
1.560680000000000121e+02 1.070045855394163246e-14
1.554089999999999918e+02 1.070455211417062279e-14
1.547500000000000000e+02 1.073792573322805483e-14
1.540910000000000082e+02 1.067572136668238117e-14
1.534319999999999879e+02 1.067259866965283272e-14
1.527729999999999961e+02 1.066323106129179693e-14
1.521140000000000043e+02 1.057745411482660126e-14
1.514540000000000077e+02 1.055610609106482040e-14
1.507949999999999875e+02 1.053447165348364276e-14
1.501359999999999957e+02 1.087002667674643811e-14
1.494759999999999991e+02 1.097253048443509271e-14
1.488170000000000073e+02 1.100495635348960147e-14
1.481570000000000107e+02 1.121840472707719162e-14
1.474970000000000141e+02 1.119185438160430151e-14
1.468379999999999939e+02 1.130005892320006342e-14
1.461779999999999973e+02 1.135074407316748675e-14
1.455180000000000007e+02 1.152845972899230950e-14
1.448580000000000041e+02 1.157649307465397162e-14
1.441980000000000075e+02 1.133663084616781117e-14
1.435380000000000109e+02 1.144443261092854135e-14
1.428779999999999859e+02 1.150143944631900727e-14
1.422179999999999893e+02 1.165520392865342689e-14
1.415579999999999927e+02 1.169875001388186089e-14
1.408979999999999961e+02 1.171434839047341379e-14
1.402379999999999995e+02 1.171847773856206343e-14
1.395769999999999982e+02 1.170063613678801305e-14
1.389170000000000016e+02 1.184147552028495954e-14
1.382560000000000002e+02 1.214857413241178776e-14
1.375960000000000036e+02 1.232101774977742250e-14
1.369350000000000023e+02 1.245975767931756823e-14
1.362750000000000057e+02 1.250310208062784374e-14
1.356140000000000043e+02 1.266913572721162340e-14
1.349540000000000077e+02 1.281734642208088940e-14
1.342930000000000064e+02 1.310617399291335306e-14
1.336320000000000050e+02 1.338607498109514729e-14
1.329710000000000036e+02 1.355125579046988421e-14
1.323100000000000023e+02 1.364863982658272169e-14
1.316490000000000009e+02 1.393892450098011519e-14
1.309879999999999995e+02 1.402168192011178942e-14
1.303269999999999982e+02 1.406829988976636491e-14
1.296659999999999968e+02 1.434438513816329008e-14
1.290049999999999955e+02 1.445064949270614230e-14
1.283420000000000130e+02 1.445750944914790185e-14
1.276809999999999974e+02 1.449750652566803720e-14
1.270190000000000055e+02 1.466567214326037350e-14
1.263580000000000041e+02 1.451130086389537818e-14
1.256959999999999980e+02 1.431009135522122296e-14
1.250349999999999966e+02 1.434654253878723773e-14
1.243730000000000047e+02 1.432540536650756392e-14
1.237120000000000033e+02 1.425223653989895369e-14
1.230499999999999972e+02 1.427182751113935445e-14
1.223880000000000052e+02 1.423020580044937039e-14
1.217259999999999991e+02 1.397268390047001336e-14
1.210639999999999930e+02 1.365798984615529007e-14
1.204030000000000058e+02 1.362733248458138076e-14
1.197409999999999997e+02 1.352390769395947956e-14
1.190780000000000030e+02 1.317438157887331476e-14
1.184150000000000063e+02 1.306366108224624392e-14
1.177530000000000001e+02 1.286547365039273649e-14
1.170909999999999940e+02 1.260277190101965866e-14
1.164279999999999973e+02 1.234661685656800780e-14
1.157660000000000053e+02 1.222760305506341059e-14
1.151039999999999992e+02 1.207020113285462510e-14
1.144410000000000025e+02 1.182376539901723164e-14
1.137789999999999964e+02 1.159226193266678925e-14
1.131159999999999997e+02 1.152818543607071155e-14
1.124539999999999935e+02 1.139668000160444096e-14
1.117890000000000015e+02 1.125291336238053318e-14
1.111269999999999953e+02 1.121048609540585826e-14
1.104639999999999986e+02 1.104771203609448794e-14
1.098010000000000019e+02 1.090673900144440233e-14
1.091380000000000052e+02 1.073414109727754746e-14
1.084749999999999943e+02 1.064798797829129263e-14
1.078119999999999976e+02 1.032877902661407721e-14
1.071490000000000009e+02 1.013693052614709007e-14
1.064849999999999994e+02 9.691638850747642186e-15
1.058209999999999980e+02 9.315363833501534325e-15
1.051580000000000013e+02 8.849384738452215632e-15
1.044950000000000045e+02 8.692482340530155516e-15
1.038319999999999936e+02 8.335966730497953697e-15
1.031680000000000064e+02 8.021712012371919730e-15
1.025049999999999955e+02 7.730151166331535066e-15
1.018400000000000034e+02 7.604425822168250814e-15
1.011760000000000019e+02 7.397313850835273921e-15
1.005130000000000052e+02 7.442660379873517258e-15
9.984900000000000375e+01 7.427263615196722244e-15
9.918529999999999802e+01 7.378331986366586902e-15
9.852150000000000318e+01 7.303568839419214455e-15
9.785769999999999413e+01 7.479589464379932272e-15
9.719230000000000302e+01 7.696025809254356552e-15
9.652830000000000155e+01 7.897483680288677358e-15
9.586430000000000007e+01 8.052431589729409948e-15
9.520029999999999859e+01 8.264270111345827138e-15
9.453610000000000468e+01 8.573503288262314928e-15
9.387199999999999989e+01 8.877262330723827000e-15
9.320619999999999550e+01 9.069468197850927299e-15
9.254200000000000159e+01 9.291277690852172715e-15
9.187760000000000105e+01 9.298418479939893150e-15
9.121320000000000050e+01 9.368425701495385092e-15
9.054879999999999995e+01 9.359449648390899202e-15
8.988280000000000314e+01 9.531893639201016131e-15
8.921819999999999595e+01 9.542632927229385288e-15
8.855360000000000298e+01 9.470538508853686232e-15
8.788890000000000668e+01 9.391943479819134989e-15
8.722419999999999618e+01 9.544651288890197306e-15
8.655939999999999657e+01 9.658576933977191165e-15
8.589300000000000068e+01 9.829941134573807971e-15
8.522809999999999775e+01 9.871564526466400707e-15
8.456319999999999482e+01 9.982732218917718337e-15
8.389820000000000277e+01 9.949034821488701806e-15
8.323160000000000025e+01 1.002158179346844027e-14
8.256650000000000489e+01 1.003088536397396336e-14
8.190130000000000621e+01 1.012288787515460440e-14
8.123609999999999332e+01 1.013439707326700640e-14
8.057080000000000553e+01 9.987809860940592095e-15
7.990389999999999304e+01 1.000031393548467404e-14
7.923850000000000193e+01 1.006624223342162388e-14
7.857299999999999329e+01 1.016119534040633473e-14
7.790749999999999886e+01 1.021015752787064185e-14
7.724039999999999395e+01 1.020881742388546158e-14
7.657479999999999620e+01 1.025895976554411267e-14
7.590909999999999513e+01 1.013463622314116527e-14
7.524339999999999407e+01 1.018408694088271006e-14
7.457760000000000389e+01 1.017114943798351111e-14
7.391020000000000323e+01 9.983827288595347230e-15
7.324429999999999552e+01 9.897430671374119431e-15
7.257829999999999870e+01 9.686656290506950600e-15
7.191230000000000189e+01 9.546289274856874688e-15
7.124469999999999459e+01 9.494801300907547539e-15
7.057850000000000534e+01 9.378679495659128463e-15
6.991230000000000189e+01 9.405519971547371023e-15
6.924609999999999843e+01 9.238515509147010331e-15
6.857829999999999870e+01 9.182807670686338413e-15
6.791190000000000282e+01 9.106731928484124902e-15
6.724550000000000693e+01 8.983958371786103014e-15
6.657750000000000057e+01 8.909996819384037493e-15
6.591100000000000136e+01 8.752281305113461135e-15
6.524439999999999884e+01 8.681157063172215372e-15
6.457769999999999300e+01 8.560490165541790816e-15
6.390950000000000131e+01 8.410087422554273852e-15
6.324269999999999925e+01 8.332325686341596253e-15
6.257589999999999719e+01 8.297308964526984124e-15
6.190899999999999892e+01 8.245471552982466117e-15
6.124060000000000059e+01 8.163939937759779291e-15
6.057359999999999900e+01 8.099791931693841612e-15
5.990659999999999741e+01 8.041667824209487193e-15
5.923799999999999955e+01 7.856181258620561891e-15
5.857079999999999842e+01 7.658512695036454234e-15
5.790359999999999729e+01 7.599207101853483532e-15
5.723629999999999995e+01 7.477268857017712455e-15
5.656750000000000256e+01 7.302824331573453106e-15
5.590010000000000190e+01 7.237581259626675648e-15
5.523270000000000124e+01 7.118051046391686692e-15
5.456360000000000099e+01 7.038506358934501278e-15
5.389609999999999701e+01 6.987957473592346857e-15
5.322849999999999682e+01 6.990128435298598976e-15
5.255930000000000035e+01 7.027697595513651620e-15
5.189159999999999684e+01 6.875597457705314467e-15
5.122379999999999711e+01 6.831846391345488092e-15
5.055440000000000111e+01 6.766744273501822982e-15
4.988660000000000139e+01 6.658190623708776802e-15
4.921860000000000213e+01 6.543157931100288977e-15
4.854910000000000281e+01 6.438948118279059486e-15
4.788100000000000023e+01 6.397234428232008895e-15
4.721289999999999765e+01 6.310139550083891908e-15
4.654319999999999879e+01 6.182830998906433825e-15
4.587500000000000000e+01 6.117536834072556925e-15
4.520669999999999789e+01 5.952892962667129098e-15
4.453679999999999950e+01 5.858798595062124298e-15
4.386840000000000117e+01 5.776096428047349143e-15
4.320000000000000284e+01 5.754976695368315302e-15
4.252989999999999782e+01 5.635720164484802011e-15
4.186129999999999995e+01 5.502789305678570807e-15
4.119270000000000209e+01 5.328643002040918844e-15
4.052250000000000085e+01 5.225061852183409420e-15
3.985379999999999967e+01 5.150729887671754347e-15
3.918500000000000227e+01 5.101096461320186972e-15
3.851460000000000150e+01 5.011497129525180684e-15
3.784570000000000078e+01 4.911411840981615451e-15
3.717519999999999669e+01 4.783840965711761458e-15
3.650619999999999976e+01 4.670921886428837957e-15
3.583709999999999951e+01 4.599780261427933615e-15
3.516640000000000299e+01 4.522879540776942723e-15
3.449719999999999942e+01 4.405402322881698367e-15
3.382800000000000296e+01 4.319158809065864813e-15
3.315709999999999980e+01 4.193864164754347051e-15
3.248780000000000001e+01 4.029019597609024339e-15
3.181680000000000064e+01 3.922502051738676812e-15
3.114730000000000132e+01 3.841541302271194703e-15
3.047779999999999845e+01 3.783152628053470996e-15
2.980669999999999931e+01 3.618983985060610117e-15
2.913700000000000045e+01 3.531951518643334227e-15
2.846730000000000160e+01 3.457257659659191305e-15
2.779599999999999937e+01 3.319113244842000840e-15
2.712620000000000076e+01 3.217519050400788713e-15
2.645479999999999876e+01 3.128001187952869790e-15
2.578490000000000038e+01 3.021041914870891799e-15
2.511329999999999885e+01 2.883339524561524403e-15
2.444330000000000069e+01 2.742212125826342896e-15
2.377319999999999922e+01 2.659998409764584701e-15
2.310150000000000148e+01 2.512744496562794060e-15
2.243130000000000024e+01 2.397694291368065591e-15
2.175949999999999918e+01 2.284896969859070656e-15
2.108909999999999840e+01 2.164536660053187837e-15
2.041870000000000118e+01 2.065363211769753740e-15
1.974680000000000035e+01 1.929769908323203782e-15
1.907629999999999981e+01 1.827226083966717473e-15
1.840419999999999945e+01 1.733532902222846203e-15
1.773349999999999937e+01 1.626024786892759792e-15
1.706129999999999924e+01 1.555854838678979785e-15
1.639059999999999917e+01 1.452633118256979812e-15
1.571979999999999933e+01 1.369954901712573845e-15
1.504739999999999966e+01 1.303869959609719381e-15
1.437650000000000006e+01 1.228038573214556512e-15
1.370410000000000039e+01 1.171978772126222507e-15
1.303299999999999947e+01 1.094011372594123285e-15
1.236040000000000028e+01 1.027115862680079559e-15
1.168929999999999936e+01 9.594675587986380421e-16
1.101660000000000039e+01 9.123000852888872119e-16
1.034529999999999994e+01 8.964155065311935130e-16
9.672489999999999810e+00 8.681656333305480249e-16
9.001129999999999853e+00 8.389120530971489535e-16
8.329710000000000392e+00 8.000483433025612069e-16
7.656710000000000349e+00 7.799758580957038373e-16
6.985170000000000101e+00 8.117030111178956824e-16
6.312050000000000161e+00 8.274383576729267819e-16
5.640399999999999636e+00 8.266282134718741801e-16
4.967170000000000307e+00 7.936380372439144239e-16
4.295410000000000394e+00 7.349713670231965336e-16
3.622059999999999835e+00 6.607352721745824790e-16
2.950180000000000025e+00 5.693823378684232546e-16
2.276720000000000077e+00 4.664464969593062120e-16
1.604729999999999990e+00 3.428898408471559173e-16
9.311519999999999797e-01 2.001695032700031827e-16
2.590439999999999965e-01 5.567712196614138985e-17
