4.498670000000000186e+02 1.414663474008029265e-15
4.492339999999999804e+02 1.119465912746364191e-15
4.486009999999999991e+02 9.845611492179867608e-16
4.479680000000000177e+02 1.378789049336232161e-15
4.473360000000000127e+02 1.336193331936155077e-15
4.467029999999999745e+02 1.267289969865374117e-15
4.460690000000000168e+02 1.500764100276669106e-15
4.454359999999999786e+02 1.353366607506444165e-15
4.448029999999999973e+02 1.311190180965785919e-15
4.441689999999999827e+02 1.425596198215403979e-15
4.435360000000000014e+02 1.565474631714523830e-15
4.429019999999999868e+02 1.834566135393388027e-15
4.422699999999999818e+02 1.584294999300053619e-15
4.416360000000000241e+02 1.787446385492485217e-15
4.410029999999999859e+02 1.770527153097670326e-15
4.403690000000000282e+02 1.612220110648880274e-15
4.397350000000000136e+02 1.608602429420412360e-15
4.391009999999999991e+02 1.566600072287385462e-15
4.384669999999999845e+02 1.269163655906893657e-15
4.378330000000000268e+02 1.355461883545318991e-15
4.371990000000000123e+02 1.250690306895444770e-15
4.365649999999999977e+02 1.336646766558236677e-15
4.359329999999999927e+02 1.042469965378826353e-15
4.352980000000000018e+02 8.632440652689557743e-16
4.346639999999999873e+02 8.486991917788616330e-16
4.340299999999999727e+02 8.844570615003661255e-16
4.333960000000000150e+02 8.824352131969463545e-16
4.327610000000000241e+02 1.205849799750924759e-15
4.321270000000000095e+02 1.090666827101932317e-15
4.314920000000000186e+02 9.012695954880564326e-16
4.308580000000000041e+02 8.121843054912194749e-16
4.302230000000000132e+02 8.971566251585359802e-16
4.295889999999999986e+02 1.031202267175178297e-15
4.289540000000000077e+02 8.559112445045569055e-16
4.283190000000000168e+02 9.648364599757811436e-16
4.276859999999999786e+02 9.627713233674312757e-16
4.270509999999999877e+02 8.255792590506125385e-16
4.264159999999999968e+02 6.890948497540010590e-16
4.257810000000000059e+02 8.217016349922368416e-16
4.251460000000000150e+02 9.171892720379392724e-16
4.245110000000000241e+02 1.097223594871284773e-15
4.238759999999999764e+02 1.106760528647371726e-15
4.232409999999999854e+02 1.213040174263091555e-15
4.226050000000000182e+02 1.065467323460417666e-15
4.219700000000000273e+02 1.087070462836964349e-15
4.213349999999999795e+02 1.120543052699685844e-15
4.206990000000000123e+02 1.285566385730439408e-15
4.200640000000000214e+02 1.294501263599572904e-15
4.194289999999999736e+02 1.434461251326881608e-15
4.187930000000000064e+02 1.157577180842259573e-15
4.181569999999999823e+02 1.095525933048435051e-15
4.175219999999999914e+02 1.163992028175075447e-15
4.168860000000000241e+02 1.420986430691732302e-15
4.162500000000000000e+02 1.547216603134490238e-15
4.156150000000000091e+02 1.567091285863836568e-15
4.149789999999999850e+02 1.610252866330655073e-15
4.143430000000000177e+02 1.653196487140650945e-15
4.137069999999999936e+02 1.485894980411670280e-15
4.130710000000000264e+02 1.726839906872452758e-15
4.124350000000000023e+02 1.838869485628864466e-15
4.117989999999999782e+02 1.927202466444889258e-15
4.111630000000000109e+02 1.853225339263319869e-15
4.105260000000000105e+02 1.779628488593766654e-15
4.098899999999999864e+02 1.832888911236447851e-15
4.092540000000000191e+02 1.576077173506431189e-15
4.086170000000000186e+02 1.595164201370216193e-15
4.079809999999999945e+02 1.694123144204173483e-15
4.073439999999999941e+02 1.621684329716555734e-15
4.067080000000000268e+02 1.549585924216322449e-15
4.060710000000000264e+02 1.727215278645499944e-15
4.054350000000000023e+02 1.474226347869726842e-15
4.047980000000000018e+02 1.504536660500711117e-15
4.041610000000000014e+02 1.455867114790589434e-15
4.035240000000000009e+02 1.564654255290389872e-15
4.028879999999999768e+02 1.325643562979804067e-15
4.022509999999999764e+02 1.434121808938754289e-15
4.016139999999999759e+02 1.185432808489998253e-15
4.009769999999999754e+02 1.204785960057140880e-15
4.003399999999999750e+02 9.466767555803998994e-16
3.997029999999999745e+02 1.143557545852424395e-15
3.990649999999999977e+02 1.074498598591552024e-15
3.984279999999999973e+02 8.627570354083205997e-16
3.977909999999999968e+02 8.057644652237022042e-16
3.971519999999999868e+02 7.816046687813475253e-16
3.965149999999999864e+02 6.158823327302992984e-16
3.958770000000000095e+02 7.015519329109681108e-16
3.952400000000000091e+02 4.605690081571993189e-16
3.946019999999999754e+02 6.330399129121258291e-16
3.939649999999999750e+02 4.474505733153381330e-16
3.933269999999999982e+02 4.247491530527434019e-16
3.926890000000000214e+02 6.713868575512906745e-16
3.920520000000000209e+02 6.267726916089724714e-16
3.914139999999999873e+02 8.180709746882484030e-16
3.907760000000000105e+02 8.266335435762339963e-16
3.901379999999999768e+02 1.101709704960570920e-15
3.895000000000000000e+02 1.343702087770029002e-15
3.888609999999999900e+02 1.213247294007132601e-15
3.882230000000000132e+02 1.241873661828792112e-15
3.875849999999999795e+02 1.365428923899889862e-15
3.869460000000000264e+02 1.477816489870291606e-15
3.863079999999999927e+02 1.610663690264933366e-15
3.856700000000000159e+02 1.690417063803313883e-15
3.850319999999999823e+02 1.780205393981819035e-15
3.843929999999999723e+02 1.608888473137224363e-15
3.837549999999999955e+02 1.708751814528831601e-15
3.831159999999999854e+02 1.652701204248171770e-15
3.824759999999999991e+02 1.627682405351526887e-15
3.818380000000000223e+02 1.561685540323245770e-15
3.811990000000000123e+02 1.300440573343314377e-15
3.805600000000000023e+02 1.440926581367031806e-15
3.799220000000000255e+02 1.375814937654081559e-15
3.792830000000000155e+02 1.219054029244449361e-15
3.786440000000000055e+02 1.317793249777565155e-15
3.780049999999999955e+02 1.212660535554415753e-15
3.773650000000000091e+02 1.250365219755903278e-15
3.767259999999999991e+02 1.621260647945255304e-15
3.760860000000000127e+02 1.586795759885715396e-15
3.754470000000000027e+02 1.914617858373782501e-15
3.748079999999999927e+02 1.889518419396468824e-15
3.741689999999999827e+02 1.984644049029666279e-15
3.735299999999999727e+02 2.089393152151560573e-15
3.728890000000000100e+02 2.114043894820996438e-15
3.722500000000000000e+02 1.949585703343896750e-15
3.716100000000000136e+02 2.202073093675644674e-15
3.709710000000000036e+02 2.018565845876506843e-15
3.703310000000000173e+02 1.934726952659158151e-15
3.696909999999999741e+02 1.870598380436995771e-15
3.690500000000000114e+02 1.914641048908328225e-15
3.684110000000000014e+02 1.811909337797064125e-15
3.677710000000000150e+02 1.768150331306768094e-15
3.671309999999999718e+02 1.685700181333845191e-15
3.664909999999999854e+02 1.933544104139154659e-15
3.658509999999999991e+02 1.783250617559447989e-15
3.652099999999999795e+02 1.778663314123619502e-15
3.645699999999999932e+02 1.995244958453773017e-15
3.639300000000000068e+02 1.951617587857516090e-15
3.632900000000000205e+02 1.927242006223637815e-15
3.626490000000000009e+02 1.969820882113796545e-15
3.620079999999999814e+02 1.917136109669440990e-15
3.613670000000000186e+02 1.883540036869030618e-15
3.607269999999999754e+02 1.746021066025145775e-15
3.600869999999999891e+02 1.798086319373298396e-15
3.594460000000000264e+02 1.623872450475198617e-15
3.588039999999999736e+02 1.497037203372017767e-15
3.581639999999999873e+02 1.446310951242317139e-15
3.575230000000000246e+02 1.330328556975325977e-15
3.568829999999999814e+02 1.494375703826343219e-15
3.562420000000000186e+02 1.443927919157996450e-15
3.556000000000000227e+02 1.467999955490930426e-15
3.549590000000000032e+02 1.537985319301570189e-15
3.543179999999999836e+02 1.386300566928858355e-15
3.536770000000000209e+02 1.428646535252146062e-15
3.530350000000000250e+02 1.635637195898149894e-15
3.523940000000000055e+02 1.686098311934273956e-15
3.517520000000000095e+02 1.681527432846537721e-15
3.511109999999999900e+02 1.358517706131971473e-15
3.504689999999999941e+02 1.472829568057300442e-15
3.498269999999999982e+02 1.514041078604106337e-15
3.491859999999999786e+02 1.482849907760752098e-15
3.485450000000000159e+02 1.451908980137582219e-15
3.479019999999999868e+02 1.420836801983751490e-15
3.472599999999999909e+02 1.327547576638134444e-15
3.466190000000000282e+02 1.306044535547431396e-15
3.459769999999999754e+02 1.266837517170836689e-15
3.453340000000000032e+02 1.378777781654611785e-15
3.446929999999999836e+02 1.445782935185256549e-15
3.440509999999999877e+02 1.388795123717473585e-15
3.434089999999999918e+02 1.367336210252410384e-15
3.427660000000000196e+02 1.275802251732481660e-15
3.421240000000000236e+02 1.456148047796515619e-15
3.414820000000000277e+02 1.495742165145190963e-15
3.408399999999999750e+02 1.482789577452876859e-15
3.401970000000000027e+02 1.556906712699805343e-15
3.395539999999999736e+02 1.569842182227847806e-15
3.389119999999999777e+02 1.522224381551902504e-15
3.382690000000000055e+02 1.561179614305576127e-15
3.376259999999999764e+02 1.771337322171321296e-15
3.369839999999999804e+02 1.903350693329541997e-15
3.363419999999999845e+02 1.821236171560322583e-15
3.356979999999999791e+02 1.705383376718573614e-15
3.350550000000000068e+02 1.675131014540458428e-15
3.344130000000000109e+02 1.594319660726537445e-15
3.337690000000000055e+02 1.615003497840431518e-15
3.331259999999999764e+02 1.652555680252684144e-15
3.324830000000000041e+02 1.874381326344284515e-15
3.318389999999999986e+02 1.768856529698335198e-15
3.311960000000000264e+02 1.905542190476747099e-15
3.305539999999999736e+02 1.841838116588614315e-15
3.299110000000000014e+02 1.952726379546140259e-15
3.292660000000000196e+02 2.021675724492399293e-15
3.286229999999999905e+02 2.131406204406405391e-15
3.279800000000000182e+02 2.092484174936975606e-15
3.273360000000000127e+02 2.028891108637372866e-15
3.266929999999999836e+02 1.835015071818595052e-15
3.260489999999999782e+02 1.797121640285041480e-15
3.254049999999999727e+02 1.751255698761082873e-15
3.247610000000000241e+02 1.843525561355886050e-15
3.241179999999999950e+02 1.773529950092043360e-15
3.234730000000000132e+02 1.816722321362462615e-15
3.228290000000000077e+02 1.819419344161305577e-15
3.221840000000000259e+02 1.966558083398877124e-15
3.215409999999999968e+02 1.976723231603629691e-15
3.208969999999999914e+02 2.138171831583119057e-15
3.202520000000000095e+02 2.227456085547491975e-15
3.196080000000000041e+02 2.212933935555791487e-15
3.189639999999999986e+02 2.277528747982490977e-15
3.183190000000000168e+02 2.373243176036756998e-15
3.176750000000000114e+02 2.224951911237351252e-15
3.170310000000000059e+02 1.991593971559311138e-15
3.163860000000000241e+02 1.985411997804354061e-15
3.157420000000000186e+02 1.933001104811286970e-15
3.150980000000000132e+02 1.810893738024963508e-15
3.144519999999999982e+02 1.774464680833909192e-15
3.138079999999999927e+02 1.715233326423318519e-15
3.131619999999999777e+02 1.679356429236141242e-15
3.125179999999999723e+02 1.628298328034112631e-15
3.118729999999999905e+02 1.646294498457811594e-15
3.112269999999999754e+02 1.915877156824725207e-15
3.105830000000000268e+02 1.796131011481264707e-15
3.099370000000000118e+02 1.745240258988051092e-15
3.092919999999999732e+02 1.762728458895872639e-15
3.086469999999999914e+02 1.712234982374119994e-15
3.080009999999999764e+02 1.864761793138553346e-15
3.073570000000000277e+02 1.948885534068544614e-15
3.067099999999999795e+02 1.973010044336363347e-15
3.060649999999999977e+02 1.937175924428517604e-15
3.054200000000000159e+02 1.923787533367954563e-15
3.047740000000000009e+02 1.910651801705187204e-15
3.041290000000000191e+02 1.897561851240886167e-15
3.034820000000000277e+02 2.097482615877305464e-15
3.028369999999999891e+02 2.222966270907625286e-15
3.021920000000000073e+02 2.318254089139971816e-15
3.015450000000000159e+02 2.245784297348900000e-15
3.008999999999999773e+02 2.093604396473837051e-15
3.002529999999999859e+02 2.297181933653037787e-15
2.996080000000000041e+02 2.203496171530103711e-15
2.989610000000000127e+02 2.095836391154940498e-15
2.983149999999999977e+02 2.276006704877141897e-15
2.976700000000000159e+02 2.176063910057101883e-15
2.970230000000000246e+02 2.183451359710261410e-15
2.963770000000000095e+02 2.041534882137495707e-15
2.957300000000000182e+02 1.992837751754095594e-15
2.950840000000000032e+02 2.050163389635023986e-15
2.944370000000000118e+02 1.895923156654645288e-15
2.937909999999999968e+02 1.953164516555836783e-15
2.931429999999999723e+02 2.282742400669836048e-15
2.924970000000000141e+02 2.268619381008222500e-15
2.918500000000000227e+02 2.157219336434852492e-15
2.912040000000000077e+02 2.115733013553117886e-15
2.905570000000000164e+02 2.212454280142612549e-15
2.899100000000000250e+02 2.336505190236014418e-15
2.892629999999999768e+02 2.521125529151416036e-15
2.886159999999999854e+02 2.629583539343402845e-15
2.879689999999999941e+02 2.703048221097735782e-15
2.873210000000000264e+02 2.708047678784044593e-15
2.866750000000000114e+02 2.672249934860340457e-15
2.860269999999999868e+02 2.812336242650551487e-15
2.853799999999999955e+02 2.857181782694632978e-15
2.847320000000000277e+02 2.821151349266968214e-15
2.840849999999999795e+02 2.952508777935368933e-15
2.834370000000000118e+02 3.009761228197306889e-15
2.827900000000000205e+02 3.139502201601472276e-15
2.821419999999999959e+02 3.248720072154719181e-15
2.814950000000000045e+02 3.297442814091332896e-15
2.808469999999999800e+02 3.418575724637774406e-15
2.801990000000000123e+02 3.302469345971603609e-15
2.795509999999999877e+02 3.226261959904093181e-15
2.789039999999999964e+02 3.261543971633699200e-15
2.782549999999999955e+02 3.257201835453588532e-15
2.776080000000000041e+02 3.259524925636244386e-15
2.769590000000000032e+02 3.210064966625008732e-15
2.763120000000000118e+02 3.270211062694236240e-15
2.756630000000000109e+02 3.208245456046362112e-15
2.750149999999999864e+02 3.261389395067550988e-15
2.743659999999999854e+02 3.531024121818074301e-15
2.737189999999999941e+02 3.735047435235186541e-15
2.730699999999999932e+02 3.786048785252418412e-15
2.724220000000000255e+02 3.729190312051116551e-15
2.717730000000000246e+02 3.641401120215437284e-15
2.711240000000000236e+02 3.572806990859248912e-15
2.704759999999999991e+02 3.461068248546164034e-15
2.698260000000000218e+02 3.517852010121898527e-15
2.691779999999999973e+02 3.630088342470330634e-15
2.685289999999999964e+02 3.450988342423660744e-15
2.678809999999999718e+02 3.402243644787218552e-15
2.672309999999999945e+02 3.341797782637880653e-15
2.665830000000000268e+02 3.409924758736727150e-15
2.659329999999999927e+02 3.642257070667616809e-15
2.652839999999999918e+02 3.739346886843657943e-15
2.646349999999999909e+02 3.896144300667756019e-15
2.639850000000000136e+02 3.792359947375019551e-15
2.633369999999999891e+02 3.743170368698712774e-15
2.626870000000000118e+02 3.838312457787809389e-15
2.620380000000000109e+02 3.747596812791235394e-15
2.613879999999999768e+02 3.895295973672382541e-15
2.607400000000000091e+02 3.810909544622298444e-15
2.600899999999999750e+02 3.637986607601818272e-15
2.594390000000000214e+02 3.725520161963317623e-15
2.587900000000000205e+02 3.647938114182171544e-15
2.581399999999999864e+02 3.652822783739048790e-15
2.574909999999999854e+02 3.616821192476975173e-15
2.568410000000000082e+02 3.784285077184305267e-15
2.561899999999999977e+02 3.910094460455012195e-15
2.555409999999999968e+02 3.832860473109840005e-15
2.548899999999999864e+02 3.911402151812482105e-15
2.542410000000000139e+02 3.903480991275819117e-15
2.535910000000000082e+02 3.769744486688558718e-15
2.529399999999999977e+02 3.767715571507460755e-15
2.522899999999999920e+02 3.816948936455784448e-15
2.516399999999999864e+02 3.933226996162556115e-15
2.509900000000000091e+02 3.755985298888021449e-15
2.503389999999999986e+02 3.765004257016351613e-15
2.496879999999999882e+02 3.846668103298301000e-15
2.490380000000000109e+02 3.860581706368186745e-15
2.483870000000000005e+02 3.974483899013216985e-15
2.477359999999999900e+02 4.076264758230070284e-15
2.470860000000000127e+02 4.023056264383492010e-15
2.464350000000000023e+02 4.140247159510415464e-15
2.457849999999999966e+02 3.961224281126476139e-15
2.451330000000000098e+02 4.050418143290982146e-15
2.444819999999999993e+02 3.970509077944036858e-15
2.438319999999999936e+02 3.902102413756808462e-15
2.431800000000000068e+02 3.850017053792563907e-15
2.425289999999999964e+02 3.835948715287052852e-15
2.418779999999999859e+02 3.982305236475770105e-15
2.412270000000000039e+02 4.079723587411432714e-15
2.405749999999999886e+02 3.979809083700706295e-15
2.399240000000000066e+02 4.144926909191877330e-15
2.392719999999999914e+02 4.129711229269099449e-15
2.386200000000000045e+02 4.203689357751477808e-15
2.379699999999999989e+02 4.177612411007710658e-15
2.373180000000000121e+02 4.287170054093622284e-15
2.366670000000000016e+02 4.271315314523880052e-15
2.360149999999999864e+02 4.260378377660294874e-15
2.353629999999999995e+02 4.337284351881300879e-15
2.347100000000000080e+02 4.490479321714876790e-15
2.340600000000000023e+02 4.458163815417006816e-15
2.334070000000000107e+02 4.431199046628647589e-15
2.327549999999999955e+02 4.592248587938580121e-15
2.321040000000000134e+02 4.711358439360192377e-15
2.314509999999999934e+02 4.678427681478243493e-15
2.307980000000000018e+02 4.791054243848881985e-15
2.301469999999999914e+02 4.772817376785323769e-15
2.294939999999999998e+02 4.704729868238240346e-15
2.288420000000000130e+02 4.602348695258156082e-15
2.281899999999999977e+02 4.757681543677264215e-15
2.275370000000000061e+02 4.872323671684649133e-15
2.268839999999999861e+02 4.932138061657788102e-15
2.262330000000000041e+02 5.035028449784691042e-15
2.255800000000000125e+02 5.171328534732186285e-15
2.249269999999999925e+02 5.156148918863343904e-15
2.242729999999999961e+02 5.174839824951824583e-15
2.236220000000000141e+02 5.279609782202084564e-15
2.229679999999999893e+02 5.302183565523469810e-15
2.223149999999999977e+02 5.333762907137280954e-15
2.216630000000000109e+02 5.251198983051051290e-15
2.210099999999999909e+02 5.159301847627874453e-15
2.203559999999999945e+02 5.063384814510095064e-15
2.197019999999999982e+02 5.015192022977587615e-15
2.190500000000000114e+02 5.028070819990078817e-15
2.183969999999999914e+02 5.017331481742808656e-15
2.177429999999999950e+02 4.992680857636472097e-15
2.170889999999999986e+02 5.014346108602599004e-15
2.164370000000000118e+02 4.925145372729301764e-15
2.157829999999999870e+02 4.987971716481098341e-15
2.151289999999999907e+02 4.931249303696480657e-15
2.144749999999999943e+02 5.047838697001490628e-15
2.138220000000000027e+02 5.041026588635300231e-15
2.131680000000000064e+02 5.043075436155886260e-15
2.125140000000000100e+02 5.063034060607333572e-15
2.118600000000000136e+02 4.975265094989663733e-15
2.112069999999999936e+02 5.061936072212154800e-15
2.105529999999999973e+02 5.014516251859419273e-15
2.098979999999999961e+02 4.971807709990425045e-15
2.092439999999999998e+02 4.898337788649011248e-15
2.085910000000000082e+02 4.882585131062132987e-15
2.079360000000000070e+02 4.857994180626453295e-15
2.072820000000000107e+02 4.824767109048190637e-15
2.066270000000000095e+02 4.713723895042787513e-15
2.059739999999999895e+02 4.780352552532164619e-15
2.053189999999999884e+02 4.755965161588174942e-15
2.046639999999999873e+02 4.697559205856948968e-15
2.040089999999999861e+02 4.694797424015457567e-15
2.033540000000000134e+02 4.679192092803874971e-15
2.027009999999999934e+02 4.541322537449296892e-15
2.020459999999999923e+02 4.488355066904721545e-15
2.013909999999999911e+02 4.385510352301153486e-15
2.007350000000000136e+02 4.466830879215016237e-15
2.000800000000000125e+02 4.418676034198703660e-15
1.994259999999999877e+02 4.321186797831527176e-15
1.987709999999999866e+02 4.306701596159665031e-15
1.981160000000000139e+02 4.263620011644366797e-15
1.974600000000000080e+02 4.310390302814062645e-15
1.968050000000000068e+02 4.214489288333970443e-15
1.961510000000000105e+02 4.184238369326544539e-15
1.954950000000000045e+02 4.266637964774907037e-15
1.948389999999999986e+02 4.171755123665079183e-15
1.941839999999999975e+02 4.113559770211568326e-15
1.935279999999999916e+02 4.139170307102370036e-15
1.928739999999999952e+02 4.176278345532677926e-15
1.922179999999999893e+02 4.149983664829851942e-15
1.915620000000000118e+02 4.241385159923203762e-15
1.909060000000000059e+02 4.370978344326981132e-15
1.902500000000000000e+02 4.417661111792989210e-15
1.895939999999999941e+02 4.339814479031435586e-15
1.889389999999999930e+02 4.431988928384665948e-15
1.882829999999999870e+02 4.496487079333249592e-15
1.876270000000000095e+02 4.567845780261171565e-15
1.869699999999999989e+02 4.532059634265272104e-15
1.863139999999999930e+02 4.511515250499150613e-15
1.856570000000000107e+02 4.423124478281608471e-15
1.850010000000000048e+02 4.358013596970240984e-15
1.843460000000000036e+02 4.405271864165623744e-15
1.836889999999999930e+02 4.477966566684645099e-15
1.830329999999999870e+02 4.546038328012958297e-15
1.823760000000000048e+02 4.576642725470068464e-15
1.817189999999999941e+02 4.533523160968859812e-15
1.810620000000000118e+02 4.738614816280103348e-15
1.804050000000000011e+02 4.887145010777546131e-15
1.797500000000000000e+02 4.939998342568157294e-15
1.790929999999999893e+02 5.060775918374550638e-15
1.784360000000000070e+02 5.054924673213404046e-15
1.777789999999999964e+02 5.098805083702014394e-15
1.771220000000000141e+02 5.110076423029416242e-15
1.764650000000000034e+02 5.124712627189635617e-15
1.758069999999999879e+02 5.152941016552686802e-15
1.751500000000000057e+02 5.096951297052049560e-15
1.744939999999999998e+02 5.131574042332391061e-15
1.738369999999999891e+02 5.228143929067690924e-15
1.731790000000000020e+02 5.282178969719550841e-15
1.725219999999999914e+02 5.356116995092217543e-15
1.718640000000000043e+02 5.452971880203827846e-15
1.712059999999999889e+02 5.524843785987530168e-15
1.705490000000000066e+02 5.579059023753748626e-15
1.698909999999999911e+02 5.602131928284564992e-15
1.692330000000000041e+02 5.571285081704457790e-15
1.685749999999999886e+02 5.533832541507602104e-15
1.679190000000000111e+02 5.586047855237389263e-15
1.672609999999999957e+02 5.548445956555572569e-15
1.666030000000000086e+02 5.645447644164522040e-15
1.659449999999999932e+02 5.548753600168442540e-15
1.652870000000000061e+02 5.426846155844690288e-15
1.646279999999999859e+02 5.425358890989544428e-15
1.639699999999999989e+02 5.478342473161865088e-15
1.633120000000000118e+02 5.565792370028724428e-15
1.626539999999999964e+02 5.566213121094550431e-15
1.619950000000000045e+02 5.487167940185517165e-15
1.613369999999999891e+02 5.456013816501443877e-15
1.606779999999999973e+02 5.368454943023816453e-15
1.600190000000000055e+02 5.365723150077435546e-15
1.593609999999999900e+02 5.393906095862262078e-15
1.587040000000000077e+02 5.390750164518478764e-15
1.580449999999999875e+02 5.414812990665007749e-15
1.573859999999999957e+02 5.380417097737454332e-15
1.567270000000000039e+02 5.406881250303394112e-15
1.560680000000000121e+02 5.372461526259228940e-15
1.554089999999999918e+02 5.371195790291472429e-15
1.547500000000000000e+02 5.384609713906872089e-15
1.540910000000000082e+02 5.350105022716013965e-15
1.534319999999999879e+02 5.345228418917016816e-15
1.527729999999999961e+02 5.337227863609874581e-15
1.521140000000000043e+02 5.291012471895972274e-15
1.514540000000000077e+02 5.277052914783528972e-15
1.507949999999999875e+02 5.262968303942234472e-15
1.501359999999999957e+02 5.427232697335618292e-15
1.494759999999999991e+02 5.474999123275820030e-15
1.488170000000000073e+02 5.487762213877919763e-15
1.481570000000000107e+02 5.590711059261637521e-15
1.474970000000000141e+02 5.573999950164786991e-15
1.468379999999999939e+02 5.624380830015069554e-15
1.461779999999999973e+02 5.646078202059150172e-15
1.455180000000000007e+02 5.730890687712841573e-15
1.448580000000000041e+02 5.751167751233521624e-15
1.441980000000000075e+02 5.628481008915190943e-15
1.435380000000000109e+02 5.678442583816464448e-15
1.428779999999999859e+02 5.703149967549341669e-15
1.422179999999999893e+02 5.775769451295204369e-15
1.415579999999999927e+02 5.793709243878789792e-15
1.408979999999999961e+02 5.797789817207814914e-15
1.402379999999999995e+02 5.796187798631687255e-15
1.395769999999999982e+02 5.783717273652175661e-15
1.389170000000000016e+02 5.849649846443324301e-15
1.382560000000000002e+02 5.997567375131044617e-15
1.375960000000000036e+02 6.078865009860353694e-15
1.369350000000000023e+02 6.143431522687869434e-15
1.362750000000000057e+02 6.160911824122191700e-15
1.356140000000000043e+02 6.238775149876913308e-15
1.349540000000000077e+02 6.307769834913185436e-15
1.342930000000000064e+02 6.445822631008760426e-15
1.336320000000000050e+02 6.579307833678093562e-15
1.329710000000000036e+02 6.656269499142276741e-15
1.323100000000000023e+02 6.699848367953801005e-15
1.316490000000000009e+02 6.837996109359130379e-15
1.309879999999999995e+02 6.874222398582654665e-15
1.303269999999999982e+02 6.892690820649180696e-15
1.296659999999999968e+02 7.023483373429905365e-15
1.290049999999999955e+02 7.071007696253744640e-15
1.283420000000000130e+02 7.069842882767294072e-15
1.276809999999999974e+02 7.084881076228311518e-15
1.270190000000000055e+02 7.162482069482889847e-15
1.263580000000000041e+02 7.082565410886483496e-15
1.256959999999999980e+02 6.979892559955218180e-15
1.250349999999999966e+02 6.993197818804364268e-15
1.243730000000000047e+02 6.978420402581067913e-15
1.237120000000000033e+02 6.938332847114992449e-15
1.230499999999999972e+02 6.943412313762547159e-15
1.223880000000000052e+02 6.918718203203406432e-15
1.217259999999999991e+02 6.789148097451641480e-15
1.210639999999999930e+02 6.631977721980777427e-15
1.204030000000000058e+02 6.612840960259558324e-15
1.197409999999999997e+02 6.558428619191151538e-15
1.190780000000000030e+02 6.384805894064254434e-15
1.184150000000000063e+02 6.327059893533679475e-15
1.177530000000000001e+02 6.227054609828471705e-15
1.170909999999999940e+02 6.095967852554654181e-15
1.164279999999999973e+02 5.968203878824351443e-15
1.157660000000000053e+02 5.906854517394089609e-15
1.151039999999999992e+02 5.827047323936914854e-15
1.144410000000000025e+02 5.704378977046235769e-15
1.137789999999999964e+02 5.589069558326396879e-15
1.131159999999999997e+02 5.554568783267128254e-15
1.124539999999999935e+02 5.487646018812273535e-15
1.117890000000000015e+02 5.414889426209439752e-15
1.111269999999999953e+02 5.390970815959615337e-15
1.104639999999999986e+02 5.309238715217106848e-15
1.098010000000000019e+02 5.238078469245555113e-15
1.091380000000000052e+02 5.151828335448803718e-15
1.084749999999999943e+02 5.107147537783537336e-15
1.078119999999999976e+02 4.950813412226786954e-15
1.071490000000000009e+02 4.855684984989370827e-15
1.064849999999999994e+02 4.639351464564869525e-15
1.058209999999999980e+02 4.456312909829237151e-15
1.051580000000000013e+02 4.230630241358534278e-15
1.044950000000000045e+02 4.152900484153729749e-15
1.038319999999999936e+02 3.979966233513631981e-15
1.031680000000000064e+02 3.827414994023642135e-15
1.025049999999999955e+02 3.685885037937350926e-15
1.018400000000000034e+02 3.623550570193702604e-15
1.011760000000000019e+02 3.522543617692110096e-15
1.005130000000000052e+02 3.541807347628691951e-15
9.984900000000000375e+01 3.532152277291956474e-15
9.918529999999999802e+01 3.506570683315909346e-15
9.852150000000000318e+01 3.468751236549679763e-15
9.785769999999999413e+01 3.550004851217617865e-15
9.719230000000000302e+01 3.650311680712666842e-15
9.652830000000000155e+01 3.743388160479394528e-15
9.586430000000000007e+01 3.814307724165002431e-15
9.520029999999999859e+01 3.912060066806821905e-15
9.453610000000000468e+01 4.055751297995750808e-15
9.387199999999999989e+01 4.196661263933411550e-15
9.320619999999999550e+01 4.284673353655349956e-15
9.254200000000000159e+01 4.386547770417173177e-15
9.187760000000000105e+01 4.387002769291213986e-15
9.121320000000000050e+01 4.417093633167222391e-15
9.054879999999999995e+01 4.409926296895827731e-15
8.988280000000000314e+01 4.488179710771398231e-15
8.921819999999999595e+01 4.490242766661662591e-15
8.855360000000000298e+01 4.453348600141517635e-15
8.788890000000000668e+01 4.413444543266724438e-15
8.722419999999999618e+01 4.482209229031665405e-15
8.655939999999999657e+01 4.532677832837154537e-15
8.589300000000000068e+01 4.610004579269216939e-15
8.522809999999999775e+01 4.626426846864063623e-15
8.456319999999999482e+01 4.675393596102372939e-15
8.389820000000000277e+01 4.656489161962892035e-15
8.323160000000000025e+01 4.687290435528962404e-15
8.256650000000000489e+01 4.688493301068521547e-15
8.190130000000000621e+01 4.728317465052006393e-15
8.123609999999999332e+01 4.730511883181119548e-15
8.057080000000000553e+01 4.658953250152290298e-15
7.990389999999999304e+01 4.661638721282918956e-15
7.923850000000000193e+01 4.689210090496734185e-15
7.857299999999999329e+01 4.730251177920968605e-15
7.790749999999999886e+01 4.749837655609913642e-15
7.724039999999999395e+01 4.746000835530708596e-15
7.657479999999999620e+01 4.766089539136178563e-15
7.590909999999999513e+01 4.705148968445094939e-15
7.524339999999999407e+01 4.724908302872041402e-15
7.457760000000000389e+01 4.715711074700431715e-15
7.391020000000000323e+01 4.625719161674254628e-15
7.324429999999999552e+01 4.582580963977420347e-15
7.257829999999999870e+01 4.481948576909583413e-15
7.191230000000000189e+01 4.414003241652938658e-15
7.124469999999999459e+01 4.387206458151052424e-15
7.057850000000000534e+01 4.330604102262650148e-15
6.991230000000000189e+01 4.340041997847113244e-15
6.924609999999999843e+01 4.260078044780104973e-15
6.857829999999999870e+01 4.231497946291344599e-15
6.791190000000000282e+01 4.193579910645198107e-15
6.724550000000000693e+01 4.134220723231512121e-15
6.657750000000000057e+01 4.097378714725523506e-15
6.591100000000000136e+01 4.022101046865078820e-15
6.524439999999999884e+01 3.986687481355549157e-15
6.457769999999999300e+01 3.928582453946491232e-15
6.390950000000000131e+01 3.856910564861104953e-15
6.324269999999999925e+01 3.818629346489008493e-15
6.257589999999999719e+01 3.799973130822762524e-15
6.190899999999999892e+01 3.773640548728816344e-15
6.124060000000000059e+01 3.733754474446914198e-15
6.057359999999999900e+01 3.701870019714390086e-15
5.990659999999999741e+01 3.672777214841071550e-15
5.923799999999999955e+01 3.585587055043230061e-15
5.857079999999999842e+01 3.492962960674853666e-15
5.790359999999999729e+01 3.463524896729952864e-15
5.723629999999999995e+01 3.405597540950515869e-15
5.656750000000000256e+01 3.323844093126371377e-15
5.590010000000000190e+01 3.291873003670265525e-15
5.523270000000000124e+01 3.235268969886697091e-15
5.456360000000000099e+01 3.196895873554389410e-15
5.389609999999999701e+01 3.171738944250547761e-15
5.322849999999999682e+01 3.170525570282748532e-15
5.255930000000000035e+01 3.185349972451851072e-15
5.189159999999999684e+01 3.114247563068671401e-15
5.122379999999999711e+01 3.092281858024158914e-15
5.055440000000000111e+01 3.060681449917595988e-15
4.988660000000000139e+01 3.009487489966282879e-15
4.921860000000000213e+01 2.955434873470471964e-15
4.854910000000000281e+01 2.906335257352480126e-15
4.788100000000000023e+01 2.885494421691081782e-15
4.721289999999999765e+01 2.844225119787874280e-15
4.654319999999999879e+01 2.784893062249128051e-15
4.587500000000000000e+01 2.753558604959097537e-15
4.520669999999999789e+01 2.677578619641380152e-15
4.453679999999999950e+01 2.633408157908213692e-15
4.386840000000000117e+01 2.594418143511634042e-15
4.320000000000000284e+01 2.583121249542522429e-15
4.252989999999999782e+01 2.527815920547823734e-15
4.186129999999999995e+01 2.466460782996606582e-15
4.119270000000000209e+01 2.386728995485235261e-15
4.052250000000000085e+01 2.338686922280618085e-15
3.985379999999999967e+01 2.303796201264164173e-15
3.918500000000000227e+01 2.279991283298972488e-15
3.851460000000000150e+01 2.238363519373088794e-15
3.784570000000000078e+01 2.192115701394754000e-15
3.717519999999999669e+01 2.133668492735447462e-15
3.650619999999999976e+01 2.081835386178104957e-15
3.583709999999999951e+01 2.048680124681812923e-15
3.516640000000000299e+01 2.013003157512897082e-15
3.449719999999999942e+01 1.959331493352533376e-15
3.382800000000000296e+01 1.919615265398361234e-15
3.315709999999999980e+01 1.862606590207093274e-15
3.248780000000000001e+01 1.788127594312340648e-15
3.181680000000000064e+01 1.739616857957033496e-15
3.114730000000000132e+01 1.702502275043617046e-15
3.047779999999999845e+01 1.675435054457775045e-15
2.980669999999999931e+01 1.601589302490418876e-15
2.913700000000000045e+01 1.561961542613104669e-15
2.846730000000000160e+01 1.527841293103590568e-15
2.779599999999999937e+01 1.465745704985887858e-15
2.712620000000000076e+01 1.419868728500007975e-15
2.645479999999999876e+01 1.379378749797022313e-15
2.578490000000000038e+01 1.331261771981655018e-15
2.511329999999999885e+01 1.269672367666238383e-15
2.444330000000000069e+01 1.206664869030365385e-15
2.377319999999999922e+01 1.169651220890666917e-15
2.310150000000000148e+01 1.104108951317232347e-15
2.243130000000000024e+01 1.052801385096218169e-15
2.175949999999999918e+01 1.002553056885403333e-15
2.108909999999999840e+01 9.490613475482586027e-16
2.041870000000000118e+01 9.049282156565898560e-16
1.974680000000000035e+01 8.449107173004274858e-16
1.907629999999999981e+01 7.994393776127265899e-16
1.840419999999999945e+01 7.579007560582816661e-16
1.773349999999999937e+01 7.103869069370567855e-16
1.706129999999999924e+01 6.792401504667503033e-16
1.639059999999999917e+01 6.337199548133673222e-16
1.571979999999999933e+01 5.972202891290751930e-16
1.504739999999999966e+01 5.680000551803256649e-16
1.437650000000000006e+01 5.345797416049238532e-16
1.370410000000000039e+01 5.098067796697530288e-16
1.303299999999999947e+01 4.755472145205300608e-16
1.236040000000000028e+01 4.461451979266461898e-16
1.168929999999999936e+01 4.164593238743702723e-16
1.101660000000000039e+01 3.956984967108224904e-16
1.034529999999999994e+01 3.885264669154344162e-16
9.672489999999999810e+00 3.760084365603445418e-16
9.001129999999999853e+00 3.630744282155860243e-16
8.329710000000000392e+00 3.460027315835189059e-16
7.656710000000000349e+00 3.370756657527023200e-16
6.985170000000000101e+00 3.505309857508230367e-16
6.312050000000000161e+00 3.570648849283142729e-16
5.640399999999999636e+00 3.564548808072334884e-16
4.967170000000000307e+00 3.419785669636148646e-16
4.295410000000000394e+00 3.164677841832946196e-16
3.622059999999999835e+00 2.842944223351159650e-16
2.950180000000000025e+00 2.448088659095282596e-16
2.276720000000000077e+00 2.004039823529069349e-16
1.604729999999999990e+00 1.472112696006172245e-16
9.311519999999999797e-01 8.587474323637674391e-17
2.590439999999999965e-01 2.386854461003354498e-17
