4.498670000000000186e+02 2.013436121070919447e-15
4.492339999999999804e+02 1.593793201022708096e-15
4.486009999999999991e+02 1.402191107114044093e-15
4.479680000000000177e+02 1.964491135762436324e-15
4.473360000000000127e+02 1.904476416511871242e-15
4.467029999999999745e+02 1.806903087945879243e-15
4.460690000000000168e+02 2.140630274726643709e-15
4.454359999999999786e+02 1.931052697229225071e-15
4.448029999999999973e+02 1.871540087416606773e-15
4.441689999999999827e+02 2.035608034813202389e-15
4.435360000000000014e+02 2.236185711548719871e-15
4.429019999999999868e+02 2.621579668470813205e-15
4.422699999999999818e+02 2.264718340984952154e-15
4.416360000000000241e+02 2.556094737612200497e-15
4.410029999999999859e+02 2.532818257433882337e-15
4.403690000000000282e+02 2.307163615107775699e-15
4.397350000000000136e+02 2.302826600789631436e-15
4.391009999999999991e+02 2.243508129896424916e-15
4.384669999999999845e+02 1.818152549722278861e-15
4.378330000000000268e+02 1.942514572052785730e-15
4.371990000000000123e+02 1.792996546450611842e-15
4.365649999999999977e+02 1.916950913286262350e-15
4.359329999999999927e+02 1.495528839324153752e-15
4.352980000000000018e+02 1.238807812619960014e-15
4.346639999999999873e+02 1.218377332949462352e-15
4.340299999999999727e+02 1.270192711621190356e-15
4.333960000000000150e+02 1.267755323689163805e-15
4.327610000000000241e+02 1.733156303323987520e-15
4.321270000000000095e+02 1.568150725543950280e-15
4.314920000000000186e+02 1.296257116851144167e-15
4.308580000000000041e+02 1.168527725398799256e-15
4.302230000000000132e+02 1.291295621165682699e-15
4.295889999999999986e+02 1.484830944203262257e-15
4.289540000000000077e+02 1.232828493925108812e-15
4.283190000000000168e+02 1.390280839891716247e-15
4.276859999999999786e+02 1.387818642708992905e-15
4.270509999999999877e+02 1.190453090071999417e-15
4.264159999999999968e+02 9.939619529390485504e-16
4.257810000000000059e+02 1.185743522821529028e-15
4.251460000000000150e+02 1.324068760674911193e-15
4.245110000000000241e+02 1.584627135639896551e-15
4.238759999999999764e+02 1.599000816636260024e-15
4.232409999999999854e+02 1.753237111145161367e-15
4.226050000000000182e+02 1.540482677973636868e-15
4.219700000000000273e+02 1.572312820041101812e-15
4.213349999999999795e+02 1.621344888534688246e-15
4.206990000000000123e+02 1.860870473213199399e-15
4.200640000000000214e+02 1.874509867517881690e-15
4.194289999999999736e+02 2.077996791714313894e-15
4.187930000000000064e+02 1.677462557691260687e-15
4.181569999999999823e+02 1.588123898700148080e-15
4.175219999999999914e+02 1.688032284508662641e-15
4.168860000000000241e+02 2.061580314108685594e-15
4.162500000000000000e+02 2.245594461536362086e-15
4.156150000000000091e+02 2.275303522290768717e-15
4.149789999999999850e+02 2.338865447284213125e-15
4.143430000000000177e+02 2.402159166469871234e-15
4.137069999999999936e+02 2.159848698229093272e-15
4.130710000000000264e+02 2.511085144638650856e-15
4.124350000000000023e+02 2.675030365949397192e-15
4.117989999999999782e+02 2.804611455561341355e-15
4.111630000000000109e+02 2.697967786673388493e-15
4.105260000000000105e+02 2.591798861036798150e-15
4.098899999999999864e+02 2.670393104766437439e-15
4.092540000000000191e+02 2.297065698787639173e-15
4.086170000000000186e+02 2.325777285483282808e-15
4.079809999999999945e+02 2.471025475316208453e-15
4.073439999999999941e+02 2.366259114283330595e-15
4.067080000000000268e+02 2.261908496578753229e-15
4.060710000000000264e+02 2.522196557584376238e-15
4.054350000000000023e+02 2.153542261485787833e-15
4.047980000000000018e+02 2.198670858328525751e-15
4.041610000000000014e+02 2.128354865091879295e-15
4.035240000000000009e+02 2.288297539157613874e-15
4.028879999999999768e+02 1.939441686919795868e-15
4.022509999999999764e+02 2.098983276150564914e-15
4.016139999999999759e+02 1.735614655912628611e-15
4.009769999999999754e+02 1.764636729140022705e-15
4.003399999999999750e+02 1.387053383563636255e-15
3.997029999999999745e+02 1.676235585232747104e-15
3.990649999999999977e+02 1.575599764470350354e-15
3.984279999999999973e+02 1.265537256979790756e-15
3.977909999999999968e+02 1.182374776237478263e-15
3.971519999999999868e+02 1.147359934634417582e-15
3.965149999999999864e+02 9.043699774084084615e-16
3.958770000000000095e+02 1.030614823355356275e-15
3.952400000000000091e+02 6.767515013709289530e-16
3.946019999999999754e+02 9.306610324330860882e-16
3.939649999999999750e+02 6.579798453707771713e-16
3.933269999999999982e+02 6.248252676677576835e-16
3.926890000000000214e+02 9.882138234621338486e-16
3.920520000000000209e+02 9.228856868686936306e-16
3.914139999999999873e+02 1.205131111897727692e-15
3.907760000000000105e+02 1.218225913171347869e-15
3.901379999999999768e+02 1.624354736074323036e-15
3.895000000000000000e+02 1.981995248521547586e-15
3.888609999999999900e+02 1.790244526047956009e-15
3.882230000000000132e+02 1.833213421176050244e-15
3.875849999999999795e+02 2.016426877772708505e-15
3.869460000000000264e+02 2.183285039153717643e-15
3.863079999999999927e+02 2.380516620381649420e-15
3.856700000000000159e+02 2.499391509127836860e-15
3.850319999999999823e+02 2.633205725308312900e-15
3.843929999999999723e+02 2.380712463503832144e-15
3.837549999999999955e+02 2.529502602745760255e-15
3.831159999999999854e+02 2.447489395803024477e-15
3.824759999999999991e+02 2.411392303904395957e-15
3.818380000000000223e+02 2.314523438863957230e-15
3.811990000000000123e+02 1.928054246867292796e-15
3.805600000000000023e+02 2.137225069484474587e-15
3.799220000000000255e+02 2.041446649891290512e-15
3.792830000000000155e+02 1.809528526754241971e-15
3.786440000000000055e+02 1.956899809066815357e-15
3.780049999999999955e+02 1.801473467874485516e-15
3.773650000000000091e+02 1.858238865508447482e-15
3.767259999999999991e+02 2.410503732678113493e-15
3.760860000000000127e+02 2.360199916888146060e-15
3.754470000000000027e+02 2.849007292955383187e-15
3.748079999999999927e+02 2.812781311773373992e-15
3.741689999999999827e+02 2.955588169260806867e-15
3.735299999999999727e+02 3.112848907276786172e-15
3.728890000000000100e+02 3.150847321778276681e-15
3.722500000000000000e+02 2.906877080182206898e-15
3.716100000000000136e+02 3.284704929880013672e-15
3.709710000000000036e+02 3.012164601727619563e-15
3.703310000000000173e+02 2.888210332773343052e-15
3.696909999999999741e+02 2.793595554342575832e-15
3.690500000000000114e+02 2.860535180213085741e-15
3.684110000000000014e+02 2.708128004045951673e-15
3.677710000000000150e+02 2.643787585285441778e-15
3.671309999999999718e+02 2.521513242797352868e-15
3.664909999999999854e+02 2.893462931047602302e-15
3.658509999999999991e+02 2.669615073517839892e-15
3.652099999999999795e+02 2.663830580167639680e-15
3.645699999999999932e+02 2.989448398712795135e-15
3.639300000000000068e+02 2.925265537772422383e-15
3.632900000000000205e+02 2.889902033734725790e-15
3.626490000000000009e+02 2.954961873901679075e-15
3.620079999999999814e+02 2.877095635335780368e-15
3.613670000000000186e+02 2.827827865748676756e-15
3.607269999999999754e+02 2.622414738990647229e-15
3.600869999999999891e+02 2.701727129910452402e-15
3.594460000000000264e+02 2.440931932003388052e-15
3.588039999999999736e+02 2.251180142885964400e-15
3.581639999999999873e+02 2.175781791103337248e-15
3.575230000000000246e+02 2.002100212617877408e-15
3.568829999999999814e+02 2.249946560541364902e-15
3.562420000000000186e+02 2.174876767138998062e-15
3.556000000000000227e+02 2.212052104313030872e-15
3.549590000000000032e+02 2.318479329972225667e-15
3.543179999999999836e+02 2.090650813723809239e-15
3.536770000000000209e+02 2.155410935729814944e-15
3.530350000000000250e+02 2.468764408770028489e-15
3.523940000000000055e+02 2.545990369325070048e-15
3.517520000000000095e+02 2.540140447704138479e-15
3.511109999999999900e+02 2.052990345219118535e-15
3.504689999999999941e+02 2.226687817247537588e-15
3.498269999999999982e+02 2.289953006641526771e-15
3.491859999999999786e+02 2.243702573100922371e-15
3.485450000000000159e+02 2.197792930992676558e-15
3.479019999999999868e+02 2.151649481036150124e-15
3.472599999999999909e+02 2.011195665990838498e-15
3.466190000000000282e+02 1.979439027093647741e-15
3.459769999999999754e+02 1.920810190113224133e-15
3.453340000000000032e+02 2.091438154124188339e-15
3.446929999999999836e+02 2.194007272033800586e-15
3.440509999999999877e+02 2.108397975341619049e-15
3.434089999999999918e+02 2.076685577893646951e-15
3.427660000000000196e+02 1.938459865794014506e-15
3.421240000000000236e+02 2.213448151969013033e-15
3.414820000000000277e+02 2.274597083969915345e-15
3.408399999999999750e+02 2.255845392965430897e-15
3.401970000000000027e+02 2.369616392310397967e-15
3.395539999999999736e+02 2.390314322615394962e-15
3.389119999999999777e+02 2.318777264099717109e-15
3.382690000000000055e+02 2.379129095012477642e-15
3.376259999999999764e+02 2.700574986879769068e-15
3.369839999999999804e+02 2.903089485635863008e-15
3.363419999999999845e+02 2.779006050537889630e-15
3.356979999999999791e+02 2.603313548778061405e-15
3.350550000000000068e+02 2.558211925656421670e-15
3.344130000000000109e+02 2.435817160855793708e-15
3.337690000000000055e+02 2.468471673671608081e-15
3.331259999999999764e+02 2.526949302455562576e-15
3.324830000000000041e+02 2.867404363069575732e-15
3.318389999999999986e+02 2.707111818773373743e-15
3.311960000000000264e+02 2.917564567140040785e-15
3.305539999999999736e+02 2.821218939213529651e-15
3.299110000000000014e+02 2.992364861950888012e-15
3.292660000000000196e+02 3.099360608318367682e-15
3.286229999999999905e+02 3.268996890998089139e-15
3.279800000000000182e+02 3.210668980143098532e-15
3.273360000000000127e+02 3.114419406493971543e-15
3.266929999999999836e+02 2.817992945356164117e-15
3.260489999999999782e+02 2.760980494431118539e-15
3.254049999999999727e+02 2.691664534069124816e-15
3.247610000000000241e+02 2.834716445999451554e-15
3.241179999999999950e+02 2.728248725784347379e-15
3.234730000000000132e+02 2.795905277203158119e-15
3.228290000000000077e+02 2.801263981270868091e-15
3.221840000000000259e+02 3.029137273271288487e-15
3.215409999999999968e+02 3.046109522930746253e-15
3.208969999999999914e+02 3.296347276720515207e-15
3.202520000000000095e+02 3.435493395942697379e-15
3.196080000000000041e+02 3.414571275424551877e-15
3.189639999999999986e+02 3.515772381367285176e-15
3.183190000000000168e+02 3.665127544053240802e-15
3.176750000000000114e+02 3.437587308119677462e-15
3.170310000000000059e+02 3.078352979137038899e-15
3.163860000000000241e+02 3.070132949403047176e-15
3.157420000000000186e+02 2.990380771040127845e-15
3.150980000000000132e+02 2.802681320009412467e-15
3.144519999999999982e+02 2.747495807427932962e-15
3.138079999999999927e+02 2.656933918473853175e-15
3.131619999999999777e+02 2.602493053473647682e-15
3.125179999999999723e+02 2.524462447379063637e-15
3.118729999999999905e+02 2.553483748048301663e-15
3.112269999999999754e+02 2.972968603161566488e-15
3.105830000000000268e+02 2.788355450298877155e-15
3.099370000000000118e+02 2.710534700854019465e-15
3.092919999999999732e+02 2.738900875298182948e-15
3.086469999999999914e+02 2.661606602506880144e-15
3.080009999999999764e+02 2.900005310165589022e-15
3.073570000000000277e+02 3.032175819749564531e-15
3.067099999999999795e+02 3.071070065035434068e-15
3.060649999999999977e+02 3.016617540301339489e-15
3.054200000000000159e+02 2.997089027621215314e-15
3.047740000000000009e+02 2.977939606602324904e-15
3.041290000000000191e+02 2.958843065274455373e-15
3.034820000000000277e+02 3.272056375264992603e-15
3.028369999999999891e+02 3.469361091434897987e-15
3.021920000000000073e+02 3.619690231363002759e-15
3.015450000000000159e+02 3.508088116532330083e-15
3.008999999999999773e+02 3.271804533866318534e-15
3.002529999999999859e+02 3.591572780633878526e-15
2.996080000000000041e+02 3.446618296346024188e-15
2.989610000000000127e+02 3.279670991257676329e-15
2.983149999999999977e+02 3.563221291708340719e-15
2.976700000000000159e+02 3.408261091060657496e-15
2.970230000000000246e+02 3.421362037105267090e-15
2.963770000000000095e+02 3.200398304815950081e-15
2.957300000000000182e+02 3.125451718688657604e-15
2.950840000000000032e+02 3.216804718434446435e-15
2.944370000000000118e+02 2.976109323123284011e-15
2.937909999999999968e+02 3.067345907046691320e-15
2.931429999999999723e+02 3.586588788232183212e-15
2.924970000000000141e+02 3.565997844549582074e-15
2.918500000000000227e+02 3.392403602061151358e-15
2.912040000000000077e+02 3.328654241765799846e-15
2.905570000000000164e+02 3.482405409857001367e-15
2.899100000000000250e+02 3.679335244359533707e-15
2.892629999999999768e+02 3.971872851905807354e-15
2.886159999999999854e+02 4.144624355973677497e-15
2.879689999999999941e+02 4.262349443723936657e-15
2.873210000000000264e+02 4.272168680827110798e-15
2.866750000000000114e+02 4.217597543377007227e-15
2.860269999999999868e+02 4.440723233267092994e-15
2.853799999999999955e+02 4.513585390643626176e-15
2.847320000000000277e+02 4.458689764029034423e-15
2.840849999999999795e+02 4.668425313557020432e-15
2.834370000000000118e+02 4.761123114642015490e-15
2.827900000000000205e+02 4.968630111820536766e-15
2.821419999999999959e+02 5.143833692321239713e-15
2.814950000000000045e+02 5.223361324424032435e-15
2.808469999999999800e+02 5.417726279710151657e-15
2.801990000000000123e+02 5.236105699707681856e-15
2.795509999999999877e+02 5.117612122458561885e-15
2.789039999999999964e+02 5.175945325479683515e-15
2.782549999999999955e+02 5.171426128891965586e-15
2.776080000000000041e+02 5.177483904026678919e-15
2.769590000000000032e+02 5.101260486991160161e-15
2.763120000000000118e+02 5.199228987152772286e-15
2.756630000000000109e+02 5.103054531838559394e-15
2.750149999999999864e+02 5.189975788277709908e-15
2.743659999999999854e+02 5.621667089342577746e-15
2.737189999999999941e+02 5.949237628806743796e-15
2.730699999999999932e+02 6.033261129681687859e-15
2.724220000000000255e+02 5.945392322101944076e-15
2.717730000000000246e+02 5.808110204345461978e-15
2.711240000000000236e+02 5.701333899493196293e-15
2.704759999999999991e+02 5.525572401547647213e-15
2.698260000000000218e+02 5.618838633122259258e-15
2.691779999999999973e+02 5.800799857197225261e-15
2.685289999999999964e+02 5.517150123598228983e-15
2.678809999999999718e+02 5.441740970274429496e-15
2.672309999999999945e+02 5.347545239557338553e-15
2.665830000000000268e+02 5.459102207909609612e-15
2.659329999999999927e+02 5.833789690285027018e-15
2.652839999999999918e+02 5.992095846310186380e-15
2.646349999999999909e+02 6.246277079514118418e-15
2.639850000000000136e+02 6.082726376481846023e-15
2.633369999999999891e+02 6.006626223459425091e-15
2.626870000000000118e+02 6.162189687560387015e-15
2.620380000000000109e+02 6.019360086856924179e-15
2.613879999999999768e+02 6.259536667266567533e-15
2.607400000000000091e+02 6.126791965949636230e-15
2.600899999999999750e+02 5.851520157791753545e-15
2.594390000000000214e+02 5.995140105260983399e-15
2.587900000000000205e+02 5.873046461193529290e-15
2.581399999999999864e+02 5.883679336566084051e-15
2.574909999999999854e+02 5.828428784213780348e-15
2.568410000000000082e+02 6.101179332899130480e-15
2.561899999999999977e+02 6.307001236284720634e-15
2.555409999999999968e+02 6.185332586515860321e-15
2.548899999999999864e+02 6.315072559514851150e-15
2.542410000000000139e+02 6.305259024887883543e-15
2.535910000000000082e+02 6.092109509370269294e-15
2.529399999999999977e+02 6.091718960270279230e-15
2.522899999999999920e+02 6.174248807009219962e-15
2.516399999999999864e+02 6.365363984155491101e-15
2.509900000000000091e+02 6.081398938522378296e-15
2.503389999999999986e+02 6.098902999802412446e-15
2.496879999999999882e+02 6.234162005605254269e-15
2.490380000000000109e+02 6.259689294047952850e-15
2.483870000000000005e+02 6.447454831986179979e-15
2.477359999999999900e+02 6.615726982366699933e-15
2.470860000000000127e+02 6.532481272582720119e-15
2.464350000000000023e+02 6.725991588734677336e-15
2.457849999999999966e+02 6.438225880488508869e-15
2.451330000000000098e+02 6.586355486007580503e-15
2.444819999999999993e+02 6.459504853356113328e-15
2.438319999999999936e+02 6.351251368392069314e-15
2.431800000000000068e+02 6.269483317209238551e-15
2.425289999999999964e+02 6.249572953471237820e-15
2.418779999999999859e+02 6.491145446881866154e-15
2.412270000000000039e+02 6.653140911077909506e-15
2.405749999999999886e+02 6.493325271370223198e-15
2.399240000000000066e+02 6.765992933080273446e-15
2.392719999999999914e+02 6.744409315353106367e-15
2.386200000000000045e+02 6.868547220667088059e-15
2.379699999999999989e+02 6.829228271478077097e-15
2.373180000000000121e+02 7.011721546888106224e-15
2.366670000000000016e+02 6.989167879149444964e-15
2.360149999999999864e+02 6.974649677103650547e-15
2.353629999999999995e+02 7.103999944299461022e-15
2.347100000000000080e+02 7.358499774206859525e-15
2.340600000000000023e+02 7.309080799421061974e-15
2.334070000000000107e+02 7.268408121515478764e-15
2.327549999999999955e+02 7.536246885185352244e-15
2.321040000000000134e+02 7.735479695256396438e-15
2.314509999999999934e+02 7.685158051073637308e-15
2.307980000000000018e+02 7.874015885057481981e-15
2.301469999999999914e+02 7.847864689491204074e-15
2.294939999999999998e+02 7.739689807058176147e-15
2.288420000000000130e+02 7.574959154997687538e-15
2.281899999999999977e+02 7.834456856600648949e-15
2.275370000000000061e+02 8.027175648166487285e-15
2.268839999999999861e+02 8.129708831373576772e-15
2.262330000000000041e+02 8.303370704387166837e-15
2.255800000000000125e+02 8.532341594704352118e-15
2.249269999999999925e+02 8.511478306719192497e-15
2.242729999999999961e+02 8.546542486340721744e-15
2.236220000000000141e+02 8.723860711687127739e-15
2.229679999999999893e+02 8.765485685783003967e-15
2.223149999999999977e+02 8.822041795307759631e-15
2.216630000000000109e+02 8.689757671333050138e-15
2.210099999999999909e+02 8.541897970236298345e-15
2.203559999999999945e+02 8.387240671393304339e-15
2.197019999999999982e+02 8.311525187490678883e-15
2.190500000000000114e+02 8.336987883455592767e-15
2.183969999999999914e+02 8.323301819342287068e-15
2.177429999999999950e+02 8.286519948240870561e-15
2.170889999999999986e+02 8.326614723982186973e-15
2.164370000000000118e+02 8.182542399637790765e-15
2.157829999999999870e+02 8.291047382983193648e-15
2.151289999999999907e+02 8.200842631987289395e-15
2.144749999999999943e+02 8.398923588674725272e-15
2.138220000000000027e+02 8.391765837494543296e-15
2.131680000000000064e+02 8.399366905057312731e-15
2.125140000000000100e+02 8.436821417947083603e-15
2.118600000000000136e+02 8.294707744843351800e-15
2.112069999999999936e+02 8.443423483162935048e-15
2.105529999999999973e+02 8.368511664097463127e-15
2.098979999999999961e+02 8.301398782312620468e-15
2.092439999999999998e+02 8.182824136804847444e-15
2.085910000000000082e+02 8.160594498501011558e-15
2.079360000000000070e+02 8.123576249229630826e-15
2.072820000000000107e+02 8.072066534642736008e-15
2.066270000000000095e+02 7.890253259653196410e-15
2.059739999999999895e+02 8.005805904554355680e-15
2.053189999999999884e+02 7.968980125945573990e-15
2.046639999999999873e+02 7.875087279005348590e-15
2.040089999999999861e+02 7.874433087483144685e-15
2.033540000000000134e+02 7.852225689601839206e-15
2.027009999999999934e+02 7.624702547947496495e-15
2.020459999999999923e+02 7.539585252715768028e-15
2.013909999999999911e+02 7.370553703646231019e-15
2.007350000000000136e+02 7.511041862232171397e-15
2.000800000000000125e+02 7.433836890968058435e-15
1.994259999999999877e+02 7.273505892834732302e-15
1.987709999999999866e+02 7.252807350948616377e-15
1.981160000000000139e+02 7.183904407817731319e-15
1.974600000000000080e+02 7.266413147951489848e-15
1.968050000000000068e+02 7.108358463873997774e-15
1.961510000000000105e+02 7.060926053984289577e-15
1.954950000000000045e+02 7.203657740051166706e-15
1.948389999999999986e+02 7.047057130032704098e-15
1.941839999999999975e+02 6.952298746770256740e-15
1.935279999999999916e+02 6.999165807277017482e-15
1.928739999999999952e+02 7.065522949325732127e-15
1.922179999999999893e+02 7.024635857612631243e-15
1.915620000000000118e+02 7.183038334225334221e-15
1.909060000000000059e+02 7.406319084317328630e-15
1.902500000000000000e+02 7.489268433128204844e-15
1.895939999999999941e+02 7.361075213943447989e-15
1.889389999999999930e+02 7.521285861279135930e-15
1.882829999999999870e+02 7.634674853453406426e-15
1.876270000000000095e+02 7.759836523038057296e-15
1.869699999999999989e+02 7.703018813591763082e-15
1.863139999999999930e+02 7.672057241162139605e-15
1.856570000000000107e+02 7.525631963982912579e-15
1.850010000000000048e+02 7.418680673349802343e-15
1.843460000000000036e+02 7.503004215144810280e-15
1.836889999999999930e+02 7.630774259636712954e-15
1.830329999999999870e+02 7.750789502870620619e-15
1.823760000000000048e+02 7.807021432654184182e-15
1.817189999999999941e+02 7.737483112203928165e-15
1.810620000000000118e+02 8.091732085335750111e-15
1.804050000000000011e+02 8.349712933629885092e-15
1.797500000000000000e+02 8.444396908162487635e-15
1.790929999999999893e+02 8.655365886078937701e-15
1.784360000000000070e+02 8.649867143133229297e-15
1.777789999999999964e+02 8.729509400514735917e-15
1.771220000000000141e+02 8.753376504846016812e-15
1.764650000000000034e+02 8.783036534532932678e-15
1.758069999999999879e+02 8.836043324475030517e-15
1.751500000000000057e+02 8.744607497527474420e-15
1.744939999999999998e+02 8.808614043344760211e-15
1.738369999999999891e+02 8.979088940004343393e-15
1.731790000000000020e+02 9.076659563224055130e-15
1.725219999999999914e+02 9.208545413291287987e-15
1.718640000000000043e+02 9.379999717813864702e-15
1.712059999999999889e+02 9.508637336652810634e-15
1.705490000000000066e+02 9.606998911399108231e-15
1.698909999999999911e+02 9.651817299819009682e-15
1.692330000000000041e+02 9.603735934984988052e-15
1.685749999999999886e+02 9.544211767318919157e-15
1.679190000000000111e+02 9.639345010535971077e-15
1.672609999999999957e+02 9.579520978973279909e-15
1.666030000000000086e+02 9.752157927477916102e-15
1.659449999999999932e+02 9.590198513416227416e-15
1.652870000000000061e+02 9.384466986953695850e-15
1.646279999999999859e+02 9.386878616723474364e-15
1.639699999999999989e+02 9.483582580066107825e-15
1.633120000000000118e+02 9.640087748547100079e-15
1.626539999999999964e+02 9.645940964891338881e-15
1.619950000000000045e+02 9.514023417468630654e-15
1.613369999999999891e+02 9.465041018900532491e-15
1.606779999999999973e+02 9.318110728878570456e-15
1.600190000000000055e+02 9.318341388481995372e-15
1.593609999999999900e+02 9.372283100802708126e-15
1.587040000000000077e+02 9.371792278265357550e-15
1.580449999999999875e+02 9.418662896984538330e-15
1.573859999999999957e+02 9.363843899785230655e-15
1.567270000000000039e+02 9.414943841850278777e-15
1.560680000000000121e+02 9.360024446482710001e-15
1.554089999999999918e+02 9.362840661060576534e-15
1.547500000000000000e+02 9.391263963316261947e-15
1.540910000000000082e+02 9.336097875581473294e-15
1.534319999999999879e+02 9.332603984989568402e-15
1.527729999999999961e+02 9.323649904912832418e-15
1.521140000000000043e+02 9.247892203194467858e-15
1.514540000000000077e+02 9.228470979364002661e-15
1.507949999999999875e+02 9.208803330319381640e-15
1.501359999999999957e+02 9.501352592019854670e-15
1.494759999999999991e+02 9.590162371266928743e-15
1.488170000000000073e+02 9.617714325383592936e-15
1.481570000000000107e+02 9.803450323133679265e-15
1.474970000000000141e+02 9.779444912335027602e-15
1.468379999999999939e+02 9.873183185113293293e-15
1.461779999999999973e+02 9.916652323650888009e-15
1.455180000000000007e+02 1.007108556703959290e-14
1.448580000000000041e+02 1.011221405604770702e-14
1.441980000000000075e+02 9.901876132774681554e-15
1.435380000000000109e+02 9.995210714328966547e-15
1.428779999999999859e+02 1.004417053706320257e-14
1.422179999999999893e+02 1.017761287299348535e-14
1.415579999999999927e+02 1.021479547138453399e-14
1.408979999999999961e+02 1.022757095251642338e-14
1.402379999999999995e+02 1.023033135757511226e-14
1.395769999999999982e+02 1.021391039605952882e-14
1.389170000000000016e+02 1.033599967918737622e-14
1.382560000000000002e+02 1.060317646537498375e-14
1.375960000000000036e+02 1.075279407961527588e-14
1.369350000000000023e+02 1.087297374647730511e-14
1.362750000000000057e+02 1.090989480907091531e-14
1.356140000000000043e+02 1.105385442996171139e-14
1.349540000000000077e+02 1.118224185397492309e-14
1.342930000000000064e+02 1.143327414516939028e-14
1.336320000000000050e+02 1.167647776057580888e-14
1.329710000000000036e+02 1.181958022927171910e-14
1.323100000000000023e+02 1.190353021121580696e-14
1.316490000000000009e+02 1.215568791884077097e-14
1.309879999999999995e+02 1.222684066703967913e-14
1.303269999999999982e+02 1.226647030422160241e-14
1.296659999999999968e+02 1.250615359980444300e-14
1.290049999999999955e+02 1.259775064550878839e-14
1.283420000000000130e+02 1.260267755782678164e-14
1.276809999999999974e+02 1.263648962475243852e-14
1.270190000000000055e+02 1.278200022374724844e-14
1.263580000000000041e+02 1.264640149014127817e-14
1.256959999999999980e+02 1.247000786450130625e-14
1.250349999999999966e+02 1.250072792000038208e-14
1.243730000000000047e+02 1.248126592104368834e-14
1.237120000000000033e+02 1.241647857187775758e-14
1.230499999999999972e+02 1.243250496614869968e-14
1.223880000000000052e+02 1.239520897198414048e-14
1.217259999999999991e+02 1.216987505065429125e-14
1.210639999999999930e+02 1.189478704885282575e-14
1.204030000000000058e+02 1.186709353404858117e-14
1.197409999999999997e+02 1.177603998816625452e-14
1.190780000000000030e+02 1.147072357513677320e-14
1.184150000000000063e+02 1.137336445672689765e-14
1.177530000000000001e+02 1.119987952021353376e-14
1.170909999999999940e+02 1.097026592605290667e-14
1.164279999999999973e+02 1.074638729187361286e-14
1.157660000000000053e+02 1.064190356091512024e-14
1.151039999999999992e+02 1.050402995051854157e-14
1.144410000000000025e+02 1.028870322823147121e-14
1.137789999999999964e+02 1.008640618534164978e-14
1.131159999999999997e+02 1.002980691215561068e-14
1.124539999999999935e+02 9.914558231887143278e-15
1.117890000000000015e+02 9.788659086597236017e-15
1.111269999999999953e+02 9.750929835871446848e-15
1.104639999999999986e+02 9.608536154898710689e-15
1.098010000000000019e+02 9.485125530834658601e-15
1.091380000000000052e+02 9.334234951876353897e-15
1.084749999999999943e+02 9.258534003832852937e-15
1.078119999999999976e+02 8.980218558514082739e-15
1.071490000000000009e+02 8.812672133926202625e-15
1.064849999999999994e+02 8.424837589827832968e-15
1.058209999999999980e+02 8.097058761029923486e-15
1.051580000000000013e+02 7.691370831670331745e-15
1.044950000000000045e+02 7.554359573822907539e-15
1.038319999999999936e+02 7.243908834015452698e-15
1.031680000000000064e+02 6.970230888816577988e-15
1.025049999999999955e+02 6.716317516226745661e-15
1.018400000000000034e+02 6.606518400381935101e-15
1.011760000000000019e+02 6.426038246572129684e-15
1.005130000000000052e+02 6.464880622445782903e-15
9.984900000000000375e+01 6.450956753288661719e-15
9.918529999999999802e+01 6.407911040019433035e-15
9.852150000000000318e+01 6.342440194909681477e-15
9.785769999999999413e+01 6.494742527512093474e-15
9.719230000000000302e+01 6.682108280690198408e-15
9.652830000000000155e+01 6.856438936491710764e-15
9.586430000000000007e+01 6.990364024368479297e-15
9.520029999999999859e+01 7.173648688199661999e-15
9.453610000000000468e+01 7.441435778706867307e-15
9.387199999999999989e+01 7.704425935387379992e-15
9.320619999999999550e+01 7.870562373562436100e-15
9.254200000000000159e+01 8.062359652709106501e-15
9.187760000000000105e+01 8.067864410844859091e-15
9.121320000000000050e+01 8.127909792690678340e-15
9.054879999999999995e+01 8.119425778074692123e-15
8.988280000000000314e+01 8.268311291832363163e-15
8.921819999999999595e+01 8.276916080786349485e-15
8.855360000000000298e+01 8.213678520986253678e-15
8.788890000000000668e+01 8.144813965036367264e-15
8.722419999999999618e+01 8.276532128169555575e-15
8.655939999999999657e+01 8.374600619331992517e-15
8.589300000000000068e+01 8.522448628191872942e-15
8.522809999999999775e+01 8.557798465234528172e-15
8.456319999999999482e+01 8.653425498459485506e-15
8.389820000000000277e+01 8.623471803348489080e-15
8.323160000000000025e+01 8.685601892805672382e-15
8.256650000000000489e+01 8.692914966452873702e-15
8.190130000000000621e+01 8.771888140797416275e-15
8.123609999999999332e+01 8.781102735511667157e-15
8.057080000000000553e+01 8.653342224470491225e-15
7.990389999999999304e+01 8.663424678953552162e-15
7.923850000000000193e+01 8.719784857479040929e-15
7.857299999999999329e+01 8.801275044223627760e-15
7.790749999999999886e+01 8.842918504208079105e-15
7.724039999999999395e+01 8.840990030449445720e-15
7.657479999999999620e+01 8.883643889848460823e-15
7.590909999999999513e+01 8.775226152807681696e-15
7.524339999999999407e+01 8.817278639556328671e-15
7.457760000000000389e+01 8.805313002500949933e-15
7.391020000000000323e+01 8.642393212108705482e-15
7.324429999999999552e+01 8.566860481671330065e-15
7.257829999999999870e+01 8.383692966227775045e-15
7.191230000000000189e+01 8.261488353799494480e-15
7.124469999999999459e+01 8.216213265702606510e-15
7.057850000000000534e+01 8.115022038666712560e-15
6.991230000000000189e+01 8.137537089851735786e-15
6.924609999999999843e+01 7.992350497352468124e-15
6.857829999999999870e+01 7.943462730575551540e-15
6.791190000000000282e+01 7.876967192387020913e-15
6.724550000000000693e+01 7.770094707903398567e-15
6.657750000000000057e+01 7.705451980238464216e-15
6.591100000000000136e+01 7.568396913571846455e-15
6.524439999999999884e+01 7.506237165015689642e-15
6.457769999999999300e+01 7.401254178164051032e-15
6.390950000000000131e+01 7.270580979950848960e-15
6.324269999999999925e+01 7.202724792600062219e-15
6.257589999999999719e+01 7.171827028233847883e-15
6.190899999999999892e+01 7.126396502897281626e-15
6.124060000000000059e+01 7.055310413655890454e-15
6.057359999999999900e+01 6.999259445365622204e-15
5.990659999999999741e+01 6.948422964555752654e-15
5.923799999999999955e+01 6.787555626127284791e-15
5.857079999999999842e+01 6.616193506555943030e-15
5.790359999999999729e+01 6.564382400988654865e-15
5.723629999999999995e+01 6.458481230016483796e-15
5.656750000000000256e+01 6.307248973213679970e-15
5.590010000000000190e+01 6.250350122337647560e-15
5.523270000000000124e+01 6.146583018167947884e-15
5.456360000000000099e+01 6.077357792779140615e-15
5.389609999999999701e+01 6.033179818414237315e-15
5.322849999999999682e+01 6.034521852960796681e-15
5.255930000000000035e+01 6.066418349708231094e-15
5.189159999999999684e+01 5.934599305563158296e-15
5.122379999999999711e+01 5.896315177850631330e-15
5.055440000000000111e+01 5.839610663862429563e-15
4.988660000000000139e+01 5.745422429848409867e-15
4.921860000000000213e+01 5.645660116052499301e-15
4.854910000000000281e+01 5.555251614407206725e-15
4.788100000000000023e+01 5.518774085842352375e-15
4.721289999999999765e+01 5.443156793841181933e-15
4.654319999999999879e+01 5.332866138426868692e-15
4.587500000000000000e+01 5.276080231066176568e-15
4.520669999999999789e+01 5.133627477406037021e-15
4.453679999999999950e+01 5.052033370192623620e-15
4.386840000000000117e+01 4.980277143314658888e-15
4.320000000000000284e+01 4.961626384900317153e-15
4.252989999999999782e+01 4.858377066512990654e-15
4.186129999999999995e+01 4.743359738955823352e-15
4.119270000000000209e+01 4.592838490662936790e-15
4.052250000000000085e+01 4.503158554771840772e-15
3.985379999999999967e+01 4.438701097188707918e-15
3.918500000000000227e+01 4.395537194774638356e-15
3.851460000000000150e+01 4.317944972825669000e-15
3.784570000000000078e+01 4.231333311953996891e-15
3.717519999999999669e+01 4.121058496503890966e-15
3.650619999999999976e+01 4.023424733671573367e-15
3.583709999999999951e+01 3.961791052522634233e-15
3.516640000000000299e+01 3.895207516490920384e-15
3.449719999999999942e+01 3.793694266555354786e-15
3.382800000000000296e+01 3.719093339775045705e-15
3.315709999999999980e+01 3.610882114304847516e-15
3.248780000000000001e+01 3.468641836626038713e-15
3.181680000000000064e+01 3.376636129089184636e-15
3.114730000000000132e+01 3.306645698993393157e-15
3.047779999999999845e+01 3.256095045210834418e-15
2.980669999999999931e+01 3.114517919417113390e-15
2.913700000000000045e+01 3.039344451847580268e-15
2.846730000000000160e+01 2.974801100904475117e-15
2.779599999999999937e+01 2.855677480345891003e-15
2.712620000000000076e+01 2.768019715746083753e-15
2.645479999999999876e+01 2.690765285591348475e-15
2.578490000000000038e+01 2.598523134580973354e-15
2.511329999999999885e+01 2.479855894020711601e-15
2.444330000000000069e+01 2.358265014591329493e-15
2.377319999999999922e+01 2.287356225435372379e-15
2.310150000000000148e+01 2.160536134427835739e-15
2.243130000000000024e+01 2.061426492465230849e-15
2.175949999999999918e+01 1.964270963492146506e-15
2.108909999999999840e+01 1.860632154846824146e-15
2.041870000000000118e+01 1.775222498072647172e-15
1.974680000000000035e+01 1.658527119943369528e-15
1.907629999999999981e+01 1.570254623676802565e-15
1.840419999999999945e+01 1.489602933806389011e-15
1.773349999999999937e+01 1.397096168942662180e-15
1.706129999999999924e+01 1.336684168320423129e-15
1.639059999999999917e+01 1.247890134672567529e-15
1.571979999999999933e+01 1.176758462878959605e-15
1.504739999999999966e+01 1.119891297652222647e-15
1.437650000000000006e+01 1.054664211453010883e-15
1.370410000000000039e+01 1.006427370614719216e-15
1.303299999999999947e+01 9.393882020273393890e-16
1.236040000000000028e+01 8.818671414909712622e-16
1.168929999999999936e+01 8.237104085643576128e-16
1.101660000000000039e+01 7.831453605381803969e-16
1.034529999999999994e+01 7.694394771759863590e-16
9.672489999999999810e+00 7.451231210153282742e-16
9.001129999999999853e+00 7.199499366430295397e-16
8.329710000000000392e+00 6.865347041539134249e-16
7.656710000000000349e+00 6.692489494467053562e-16
6.985170000000000101e+00 6.964083846732151637e-16
6.312050000000000161e+00 7.098436292737343700e-16
5.640399999999999636e+00 7.090837813315540047e-16
4.967170000000000307e+00 6.807223340523399343e-16
4.295410000000000394e+00 6.303448734495381786e-16
3.622059999999999835e+00 5.666246580116395783e-16
2.950180000000000025e+00 4.882387207062094389e-16
2.276720000000000077e+00 3.999357282005279851e-16
1.604729999999999990e+00 2.939701297766813156e-16
9.311519999999999797e-01 1.715957862476736611e-16
2.590439999999999965e-01 4.772497176954230118e-17
