4.498670000000000186e+02 3.767669944432243351e-15
4.492339999999999804e+02 2.983126921663594233e-15
4.486009999999999991e+02 2.625167497689493929e-15
4.479680000000000177e+02 3.679115169135441380e-15
4.473360000000000127e+02 3.567688041727866254e-15
4.467029999999999745e+02 3.385812632934031277e-15
4.460690000000000168e+02 4.012359989717161402e-15
4.454359999999999786e+02 3.620484281623321157e-15
4.448029999999999973e+02 3.509861329023048583e-15
4.441689999999999827e+02 3.818653848169879711e-15
4.435360000000000014e+02 4.196133196157236096e-15
4.429019999999999868e+02 4.920762439031735033e-15
4.422699999999999818e+02 4.252034976664520651e-15
4.416360000000000241e+02 4.800492890153212865e-15
4.410029999999999859e+02 4.758092671658180383e-15
4.403690000000000282e+02 4.335343588418496491e-15
4.397350000000000136e+02 4.328395580925927749e-15
4.391009999999999991e+02 4.218060213063263365e-15
4.384669999999999845e+02 3.419199782477158201e-15
4.378330000000000268e+02 3.654123434880753100e-15
4.371990000000000123e+02 3.373761837232449427e-15
4.365649999999999977e+02 3.608036297066840843e-15
4.359329999999999927e+02 2.815521368995650097e-15
4.352980000000000018e+02 2.332779593652463549e-15
4.346639999999999873e+02 2.294938996422729139e-15
4.340299999999999727e+02 2.393226425082108087e-15
4.333960000000000150e+02 2.389299533382788284e-15
4.327610000000000241e+02 3.267516186009356392e-15
4.321270000000000095e+02 2.957210893336729401e-15
4.314920000000000186e+02 2.445075697935139097e-15
4.308580000000000041e+02 2.204713637958237882e-15
4.302230000000000132e+02 2.437077656375398888e-15
4.295889999999999986e+02 2.803194259615535741e-15
4.289540000000000077e+02 2.328012726508961972e-15
4.283190000000000168e+02 2.626134534344375640e-15
4.276859999999999786e+02 2.622215207574851771e-15
4.270509999999999877e+02 2.249865718221399093e-15
4.264159999999999968e+02 1.878961024086670531e-15
4.257810000000000059e+02 2.242220763258596491e-15
4.251460000000000150e+02 2.504549493815302630e-15
4.245110000000000241e+02 2.998344728754692797e-15
4.238759999999999764e+02 3.026395719851862584e-15
4.232409999999999854e+02 3.319293180977923021e-15
4.226050000000000182e+02 2.917262276943030261e-15
4.219700000000000273e+02 2.978386788977187457e-15
4.213349999999999795e+02 3.072145109126224261e-15
4.206990000000000123e+02 3.527063925748966088e-15
4.200640000000000214e+02 3.553918872752959863e-15
4.194289999999999736e+02 3.940873186533935196e-15
4.187930000000000064e+02 3.182076216988662846e-15
4.181569999999999823e+02 3.013429575627050365e-15
4.175219999999999914e+02 3.203935331688390915e-15
4.168860000000000241e+02 3.914148106210972740e-15
4.162500000000000000e+02 4.264765473120764609e-15
4.156150000000000091e+02 4.322412699392011755e-15
4.149789999999999850e+02 4.444430068169334977e-15
4.143430000000000177e+02 4.566006581571197971e-15
4.137069999999999936e+02 4.106538693010267286e-15
4.130710000000000264e+02 4.775772848911971659e-15
4.124350000000000023e+02 5.089045685237305255e-15
4.117989999999999782e+02 5.337096205523776605e-15
4.111630000000000109e+02 5.135592218199953411e-15
4.105260000000000105e+02 4.934880467616106666e-15
4.098899999999999864e+02 5.085981039295023086e-15
4.092540000000000191e+02 4.376124429083218783e-15
4.086170000000000186e+02 4.432086480527678964e-15
4.079809999999999945e+02 4.710240622041081826e-15
4.073439999999999941e+02 4.511798421256993801e-15
4.067080000000000268e+02 4.314034648529099780e-15
4.060710000000000264e+02 4.811890178779809030e-15
4.054350000000000023e+02 4.109665567362293275e-15
4.047980000000000018e+02 4.196989080728480461e-15
4.041610000000000014e+02 4.063906523252034943e-15
4.035240000000000009e+02 4.370581000876983700e-15
4.028879999999999768e+02 3.705261250287693977e-15
4.022509999999999764e+02 4.011241664983146551e-15
4.016139999999999759e+02 3.317697164717006375e-15
4.009769999999999754e+02 3.374143436974304089e-15
4.003399999999999750e+02 2.652830939333611708e-15
3.997029999999999745e+02 3.206919257074861352e-15
3.990649999999999977e+02 3.015221113296187759e-15
3.984279999999999973e+02 2.422459139799023958e-15
3.977909999999999968e+02 2.263889068062419923e-15
3.971519999999999868e+02 2.197463051620715774e-15
3.965149999999999864e+02 1.732481606907633310e-15
3.958770000000000095e+02 1.974953844643816653e-15
3.952400000000000091e+02 1.297069238116967455e-15
3.946019999999999754e+02 1.784392751224227015e-15
3.939649999999999750e+02 1.261802442859950197e-15
3.933269999999999982e+02 1.198544059489758264e-15
3.926890000000000214e+02 1.896399096165790455e-15
3.920520000000000209e+02 1.771511996288077036e-15
3.914139999999999873e+02 2.314090967676589199e-15
3.907760000000000105e+02 2.339912354373998406e-15
3.901379999999999768e+02 3.121028423982781258e-15
3.895000000000000000e+02 3.809388042723827565e-15
3.888609999999999900e+02 3.441792177454258162e-15
3.882230000000000132e+02 3.525424929972499029e-15
3.875849999999999795e+02 3.878918859548712137e-15
3.869460000000000264e+02 4.201143418133657296e-15
3.863079999999999927e+02 4.582019956006541020e-15
3.856700000000000159e+02 4.812237042233953914e-15
3.850319999999999823e+02 5.071361221530649111e-15
3.843929999999999723e+02 4.586359207187885986e-15
3.837549999999999955e+02 4.874429467791642965e-15
3.831159999999999854e+02 4.717735274517603748e-15
3.824759999999999991e+02 4.649493471294138060e-15
3.818380000000000223e+02 4.463987232925126897e-15
3.811990000000000123e+02 3.719613068545043828e-15
3.805600000000000023e+02 4.124385282041349577e-15
3.799220000000000255e+02 3.940672079301648869e-15
3.792830000000000155e+02 3.493955103308787704e-15
3.786440000000000055e+02 3.779637603413119965e-15
3.780049999999999955e+02 3.480414440844269387e-15
3.773650000000000091e+02 3.591139126467358171e-15
3.767259999999999991e+02 4.659894281708205019e-15
3.760860000000000127e+02 4.563964410350759219e-15
3.754470000000000027e+02 5.510865420569565055e-15
3.748079999999999927e+02 5.442365495273318358e-15
3.741689999999999827e+02 5.720358446149864967e-15
3.735299999999999727e+02 6.026497499246798039e-15
3.728890000000000100e+02 6.101844013559085439e-15
3.722500000000000000e+02 5.630980083965950701e-15
3.716100000000000136e+02 6.364784851310378398e-15
3.709710000000000036e+02 5.838343662230181818e-15
3.703310000000000173e+02 5.599701205283625902e-15
3.696909999999999741e+02 5.417824497513732220e-15
3.690500000000000114e+02 5.549274092930741716e-15
3.684110000000000014e+02 5.255119427919800013e-15
3.677710000000000150e+02 5.131752693040422301e-15
3.671309999999999718e+02 4.895818974458085821e-15
3.664909999999999854e+02 5.619703639038492469e-15
3.658509999999999991e+02 5.186425923545172554e-15
3.652099999999999795e+02 5.176700277212488042e-15
3.645699999999999932e+02 5.811229745275699403e-15
3.639300000000000068e+02 5.688116050997571159e-15
3.632900000000000205e+02 5.620989553237213723e-15
3.626490000000000009e+02 5.749225775746068074e-15
3.620079999999999814e+02 5.599356457258983845e-15
3.613670000000000186e+02 5.505077677435159512e-15
3.607269999999999754e+02 5.106653648867240306e-15
3.600869999999999891e+02 5.262651765326964810e-15
3.594460000000000264e+02 4.756008129905261048e-15
3.588039999999999736e+02 4.387545642158757377e-15
3.581639999999999873e+02 4.241823529190277001e-15
3.575230000000000246e+02 3.904334128715467147e-15
3.568829999999999814e+02 4.389000716693263107e-15
3.562420000000000186e+02 4.243794095598407332e-15
3.556000000000000227e+02 4.317611032317661679e-15
3.549590000000000032e+02 4.526691591287711210e-15
3.543179999999999836e+02 4.083031178406567423e-15
3.536770000000000209e+02 4.210758252737842876e-15
3.530350000000000250e+02 4.824397609664337808e-15
3.523940000000000055e+02 4.976787738068902987e-15
3.517520000000000095e+02 4.966816099714774350e-15
3.511109999999999900e+02 4.015382572461471354e-15
3.504689999999999941e+02 4.356431321444613592e-15
3.498269999999999982e+02 4.481541338060386279e-15
3.491859999999999786e+02 4.392314029375507571e-15
3.485450000000000159e+02 4.303701562221970130e-15
3.479019999999999868e+02 4.214582746632981756e-15
3.472599999999999909e+02 3.940605334149610313e-15
3.466190000000000282e+02 3.879522576228144320e-15
3.459769999999999754e+02 3.765717566120556827e-15
3.453340000000000032e+02 4.101481175989456721e-15
3.446929999999999836e+02 4.303918610754338957e-15
3.440509999999999877e+02 4.137191074433890819e-15
3.434089999999999918e+02 4.076165007247905140e-15
3.427660000000000196e+02 3.805955990129385765e-15
3.421240000000000236e+02 4.347209168066068878e-15
3.414820000000000277e+02 4.468641060514931106e-15
3.408399999999999750e+02 4.433113237292946668e-15
3.401970000000000027e+02 4.658095730935353637e-15
3.395539999999999736e+02 4.700183191441186557e-15
3.389119999999999777e+02 4.560859011104878487e-15
3.382690000000000055e+02 4.680968659859996378e-15
3.376259999999999764e+02 5.315050830762989526e-15
3.369839999999999804e+02 5.715350164541597703e-15
3.363419999999999845e+02 5.472675743211379769e-15
3.356979999999999791e+02 5.128191208531306647e-15
3.350550000000000068e+02 5.040841896299812954e-15
3.344130000000000109e+02 4.801078824629840157e-15
3.337690000000000055e+02 4.866900175102185323e-15
3.331259999999999764e+02 4.983691243365736687e-15
3.324830000000000041e+02 5.656880679464822174e-15
3.318389999999999986e+02 5.342227325684005242e-15
3.311960000000000264e+02 5.759284123570744203e-15
3.305539999999999736e+02 5.570745791563579919e-15
3.299110000000000014e+02 5.910476634771943038e-15
3.292660000000000196e+02 6.123661796079397062e-15
3.286229999999999905e+02 6.460777555398092823e-15
3.279800000000000182e+02 6.347390484769624902e-15
3.273360000000000127e+02 6.158941789459992684e-15
3.266929999999999836e+02 5.574373912986770943e-15
3.260489999999999782e+02 5.463225626935805722e-15
3.254049999999999727e+02 5.327656521808622298e-15
3.247610000000000241e+02 5.612504720151204446e-15
3.241179999999999950e+02 5.403312323498958043e-15
3.234730000000000132e+02 5.538980796408022627e-15
3.228290000000000077e+02 5.551264451829410436e-15
3.221840000000000259e+02 6.004677102270757525e-15
3.215409999999999968e+02 6.040135262244438289e-15
3.208969999999999914e+02 6.538327176121497124e-15
3.202520000000000095e+02 6.816392281360444171e-15
3.196080000000000041e+02 6.776916339244311043e-15
3.189639999999999986e+02 6.979881222213657207e-15
3.183190000000000168e+02 7.278605970989495146e-15
3.176750000000000114e+02 6.828765169544003697e-15
3.170310000000000059e+02 6.116950647925989239e-15
3.163860000000000241e+02 6.102456995051230120e-15
3.157420000000000186e+02 5.945717181618554455e-15
3.150980000000000132e+02 5.574175738496727890e-15
3.144519999999999982e+02 5.466065215022576574e-15
3.138079999999999927e+02 5.287478158586141185e-15
3.131619999999999777e+02 5.180698085387450120e-15
3.125179999999999723e+02 5.026871907133726780e-15
3.118729999999999905e+02 5.086203407844112439e-15
3.112269999999999754e+02 5.923615335673487487e-15
3.105830000000000268e+02 5.557432377703651570e-15
3.099370000000000118e+02 5.403957579351309419e-15
3.092919999999999732e+02 5.462168736620009093e-15
3.086469999999999914e+02 5.309619940994262629e-15
3.080009999999999764e+02 5.786987791136680123e-15
3.073570000000000277e+02 6.052583213591590266e-15
3.067099999999999795e+02 6.132090466218307839e-15
3.060649999999999977e+02 6.025185043951915949e-15
3.054200000000000159e+02 5.987994850395185802e-15
3.047740000000000009e+02 5.951542614222623325e-15
3.041290000000000191e+02 5.915171199345084535e-15
3.034820000000000277e+02 6.543361995025792918e-15
3.028369999999999891e+02 6.940055649595212003e-15
3.021920000000000073e+02 7.242988018381971483e-15
3.015450000000000159e+02 7.021803329347326486e-15
3.008999999999999773e+02 6.550826253051352514e-15
3.002529999999999859e+02 7.193296945973242267e-15
2.996080000000000041e+02 6.905065832078527757e-15
2.989610000000000127e+02 6.572588779040362539e-15
2.983149999999999977e+02 7.143042903835354626e-15
2.976700000000000159e+02 6.834467751051635613e-15
2.970230000000000246e+02 6.862837787340251832e-15
2.963770000000000095e+02 6.421549961160537056e-15
2.957300000000000182e+02 6.273081757064991966e-15
2.950840000000000032e+02 6.458419100519788240e-15
2.944370000000000118e+02 5.976976233709703834e-15
2.937909999999999968e+02 6.162102677585611519e-15
2.931429999999999723e+02 7.207496576298802975e-15
2.924970000000000141e+02 7.168308642412037835e-15
2.918500000000000227e+02 6.821426856206101927e-15
2.912040000000000077e+02 6.695283315272396429e-15
2.905570000000000164e+02 7.006704097462924024e-15
2.899100000000000250e+02 7.405223567768033445e-15
2.892629999999999768e+02 7.996480622405061784e-15
2.886159999999999854e+02 8.346854083451945266e-15
2.879689999999999941e+02 8.586586732382486506e-15
2.873210000000000264e+02 8.609017215649819559e-15
2.866750000000000114e+02 8.501652977050515993e-15
2.860269999999999868e+02 8.954194300773365779e-15
2.853799999999999955e+02 9.103916989780676532e-15
2.847320000000000277e+02 8.995959704011316289e-15
2.840849999999999795e+02 9.422041655953595630e-15
2.834370000000000118e+02 9.612098411986860206e-15
2.827900000000000205e+02 1.003413209448599483e-14
2.821419999999999959e+02 1.039117192341854534e-14
2.814950000000000045e+02 1.055508438040159758e-14
2.808469999999999800e+02 1.095123882548754469e-14
2.801990000000000123e+02 1.058737436107083757e-14
2.795509999999999877e+02 1.035097091943049930e-14
2.789039999999999964e+02 1.047219099893896166e-14
2.782549999999999955e+02 1.046628718880221375e-14
2.776080000000000041e+02 1.048178347467454741e-14
2.769590000000000032e+02 1.033066499110943229e-14
2.763120000000000118e+02 1.053232261188979701e-14
2.756630000000000109e+02 1.034069688722151272e-14
2.750149999999999864e+02 1.052009419010833364e-14
2.743659999999999854e+02 1.139869538615092406e-14
2.737189999999999941e+02 1.206663997720707581e-14
2.730699999999999932e+02 1.224086563818107179e-14
2.724220000000000255e+02 1.206632474740606120e-14
2.717730000000000246e+02 1.179136204165428431e-14
2.711240000000000236e+02 1.157818095447332151e-14
2.704759999999999991e+02 1.122472065634145617e-14
2.698260000000000218e+02 1.141774324068144747e-14
2.691779999999999973e+02 1.179116827456765825e-14
2.685289999999999964e+02 1.121807387700995504e-14
2.678809999999999718e+02 1.106817855076114998e-14
2.672309999999999945e+02 1.087997681525519209e-14
2.665830000000000268e+02 1.111040861953476304e-14
2.659329999999999927e+02 1.187670198496248841e-14
2.652839999999999918e+02 1.220279978656597355e-14
2.646349999999999909e+02 1.272441467664585372e-14
2.639850000000000136e+02 1.239510511155044504e-14
2.633369999999999891e+02 1.224384091962258647e-14
2.626870000000000118e+02 1.256487405887208061e-14
2.620380000000000109e+02 1.227746552066076835e-14
2.613879999999999768e+02 1.277135041368454710e-14
2.607400000000000091e+02 1.250440396775495974e-14
2.600899999999999750e+02 1.194631575145765364e-14
2.594390000000000214e+02 1.224337215921403776e-14
2.587900000000000205e+02 1.199777531470772539e-14
2.581399999999999864e+02 1.202326314474800694e-14
2.574909999999999854e+02 1.191408334842336673e-14
2.568410000000000082e+02 1.247554575675334801e-14
2.561899999999999977e+02 1.290046628471863643e-14
2.555409999999999968e+02 1.265556008648550247e-14
2.548899999999999864e+02 1.292508322365320696e-14
2.542410000000000139e+02 1.290904239667363308e-14
2.535910000000000082e+02 1.247655864050044270e-14
2.529399999999999977e+02 1.247968393309707202e-14
2.522899999999999920e+02 1.265273586395901810e-14
2.516399999999999864e+02 1.304849294265239828e-14
2.509900000000000091e+02 1.247029408770326322e-14
2.503389999999999986e+02 1.251012801938586308e-14
2.496879999999999882e+02 1.279160888045044176e-14
2.490380000000000109e+02 1.284803116015423930e-14
2.483870000000000005e+02 1.323760223850755876e-14
2.477359999999999900e+02 1.358738273109085088e-14
2.470860000000000127e+02 1.342063610222829560e-14
2.464350000000000023e+02 1.382256302257701508e-14
2.457849999999999966e+02 1.323533588590727698e-14
2.451330000000000098e+02 1.354414209660092975e-14
2.444819999999999993e+02 1.328747881241885159e-14
2.438319999999999936e+02 1.306891505783210242e-14
2.431800000000000068e+02 1.290474315076436535e-14
2.425289999999999964e+02 1.286782846409932296e-14
2.418779999999999859e+02 1.336946399793371078e-14
2.412270000000000039e+02 1.370746119723023074e-14
2.405749999999999886e+02 1.338242832907680586e-14
2.399240000000000066e+02 1.394881095224210932e-14
2.392719999999999914e+02 1.390872473918809180e-14
2.386200000000000045e+02 1.416923015607498398e-14
2.379699999999999989e+02 1.409257602123098258e-14
2.373180000000000121e+02 1.447376596787119184e-14
2.366670000000000016e+02 1.443178569525146613e-14
2.360149999999999864e+02 1.440638369975698956e-14
2.353629999999999995e+02 1.467823109272349976e-14
2.347100000000000080e+02 1.520892894331786318e-14
2.340600000000000023e+02 1.511157630111566230e-14
2.334070000000000107e+02 1.503227304994241893e-14
2.327549999999999955e+02 1.559117940081702202e-14
2.321040000000000134e+02 1.600845245919766257e-14
2.314509999999999934e+02 1.590938455628608915e-14
2.307980000000000018e+02 1.630555583547570344e-14
2.301469999999999914e+02 1.625657281609403736e-14
2.294939999999999998e+02 1.603760830688211267e-14
2.288420000000000130e+02 1.570126626080585407e-14
2.281899999999999977e+02 1.624433953560059224e-14
2.275370000000000061e+02 1.664925853705368789e-14
2.268839999999999861e+02 1.686731867847213258e-14
2.262330000000000041e+02 1.723312700409468172e-14
2.255800000000000125e+02 1.771401483424998418e-14
2.249269999999999925e+02 1.767635545791909851e-14
2.242729999999999961e+02 1.775486792775576260e-14
2.236220000000000141e+02 1.812902647840549055e-14
2.229679999999999893e+02 1.822137304327931603e-14
2.223149999999999977e+02 1.834481861969026246e-14
2.216630000000000109e+02 1.807552302134330248e-14
2.210099999999999909e+02 1.777365423997991365e-14
2.203559999999999945e+02 1.745745150140008003e-14
2.197019999999999982e+02 1.730541263605204465e-14
2.190500000000000114e+02 1.736399274493616642e-14
2.183969999999999914e+02 1.734105393152419574e-14
2.177429999999999950e+02 1.726997414497033184e-14
2.170889999999999986e+02 1.735912152889722301e-14
2.164370000000000118e+02 1.706423329628777539e-14
2.157829999999999870e+02 1.729608550758854589e-14
2.151289999999999907e+02 1.711341600273861844e-14
2.144749999999999943e+02 1.753242249565603780e-14
2.138220000000000027e+02 1.752311851942472882e-14
2.131680000000000064e+02 1.754464595286895297e-14
2.125140000000000100e+02 1.762856633642893622e-14
2.118600000000000136e+02 1.733721048700334842e-14
2.112069999999999936e+02 1.765374080384323354e-14
2.105529999999999973e+02 1.750275995545368382e-14
2.098979999999999961e+02 1.736800718293654586e-14
2.092439999999999998e+02 1.712545523091174461e-14
2.085910000000000082e+02 1.708444216243551653e-14
2.079360000000000070e+02 1.701244862976949250e-14
2.072820000000000107e+02 1.691004173210827912e-14
2.066270000000000095e+02 1.653451374419969180e-14
2.059739999999999895e+02 1.678208551666385885e-14
2.053189999999999884e+02 1.671030437765800232e-14
2.046639999999999873e+02 1.651877116040158285e-14
2.040089999999999861e+02 1.652275723975424853e-14
2.033540000000000134e+02 1.648150594245593838e-14
2.027009999999999934e+02 1.600911640364627993e-14
2.020459999999999923e+02 1.583553873329057113e-14
2.013909999999999911e+02 1.548554168321119091e-14
2.007350000000000136e+02 1.578584750324813909e-14
2.000800000000000125e+02 1.562866282419176675e-14
1.994259999999999877e+02 1.529654738777850785e-14
1.987709999999999866e+02 1.525797774650501713e-14
1.981160000000000139e+02 1.511793922723923594e-14
1.974600000000000080e+02 1.529655925922328711e-14
1.968050000000000068e+02 1.496870437811110535e-14
1.961510000000000105e+02 1.487365522178901865e-14
1.954950000000000045e+02 1.517927149280678442e-14
1.948389999999999986e+02 1.485413029834486154e-14
1.941839999999999975e+02 1.465916814290953266e-14
1.935279999999999916e+02 1.476281047486151200e-14
1.928739999999999952e+02 1.490762867225642526e-14
1.922179999999999893e+02 1.482620297640372558e-14
1.915620000000000118e+02 1.516548868709332177e-14
1.909060000000000059e+02 1.564202003345185111e-14
1.902500000000000000e+02 1.582238435723676121e-14
1.895939999999999941e+02 1.555663896651493211e-14
1.889389999999999930e+02 1.590042254925464484e-14
1.882829999999999870e+02 1.614542157089216232e-14
1.876270000000000095e+02 1.641548579989954290e-14
1.869699999999999989e+02 1.630063693614345734e-14
1.863139999999999930e+02 1.624043835175551881e-14
1.856570000000000107e+02 1.593570781744207666e-14
1.850010000000000048e+02 1.571438496364894185e-14
1.843460000000000036e+02 1.589820930644806164e-14
1.836889999999999930e+02 1.617426101825697246e-14
1.830329999999999870e+02 1.643404320406234348e-14
1.823760000000000048e+02 1.655871794218017308e-14
1.817189999999999941e+02 1.641662434633853496e-14
1.810620000000000118e+02 1.717389467431632999e-14
1.804050000000000011e+02 1.772727421006479452e-14
1.797500000000000000e+02 1.793418626894899226e-14
1.790929999999999893e+02 1.838830240130830116e-14
1.784360000000000070e+02 1.838267581813454977e-14
1.777789999999999964e+02 1.855804863524898396e-14
1.771220000000000141e+02 1.861492431652327145e-14
1.764650000000000034e+02 1.868416090254663007e-14
1.758069999999999879e+02 1.880313509263649757e-14
1.751500000000000057e+02 1.861469908301186334e-14
1.744939999999999998e+02 1.875713322325406915e-14
1.738369999999999891e+02 1.912646266405081879e-14
1.731790000000000020e+02 1.934069857004296290e-14
1.725219999999999914e+02 1.962821078558268753e-14
1.718640000000000043e+02 2.000029284413736808e-14
1.712059999999999889e+02 2.028129520957306701e-14
1.705490000000000066e+02 2.049787452988960394e-14
1.698909999999999911e+02 2.060032669059234758e-14
1.692330000000000041e+02 2.050449874509353171e-14
1.685749999999999886e+02 2.038416783860904067e-14
1.679190000000000111e+02 2.059416054251376134e-14
1.672609999999999957e+02 2.047313865486515907e-14
1.666030000000000086e+02 2.084901648884697206e-14
1.659449999999999932e+02 2.050957019604395176e-14
1.652870000000000061e+02 2.007625546004789982e-14
1.646279999999999859e+02 2.008809725856834177e-14
1.639699999999999989e+02 2.030179310773959789e-14
1.633120000000000118e+02 2.064369300527036575e-14
1.626539999999999964e+02 2.066309742939145664e-14
1.619950000000000045e+02 2.038729777909906029e-14
1.613369999999999891e+02 2.028908394971110692e-14
1.606779999999999973e+02 1.998078363728853811e-14
1.600190000000000055e+02 1.998794243614434440e-14
1.593609999999999900e+02 2.011034606206257762e-14
1.587040000000000077e+02 2.011598369789960820e-14
1.580449999999999875e+02 2.022333873604872786e-14
1.573859999999999957e+02 2.011234697815247757e-14
1.567270000000000039e+02 2.022885951402151942e-14
1.560680000000000121e+02 2.011757946537797787e-14
1.554089999999999918e+02 2.013035919238283181e-14
1.547500000000000000e+02 2.019822221337550886e-14
1.540910000000000082e+02 2.008628923578514318e-14
1.534319999999999879e+02 2.008549040696936880e-14
1.527729999999999961e+02 2.007293557116755195e-14
1.521140000000000043e+02 1.991650091155599573e-14
1.514540000000000077e+02 1.988134092051939664e-14
1.507949999999999875e+02 1.984561608163861786e-14
1.501359999999999957e+02 2.048294805689421440e-14
1.494759999999999991e+02 2.068134653789709298e-14
1.488170000000000073e+02 2.074771857609021335e-14
1.481570000000000107e+02 2.115550412426266666e-14
1.474970000000000141e+02 2.111079310252611274e-14
1.468379999999999939e+02 2.132030075189139383e-14
1.461779999999999973e+02 2.142137061718418104e-14
1.455180000000000007e+02 2.176228907673054846e-14
1.448580000000000041e+02 2.185851585234584988e-14
1.441980000000000075e+02 2.141105138746507323e-14
1.435380000000000109e+02 2.162014978948911802e-14
1.428779999999999859e+02 2.173337096038189210e-14
1.422179999999999893e+02 2.202953284390994246e-14
1.415579999999999927e+02 2.211746734028848617e-14
1.408979999999999961e+02 2.215259554571932233e-14
1.402379999999999995e+02 2.216604749127763143e-14
1.395769999999999982e+02 2.213794511431860012e-14
1.389170000000000016e+02 2.241012724615404440e-14
1.382560000000000002e+02 2.299718653993038924e-14
1.375960000000000036e+02 2.332956912657002679e-14
1.369350000000000023e+02 2.359829673588378601e-14
1.362750000000000057e+02 2.368643016101512532e-14
1.356140000000000043e+02 2.400710643423658575e-14
1.349540000000000077e+02 2.429415539610053705e-14
1.342930000000000064e+02 2.484795699485240937e-14
1.336320000000000050e+02 2.538511373797303664e-14
1.329710000000000036e+02 2.570493552348267097e-14
1.323100000000000023e+02 2.589628618828839280e-14
1.316490000000000009e+02 2.645383090896154982e-14
1.309879999999999995e+02 2.661770548396312123e-14
1.303269999999999982e+02 2.671304191324447796e-14
1.296659999999999968e+02 2.724425585817437060e-14
1.290049999999999955e+02 2.745311782550384100e-14
1.283420000000000130e+02 2.747321226256032475e-14
1.276809999999999974e+02 2.755628187818455202e-14
1.270190000000000055e+02 2.788308624386875998e-14
1.263580000000000041e+02 2.759666523697719988e-14
1.256959999999999980e+02 2.722101083167483610e-14
1.250349999999999966e+02 2.729735500857622834e-14
1.243730000000000047e+02 2.726414647538168023e-14
1.237120000000000033e+02 2.713185786713362209e-14
1.230499999999999972e+02 2.717614413411825064e-14
1.223880000000000052e+02 2.710386289063806825e-14
1.217259999999999991e+02 2.662021824991624310e-14
1.210639999999999930e+02 2.602737403979194898e-14
1.204030000000000058e+02 2.597563119684916430e-14
1.197409999999999997e+02 2.578513063845527077e-14
1.190780000000000030e+02 2.512519404507108820e-14
1.184150000000000063e+02 2.492046853612748212e-14
1.177530000000000001e+02 2.454873063682598178e-14
1.170909999999999940e+02 2.405366847758807485e-14
1.164279999999999973e+02 2.357085852417625887e-14
1.157660000000000053e+02 2.334967444104584479e-14
1.151039999999999992e+02 2.305505159701610473e-14
1.144410000000000025e+02 2.259017916748343505e-14
1.137789999999999964e+02 2.215359442399864632e-14
1.131159999999999997e+02 2.203684117248355101e-14
1.124539999999999935e+02 2.179109056701264563e-14
1.117890000000000015e+02 2.152178797241490298e-14
1.111269999999999953e+02 2.144618857572938885e-14
1.104639999999999986e+02 2.114026876439782469e-14
1.098010000000000019e+02 2.087591872813437201e-14
1.091380000000000052e+02 2.055088458377761184e-14
1.084749999999999943e+02 2.039122723549797272e-14
1.078119999999999976e+02 1.978506018809375671e-14
1.071490000000000009e+02 1.942260565415924730e-14
1.064849999999999994e+02 1.857423870376072446e-14
1.058209999999999980e+02 1.785773775663019384e-14
1.051580000000000013e+02 1.696884749534218190e-14
1.044950000000000045e+02 1.667231266135551867e-14
1.038319999999999936e+02 1.599266108764422352e-14
1.031680000000000064e+02 1.539376200008020105e-14
1.025049999999999955e+02 1.483810675508380288e-14
1.018400000000000034e+02 1.460058179990009073e-14
1.011760000000000019e+02 1.420662246466469945e-14
1.005130000000000052e+02 1.429743101386391319e-14
9.984900000000000375e+01 1.427157289553921519e-14
9.918529999999999802e+01 1.418124487708509503e-14
9.852150000000000318e+01 1.404120865445369044e-14
9.785769999999999413e+01 1.438336335789737455e-14
9.719230000000000302e+01 1.480344674045059594e-14
9.652830000000000155e+01 1.519492252390525270e-14
9.586430000000000007e+01 1.549709280830249580e-14
9.520029999999999859e+01 1.590893751333333390e-14
9.453610000000000468e+01 1.650853602607971842e-14
9.387199999999999989e+01 1.709790398811133573e-14
9.320619999999999550e+01 1.747267952096439256e-14
9.254200000000000159e+01 1.790468811623562182e-14
9.187760000000000105e+01 1.792313839089185052e-14
9.121320000000000050e+01 1.806280869257121795e-14
9.054879999999999995e+01 1.805022784098049045e-14
8.988280000000000314e+01 1.838762409963472234e-14
8.921819999999999595e+01 1.841316565141301414e-14
8.855360000000000298e+01 1.827884477820760247e-14
8.788890000000000668e+01 1.813190426877051637e-14
8.722419999999999618e+01 1.843155460462077589e-14
8.655939999999999657e+01 1.865645131379661658e-14
8.589300000000000068e+01 1.899245575506081817e-14
8.522809999999999775e+01 1.907788631467439169e-14
8.456319999999999482e+01 1.929779971848927671e-14
8.389820000000000277e+01 1.923771355521252635e-14
8.323160000000000025e+01 1.938309984606230670e-14
8.256650000000000489e+01 1.940619732917994217e-14
8.190130000000000621e+01 1.958934357984490351e-14
8.123609999999999332e+01 1.961677782202439579e-14
8.057080000000000553e+01 1.933812429978595006e-14
7.990389999999999304e+01 1.936744682524832253e-14
7.923850000000000193e+01 1.950026687991028582e-14
7.857299999999999329e+01 1.968939953328960845e-14
7.790749999999999886e+01 1.978949136434548781e-14
7.724039999999999395e+01 1.979212586995620320e-14
7.657479999999999620e+01 1.989458725715618662e-14
7.590909999999999513e+01 1.965868188591391571e-14
7.524339999999999407e+01 1.975982117128135138e-14
7.457760000000000389e+01 1.973993272881693975e-14
7.391020000000000323e+01 1.938151389555385110e-14
7.324429999999999552e+01 1.921887217832280307e-14
7.257829999999999870e+01 1.881456333453479963e-14
7.191230000000000189e+01 1.854683077382492614e-14
7.124469999999999459e+01 1.845169161611310362e-14
7.057850000000000534e+01 1.823085219889372317e-14
6.991230000000000189e+01 1.828786928734893553e-14
6.924609999999999843e+01 1.796790804112134298e-14
6.857829999999999870e+01 1.786430660001359996e-14
6.791190000000000282e+01 1.772100576035137242e-14
6.724550000000000693e+01 1.748673418331543497e-14
6.657750000000000057e+01 1.734738458492981646e-14
6.591100000000000136e+01 1.704484140381079301e-14
6.524439999999999884e+01 1.691081793678965651e-14
6.457769999999999300e+01 1.668018938369076018e-14
6.390950000000000131e+01 1.639149198595240959e-14
6.324269999999999925e+01 1.624424930399741435e-14
6.257589999999999719e+01 1.618028418405800417e-14
6.190899999999999892e+01 1.608347547926698888e-14
6.124060000000000059e+01 1.592868823306218056e-14
6.057359999999999900e+01 1.580773600573385906e-14
5.990659999999999741e+01 1.569847896809025258e-14
5.923799999999999955e+01 1.534047689102319530e-14
5.857079999999999842e+01 1.495848150633065509e-14
5.790359999999999729e+01 1.484660378271530381e-14
5.723629999999999995e+01 1.461226829062994074e-14
5.656750000000000256e+01 1.427517954654429566e-14
5.590010000000000190e+01 1.415142176330835759e-14
5.523270000000000124e+01 1.392142324871748880e-14
5.456360000000000099e+01 1.376953582138852700e-14
5.389609999999999701e+01 1.367429864813617333e-14
5.322849999999999682e+01 1.368220328292563813e-14
5.255930000000000035e+01 1.375942681444415697e-14
5.189159999999999684e+01 1.346523213035626862e-14
5.122379999999999711e+01 1.338312991146838432e-14
5.055440000000000111e+01 1.325915567095296672e-14
4.988660000000000139e+01 1.304994193995954056e-14
4.921860000000000213e+01 1.282791496599035306e-14
4.854910000000000281e+01 1.262700074867909121e-14
4.788100000000000023e+01 1.254856198631664373e-14
4.721289999999999765e+01 1.238103907909031153e-14
4.654319999999999879e+01 1.213451000623759737e-14
4.587500000000000000e+01 1.200958457930499753e-14
4.520669999999999789e+01 1.168950214289037210e-14
4.453679999999999950e+01 1.150782868545864069e-14
4.386840000000000117e+01 1.134843320705305380e-14
4.320000000000000284e+01 1.130997749187087405e-14
4.252989999999999782e+01 1.107859270583149917e-14
4.186129999999999995e+01 1.082018860870985493e-14
4.119270000000000209e+01 1.048058109561019831e-14
4.052250000000000085e+01 1.027962556959838556e-14
3.985379999999999967e+01 1.013611518254224981e-14
3.918500000000000227e+01 1.004114541887191107e-14
3.851460000000000150e+01 9.867439362254922784e-15
3.784570000000000078e+01 9.672981558312747383e-15
3.717519999999999669e+01 9.424277610699275306e-15
3.650619999999999976e+01 9.204305948057367513e-15
3.583709999999999951e+01 9.066563236798592371e-15
3.516640000000000299e+01 8.917397173647080497e-15
3.449719999999999942e+01 8.688121796293075681e-15
3.382800000000000296e+01 8.520337050897629500e-15
3.315709999999999980e+01 8.275410708080177588e-15
3.248780000000000001e+01 7.952284468083613004e-15
3.181680000000000064e+01 7.744143456646390396e-15
3.114730000000000132e+01 7.586355311103285612e-15
3.047779999999999845e+01 7.473069819298612526e-15
2.980669999999999931e+01 7.150717328281278819e-15
2.913700000000000045e+01 6.980640537013047277e-15
2.846730000000000160e+01 6.834864657104198846e-15
2.779599999999999937e+01 6.563540289287592439e-15
2.712620000000000076e+01 6.364362544717074520e-15
2.645479999999999876e+01 6.188974772630429861e-15
2.578490000000000038e+01 5.978969414717249681e-15
2.511329999999999885e+01 5.707993326266105265e-15
2.444330000000000069e+01 5.430084079658622936e-15
2.377319999999999922e+01 5.268716202252735142e-15
2.310150000000000148e+01 4.978401854898014740e-15
2.243130000000000024e+01 4.751748061052136436e-15
2.175949999999999918e+01 4.529439983642775559e-15
2.108909999999999840e+01 4.292011730934317967e-15
2.041870000000000118e+01 4.096476862733859423e-15
1.974680000000000035e+01 3.828582156340337776e-15
1.907629999999999981e+01 3.626126179022383133e-15
1.840419999999999945e+01 3.441131118664726861e-15
1.773349999999999937e+01 3.228602386578527640e-15
1.706129999999999924e+01 3.090118179262247166e-15
1.639059999999999917e+01 2.885893401937634689e-15
1.571979999999999933e+01 2.722381717191136067e-15
1.504739999999999966e+01 2.591765911011448121e-15
1.437650000000000006e+01 2.441698268897537433e-15
1.370410000000000039e+01 2.330872717976105020e-15
1.303299999999999947e+01 2.176402586338123802e-15
1.236040000000000028e+01 2.043881600575619674e-15
1.168929999999999936e+01 1.909788420163460367e-15
1.101660000000000039e+01 1.816400886867099588e-15
1.034529999999999994e+01 1.785263182048127420e-15
9.672489999999999810e+00 1.729476438561589351e-15
9.001129999999999853e+00 1.671658050151506246e-15
8.329710000000000392e+00 1.594653077598779610e-15
7.656710000000000349e+00 1.555071950689332383e-15
6.985170000000000101e+00 1.618772140946945754e-15
6.312050000000000161e+00 1.650607136087667549e-15
5.640399999999999636e+00 1.649443847655564883e-15
4.967170000000000307e+00 1.584051489868545502e-15
4.295410000000000394e+00 1.467359375855673636e-15
3.622059999999999835e+00 1.319511315008390894e-15
2.950180000000000025e+00 1.137388766161895630e-15
2.276720000000000077e+00 9.320225247060063767e-16
1.604729999999999990e+00 6.853281519861267103e-16
9.311519999999999797e-01 4.001856656452975312e-16
2.590439999999999965e-01 1.113422065532094105e-16
