4.498670000000000186e+02 1.330177288254705148e-15
4.492339999999999804e+02 1.052511518853637529e-15
4.486009999999999991e+02 9.255849978721195256e-16
4.479680000000000177e+02 1.296035209689015577e-15
4.473360000000000127e+02 1.255864871173013851e-15
4.467029999999999745e+02 1.190980432171368829e-15
4.460690000000000168e+02 1.410233797185835698e-15
4.454359999999999786e+02 1.271598378437595985e-15
4.448029999999999973e+02 1.231840600513949393e-15
4.441689999999999827e+02 1.339174070944550970e-15
4.435360000000000014e+02 1.470409100904427577e-15
4.429019999999999868e+02 1.722963657060716325e-15
4.422699999999999818e+02 1.487766418531072727e-15
4.416360000000000241e+02 1.678351170822369482e-15
4.410029999999999859e+02 1.662286137168713863e-15
4.403690000000000282e+02 1.513499322210524892e-15
4.397350000000000136e+02 1.509939935625994704e-15
4.391009999999999991e+02 1.470356100121675687e-15
4.384669999999999845e+02 1.191075411256355712e-15
4.378330000000000268e+02 1.271921437859801732e-15
4.371990000000000123e+02 1.173484360894649217e-15
4.365649999999999977e+02 1.253993690281723742e-15
4.359329999999999927e+02 9.779150985644958259e-16
4.352980000000000018e+02 8.097099070311275185e-16
4.346639999999999873e+02 7.959809628366947022e-16
4.340299999999999727e+02 8.294241175889552334e-16
4.333960000000000150e+02 8.274373877216741232e-16
4.327610000000000241e+02 1.130547736619885848e-15
4.321270000000000095e+02 1.022451062901366201e-15
4.314920000000000186e+02 8.448172584370911139e-16
4.308580000000000041e+02 7.612340871146571263e-16
4.302230000000000132e+02 8.407762728107033274e-16
4.295889999999999986e+02 9.662817549144382477e-16
4.289540000000000077e+02 8.019479133668171519e-16
4.283190000000000168e+02 9.038972095834079445e-16
4.276859999999999786e+02 9.018625354953815375e-16
4.270509999999999877e+02 7.732724095136884531e-16
4.264159999999999968e+02 6.453735223406238969e-16
4.257810000000000059e+02 7.694687650840854564e-16
4.251460000000000150e+02 8.587832037061922255e-16
4.245110000000000241e+02 1.027225722748486561e-15
4.238759999999999764e+02 1.036037372088710652e-15
4.232409999999999854e+02 1.135392042929701137e-15
4.226050000000000182e+02 9.971605444840896188e-16
4.219700000000000273e+02 1.017262753029074795e-15
4.213349999999999795e+02 1.048465565125600920e-15
4.206990000000000123e+02 1.202728715685236291e-15
4.200640000000000214e+02 1.210950313045785475e-15
4.194289999999999736e+02 1.341718096800287265e-15
4.187930000000000064e+02 1.082624296596918587e-15
4.181569999999999823e+02 1.024477452543068945e-15
4.175219999999999914e+02 1.088375530313083672e-15
4.168860000000000241e+02 1.328509562261412615e-15
4.162500000000000000e+02 1.446353921024925962e-15
4.156150000000000091e+02 1.464764708085412398e-15
4.149789999999999850e+02 1.504933691555044532e-15
4.143430000000000177e+02 1.544889525590995293e-15
4.137069999999999936e+02 1.388395035817489600e-15
4.130710000000000264e+02 1.613334229416267933e-15
4.124350000000000023e+02 1.717798031778998277e-15
4.117989999999999782e+02 1.800104360844123183e-15
4.111630000000000109e+02 1.730808158017077569e-15
4.105260000000000105e+02 1.661882484543824067e-15
4.098899999999999864e+02 1.711418742847364979e-15
4.092540000000000191e+02 1.471464143151515583e-15
4.086170000000000186e+02 1.489110075109432204e-15
4.079809999999999945e+02 1.581301858981335766e-15
4.073439999999999941e+02 1.513512946485725322e-15
4.067080000000000268e+02 1.446057524942985990e-15
4.060710000000000264e+02 1.611623737669196527e-15
4.054350000000000023e+02 1.375413466078579506e-15
4.047980000000000018e+02 1.403526078868808632e-15
4.041610000000000014e+02 1.357966284762168233e-15
4.035240000000000009e+02 1.459261600554762959e-15
4.028879999999999768e+02 1.236213840694413472e-15
4.022509999999999764e+02 1.337211158667345992e-15
4.016139999999999759e+02 1.105206912279048176e-15
4.009769999999999754e+02 1.123116300718851345e-15
4.003399999999999750e+02 8.824118054918522555e-16
3.997029999999999745e+02 1.065788408572327816e-15
3.990649999999999977e+02 1.001310200570592024e-15
3.984279999999999973e+02 8.039071355466661165e-16
3.977909999999999968e+02 7.507164686240199426e-16
3.971519999999999868e+02 7.281217307229168378e-16
3.965149999999999864e+02 5.736832025685158245e-16
3.958770000000000095e+02 6.533962462282649224e-16
3.952400000000000091e+02 4.289236048570880039e-16
3.946019999999999754e+02 5.894511086370722353e-16
3.939649999999999750e+02 4.166079142645013540e-16
3.933269999999999982e+02 3.954265510715303550e-16
3.926890000000000214e+02 6.249279215381288420e-16
3.920520000000000209e+02 5.833344169668486018e-16
3.914139999999999873e+02 7.612646897870749168e-16
3.907760000000000105e+02 7.691387572092765915e-16
3.901379999999999768e+02 1.024938575613019378e-15
3.895000000000000000e+02 1.249903179955423123e-15
3.888609999999999900e+02 1.128422980081578432e-15
3.882230000000000132e+02 1.154905700164629404e-15
3.875849999999999795e+02 1.269647572411289313e-15
3.869460000000000264e+02 1.373978354384045172e-15
3.863079999999999927e+02 1.497302519456111402e-15
3.856700000000000159e+02 1.571247171665716837e-15
3.850319999999999823e+02 1.654499427013704988e-15
3.843929999999999723e+02 1.495101197105790585e-15
3.837549999999999955e+02 1.587702702812113655e-15
3.831159999999999854e+02 1.535435043655106209e-15
3.824759999999999991e+02 1.512005043336297671e-15
3.818380000000000223e+02 1.450521497380272685e-15
3.811990000000000123e+02 1.207732377682909204e-15
3.805600000000000023e+02 1.338030786377628453e-15
3.799220000000000255e+02 1.277412740247017676e-15
3.792830000000000155e+02 1.131729446802079229e-15
3.786440000000000055e+02 1.223238498077449346e-15
3.780049999999999955e+02 1.125513346676442635e-15
3.773650000000000091e+02 1.160361313702439719e-15
3.767259999999999991e+02 1.504353597214510867e-15
3.760860000000000127e+02 1.472190298137017716e-15
3.754470000000000027e+02 1.776100872677315272e-15
3.748079999999999927e+02 1.752597753817328224e-15
3.741689999999999827e+02 1.840595728312398889e-15
3.735299999999999727e+02 1.937494788033012191e-15
3.728890000000000100e+02 1.960104599146272246e-15
3.722500000000000000e+02 1.807397828301053283e-15
3.716100000000000136e+02 2.041204647607065058e-15
3.709710000000000036e+02 1.870870822442385364e-15
3.703310000000000173e+02 1.792940749274492676e-15
3.696909999999999741e+02 1.733293104714761151e-15
3.690500000000000114e+02 1.773875208236458668e-15
3.684110000000000014e+02 1.678485563649278630e-15
3.677710000000000150e+02 1.637740912601737909e-15
3.671309999999999718e+02 1.561174693413115794e-15
3.664909999999999854e+02 1.790472279483335221e-15
3.658509999999999991e+02 1.651092207394809511e-15
3.652099999999999795e+02 1.646633115658456999e-15
3.645699999999999932e+02 1.846893463264381061e-15
3.639300000000000068e+02 1.806278414686387289e-15
3.632900000000000205e+02 1.783488726501976124e-15
3.626490000000000009e+02 1.822654584993062469e-15
3.620079999999999814e+02 1.773677615457837017e-15
3.613670000000000186e+02 1.742370454742086332e-15
3.607269999999999754e+02 1.614952991763214363e-15
3.600869999999999891e+02 1.662892239861154248e-15
3.594460000000000264e+02 1.501586894981626224e-15
3.588039999999999736e+02 1.384126461242844161e-15
3.581639999999999873e+02 1.337053626602597594e-15
3.575230000000000246e+02 1.229676374915021692e-15
3.568829999999999814e+02 1.381124356928498724e-15
3.562420000000000186e+02 1.334326627569946468e-15
3.556000000000000227e+02 1.356392152904441437e-15
3.549590000000000032e+02 1.420867264870986189e-15
3.543179999999999836e+02 1.280570148377365570e-15
3.536770000000000209e+02 1.319510810992933177e-15
3.530350000000000250e+02 1.510481569934736903e-15
3.523940000000000055e+02 1.556873991325786523e-15
3.517520000000000095e+02 1.552447743349866304e-15
3.511109999999999900e+02 1.254077572772677168e-15
3.504689999999999941e+02 1.359416043834617394e-15
3.498269999999999982e+02 1.397266574403495873e-15
3.491859999999999786e+02 1.368300112727159546e-15
3.485450000000000159e+02 1.339571967304035743e-15
3.479019999999999868e+02 1.310729597742208278e-15
3.472599999999999909e+02 1.224509451996350919e-15
3.466190000000000282e+02 1.204515072852975217e-15
3.459769999999999754e+02 1.168200781222910110e-15
3.453340000000000032e+02 1.271249439753409182e-15
3.446929999999999836e+02 1.332847299114780176e-15
3.440509999999999877e+02 1.280140665043098242e-15
3.434089999999999918e+02 1.260191431432816554e-15
3.427660000000000196e+02 1.175674611234065788e-15
3.421240000000000236e+02 1.341677407693313732e-15
3.414820000000000277e+02 1.377970846349822489e-15
3.408399999999999750e+02 1.365853324391195108e-15
3.401970000000000027e+02 1.433927688994687528e-15
3.395539999999999736e+02 1.445644049007347351e-15
3.389119999999999777e+02 1.401604289311514302e-15
3.382690000000000055e+02 1.437275088817460676e-15
3.376259999999999764e+02 1.630523305605882364e-15
3.369839999999999804e+02 1.751798714524621199e-15
3.363419999999999845e+02 1.675995324022742813e-15
3.356979999999999791e+02 1.569169224551529181e-15
3.350550000000000068e+02 1.541122291464229837e-15
3.344130000000000109e+02 1.466576745230921334e-15
3.337690000000000055e+02 1.485397571903116167e-15
3.331259999999999764e+02 1.519725174674238732e-15
3.324830000000000041e+02 1.723475492530906166e-15
3.318389999999999986e+02 1.626224038128207892e-15
3.311960000000000264e+02 1.751641230709028158e-15
3.305539999999999736e+02 1.692849459193875648e-15
3.299110000000000014e+02 1.794515375470353053e-15
3.292660000000000196e+02 1.857617350732576551e-15
3.286229999999999905e+02 1.958167653885363655e-15
3.279800000000000182e+02 1.922142037739351974e-15
3.273360000000000127e+02 1.863466805481948722e-15
3.266929999999999836e+02 1.685167636063426073e-15
3.260489999999999782e+02 1.650138233551703591e-15
3.254049999999999727e+02 1.607799126703939924e-15
3.247610000000000241e+02 1.692269889969163826e-15
3.241179999999999950e+02 1.627790335199659028e-15
3.234730000000000132e+02 1.667196709850272774e-15
3.228290000000000077e+02 1.669436007159598133e-15
3.221840000000000259e+02 1.804185821315917612e-15
3.215409999999999968e+02 1.813255160622058523e-15
3.208969999999999914e+02 1.961070415137161670e-15
3.202520000000000095e+02 2.042666944966647628e-15
3.196080000000000041e+02 2.029061578707988219e-15
3.189639999999999986e+02 2.087990661726198955e-15
3.183190000000000168e+02 2.175427112675239985e-15
3.176750000000000114e+02 2.039208620071483922e-15
3.170310000000000059e+02 1.825076511568640349e-15
3.163860000000000241e+02 1.819150990611634829e-15
3.157420000000000186e+02 1.770876791022729646e-15
3.150980000000000132e+02 1.658776130956535276e-15
3.144519999999999982e+02 1.625174108987652028e-15
3.138079999999999927e+02 1.570701913639271060e-15
3.131619999999999777e+02 1.537627136030379766e-15
3.125179999999999723e+02 1.490664737343231036e-15
3.118729999999999905e+02 1.506921364243526954e-15
3.112269999999999754e+02 1.753419085107888334e-15
3.105830000000000268e+02 1.643592189964970188e-15
3.099370000000000118e+02 1.596792733182133508e-15
3.092919999999999732e+02 1.612558589509811275e-15
3.086469999999999914e+02 1.566140297634376331e-15
3.080009999999999764e+02 1.705399631742737441e-15
3.073570000000000277e+02 1.782072374557085122e-15
3.067099999999999795e+02 1.803867061340284145e-15
3.060649999999999977e+02 1.770846858547758098e-15
3.054200000000000159e+02 1.758350867114817667e-15
3.047740000000000009e+02 1.746088660308855398e-15
3.041290000000000191e+02 1.733871912287946262e-15
3.034820000000000277e+02 1.916259075041661194e-15
3.028369999999999891e+02 2.030599039516664605e-15
3.021920000000000073e+02 2.117326839607122627e-15
3.015450000000000159e+02 2.050836087940002085e-15
3.008999999999999773e+02 1.911587222845427669e-15
3.002529999999999859e+02 2.097149799341745081e-15
2.996080000000000041e+02 2.011325961308815915e-15
2.989610000000000127e+02 1.912773127795227986e-15
2.983149999999999977e+02 2.076893114296569518e-15
2.976700000000000159e+02 1.985400568579365415e-15
2.970230000000000246e+02 1.991843057520074815e-15
2.963770000000000095e+02 1.862105516227872864e-15
2.957300000000000182e+02 1.817417338232850541e-15
2.950840000000000032e+02 1.869415589561627943e-15
2.944370000000000118e+02 1.728517696601693472e-15
2.937909999999999968e+02 1.780436079995913810e-15
2.931429999999999723e+02 2.080545906644961358e-15
2.924970000000000141e+02 2.067363050724797092e-15
2.918500000000000227e+02 1.965551396569235546e-15
2.912040000000000077e+02 1.927461246266426390e-15
2.905570000000000164e+02 2.015268537873686541e-15
2.899100000000000250e+02 2.127938339532252346e-15
2.892629999999999768e+02 2.295726669899145455e-15
2.886159999999999854e+02 2.394122455640931630e-15
2.879689999999999941e+02 2.460633389369996050e-15
2.873210000000000264e+02 2.464808542577835503e-15
2.866750000000000114e+02 2.431856652128770981e-15
2.860269999999999868e+02 2.558947233298950834e-15
2.853799999999999955e+02 2.599354206797758345e-15
2.847320000000000277e+02 2.566182392191518490e-15
2.840849999999999795e+02 2.685254414901207787e-15
2.834370000000000118e+02 2.736903058328685170e-15
2.827900000000000205e+02 2.854441513423861056e-15
2.821419999999999959e+02 2.953286054800156124e-15
2.814950000000000045e+02 2.997115767134209192e-15
2.808469999999999800e+02 3.106734548684648067e-15
2.801990000000000123e+02 3.000756935960220459e-15
2.795509999999999877e+02 2.931059107373027027e-15
2.789039999999999964e+02 2.962653748969242635e-15
2.782549999999999955e+02 2.958249717541795379e-15
2.776080000000000041e+02 2.959900265393224074e-15
2.769590000000000032e+02 2.914533282250864957e-15
2.763120000000000118e+02 2.968679400096097913e-15
2.756630000000000109e+02 2.911973269839006966e-15
2.750149999999999864e+02 2.959746453301663990e-15
2.743659999999999854e+02 3.203937265815978248e-15
2.737189999999999941e+02 3.388528997894351610e-15
2.730699999999999932e+02 3.434258810481913681e-15
2.724220000000000255e+02 3.382153229927725505e-15
2.717730000000000246e+02 3.302014930261847869e-15
2.711240000000000236e+02 3.239304192470627192e-15
2.704759999999999991e+02 3.137502701126791275e-15
2.698260000000000218e+02 3.188472552333237816e-15
2.691779999999999973e+02 3.289678980841000695e-15
2.685289999999999964e+02 3.126880863957709523e-15
2.678809999999999718e+02 3.082226644745404812e-15
2.672309999999999945e+02 3.026985691778149963e-15
2.665830000000000268e+02 3.088203587450637537e-15
2.659329999999999927e+02 3.298086749721794898e-15
2.652839999999999918e+02 3.385461329245863322e-15
2.646349999999999909e+02 3.526854915798473186e-15
2.639850000000000136e+02 3.432359420549391263e-15
2.633369999999999891e+02 3.387298730832089566e-15
2.626870000000000118e+02 3.472837096063307956e-15
2.620380000000000109e+02 3.390216432475230109e-15
2.613879999999999768e+02 3.523262157285473999e-15
2.607400000000000091e+02 3.446382969600250714e-15
2.600899999999999750e+02 3.289472272599488544e-15
2.594390000000000214e+02 3.368074542930157066e-15
2.587900000000000205e+02 3.297404812918359975e-15
2.581399999999999864e+02 3.301285720745614001e-15
2.574909999999999854e+02 3.268220428504767802e-15
2.568410000000000082e+02 3.418986829701607195e-15
2.561899999999999977e+02 3.532075645725384021e-15
2.555409999999999968e+02 3.461747102489583116e-15
2.548899999999999864e+02 3.532107034247380410e-15
2.542410000000000139e+02 3.524380280847416708e-15
2.535910000000000082e+02 3.403077965310361982e-15
2.529399999999999977e+02 3.400689662480137771e-15
2.522899999999999920e+02 3.444562707979629809e-15
2.516399999999999864e+02 3.548913663441039714e-15
2.509900000000000091e+02 3.388436136763277869e-15
2.503389999999999986e+02 3.396013683139815758e-15
2.496879999999999882e+02 3.469101636497655198e-15
2.490380000000000109e+02 3.481076140514018670e-15
2.483870000000000005e+02 3.583188465725171464e-15
2.477359999999999900e+02 3.674340202289191939e-15
2.470860000000000127e+02 3.625779382829276097e-15
2.464350000000000023e+02 3.730778076157987660e-15
2.457849999999999966e+02 3.568870985748759722e-15
2.451330000000000098e+02 3.648622213050091355e-15
2.444819999999999993e+02 3.576045942777084770e-15
2.438319999999999936e+02 3.513851707008629372e-15
2.431800000000000068e+02 3.466370320952541163e-15
2.425289999999999964e+02 3.453127441324117459e-15
2.418779999999999859e+02 3.584277024328869958e-15
2.412270000000000039e+02 3.671342957873101306e-15
2.405749999999999886e+02 3.580829906808489132e-15
2.399240000000000066e+02 3.728767158795027355e-15
2.392719999999999914e+02 3.714454351291493339e-15
2.386200000000000045e+02 3.780356146987843953e-15
2.379699999999999989e+02 3.756273936053583572e-15
2.373180000000000121e+02 3.854130078135336503e-15
2.366670000000000016e+02 3.839228831040291466e-15
2.360149999999999864e+02 3.828750246869556661e-15
2.353629999999999995e+02 3.897203447281281285e-15
2.347100000000000080e+02 4.034167485756607041e-15
2.340600000000000023e+02 4.004457832688434010e-15
2.334070000000000107e+02 3.979559524014318702e-15
2.327549999999999955e+02 4.123490715618170482e-15
2.321040000000000134e+02 4.229721135428329602e-15
2.314509999999999934e+02 4.199439090579152907e-15
2.307980000000000018e+02 4.299797606754260808e-15
2.301469999999999914e+02 4.282699021739888866e-15
2.294939999999999998e+02 4.220879620163911231e-15
2.288420000000000130e+02 4.128320314601585741e-15
2.281899999999999977e+02 4.266920095978286430e-15
2.275370000000000061e+02 4.368983289283210657e-15
2.268839999999999861e+02 4.421855499154449630e-15
2.262330000000000041e+02 4.513323116605513354e-15
2.255800000000000125e+02 4.634698239067195326e-15
2.249269999999999925e+02 4.620294326511602638e-15
2.242729999999999961e+02 4.636238066620742467e-15
2.236220000000000141e+02 4.729284751175107062e-15
2.229679999999999893e+02 4.748679307269706466e-15
2.223149999999999977e+02 4.776131228906689610e-15
2.216630000000000109e+02 4.701382469355605790e-15
2.210099999999999909e+02 4.618302876473463980e-15
2.203559999999999945e+02 4.531652218899448891e-15
2.197019999999999982e+02 4.487735399796215799e-15
2.190500000000000114e+02 4.498473823375650208e-15
2.183969999999999914e+02 4.488079606270348689e-15
2.177429999999999950e+02 4.465245183594838960e-15
2.170889999999999986e+02 4.483833050847812060e-15
2.164370000000000118e+02 4.403297495881406160e-15
2.157829999999999870e+02 4.458680618825389260e-15
2.151289999999999907e+02 4.407199884111104754e-15
2.144749999999999943e+02 4.510601321656178098e-15
2.138220000000000027e+02 4.503718788766330372e-15
2.131680000000000064e+02 4.504751405976049144e-15
2.125140000000000100e+02 4.521777588639503194e-15
2.118600000000000136e+02 4.442603388827054780e-15
2.112069999999999936e+02 4.519192515329274799e-15
2.105529999999999973e+02 4.476060889298742337e-15
2.098979999999999961e+02 4.437146919635306144e-15
2.092439999999999998e+02 4.370798737904516607e-15
2.085910000000000082e+02 4.355965977062219268e-15
2.079360000000000070e+02 4.333251528175489837e-15
2.072820000000000107e+02 4.302843501812488081e-15
2.066270000000000095e+02 4.203058883879137032e-15
2.059739999999999895e+02 4.261705199241715007e-15
2.053189999999999884e+02 4.239201173748248653e-15
2.046639999999999873e+02 4.186387686543341078e-15
2.040089999999999861e+02 4.183172002130533569e-15
2.033540000000000134e+02 4.168514718983067085e-15
2.027009999999999934e+02 4.044964018206740314e-15
2.020459999999999923e+02 3.997062776872169472e-15
2.013909999999999911e+02 3.904768629067638979e-15
2.007350000000000136e+02 3.976451572233678458e-15
2.000800000000000125e+02 3.932869318149576539e-15
1.994259999999999877e+02 3.845401008236824429e-15
1.987709999999999866e+02 3.831813188189514973e-15
1.981160000000000139e+02 3.792791107206195899e-15
1.974600000000000080e+02 3.833695501533825622e-15
1.968050000000000068e+02 3.747716430230682589e-15
1.961510000000000105e+02 3.720136728955051511e-15
1.954950000000000045e+02 3.792700498175045423e-15
1.948389999999999986e+02 3.707677166900143509e-15
1.941839999999999975e+02 3.655285132812573482e-15
1.935279999999999916e+02 3.677365421947620338e-15
1.928739999999999952e+02 3.709651502137126317e-15
1.922179999999999893e+02 3.685615047233694587e-15
1.915620000000000118e+02 3.766092639063556575e-15
1.909060000000000059e+02 3.880444874848341798e-15
1.902500000000000000e+02 3.921162333564462848e-15
1.895939999999999941e+02 3.851351586639697352e-15
1.889389999999999930e+02 3.932422082042167346e-15
1.882829999999999870e+02 3.988908515921857172e-15
1.876270000000000095e+02 4.051457880908644064e-15
1.869699999999999989e+02 4.018968020928106163e-15
1.863139999999999930e+02 4.000003954138810404e-15
1.856570000000000107e+02 3.920902544803439338e-15
1.850010000000000048e+02 3.862463371917517569e-15
1.843460000000000036e+02 3.903618327111543611e-15
1.836889999999999930e+02 3.967290091452645356e-15
1.830329999999999870e+02 4.026843184459807766e-15
1.823760000000000048e+02 4.053189986590126550e-15
1.817189999999999941e+02 4.014246882536850325e-15
1.810620000000000118e+02 4.195054942948804758e-15
1.804050000000000011e+02 4.325730245036979571e-15
1.797500000000000000e+02 4.371688380955576542e-15
1.790929999999999893e+02 4.477723805279166654e-15
1.784360000000000070e+02 4.471700098906606886e-15
1.777789999999999964e+02 4.509662619552569454e-15
1.771220000000000141e+02 4.518774030764249950e-15
1.764650000000000034e+02 4.530855752904758222e-15
1.758069999999999879e+02 4.554945148237999962e-15
1.751500000000000057e+02 4.504595584293775308e-15
1.744939999999999998e+02 4.534331226490033845e-15
1.738369999999999891e+02 4.618779601378889180e-15
1.731790000000000020e+02 4.665623424432333766e-15
1.725219999999999914e+02 4.730025844185008103e-15
1.718640000000000043e+02 4.814635040068304883e-15
1.712059999999999889e+02 4.877156500653245059e-15
1.705490000000000066e+02 4.924070483892923129e-15
1.698909999999999911e+02 4.943483018045405279e-15
1.692330000000000041e+02 4.915315930378609364e-15
1.685749999999999886e+02 4.881331663842907972e-15
1.679190000000000111e+02 4.926441377982022990e-15
1.672609999999999957e+02 4.892333846208031278e-15
1.666030000000000086e+02 4.976901031272915310e-15
1.659449999999999932e+02 4.890710486144533890e-15
1.652870000000000061e+02 4.782333271871395745e-15
1.646279999999999859e+02 4.780092801841246540e-15
1.639699999999999989e+02 4.825836085426756646e-15
1.633120000000000118e+02 4.901915378023914308e-15
1.626539999999999964e+02 4.901330709814731461e-15
1.619950000000000045e+02 4.830783898609202001e-15
1.613369999999999891e+02 4.802418573593630519e-15
1.606779999999999973e+02 4.724423875267552089e-15
1.600190000000000055e+02 4.721094125557243071e-15
1.593609999999999900e+02 4.744961049008009289e-15
1.587040000000000077e+02 4.741255905826188227e-15
1.580449999999999875e+02 4.761482653996674370e-15
1.573859999999999957e+02 4.730305325079614404e-15
1.567270000000000039e+02 4.752634533878311630e-15
1.560680000000000121e+02 4.721447817823350370e-15
1.554089999999999918e+02 4.719402762801900249e-15
1.547500000000000000e+02 4.730252937321713257e-15
1.540910000000000082e+02 4.699010798725518355e-15
1.534319999999999879e+02 4.693796912211405525e-15
1.527729999999999961e+02 4.685841194070946102e-15
1.521140000000000043e+02 4.644343405561876659e-15
1.514540000000000077e+02 4.631167206685840310e-15
1.507949999999999875e+02 4.617886710990081557e-15
1.501359999999999957e+02 4.761066910408728200e-15
1.494759999999999991e+02 4.802009873642418629e-15
1.488170000000000073e+02 4.812242268669679821e-15
1.481570000000000107e+02 4.901535809998790215e-15
1.474970000000000141e+02 4.885904610753632677e-15
1.468379999999999939e+02 4.929077410620650211e-15
1.461779999999999973e+02 4.947097708237457428e-15
1.455180000000000007e+02 5.020399516612511541e-15
1.448580000000000041e+02 5.037147583529744570e-15
1.441980000000000075e+02 4.928698968490379750e-15
1.435380000000000109e+02 4.971444608387372808e-15
1.428779999999999859e+02 4.992066348149244504e-15
1.422179999999999893e+02 5.054608000956042494e-15
1.415579999999999927e+02 5.069280543565089730e-15
1.408979999999999961e+02 5.071822012155308488e-15
1.402379999999999995e+02 5.069391086766998656e-15
1.395769999999999982e+02 5.057454542083037058e-15
1.389170000000000016e+02 5.114066754478399336e-15
1.382560000000000002e+02 5.242313455578432210e-15
1.375960000000000036e+02 5.312289563556802113e-15
1.369350000000000023e+02 5.367615853757589233e-15
1.362750000000000057e+02 5.381788374500176674e-15
1.356140000000000043e+02 5.448687766748370767e-15
1.349540000000000077e+02 5.507816101442305496e-15
1.342930000000000064e+02 5.627204466410336959e-15
1.336320000000000050e+02 5.742555590463836782e-15
1.329710000000000036e+02 5.808533186125759691e-15
1.323100000000000023e+02 5.845356985511136644e-15
1.316490000000000009e+02 5.964654313175880259e-15
1.309879999999999995e+02 5.995015385979438835e-15
1.303269999999999982e+02 6.009878914598524966e-15
1.296659999999999968e+02 6.122651716809731217e-15
1.290049999999999955e+02 6.162803255911349785e-15
1.283420000000000130e+02 6.160506117287068989e-15
1.276809999999999974e+02 6.172328089283591436e-15
1.270190000000000055e+02 6.238634503074662830e-15
1.263580000000000041e+02 6.167742332365194998e-15
1.256959999999999980e+02 6.077063421919186132e-15
1.250349999999999966e+02 6.087377813950355409e-15
1.243730000000000047e+02 6.073244372765201288e-15
1.237120000000000033e+02 6.037094659196289182e-15
1.230499999999999972e+02 6.040248292312896588e-15
1.223880000000000052e+02 6.017503714543293498e-15
1.217259999999999991e+02 5.903571443433720161e-15
1.210639999999999930e+02 5.765690486819378235e-15
1.204030000000000058e+02 5.747845319000701536e-15
1.197409999999999997e+02 5.699349509728118988e-15
1.190780000000000030e+02 5.547297905638763962e-15
1.184150000000000063e+02 5.495964271723659787e-15
1.177530000000000001e+02 5.407952219679708511e-15
1.170909999999999940e+02 5.292988698607017862e-15
1.164279999999999973e+02 5.180955215425736944e-15
1.157660000000000053e+02 5.126611060713151263e-15
1.151039999999999992e+02 5.056272315819032465e-15
1.144410000000000025e+02 4.948776863785451305e-15
1.137789999999999964e+02 4.847710161110183683e-15
1.131159999999999997e+02 4.816758167879881228e-15
1.124539999999999935e+02 4.757710331113803455e-15
1.117890000000000015e+02 4.693625090444509516e-15
1.111269999999999953e+02 4.671894034728550928e-15
1.104639999999999986e+02 4.600078432568359020e-15
1.098010000000000019e+02 4.537450094977891763e-15
1.091380000000000052e+02 4.461778730727509545e-15
1.084749999999999943e+02 4.422132153885837647e-15
1.078119999999999976e+02 4.285845263606773113e-15
1.071490000000000009e+02 4.202589036184389152e-15
1.064849999999999994e+02 4.014486509556677642e-15
1.058209999999999980e+02 3.855268285682337409e-15
1.051580000000000013e+02 3.659234730963629921e-15
1.044950000000000045e+02 3.591226657753983226e-15
1.038319999999999936e+02 3.440937096826687485e-15
1.031680000000000064e+02 3.308329105678236991e-15
1.025049999999999955e+02 3.185303244717406079e-15
1.018400000000000034e+02 3.130752462944143867e-15
1.011760000000000019e+02 3.042820008839282299e-15
1.005130000000000052e+02 3.058794102300199876e-15
9.984900000000000375e+01 3.049789984704263744e-15
9.918529999999999802e+01 3.027040794120784774e-15
9.852150000000000318e+01 2.993738672708315931e-15
9.785769999999999413e+01 3.063194250641438587e-15
9.719230000000000302e+01 3.149053641924105011e-15
9.652830000000000155e+01 3.228639840257753565e-15
9.586430000000000007e+01 3.289084362164635701e-15
9.520029999999999859e+01 3.372634132537970818e-15
9.453610000000000468e+01 3.495741501696715964e-15
9.387199999999999989e+01 3.616397089991267985e-15
9.320619999999999550e+01 3.691422884141379150e-15
9.254200000000000159e+01 3.778356712289362628e-15
9.187760000000000105e+01 3.777912851654458422e-15
9.121320000000000050e+01 3.802983580832352648e-15
9.054879999999999995e+01 3.795971217674058420e-15
8.988280000000000314e+01 3.862470537329525708e-15
8.921819999999999595e+01 3.863387431350652458e-15
8.855360000000000298e+01 3.830791793974109018e-15
8.788890000000000668e+01 3.795620916414732664e-15
8.722419999999999618e+01 3.853899928613942774e-15
8.655939999999999657e+01 3.896423947694328780e-15
8.589300000000000068e+01 3.962008538963272815e-15
8.522809999999999775e+01 3.975233026149448393e-15
8.456319999999999482e+01 4.016407762070669678e-15
8.389820000000000277e+01 3.999271197215598469e-15
8.323160000000000025e+01 4.024819479802389443e-15
8.256650000000000489e+01 4.024947823234712757e-15
8.190130000000000621e+01 4.058222599140229402e-15
8.123609999999999332e+01 4.059191773794447848e-15
8.057080000000000553e+01 3.996887191448519670e-15
7.990389999999999304e+01 3.998286323356103413e-15
7.923850000000000193e+01 4.021025434566955415e-15
7.857299999999999329e+01 4.055300686662056683e-15
7.790749999999999886e+01 4.071170214016298544e-15
7.724039999999999395e+01 4.066957275328529624e-15
7.657479999999999620e+01 4.083244762420031586e-15
7.590909999999999513e+01 4.030119495011415795e-15
7.524339999999999407e+01 4.046123438977744868e-15
7.457760000000000389e+01 4.037327907818129907e-15
7.391020000000000323e+01 3.959377196220154601e-15
7.324429999999999552e+01 3.921558034917422164e-15
7.257829999999999870e+01 3.834565478408126353e-15
7.191230000000000189e+01 3.775570739720492184e-15
7.124469999999999459e+01 3.751788558897839470e-15
7.057850000000000534e+01 3.702535249900970027e-15
6.991230000000000189e+01 3.709752700970815114e-15
6.924609999999999843e+01 3.640565292904297889e-15
6.857829999999999870e+01 3.615307834542028739e-15
6.791190000000000282e+01 3.582086435029185137e-15
6.724550000000000693e+01 3.530568922758901678e-15
6.657750000000000057e+01 3.498297065044433580e-15
6.591100000000000136e+01 3.433232692750931019e-15
6.524439999999999884e+01 3.402216950358906911e-15
6.457769999999999300e+01 3.351854250397551826e-15
6.390950000000000131e+01 3.289939718468927895e-15
6.324269999999999925e+01 3.256530054126858454e-15
6.257589999999999719e+01 3.239867218942915377e-15
6.190899999999999892e+01 3.216667732693718086e-15
6.124060000000000059e+01 3.181926118628939951e-15
6.057359999999999900e+01 3.154018741916402824e-15
5.990659999999999741e+01 3.128501401705632055e-15
5.923799999999999955e+01 3.053517306269139598e-15
5.857079999999999842e+01 2.973942415233959502e-15
5.790359999999999729e+01 2.948188271246564515e-15
5.723629999999999995e+01 2.898200628394573714e-15
5.656750000000000256e+01 2.827962661495511677e-15
5.590010000000000190e+01 2.800103512645409193e-15
5.523270000000000124e+01 2.751308595497223356e-15
5.456360000000000099e+01 2.718034272919799166e-15
5.389609999999999701e+01 2.696010204549375597e-15
5.322849999999999682e+01 2.694343013038155551e-15
5.255930000000000035e+01 2.706300067762294875e-15
5.189159999999999684e+01 2.645265522028219080e-15
5.122379999999999711e+01 2.625986016041007501e-15
5.055440000000000111e+01 2.598533510704464031e-15
4.988660000000000139e+01 2.554463735009840070e-15
4.921860000000000213e+01 2.507988087369642613e-15
4.854910000000000281e+01 2.465734574016329400e-15
4.788100000000000023e+01 2.447470622467882510e-15
4.721289999999999765e+01 2.411891459630642667e-15
4.654319999999999879e+01 2.361013763810093445e-15
4.587500000000000000e+01 2.333891350861028562e-15
4.520669999999999789e+01 2.268949174856091330e-15
4.453679999999999950e+01 2.230984562716683310e-15
4.386840000000000117e+01 2.197426411071757222e-15
4.320000000000000284e+01 2.187333552289689424e-15
4.252989999999999782e+01 2.139987247424425935e-15
4.186129999999999995e+01 2.087543856702092134e-15
4.119270000000000209e+01 2.019575380267904673e-15
4.052250000000000085e+01 1.978446144616014003e-15
3.985379999999999967e+01 1.948460074300822816e-15
3.918500000000000227e+01 1.927861449389630577e-15
3.851460000000000150e+01 1.892204584243204934e-15
3.784570000000000078e+01 1.852660825377194496e-15
3.717519999999999669e+01 1.802826860311289960e-15
3.650619999999999976e+01 1.758604658043750748e-15
3.583709999999999951e+01 1.730177291690040160e-15
3.516640000000000299e+01 1.699633084213524419e-15
3.449719999999999942e+01 1.653914505163710594e-15
3.382800000000000296e+01 1.619994840691504660e-15
3.315709999999999980e+01 1.571500474784928029e-15
3.248780000000000001e+01 1.508293992052509552e-15
3.181680000000000064e+01 1.467015889057194933e-15
3.114730000000000132e+01 1.435366301679152724e-15
3.047779999999999845e+01 1.412200502967510191e-15
2.980669999999999931e+01 1.349625707197454277e-15
2.913700000000000045e+01 1.315909477092461060e-15
2.846730000000000160e+01 1.286848158757834702e-15
2.779599999999999937e+01 1.234243237049455824e-15
2.712620000000000076e+01 1.195318106137749246e-15
2.645479999999999876e+01 1.160945000438859862e-15
2.578490000000000038e+01 1.120171540166447813e-15
2.511329999999999885e+01 1.068083850490898566e-15
2.444330000000000069e+01 1.014829576162066309e-15
2.377319999999999922e+01 9.834571137995066791e-16
2.310150000000000148e+01 9.281181747066193906e-16
2.243130000000000024e+01 8.847696265125408434e-16
2.175949999999999918e+01 8.423317568602589525e-16
2.108909999999999840e+01 7.971908042823175170e-16
2.041870000000000118e+01 7.599310426539242303e-16
1.974680000000000035e+01 7.093533796067404754e-16
1.907629999999999981e+01 6.710103404751521922e-16
1.840419999999999945e+01 6.359859178210262075e-16
1.773349999999999937e+01 5.959663528937988362e-16
1.706129999999999924e+01 5.696936376761573039e-16
1.639059999999999917e+01 5.313819941400968496e-16
1.571979999999999933e+01 5.006512260125172073e-16
1.504739999999999966e+01 4.760362121072591219e-16
1.437650000000000006e+01 4.479145361703802558e-16
1.370410000000000039e+01 4.270501893236673642e-16
1.303299999999999947e+01 3.982518241980836731e-16
1.236040000000000028e+01 3.735345682809429046e-16
1.168929999999999936e+01 3.485922744781714645e-16
1.101660000000000039e+01 3.311309138755603296e-16
1.034529999999999994e+01 3.250469587321616675e-16
9.672489999999999810e+00 3.144944180544813588e-16
9.001129999999999853e+00 3.035994616620895885e-16
8.329710000000000392e+00 2.892509240969611892e-16
7.656710000000000349e+00 2.817163701605381080e-16
6.985170000000000101e+00 2.928872888130116034e-16
6.312050000000000161e+00 2.982705498942362477e-16
5.640399999999999636e+00 2.976851036490845797e-16
4.967170000000000307e+00 2.855225591815470838e-16
4.295410000000000394e+00 2.641558449490221770e-16
3.622059999999999835e+00 2.372399822366087989e-16
2.950180000000000025e+00 2.042375840617701880e-16
2.276720000000000077e+00 1.671488844472261256e-16
1.604729999999999990e+00 1.227515458510159124e-16
9.311519999999999797e-01 7.158793223172929686e-17
2.590439999999999965e-01 1.989247891605596189e-17
