4.498670000000000186e+02 1.506198455369547790e-15
4.492339999999999804e+02 1.191992201117923451e-15
4.486009999999999991e+02 1.048432347661079412e-15
4.479680000000000177e+02 1.468389765991377500e-15
4.473360000000000127e+02 1.423149654222286414e-15
4.467029999999999745e+02 1.349878478596343537e-15
4.460690000000000168e+02 1.598721424992832028e-15
4.454359999999999786e+02 1.441824821670007638e-15
4.448029999999999973e+02 1.397013812132881390e-15
4.441689999999999827e+02 1.519048993392501930e-15
4.435360000000000014e+02 1.668251582312134306e-15
4.429019999999999868e+02 1.955194795155453373e-15
4.422699999999999818e+02 1.688609433799010098e-15
4.416360000000000241e+02 1.905315317342963057e-15
4.410029999999999859e+02 1.887448572712027070e-15
4.403690000000000282e+02 1.718835868594175807e-15
4.397350000000000136e+02 1.715132776798364449e-15
4.391009999999999991e+02 1.670497306116739817e-15
4.384669999999999845e+02 1.353444856661327136e-15
4.378330000000000268e+02 1.445608317922279750e-15
4.371990000000000123e+02 1.333984320402024664e-15
4.365649999999999977e+02 1.425798328463797635e-15
4.359329999999999927e+02 1.112087164246000248e-15
4.352980000000000018e+02 9.209652578061850406e-16
4.346639999999999873e+02 9.055288556779091504e-16
4.340299999999999727e+02 9.437693202986795753e-16
4.333960000000000150e+02 9.416972732625082140e-16
4.327610000000000241e+02 1.286971265851244277e-15
4.321270000000000095e+02 1.164139644260612590e-15
4.314920000000000186e+02 9.620608127002941004e-16
4.308580000000000041e+02 8.670397108437663507e-16
4.302230000000000132e+02 9.578451460972736301e-16
4.295889999999999986e+02 1.101068177615189760e-15
4.289540000000000077e+02 9.139742654066275837e-16
4.283190000000000168e+02 1.030391064581184251e-15
4.276859999999999786e+02 1.028279676574241431e-15
4.270509999999999877e+02 8.818253104907273244e-16
4.264159999999999968e+02 7.361000707996568190e-16
4.257810000000000059e+02 8.778450205529645403e-16
4.251460000000000150e+02 9.799544462989431656e-16
4.245110000000000241e+02 1.172429149955383760e-15
4.238759999999999764e+02 1.182729698734922351e-15
4.232409999999999854e+02 1.296430364884734779e-15
4.226050000000000182e+02 1.138811036574252865e-15
4.219700000000000273e+02 1.162010358774652946e-15
4.213349999999999795e+02 1.197903638178007347e-15
4.206990000000000123e+02 1.374456875901700973e-15
4.200640000000000214e+02 1.384138872675101928e-15
4.194289999999999736e+02 1.533939891113218671e-15
4.187930000000000064e+02 1.237958265179694646e-15
4.181569999999999823e+02 1.171704678313994836e-15
4.175219999999999914e+02 1.245051875428930145e-15
4.168860000000000241e+02 1.520099067859923862e-15
4.162500000000000000e+02 1.655294438386972239e-15
4.156150000000000091e+02 1.676715558685920009e-15
4.149789999999999850e+02 1.723060255654486725e-15
4.143430000000000177e+02 1.769180584882714704e-15
4.137069999999999936e+02 1.590285574067425263e-15
4.130710000000000264e+02 1.848342117099540666e-15
4.124350000000000023e+02 1.968444133642958615e-15
4.117989999999999782e+02 2.063199523599849760e-15
4.111630000000000109e+02 1.984187727775968017e-15
4.105260000000000105e+02 1.905568633971125570e-15
4.098899999999999864e+02 1.962786301580637801e-15
4.092540000000000191e+02 1.687926377562427946e-15
4.086170000000000186e+02 1.708531508763798263e-15
4.079809999999999945e+02 1.814699947224382742e-15
4.073439999999999941e+02 1.737268823896015531e-15
4.067080000000000268e+02 1.660187541990308994e-15
4.060710000000000264e+02 1.850679114109000235e-15
4.054350000000000023e+02 1.579748715138868428e-15
4.047980000000000018e+02 1.612384504152806932e-15
4.041610000000000014e+02 1.560374226834600736e-15
4.035240000000000009e+02 1.677136147890985277e-15
4.028879999999999768e+02 1.421070785900140476e-15
4.022509999999999764e+02 1.537510884554435632e-15
4.016139999999999759e+02 1.271005829700703096e-15
4.009769999999999754e+02 1.291881785767360181e-15
4.003399999999999750e+02 1.015199150177576302e-15
3.997029999999999745e+02 1.226461458364276943e-15
3.990649999999999977e+02 1.152504349161970082e-15
3.984279999999999973e+02 9.254692543311922512e-16
3.977909999999999968e+02 8.644141488568088290e-16
3.971519999999999868e+02 8.385759061420165366e-16
3.965149999999999864e+02 6.608261144525788900e-16
3.958770000000000095e+02 7.528290051113793988e-16
3.952400000000000091e+02 4.942607893164729547e-16
3.946019999999999754e+02 6.794365461777183348e-16
3.939649999999999750e+02 4.802750933155028901e-16
3.933269999999999982e+02 4.559501407953174536e-16
3.926890000000000214e+02 7.208094938905112778e-16
3.920520000000000209e+02 6.729733880047750827e-16
3.914139999999999873e+02 8.784766651139020851e-16
3.907760000000000105e+02 8.877595401000410101e-16
3.901379999999999768e+02 1.183312180415609687e-15
3.895000000000000000e+02 1.443383738162546244e-15
3.888609999999999900e+02 1.303374666867293779e-15
3.882230000000000132e+02 1.334260906807620082e-15
3.875849999999999795e+02 1.467158836997049871e-15
3.869460000000000264e+02 1.588082094681615324e-15
3.863079999999999927e+02 1.731018439588258939e-15
3.856700000000000159e+02 1.816914593315038994e-15
3.850319999999999823e+02 1.913615302841574188e-15
3.843929999999999723e+02 1.729626765884033083e-15
3.837549999999999955e+02 1.837170936024633741e-15
3.831159999999999854e+02 1.777083642577589806e-15
3.824759999999999991e+02 1.750356456895735066e-15
3.818380000000000223e+02 1.679551244920618721e-15
3.811990000000000123e+02 1.398720033087278517e-15
3.805600000000000023e+02 1.549984813729621667e-15
3.799220000000000255e+02 1.480091073489296617e-15
3.792830000000000155e+02 1.311574435249974166e-15
3.786440000000000055e+02 1.417954859122361092e-15
3.780049999999999955e+02 1.304958407267008649e-15
3.773650000000000091e+02 1.345670652315949200e-15
3.767259999999999991e+02 1.745029445842735352e-15
3.760860000000000127e+02 1.708105320223554420e-15
3.754470000000000027e+02 2.061209474838827746e-15
3.748079999999999927e+02 2.034393788520659418e-15
3.741689999999999827e+02 2.137032658126732883e-15
3.735299999999999727e+02 2.250056303311880653e-15
3.728890000000000100e+02 2.276835469609336519e-15
3.722500000000000000e+02 2.099922656776920161e-15
3.716100000000000136e+02 2.372129239516572124e-15
3.709710000000000036e+02 2.174667801600297723e-15
3.703310000000000173e+02 2.084556328148134002e-15
3.696909999999999741e+02 2.015666090858830686e-15
3.690500000000000114e+02 2.063337500811275376e-15
3.684110000000000014e+02 1.952824502567233457e-15
3.677710000000000150e+02 1.905856773369879247e-15
3.671309999999999718e+02 1.817169614652485445e-15
3.664909999999999854e+02 2.084565864066785659e-15
3.658509999999999991e+02 1.922727449850708519e-15
3.652099999999999795e+02 1.917979441097281223e-15
3.645699999999999932e+02 2.151754082135429474e-15
3.639300000000000068e+02 2.104921014745612976e-15
3.632900000000000205e+02 2.078845214815025056e-15
3.626490000000000009e+02 2.124995266638247244e-15
3.620079999999999814e+02 2.068373676180423702e-15
3.613670000000000186e+02 2.032337763667206696e-15
3.607269999999999754e+02 1.884146872747319559e-15
3.600869999999999891e+02 1.940534564025002992e-15
3.594460000000000264e+02 1.752696766402578176e-15
3.588039999999999736e+02 1.615964355508124772e-15
3.581639999999999873e+02 1.561369554709555859e-15
3.575230000000000246e+02 1.436306462306193943e-15
3.568829999999999814e+02 1.613597636289637363e-15
3.562420000000000186e+02 1.559286914975717978e-15
3.556000000000000227e+02 1.585449840131084213e-15
3.549590000000000032e+02 1.661211770531945184e-15
3.543179999999999836e+02 1.497526091654305032e-15
3.536770000000000209e+02 1.543433866191824871e-15
3.530350000000000250e+02 1.767250096287677826e-15
3.523940000000000055e+02 1.821965684969102182e-15
3.517520000000000095e+02 1.817218764570091908e-15
3.511109999999999900e+02 1.468288830451368515e-15
3.504689999999999941e+02 1.592010778804988995e-15
3.498269999999999982e+02 1.636732496227533259e-15
3.491859999999999786e+02 1.603182868372146105e-15
3.485450000000000159e+02 1.569896866148441753e-15
3.479019999999999868e+02 1.536462520588277305e-15
3.472599999999999909e+02 1.435731261341386115e-15
3.466190000000000282e+02 1.412625707402162339e-15
3.459769999999999754e+02 1.370364107404948864e-15
3.453340000000000032e+02 1.491616770243269279e-15
3.446929999999999836e+02 1.564275540500517122e-15
3.440509999999999877e+02 1.502776285599862468e-15
3.434089999999999918e+02 1.479714286740563562e-15
3.427660000000000196e+02 1.380802530102362603e-15
3.421240000000000236e+02 1.576168070873169708e-15
3.414820000000000277e+02 1.619201511236996897e-15
3.408399999999999750e+02 1.605352483768939851e-15
3.401970000000000027e+02 1.685780805101621658e-15
3.395539999999999736e+02 1.699971455847834397e-15
3.389119999999999777e+02 1.648583237762232814e-15
3.382690000000000055e+02 1.690956871288027770e-15
3.376259999999999764e+02 1.918799850318624042e-15
3.369839999999999804e+02 2.062030890173254700e-15
3.363419999999999845e+02 1.973282717830157511e-15
3.356979999999999791e+02 1.847956227342328049e-15
3.350550000000000068e+02 1.815371760554429422e-15
3.344130000000000109e+02 1.727980788174596556e-15
3.337690000000000055e+02 1.750590943502826549e-15
3.331259999999999764e+02 1.791492993963589909e-15
3.324830000000000041e+02 2.032197900240373562e-15
3.318389999999999986e+02 1.917995967001447345e-15
3.311960000000000264e+02 2.066436879788971305e-15
3.305539999999999736e+02 1.997571335470819396e-15
3.299110000000000014e+02 2.118071555368147025e-15
3.292660000000000196e+02 2.193103101615450576e-15
3.286229999999999905e+02 2.312395740286202526e-15
3.279800000000000182e+02 2.270418161539217764e-15
3.273360000000000127e+02 2.201659443719856310e-15
3.266929999999999836e+02 1.991489388380252073e-15
3.260489999999999782e+02 1.950579895733111567e-15
3.254049999999999727e+02 1.901007058928460884e-15
3.247610000000000241e+02 2.001391974029977588e-15
3.241179999999999950e+02 1.925614309353758992e-15
3.234730000000000132e+02 1.972731690329428414e-15
3.228290000000000077e+02 1.975880567501116207e-15
3.221840000000000259e+02 2.135915215250331873e-15
3.215409999999999968e+02 2.147195421907290048e-15
3.208969999999999914e+02 2.322831054356953058e-15
3.202520000000000095e+02 2.420099485000547977e-15
3.196080000000000041e+02 2.404590393073113186e-15
3.189639999999999986e+02 2.475058579576383162e-15
3.183190000000000168e+02 2.579366379887362302e-15
3.176750000000000114e+02 2.418464220193388745e-15
3.170310000000000059e+02 2.165048600948454766e-15
3.163860000000000241e+02 2.158571509716647881e-15
3.157420000000000186e+02 2.101825172470601677e-15
3.150980000000000132e+02 1.969272312445524152e-15
3.144519999999999982e+02 1.929874904560123512e-15
3.138079999999999927e+02 1.865665311339385098e-15
3.131619999999999777e+02 1.826848302176920837e-15
3.125179999999999723e+02 1.771505207882631599e-15
3.118729999999999905e+02 1.791288186317663849e-15
3.112269999999999754e+02 2.084859250397306498e-15
3.105830000000000268e+02 1.954770534070422395e-15
3.099370000000000118e+02 1.899600413590684874e-15
3.092919999999999732e+02 1.918854795666219397e-15
3.086469999999999914e+02 1.864100573973598831e-15
3.080009999999999764e+02 2.030392482705899196e-15
3.073570000000000277e+02 2.122232906213290992e-15
3.067099999999999795e+02 2.148750751257349937e-15
3.060649999999999977e+02 2.109965899529341323e-15
3.054200000000000159e+02 2.095623556976853945e-15
3.047740000000000009e+02 2.081553779286831661e-15
3.041290000000000191e+02 2.067530497602789564e-15
3.034820000000000277e+02 2.285627696305989646e-15
3.028369999999999891e+02 2.422649444321455902e-15
3.021920000000000073e+02 2.526790355361604885e-15
3.015450000000000159e+02 2.448083785755108547e-15
3.008999999999999773e+02 2.282456265302634553e-15
3.002529999999999859e+02 2.504692830256329271e-15
2.996080000000000041e+02 2.402820654569424872e-15
2.989610000000000127e+02 2.285685784965254859e-15
2.983149999999999977e+02 2.482469454860380678e-15
2.976700000000000159e+02 2.373734409126159461e-15
2.970230000000000246e+02 2.382071118669568992e-15
2.963770000000000095e+02 2.227501856527700207e-15
2.957300000000000182e+02 2.174622044076162479e-15
2.950840000000000032e+02 2.237439781094569322e-15
2.944370000000000118e+02 2.069349153409815513e-15
2.937909999999999968e+02 2.132077746172274262e-15
2.931429999999999723e+02 2.492146602837254502e-15
2.924970000000000141e+02 2.477018498398333540e-15
2.918500000000000227e+02 2.355659994472594128e-15
2.912040000000000077e+02 2.310628277300421497e-15
2.905570000000000164e+02 2.416546348128278071e-15
2.899100000000000250e+02 2.552344488978199470e-15
2.892629999999999768e+02 2.754348654252052305e-15
2.886159999999999854e+02 2.873181714222331814e-15
2.879689999999999941e+02 2.953803040587727249e-15
2.873210000000000264e+02 2.959617722077115901e-15
2.866750000000000114e+02 2.920839890585353298e-15
2.860269999999999868e+02 3.074326068082503492e-15
2.853799999999999955e+02 3.123721433491608750e-15
2.847320000000000277e+02 3.084696930085681706e-15
2.840849999999999795e+02 3.228712278392701371e-15
2.834370000000000118e+02 3.291714692948006671e-15
2.827900000000000205e+02 3.434021693641824320e-15
2.821419999999999959e+02 3.553912341570381234e-15
2.814950000000000045e+02 3.607644461401244526e-15
2.808469999999999800e+02 3.740623050956080358e-15
2.801990000000000123e+02 3.614011195502511014e-15
2.795509999999999877e+02 3.531038016235561918e-15
2.789039999999999964e+02 3.570082341246084090e-15
2.782549999999999955e+02 3.565759450717607718e-15
2.776080000000000041e+02 3.568732178718834189e-15
2.769590000000000032e+02 3.515004443998775088e-15
2.763120000000000118e+02 3.581296878657873673e-15
2.756630000000000109e+02 3.513861350464508144e-15
2.750149999999999864e+02 3.572500912394275879e-15
2.743659999999999854e+02 3.868329838754227226e-15
2.737189999999999941e+02 4.092340895986541155e-15
2.730699999999999932e+02 4.148726086885804123e-15
2.724220000000000255e+02 4.086916979360561486e-15
2.717730000000000246e+02 3.991191760444746915e-15
2.711240000000000236e+02 3.916485365582905013e-15
2.704759999999999991e+02 3.794459327149815429e-15
2.698260000000000218e+02 3.857185699421775067e-15
2.691779999999999973e+02 3.980736053352897867e-15
2.685289999999999964e+02 3.784797244191204572e-15
2.678809999999999718e+02 3.731793688495284079e-15
2.672309999999999945e+02 3.665942651698183319e-15
2.665830000000000268e+02 3.741137479536484606e-15
2.659329999999999927e+02 3.996531830889148739e-15
2.652839999999999918e+02 4.103571610991961276e-15
2.646349999999999909e+02 4.276170285654372124e-15
2.639850000000000136e+02 4.162775941345483636e-15
2.633369999999999891e+02 4.109287775441988282e-15
2.626870000000000118e+02 4.214258358981000235e-15
2.620380000000000109e+02 4.115165556409540001e-15
2.613879999999999768e+02 4.277883468589164251e-15
2.607400000000000091e+02 4.185725891519289531e-15
2.600899999999999750e+02 3.996290045649463752e-15
2.594390000000000214e+02 4.092955696447155999e-15
2.587900000000000205e+02 4.008219439933330585e-15
2.581399999999999864e+02 4.014086932701695043e-15
2.574909999999999854e+02 3.975019571015939773e-15
2.568410000000000082e+02 4.159590031985254657e-15
2.561899999999999977e+02 4.298416143563302898e-15
2.555409999999999968e+02 4.214037571767927004e-15
2.548899999999999864e+02 4.300930686262990104e-15
2.542410000000000139e+02 4.292758062218999775e-15
2.535910000000000082e+02 4.146203604027303291e-15
2.529399999999999977e+02 4.144493608413750370e-15
2.522899999999999920e+02 4.199179097769389978e-15
2.516399999999999864e+02 4.327647401703223762e-15
2.509900000000000091e+02 4.133151073144681511e-15
2.503389999999999986e+02 4.143599324567481612e-15
2.496879999999999882e+02 4.234011383725556645e-15
2.490380000000000109e+02 4.249863383865596895e-15
2.483870000000000005e+02 4.375806653889457605e-15
2.477359999999999900e+02 4.488435242671696847e-15
2.470860000000000127e+02 4.430407746741311598e-15
2.464350000000000023e+02 4.560045520226341975e-15
2.457849999999999966e+02 4.363423234655559290e-15
2.451330000000000098e+02 4.462243407776077933e-15
2.444819999999999993e+02 4.374766516367982358e-15
2.438319999999999936e+02 4.299942203767502468e-15
2.431800000000000068e+02 4.243088765239697272e-15
2.425289999999999964e+02 4.228124591025418720e-15
2.418779999999999859e+02 4.390007605738816510e-15
2.412270000000000039e+02 4.497976771077796558e-15
2.405749999999999886e+02 4.388381702678535608e-15
2.399240000000000066e+02 4.571039227108616880e-15
2.392719999999999914e+02 4.554845376261503261e-15
2.386200000000000045e+02 4.637037291205017182e-15
2.379699999999999989e+02 4.608864390865531589e-15
2.373180000000000121e+02 4.730343236680689138e-15
2.366670000000000016e+02 4.713457494507195766e-15
2.360149999999999864e+02 4.701996460956850541e-15
2.353629999999999995e+02 4.787494801368751710e-15
2.347100000000000080e+02 4.957236220873149071e-15
2.340600000000000023e+02 4.922197977460650988e-15
2.334070000000000107e+02 4.893062624471244084e-15
2.327549999999999955e+02 5.071558954901793235e-15
2.321040000000000134e+02 5.203777755552596999e-15
2.314509999999999934e+02 5.168078952179525205e-15
2.307980000000000018e+02 5.293185190318992088e-15
2.301469999999999914e+02 5.273723933672594123e-15
2.294939999999999998e+02 5.199170220923254004e-15
2.288420000000000130e+02 5.086693571459597756e-15
2.281899999999999977e+02 5.259063009166962250e-15
2.275370000000000061e+02 5.386494178441507193e-15
2.268839999999999861e+02 5.453337365730049019e-15
2.262330000000000041e+02 5.567831100530442095e-15
2.255800000000000125e+02 5.719307972976385421e-15
2.249269999999999925e+02 5.703270941530231506e-15
2.242729999999999961e+02 5.724701211721075877e-15
2.236220000000000141e+02 5.841372993385225343e-15
2.229679999999999893e+02 5.867125087557960808e-15
2.223149999999999977e+02 5.902849936243940635e-15
2.216630000000000109e+02 5.812244377811209922e-15
2.210099999999999909e+02 5.711284846051828381e-15
2.203559999999999945e+02 5.605849726902557591e-15
2.197019999999999982e+02 5.553231763994534644e-15
2.190500000000000114e+02 5.568231085624927683e-15
2.183969999999999914e+02 5.557077086521545150e-15
2.177429999999999950e+02 5.530511903523416924e-15
2.170889999999999986e+02 5.555252649449080853e-15
2.164370000000000118e+02 5.457155860282205983e-15
2.157829999999999870e+02 5.527508333617601002e-15
2.151289999999999907e+02 5.465381578679321600e-15
2.144749999999999943e+02 5.595350051270325283e-15
2.138220000000000027e+02 5.588547418726356590e-15
2.131680000000000064e+02 5.591569489444910484e-15
2.125140000000000100e+02 5.614453476037917423e-15
2.118600000000000136e+02 5.517867101745218670e-15
2.112069999999999936e+02 5.614745873755593939e-15
2.105529999999999973e+02 5.562896760075659966e-15
2.098979999999999961e+02 5.516262662918565000e-15
2.092439999999999998e+02 5.435480604776348084e-15
2.085910000000000082e+02 5.418731726119230410e-15
2.079360000000000070e+02 5.392170965299133726e-15
2.072820000000000107e+02 5.356015401807391414e-15
2.066270000000000095e+02 5.233455068715574845e-15
2.059739999999999895e+02 5.308149805506695731e-15
2.053189999999999884e+02 5.281788092900606575e-15
2.046639999999999873e+02 5.217634718729429348e-15
2.040089999999999861e+02 5.215277942480899103e-15
2.033540000000000134e+02 5.198651640952113972e-15
2.027009999999999934e+02 5.046162444659251031e-15
2.020459999999999923e+02 4.987988168124905590e-15
2.013909999999999911e+02 4.874361105825296404e-15
2.007350000000000136e+02 4.965428085896172273e-15
2.000800000000000125e+02 4.912571127652308003e-15
1.994259999999999877e+02 4.804842585150295083e-15
1.987709999999999866e+02 4.789393775733372843e-15
1.981160000000000139e+02 4.742135211981043766e-15
1.974600000000000080e+02 4.794815817774536655e-15
1.968050000000000068e+02 4.688781972727584475e-15
1.961510000000000105e+02 4.655767322989576158e-15
1.954950000000000045e+02 4.748109595771587840e-15
1.948389999999999986e+02 4.643161232772437524e-15
1.941839999999999975e+02 4.579022484421778713e-15
1.935279999999999916e+02 4.608169888286485365e-15
1.928739999999999952e+02 4.650126057138516333e-15
1.922179999999999893e+02 4.621489529774142189e-15
1.915620000000000118e+02 4.723933129551122817e-15
1.909060000000000059e+02 4.868948790862571857e-15
1.902500000000000000e+02 4.921635764415506935e-15
1.895939999999999941e+02 4.835581755569896050e-15
1.889389999999999930e+02 4.938974760453343963e-15
1.882829999999999870e+02 5.011551450077417714e-15
1.876270000000000095e+02 5.091796524886989622e-15
1.869699999999999989e+02 5.052613409023693174e-15
1.863139999999999930e+02 5.030413734632797621e-15
1.856570000000000107e+02 4.932548520425088272e-15
1.850010000000000048e+02 4.860620253523161310e-15
1.843460000000000036e+02 4.914018340401894288e-15
1.836889999999999930e+02 4.995812266805397920e-15
1.830329999999999870e+02 5.072470407089646875e-15
1.823760000000000048e+02 5.107339558730234458e-15
1.817189999999999941e+02 5.059934173086911529e-15
1.810620000000000118e+02 5.289589214497552574e-15
1.804050000000000011e+02 5.456162447722581688e-15
1.797500000000000000e+02 5.515948665050602538e-15
1.790929999999999893e+02 5.651609470329035109e-15
1.784360000000000070e+02 5.645876099514313390e-15
1.777789999999999964e+02 5.695695532983615373e-15
1.771220000000000141e+02 5.709097945825137457e-15
1.764650000000000034e+02 5.726264681972039487e-15
1.758069999999999879e+02 5.758628123442065779e-15
1.751500000000000057e+02 5.696868994706599751e-15
1.744939999999999998e+02 5.736384326627566333e-15
1.738369999999999891e+02 5.845171365152600439e-15
1.731790000000000020e+02 5.906429568320685617e-15
1.725219999999999914e+02 5.989963125799969882e-15
1.718640000000000043e+02 6.099155270327322405e-15
1.712059999999999889e+02 6.180431807493118173e-15
1.705490000000000066e+02 6.241976258864237901e-15
1.698909999999999911e+02 6.268692546273935461e-15
1.692330000000000041e+02 6.235072951236011746e-15
1.685749999999999886e+02 6.194050553725234342e-15
1.679190000000000111e+02 6.253395003327312274e-15
1.672609999999999957e+02 6.212197620763210190e-15
1.666030000000000086e+02 6.321717552796938830e-15
1.659449999999999932e+02 6.214338866716913288e-15
1.652870000000000061e+02 6.078687779162682309e-15
1.646279999999999859e+02 6.077903993775486407e-15
1.639699999999999989e+02 6.138150915425167227e-15
1.633120000000000118e+02 6.237039236268837224e-15
1.626539999999999964e+02 6.238417309622200117e-15
1.619950000000000045e+02 6.150721836831664369e-15
1.613369999999999891e+02 6.116690673942368937e-15
1.606779999999999973e+02 6.019407223552786779e-15
1.600190000000000055e+02 6.017223197396414873e-15
1.593609999999999900e+02 6.049711486061226941e-15
1.587040000000000077e+02 6.047054166288857866e-15
1.580449999999999875e+02 6.074936606246045128e-15
1.573859999999999957e+02 6.037232524186659190e-15
1.567270000000000039e+02 6.067817963376725052e-15
1.560680000000000121e+02 6.030076402670203660e-15
1.554089999999999918e+02 6.029542278144165415e-15
1.547500000000000000e+02 6.045490131204855191e-15
1.540910000000000082e+02 6.007635285655742201e-15
1.534319999999999879e+02 6.003044421805986416e-15
1.527729999999999961e+02 5.994943951360839911e-15
1.521140000000000043e+02 5.943911113806655970e-15
1.514540000000000077e+02 5.929106858619931620e-15
1.507949999999999875e+02 5.914157039970262688e-15
1.501359999999999957e+02 6.099650278084414954e-15
1.494759999999999991e+02 6.154248865858314953e-15
1.488170000000000073e+02 6.169510982786584253e-15
1.481570000000000107e+02 6.286184862082844272e-15
1.474970000000000141e+02 6.268328151026151226e-15
1.468379999999999939e+02 6.325926317418823154e-15
1.461779999999999973e+02 6.351277564871353922e-15
1.455180000000000007e+02 6.447646247410412267e-15
1.448580000000000041e+02 6.471426518537691852e-15
1.441980000000000075e+02 6.334321755881487010e-15
1.435380000000000109e+02 6.391505900557321105e-15
1.428779999999999859e+02 6.420278076895011746e-15
1.422179999999999893e+02 6.503004613875521495e-15
1.415579999999999927e+02 6.524182746189452107e-15
1.408979999999999961e+02 6.529758983861220919e-15
1.402379999999999995e+02 6.528936640173917559e-15
1.395769999999999982e+02 6.515871898271270062e-15
1.389170000000000016e+02 6.591144200525681212e-15
1.382560000000000002e+02 6.758833058895693006e-15
1.375960000000000036e+02 6.851484277690025819e-15
1.369350000000000023e+02 6.925305298438634208e-15
1.362750000000000057e+02 6.946060772177957954e-15
1.356140000000000043e+02 7.034913749034008145e-15
1.349540000000000077e+02 7.113790919379010081e-15
1.342930000000000064e+02 7.270589085650386474e-15
1.336320000000000050e+02 7.422282902282252551e-15
1.329710000000000036e+02 7.510248169485816167e-15
1.323100000000000023e+02 7.560569513028446281e-15
1.316490000000000009e+02 7.717641690675840217e-15
1.309879999999999995e+02 7.759712030471754257e-15
1.303269999999999982e+02 7.781747666515357140e-15
1.296659999999999968e+02 7.930623016697211878e-15
1.290049999999999955e+02 7.985507140439146627e-15
1.283420000000000130e+02 7.985417951549172020e-15
1.276809999999999974e+02 8.003630177526960721e-15
1.270190000000000055e+02 8.092537619312497452e-15
1.263580000000000041e+02 8.003472093309527368e-15
1.256959999999999980e+02 7.888662875361238494e-15
1.250349999999999966e+02 7.904916216914662213e-15
1.243730000000000047e+02 7.889428448627729492e-15
1.237120000000000033e+02 7.845316190171348620e-15
1.230499999999999972e+02 7.852272374700860454e-15
1.223880000000000052e+02 7.825555507554083239e-15
1.217259999999999991e+02 7.680190464126609278e-15
1.210639999999999930e+02 7.503553696365353695e-15
1.204030000000000058e+02 7.483060004385861288e-15
1.197409999999999997e+02 7.422638575793296386e-15
1.190780000000000030e+02 7.227260732342235793e-15
1.184150000000000063e+02 7.163010036209454330e-15
1.177530000000000001e+02 7.050888183995301237e-15
1.170909999999999940e+02 6.903533123891625001e-15
1.164279999999999973e+02 6.759898106354719117e-15
1.157660000000000053e+02 6.691454071550362886e-15
1.151039999999999992e+02 6.602076547222214087e-15
1.144410000000000025e+02 6.464103714186311653e-15
1.137789999999999964e+02 6.334427265903737557e-15
1.131159999999999997e+02 6.296312375893944589e-15
1.124539999999999935e+02 6.221427344168704185e-15
1.117890000000000015e+02 6.139908954242637722e-15
1.111269999999999953e+02 6.113747231558181039e-15
1.104639999999999986e+02 6.022004253736819573e-15
1.098010000000000019e+02 5.942226142065929116e-15
1.091380000000000052e+02 5.845302415547699128e-15
1.084749999999999943e+02 5.795521276543985896e-15
1.078119999999999976e+02 5.619001958202023133e-15
1.071490000000000009e+02 5.511905098928485655e-15
1.064849999999999994e+02 5.267168668938400098e-15
1.058209999999999980e+02 5.060161994461765929e-15
1.051580000000000013e+02 4.804658630545945102e-15
1.044950000000000045e+02 4.717129900850698344e-15
1.038319999999999936e+02 4.521416959502513321e-15
1.031680000000000064e+02 4.348803196831910346e-15
1.025049999999999955e+02 4.188658677805977402e-15
1.018400000000000034e+02 4.118478569740052268e-15
1.011760000000000019e+02 4.004313701719233897e-15
1.005130000000000052e+02 4.026854201629379953e-15
9.984900000000000375e+01 4.016518716047181564e-15
9.918529999999999802e+01 3.988066576177642287e-15
9.852150000000000318e+01 3.945685330206204769e-15
9.785769999999999413e+01 4.038758263547283154e-15
9.719230000000000302e+01 4.153543077053917972e-15
9.652830000000000155e+01 4.260135354802984243e-15
9.586430000000000007e+01 4.341542680858964854e-15
9.520029999999999859e+01 4.453523472933791065e-15
9.453610000000000468e+01 4.617846897021690020e-15
9.387199999999999989e+01 4.779056418965097176e-15
9.320619999999999550e+01 4.880071706590951919e-15
9.254200000000000159e+01 4.996909538357064894e-15
9.187760000000000105e+01 4.998235521627600459e-15
9.121320000000000050e+01 5.033333063075582820e-15
9.054879999999999995e+01 5.025979336457204962e-15
8.988280000000000314e+01 5.115995681144725816e-15
8.921819999999999595e+01 5.119177679409996053e-15
8.855360000000000298e+01 5.077940091848885467e-15
8.788890000000000668e+01 5.033257210335581208e-15
8.722419999999999618e+01 5.112510855152115818e-15
8.655939999999999657e+01 5.170918609719264394e-15
8.589300000000000068e+01 5.259993149502127725e-15
8.522809999999999775e+01 5.279592165104075082e-15
8.456319999999999482e+01 5.336343521661016460e-15
8.389820000000000277e+01 5.315635281486835364e-15
8.323160000000000025e+01 5.351674208470941913e-15
8.256650000000000489e+01 5.353924217337418592e-15
8.190130000000000621e+01 5.400285834306973859e-15
8.123609999999999332e+01 5.403678572427884840e-15
8.057080000000000553e+01 5.322810751004305988e-15
7.990389999999999304e+01 5.326756466160072468e-15
7.923850000000000193e+01 5.359143472414321338e-15
7.857299999999999329e+01 5.406938565633575724e-15
7.790749999999999886e+01 5.430222112103856266e-15
7.724039999999999395e+01 5.426733082177476946e-15
7.657479999999999620e+01 5.450603326951448660e-15
7.590909999999999513e+01 5.381799809149743668e-15
7.524339999999999407e+01 5.405295095083098399e-15
7.457760000000000389e+01 5.395667028731393448e-15
7.391020000000000323e+01 5.293578493578735930e-15
7.324429999999999552e+01 5.245082163281498101e-15
7.257829999999999870e+01 5.130753256503399482e-15
7.191230000000000189e+01 5.053812078540557228e-15
7.124469999999999459e+01 5.023968892312411312e-15
7.057850000000000534e+01 4.959977218462082823e-15
6.991230000000000189e+01 4.971615587050378196e-15
6.924609999999999843e+01 4.880829206777504204e-15
6.857829999999999870e+01 4.848896196469976288e-15
6.791190000000000282e+01 4.806249143008449359e-15
6.724550000000000693e+01 4.739010552229958679e-15
6.657750000000000057e+01 4.697567463830681727e-15
6.591100000000000136e+01 4.612035964895911217e-15
6.524439999999999884e+01 4.572195319846041645e-15
6.457769999999999300e+01 4.506313427768990748e-15
6.390950000000000131e+01 4.424846937798349823e-15
6.324269999999999925e+01 4.381666011929505645e-15
6.257589999999999719e+01 4.360993509666176990e-15
6.190899999999999892e+01 4.331503448188052418e-15
6.124060000000000059e+01 4.286445765755656210e-15
6.057359999999999900e+01 4.250559465053891315e-15
5.990659999999999741e+01 4.217867498991761314e-15
5.923799999999999955e+01 4.118435353117194095e-15
5.857079999999999842e+01 4.012725967553500116e-15
5.790359999999999729e+01 3.979582024779714044e-15
5.723629999999999995e+01 3.913687612366640633e-15
5.656750000000000256e+01 3.820387229406529141e-15
5.590010000000000190e+01 3.784283329602343328e-15
5.523270000000000124e+01 3.719845046785924285e-15
5.456360000000000099e+01 3.676352029893423611e-15
5.389609999999999701e+01 3.648043995788792355e-15
5.322849999999999682e+01 3.647270793173911305e-15
5.255930000000000035e+01 3.664951791907487951e-15
5.189159999999999684e+01 3.583756292629292682e-15
5.122379999999999711e+01 3.559087988557912944e-15
5.055440000000000111e+01 3.523322015786427526e-15
4.988660000000000139e+01 3.464983559448257569e-15
4.921860000000000213e+01 3.403333765770496359e-15
4.854910000000000281e+01 3.347369111424941503e-15
4.788100000000000023e+01 3.323937095321575855e-15
4.721289999999999765e+01 3.276960765863809165e-15
4.654319999999999879e+01 3.209155395742635932e-15
4.587500000000000000e+01 3.173594285977460962e-15
4.520669999999999789e+01 3.086556438776461409e-15
4.453679999999999950e+01 3.036164754006056507e-15
4.386840000000000117e+01 2.991728605097253195e-15
4.320000000000000284e+01 2.979217106146065850e-15
4.252989999999999782e+01 2.915937271952936307e-15
4.186129999999999995e+01 2.845654753746130770e-15
4.119270000000000209e+01 2.754142561454916435e-15
4.052250000000000085e+01 2.699174534496966287e-15
3.985379999999999967e+01 2.659367841502002657e-15
3.918500000000000227e+01 2.632346745330162016e-15
3.851460000000000150e+01 2.584736741507064392e-15
3.784570000000000078e+01 2.531773488359484350e-15
3.717519999999999669e+01 2.464700953256799450e-15
3.650619999999999976e+01 2.405245912949584582e-15
3.583709999999999951e+01 2.367353699704797428e-15
3.516640000000000299e+01 2.326535000642174042e-15
3.449719999999999942e+01 2.264900212762910521e-15
3.382800000000000296e+01 2.219378831442725225e-15
3.315709999999999980e+01 2.153846328423143918e-15
3.248780000000000001e+01 2.068084524583752658e-15
3.181680000000000064e+01 2.012333065771173010e-15
3.114730000000000132e+01 1.969746483119122445e-15
3.047779999999999845e+01 1.938771731662786487e-15
2.980669999999999931e+01 1.853646406061370452e-15
2.913700000000000045e+01 1.808100874234648112e-15
2.846730000000000160e+01 1.768916023680977317e-15
2.779599999999999937e+01 1.697322914144820747e-15
2.712620000000000076e+01 1.644488405547351648e-15
2.645479999999999876e+01 1.597876397761488162e-15
2.578490000000000038e+01 1.542410676444601955e-15
2.511329999999999885e+01 1.471314047345062295e-15
2.444330000000000069e+01 1.398548100880600856e-15
2.377319999999999922e+01 1.355889349919156892e-15
2.310150000000000148e+01 1.280139031873365685e-15
2.243130000000000024e+01 1.220868535193943745e-15
2.175949999999999918e+01 1.162806123071613704e-15
2.108909999999999840e+01 1.100960185860174141e-15
2.041870000000000118e+01 1.049950723104198132e-15
1.974680000000000035e+01 9.804902194545971927e-16
1.907629999999999981e+01 9.278880225364261824e-16
1.840419999999999945e+01 8.798329292820354103e-16
1.773349999999999937e+01 8.248225773480813537e-16
1.706129999999999924e+01 7.888000681892542058e-16
1.639059999999999917e+01 7.360694841708957911e-16
1.571979999999999933e+01 6.937994033658593128e-16
1.504739999999999966e+01 6.599726774688007136e-16
1.437650000000000006e+01 6.212525085446846803e-16
1.370410000000000039e+01 5.925699389628815050e-16
1.303299999999999947e+01 5.528481636695846391e-16
1.236040000000000028e+01 5.187605332765485371e-16
1.168929999999999936e+01 4.843303158329621403e-16
1.101660000000000039e+01 4.602694186206923746e-16
1.034529999999999994e+01 4.520088752266205372e-16
9.672489999999999810e+00 4.375249177096302797e-16
9.001129999999999853e+00 4.225514626458212007e-16
8.329710000000000392e+00 4.027562352660271178e-16
7.656710000000000349e+00 3.924363645496688783e-16
6.985170000000000101e+00 4.081759010285304136e-16
6.312050000000000161e+00 4.158602379053988471e-16
5.640399999999999636e+00 4.152254744096182939e-16
4.967170000000000307e+00 3.984351880119028859e-16
4.295410000000000394e+00 3.687801539595446499e-16
3.622059999999999835e+00 3.313491435417065600e-16
2.950180000000000025e+00 2.853803143148453203e-16
2.276720000000000077e+00 2.336591670518100931e-16
1.604729999999999990e+00 1.716710301332384085e-16
9.311519999999999797e-01 1.001615655114679877e-16
2.590439999999999965e-01 2.784461211379871766e-17
