4.498670000000000186e+02 1.602505713512842443e-15
4.492339999999999804e+02 1.268290288176171428e-15
4.486009999999999991e+02 1.115616597821380348e-15
4.479680000000000177e+02 1.562623134429934366e-15
4.473360000000000127e+02 1.514589528277370467e-15
4.467029999999999745e+02 1.436713685448944051e-15
4.460690000000000168e+02 1.701700648071559608e-15
4.454359999999999786e+02 1.534805731619111139e-15
4.448029999999999973e+02 1.487213272085918789e-15
4.441689999999999827e+02 1.617252737831286575e-15
4.435360000000000014e+02 1.776238293512904461e-15
4.429019999999999868e+02 2.081919982325768748e-15
4.422699999999999818e+02 1.798181696014976104e-15
4.416360000000000241e+02 2.029107801054322020e-15
4.410029999999999859e+02 2.010229328578254579e-15
4.403690000000000282e+02 1.830779773064778834e-15
4.397350000000000136e+02 1.826971863470607599e-15
4.391009999999999991e+02 1.779557436814360496e-15
4.384669999999999845e+02 1.441903169684268917e-15
4.378330000000000268e+02 1.540209449557011545e-15
4.371990000000000123e+02 1.421383006244608220e-15
4.365649999999999977e+02 1.519330287087969988e-15
4.359329999999999927e+02 1.185116236263811874e-15
4.352980000000000018e+02 9.815079998419619859e-16
4.346639999999999873e+02 9.651285692629112740e-16
4.340299999999999727e+02 1.005964094312168051e-15
4.333960000000000150e+02 1.003831099810146999e-15
4.327610000000000241e+02 1.372010622498886394e-15
4.321270000000000095e+02 1.241151126962213264e-15
4.314920000000000186e+02 1.025772235679597845e-15
4.308580000000000041e+02 9.245229999089716986e-16
4.302230000000000132e+02 1.021432015700682572e-15
4.295889999999999986e+02 1.174260292436204050e-15
4.289540000000000077e+02 9.747942980445451852e-16
4.283190000000000168e+02 1.099048687607327899e-15
4.276859999999999786e+02 1.096879804339916913e-15
4.270509999999999877e+02 9.407188606428942624e-16
4.264159999999999968e+02 7.853120922776515202e-16
4.257810000000000059e+02 9.366155577502533362e-16
4.251460000000000150e+02 1.045647421236699028e-15
4.245110000000000241e+02 1.251131531150295475e-15
4.238759999999999764e+02 1.262220707819304565e-15
4.232409999999999854e+02 1.383674522602118669e-15
4.226050000000000182e+02 1.215534893467454241e-15
4.219700000000000273e+02 1.240393600451735250e-15
4.213349999999999795e+02 1.278808071225034051e-15
4.206990000000000123e+02 1.467406556854569137e-15
4.200640000000000214e+02 1.477857534710403608e-15
4.194289999999999736e+02 1.637933591690993083e-15
4.187930000000000064e+02 1.321977557569987821e-15
4.181569999999999823e+02 1.251321307682946655e-15
4.175219999999999914e+02 1.329758612101960499e-15
4.168860000000000241e+02 1.623656354999447507e-15
4.162500000000000000e+02 1.768203933185689830e-15
4.156150000000000091e+02 1.791225774742052434e-15
4.149789999999999850e+02 1.840880112589384278e-15
4.143430000000000177e+02 1.890302555930782803e-15
4.137069999999999936e+02 1.699286875965405628e-15
4.130710000000000264e+02 1.975193773663766031e-15
4.124350000000000023e+02 2.103705969291503468e-15
4.117989999999999782e+02 2.205147229067394886e-15
4.111630000000000109e+02 2.120863124689395231e-15
4.105260000000000105e+02 2.036986031623752158e-15
4.098899999999999864e+02 2.098315596703690818e-15
4.092540000000000191e+02 1.804610699588017219e-15
4.086170000000000186e+02 1.826784410177761985e-15
4.079809999999999945e+02 1.940456762111747681e-15
4.073439999999999941e+02 1.857803699316000066e-15
4.067080000000000268e+02 1.775511681892486409e-15
4.060710000000000264e+02 1.979397831527492842e-15
4.054350000000000023e+02 1.689749043385051912e-15
4.047980000000000018e+02 1.724794670823367373e-15
4.041610000000000014e+02 1.669288704267975725e-15
4.035240000000000009e+02 1.794346605788164221e-15
4.028879999999999768e+02 1.520497754841117464e-15
4.022509999999999764e+02 1.645219508217888893e-15
4.016139999999999759e+02 1.360143576970020363e-15
4.009769999999999754e+02 1.382594310254649489e-15
4.003399999999999750e+02 1.086558923491497032e-15
3.997029999999999745e+02 1.312786570630954820e-15
3.990649999999999977e+02 1.233719245066195878e-15
3.984279999999999973e+02 9.907541123400985113e-16
3.977909999999999968e+02 9.254624712619133806e-16
3.971519999999999868e+02 8.978698490671074519e-16
3.965149999999999864e+02 7.075973018885695840e-16
3.958770000000000095e+02 8.061837730476982656e-16
3.952400000000000091e+02 5.293147915819534988e-16
3.946019999999999754e+02 7.277015414121929479e-16
3.939649999999999750e+02 5.144184093069299571e-16
3.933269999999999982e+02 4.884008801006595859e-16
3.926890000000000214e+02 7.722030156910685349e-16
3.920520000000000209e+02 7.210108337322655225e-16
3.914139999999999873e+02 9.412748566457704535e-16
3.907760000000000105e+02 9.512987069551559913e-16
3.901379999999999768e+02 1.268124448275492842e-15
3.895000000000000000e+02 1.546972731947767657e-15
3.888609999999999900e+02 1.397023780828444840e-15
3.882230000000000132e+02 1.430246370330463281e-15
3.875849999999999795e+02 1.572837543594728294e-15
3.869460000000000264e+02 1.702613512273126197e-15
3.863079999999999927e+02 1.856013752965176360e-15
3.856700000000000159e+02 1.948273383354678120e-15
3.850319999999999823e+02 2.052135101879233863e-15
3.843929999999999723e+02 1.854974772176297410e-15
3.837549999999999955e+02 1.970476655000175358e-15
3.831159999999999854e+02 1.906183589317935763e-15
3.824759999999999991e+02 1.877667882171060372e-15
3.818380000000000223e+02 1.801857988262626965e-15
3.811990000000000123e+02 1.500690915382326731e-15
3.805600000000000023e+02 1.663125300651429430e-15
3.799220000000000255e+02 1.588257668932125818e-15
3.792830000000000155e+02 1.407535637563118918e-15
3.786440000000000055e+02 1.521828691073578121e-15
3.780049999999999955e+02 1.400665918174161008e-15
3.773650000000000091e+02 1.444484896594588112e-15
3.767259999999999991e+02 1.873338557027777262e-15
3.760860000000000127e+02 1.833850078265075956e-15
3.754470000000000027e+02 2.213141798099446308e-15
3.748079999999999927e+02 2.184529583779607820e-15
3.741689999999999827e+02 2.294935614468453467e-15
3.735299999999999727e+02 2.416513349951520635e-15
3.728890000000000100e+02 2.445477685552394005e-15
3.722500000000000000e+02 2.255644578613923338e-15
3.716100000000000136e+02 2.548255443661429802e-15
3.709710000000000036e+02 2.336323047462330621e-15
3.703310000000000173e+02 2.239697775348744849e-15
3.696909999999999741e+02 2.165859556165280220e-15
3.690500000000000114e+02 2.217269779866919832e-15
3.684110000000000014e+02 2.098684670233830563e-15
3.677710000000000150e+02 2.048379064807595383e-15
3.671309999999999718e+02 1.953221086600943131e-15
3.664909999999999854e+02 2.240832385572619668e-15
3.658509999999999991e+02 2.067031618422425399e-15
3.652099999999999795e+02 2.062100603087270667e-15
3.645699999999999932e+02 2.313642036771769652e-15
3.639300000000000068e+02 2.263474842328338733e-15
3.632900000000000205e+02 2.235622536007781408e-15
3.626490000000000009e+02 2.285447039601469277e-15
3.620079999999999814e+02 2.224736811972707739e-15
3.613670000000000186e+02 2.186160728978111039e-15
3.607269999999999754e+02 2.026921380261250179e-15
3.600869999999999891e+02 2.087760011985521312e-15
3.594460000000000264e+02 1.885826479279634665e-15
3.588039999999999736e+02 1.738852331694270703e-15
3.581639999999999873e+02 1.680246705757210070e-15
3.575230000000000246e+02 1.545789343443921317e-15
3.568829999999999814e+02 1.736748132338843616e-15
3.562420000000000186e+02 1.678433760943101804e-15
3.556000000000000227e+02 1.706742388391632289e-15
3.549590000000000032e+02 1.788455301695303830e-15
3.543179999999999836e+02 1.612364829366424344e-15
3.536770000000000209e+02 1.661936631805096923e-15
3.530350000000000250e+02 1.903107206885862304e-15
3.523940000000000055e+02 1.962198580671831885e-15
3.517520000000000095e+02 1.957254217024931824e-15
3.511109999999999900e+02 1.581562196532263312e-15
3.504689999999999941e+02 1.714980382734606092e-15
3.498269999999999982e+02 1.763309619285518542e-15
3.491859999999999786e+02 1.727313057678087223e-15
3.485450000000000159e+02 1.691594491124774959e-15
3.479019999999999868e+02 1.655710474227177772e-15
3.472599999999999909e+02 1.547291854513221550e-15
3.466190000000000282e+02 1.522521636373883149e-15
3.459769999999999754e+02 1.477098722831592272e-15
3.453340000000000032e+02 1.607939165938707603e-15
3.446929999999999836e+02 1.686412451754619014e-15
3.440509999999999877e+02 1.620250176586849540e-15
3.434089999999999918e+02 1.595523269879640083e-15
3.427660000000000196e+02 1.488996779869211127e-15
3.421240000000000236e+02 1.699824916906776186e-15
3.414820000000000277e+02 1.746387879759304290e-15
3.408399999999999750e+02 1.731601575632153772e-15
3.401970000000000027e+02 1.818516226025081067e-15
3.395539999999999736e+02 1.833985015452416618e-15
3.389119999999999777e+02 1.778699781040804867e-15
3.382690000000000055e+02 1.824578859887672485e-15
3.376259999999999764e+02 2.070614137373323907e-15
3.369839999999999804e+02 2.225375981513298910e-15
3.363419999999999845e+02 2.129782378972884991e-15
3.356979999999999791e+02 1.994689062831571893e-15
3.350550000000000068e+02 1.959688946036513819e-15
3.344130000000000109e+02 1.865512479174649311e-15
3.337690000000000055e+02 1.890089687135576603e-15
3.331259999999999764e+02 1.934422841550156512e-15
3.324830000000000041e+02 2.194531733399465386e-15
3.318389999999999986e+02 2.071388056801699020e-15
3.311960000000000264e+02 2.231901532755561705e-15
3.305539999999999736e+02 2.157710998073505752e-15
3.299110000000000014e+02 2.288076893334292257e-15
3.292660000000000196e+02 2.369343205041482029e-15
3.286229999999999905e+02 2.498446591102345970e-15
3.279800000000000182e+02 2.453308744331474551e-15
3.273360000000000127e+02 2.379221811741555307e-15
3.266929999999999836e+02 2.152288964507830768e-15
3.260489999999999782e+02 2.108263502825395486e-15
3.254049999999999727e+02 2.054865612710154321e-15
3.247610000000000241e+02 2.163570978965515017e-15
3.241179999999999950e+02 2.081837089265432105e-15
3.234730000000000132e+02 2.132969438832738029e-15
3.228290000000000077e+02 2.136565650102447315e-15
3.221840000000000259e+02 2.309825969439783961e-15
3.215409999999999968e+02 2.322233037274013552e-15
3.208969999999999914e+02 2.512415737516717824e-15
3.202520000000000095e+02 2.617860677868172211e-15
3.196080000000000041e+02 2.601318113311777886e-15
3.189639999999999986e+02 2.677794086328994092e-15
3.183190000000000168e+02 2.790899792023728471e-15
3.176750000000000114e+02 2.617035509922692067e-15
3.170310000000000059e+02 2.343019893692416090e-15
3.163860000000000241e+02 2.336221791777641251e-15
3.157420000000000186e+02 2.275009951101256798e-15
3.150980000000000132e+02 2.131725402476402478e-15
3.144519999999999982e+02 2.089267057508328265e-15
3.138079999999999927e+02 2.019936090638430412e-15
3.131619999999999777e+02 1.978088613581385533e-15
3.125179999999999723e+02 1.918336846087742261e-15
3.118729999999999905e+02 1.939936783503212075e-15
3.112269999999999754e+02 2.258082950742668823e-15
3.105830000000000268e+02 2.117375865187184918e-15
3.099370000000000118e+02 2.057803534439324788e-15
3.092919999999999732e+02 2.078851974197469601e-15
3.086469999999999914e+02 2.019715853467591117e-15
3.080009999999999764e+02 2.200095481474364091e-15
3.073570000000000277e+02 2.299824487792264236e-15
3.067099999999999795e+02 2.328776238633411125e-15
3.060649999999999977e+02 2.286951162969377765e-15
3.054200000000000159e+02 2.271614259651977317e-15
3.047740000000000009e+02 2.256570508367239572e-15
3.041290000000000191e+02 2.241574237053796885e-15
3.034820000000000277e+02 2.478264308296586394e-15
3.028369999999999891e+02 2.627079304176857379e-15
3.021920000000000073e+02 2.740262663575504159e-15
3.015450000000000159e+02 2.655151407395527114e-15
3.008999999999999773e+02 2.475740576684341655e-15
3.002529999999999859e+02 2.717053037868480567e-15
2.996080000000000041e+02 2.606783368004340780e-15
2.989610000000000127e+02 2.479934100583757957e-15
2.983149999999999977e+02 2.693695300074576965e-15
2.976700000000000159e+02 2.575945690297042384e-15
2.970230000000000246e+02 2.585233750882446747e-15
2.963770000000000095e+02 2.417704095118300612e-15
2.957300000000000182e+02 2.360528446097149724e-15
2.950840000000000032e+02 2.428944310845528329e-15
2.944370000000000118e+02 2.246673723683187623e-15
2.937909999999999968e+02 2.314995286526776788e-15
2.931429999999999723e+02 2.706216563501405130e-15
2.924970000000000141e+02 2.690040660162471134e-15
2.918500000000000227e+02 2.558483556519019775e-15
2.912040000000000077e+02 2.509809251871924122e-15
2.905570000000000164e+02 2.625106428555081764e-15
2.899100000000000250e+02 2.772887917386326288e-15
2.892629999999999768e+02 2.992632035664499651e-15
2.886159999999999854e+02 3.122041647963337692e-15
2.879689999999999941e+02 3.209949999722062635e-15
2.873210000000000264e+02 3.216573235042476938e-15
2.866750000000000114e+02 3.174727770456159829e-15
2.860269999999999868e+02 3.341874176682294046e-15
2.853799999999999955e+02 3.395890429322508868e-15
2.847320000000000277e+02 3.353783529119240737e-15
2.840849999999999795e+02 3.510696582726933447e-15
2.834370000000000118e+02 3.579542500052233760e-15
2.827900000000000205e+02 3.734649383897017211e-15
2.821419999999999959e+02 3.865405239835547647e-15
2.814950000000000045e+02 3.924220924004187279e-15
2.808469999999999800e+02 4.069258250869000200e-15
2.801990000000000123e+02 3.931896865634739203e-15
2.795509999999999877e+02 3.841991645776979513e-15
2.789039999999999964e+02 3.884845740817265406e-15
2.782549999999999955e+02 3.880513686482513150e-15
2.776080000000000041e+02 3.884120389995016393e-15
2.769590000000000032e+02 3.826011270961265460e-15
2.763120000000000118e+02 3.898543543377790963e-15
2.756630000000000109e+02 3.825501544567018761e-15
2.750149999999999864e+02 3.889716356305235342e-15
2.743659999999999854e+02 4.212222158175924863e-15
2.737189999999999941e+02 4.456578411699800226e-15
2.730699999999999932e+02 4.518418815109721857e-15
2.724220000000000255e+02 4.451530694250395033e-15
2.717730000000000246e+02 4.347684814357587569e-15
2.711240000000000236e+02 4.266717807700381752e-15
2.704759999999999991e+02 4.134178145164842738e-15
2.698260000000000218e+02 4.202929101671499234e-15
2.691779999999999973e+02 4.337975483489978588e-15
2.685289999999999964e+02 4.124851342105475789e-15
2.678809999999999718e+02 4.067479693200869817e-15
2.672309999999999945e+02 3.996093757973865916e-15
2.665830000000000268e+02 4.078457758123109812e-15
2.659329999999999927e+02 4.357307579632248270e-15
2.652839999999999918e+02 4.474447406670866993e-15
2.646349999999999909e+02 4.663102027523189762e-15
2.639850000000000136e+02 4.539890237787503566e-15
2.633369999999999891e+02 4.481993457884570335e-15
2.626870000000000118e+02 4.596936129926915207e-15
2.620380000000000109e+02 4.489283872390232315e-15
2.613879999999999768e+02 4.667254426961898898e-15
2.607400000000000091e+02 4.567155192508455330e-15
2.600899999999999750e+02 4.360883849728975862e-15
2.594390000000000214e+02 4.466809750652462661e-15
2.587900000000000205e+02 4.374763040740078102e-15
2.581399999999999864e+02 4.381599063279862186e-15
2.574909999999999854e+02 4.339381947919072065e-15
2.568410000000000082e+02 4.541320829489252847e-15
2.561899999999999977e+02 4.693352941938851184e-15
2.555409999999999968e+02 4.601675394685055471e-15
2.548899999999999864e+02 4.697027992721403763e-15
2.542410000000000139e+02 4.688566416525611468e-15
2.535910000000000082e+02 4.528946891540703851e-15
2.529399999999999977e+02 4.527529018307919203e-15
2.522899999999999920e+02 4.587724696791803150e-15
2.516399999999999864e+02 4.728551191299042174e-15
2.509900000000000091e+02 4.516484836225212506e-15
2.503389999999999986e+02 4.528353799395917552e-15
2.496879999999999882e+02 4.627623747065554343e-15
2.490380000000000109e+02 4.645412875470071327e-15
2.483870000000000005e+02 4.783557426813700519e-15
2.477359999999999900e+02 4.907173014013939519e-15
2.470860000000000127e+02 4.844215874552735202e-15
2.464350000000000023e+02 4.986462870508730531e-15
2.457849999999999966e+02 4.771930491472519447e-15
2.451330000000000098e+02 4.880493818724873255e-15
2.444819999999999993e+02 4.785297740401177076e-15
2.438319999999999936e+02 4.703923551595799618e-15
2.431800000000000068e+02 4.642196167141013736e-15
2.425289999999999964e+02 4.626290328516658713e-15
2.418779999999999859e+02 4.803903641333405236e-15
2.412270000000000039e+02 4.922549824666272709e-15
2.405749999999999886e+02 4.803094758113530304e-15
2.399240000000000066e+02 5.003521016865278487e-15
2.392719999999999914e+02 4.986300012228192636e-15
2.386200000000000045e+02 5.076792854979322855e-15
2.379699999999999989e+02 5.046458452018069339e-15
2.373180000000000121e+02 5.179998226998477423e-15
2.366670000000000016e+02 5.162031104474556893e-15
2.360149999999999864e+02 5.150003133488123515e-15
2.353629999999999995e+02 5.244182295775784284e-15
2.347100000000000080e+02 5.430671065500180565e-15
2.340600000000000023e+02 5.392834549416839781e-15
2.334070000000000107e+02 5.361461248627280189e-15
2.327549999999999955e+02 5.557613451829009672e-15
2.321040000000000134e+02 5.703087029750241005e-15
2.314509999999999934e+02 5.664543096502655952e-15
2.307980000000000018e+02 5.802263368998791863e-15
2.301469999999999914e+02 5.781521878873697312e-15
2.294939999999999998e+02 5.700374608283274520e-15
2.288420000000000130e+02 5.577626942652691949e-15
2.281899999999999977e+02 5.767225973553816381e-15
2.275370000000000061e+02 5.907579503492301953e-15
2.268839999999999861e+02 5.981505948411625788e-15
2.262330000000000041e+02 6.107717453131198219e-15
2.255800000000000125e+02 6.274530979414063741e-15
2.249269999999999925e+02 6.257583526176600600e-15
2.242729999999999961e+02 6.281747325860489134e-15
2.236220000000000141e+02 6.410433992581983148e-15
2.229679999999999893e+02 6.439362948392669911e-15
2.223149999999999977e+02 6.479243979632840488e-15
2.216630000000000109e+02 6.380451498939760193e-15
2.210099999999999909e+02 6.270272595035417045e-15
2.203559999999999945e+02 6.155158079935841907e-15
2.197019999999999982e+02 6.098019028664037840e-15
2.190500000000000114e+02 6.115125438420745102e-15
2.183969999999999914e+02 6.103511674415645118e-15
2.177429999999999950e+02 6.074968474337930011e-15
2.170889999999999986e+02 6.102782746007750516e-15
2.164370000000000118e+02 5.995642041929938900e-15
2.157829999999999870e+02 6.073572720114997092e-15
2.151289999999999907e+02 6.005937257128370021e-15
2.144749999999999943e+02 6.149405807978916109e-15
2.138220000000000027e+02 6.142573091008224364e-15
2.131680000000000064e+02 6.146540259569733013e-15
2.125140000000000100e+02 6.172344366978672624e-15
2.118600000000000136e+02 6.066798108703983810e-15
2.112069999999999936e+02 6.173964136503997916e-15
2.105529999999999973e+02 6.117595200132884336e-15
2.098979999999999961e+02 6.066951477601902524e-15
2.092439999999999998e+02 5.978735425623792386e-15
2.085910000000000082e+02 5.960941082285075228e-15
2.079360000000000070e+02 5.932350472388720679e-15
2.072820000000000107e+02 5.893196128423951659e-15
2.066270000000000095e+02 5.758953579824048891e-15
2.059739999999999895e+02 5.841767020091934646e-15
2.053189999999999884e+02 5.813372503988895262e-15
2.046639999999999873e+02 5.743372552517240571e-15
2.040089999999999861e+02 5.741389074957283346e-15
2.033540000000000134e+02 5.723694831280477881e-15
2.027009999999999934e+02 5.556394191247108217e-15
2.020459999999999923e+02 5.492923175557077345e-15
2.013909999999999911e+02 5.368365890881130073e-15
2.007350000000000136e+02 5.469247950914839478e-15
2.000800000000000125e+02 5.411606022409031634e-15
1.994259999999999877e+02 5.293498883823467537e-15
1.987709999999999866e+02 5.277043863397648719e-15
1.981160000000000139e+02 5.225533174681148489e-15
1.974600000000000080e+02 5.284151787912471465e-15
1.968050000000000068e+02 5.167850669192004117e-15
1.961510000000000105e+02 5.132013042355655995e-15
1.954950000000000045e+02 5.234365338894745864e-15
1.948389999999999986e+02 5.119220165375974614e-15
1.941839999999999975e+02 5.049048618824555959e-15
1.935279999999999916e+02 5.081736616135906293e-15
1.928739999999999952e+02 5.128557053466383792e-15
1.922179999999999893e+02 5.097525140452148950e-15
1.915620000000000118e+02 5.211085380015498042e-15
1.909060000000000059e+02 5.371638218023762403e-15
1.902500000000000000e+02 5.430353590916074705e-15
1.895939999999999941e+02 5.335982940196216376e-15
1.889389999999999930e+02 5.450666718167871807e-15
1.882829999999999870e+02 5.531363847973476398e-15
1.876270000000000095e+02 5.620543669861655635e-15
1.869699999999999989e+02 5.577899259204684943e-15
1.863139999999999930e+02 5.553996285042335603e-15
1.856570000000000107e+02 5.446538828765398528e-15
1.850010000000000048e+02 5.367700378220453613e-15
1.843460000000000036e+02 5.427260980441539234e-15
1.836889999999999930e+02 5.518202031806611422e-15
1.830329999999999870e+02 5.603489010844449612e-15
1.823760000000000048e+02 5.642627001088336657e-15
1.817189999999999941e+02 5.590866055533979147e-15
1.810620000000000118e+02 5.845261292361293809e-15
1.804050000000000011e+02 6.029996288155525313e-15
1.797500000000000000e+02 6.096738797022805774e-15
1.790929999999999893e+02 6.247371712336445936e-15
1.784360000000000070e+02 6.241721172472270918e-15
1.777789999999999964e+02 6.297492540405494264e-15
1.771220000000000141e+02 6.313007287767353343e-15
1.764650000000000034e+02 6.332688927118000967e-15
1.758069999999999879e+02 6.369184461479973143e-15
1.751500000000000057e+02 6.301573648849573863e-15
1.744939999999999998e+02 6.345984586860916356e-15
1.738369999999999891e+02 6.467048852361243162e-15
1.731790000000000020e+02 6.535549977328804436e-15
1.725219999999999914e+02 6.628716529640361464e-15
1.718640000000000043e+02 6.750303410386866296e-15
1.712059999999999889e+02 6.841018397104140104e-15
1.705490000000000066e+02 6.909909286276550920e-15
1.698909999999999911e+02 6.940257749958775807e-15
1.692330000000000041e+02 6.903806136857843524e-15
1.685749999999999886e+02 6.859149190139712383e-15
1.679190000000000111e+02 6.925637214923195685e-15
1.672609999999999957e+02 6.880779971202529076e-15
1.666030000000000086e+02 7.002870653421444381e-15
1.659449999999999932e+02 6.884692374977075528e-15
1.652870000000000061e+02 6.735162318327731581e-15
1.646279999999999859e+02 6.735050168890320038e-15
1.639699999999999989e+02 6.802574581758009245e-15
1.633120000000000118e+02 6.912943774421627679e-15
1.626539999999999964e+02 6.915248367254735653e-15
1.619950000000000045e+02 6.818806207461150526e-15
1.613369999999999891e+02 6.781841860977708914e-15
1.606779999999999973e+02 6.674732115154634790e-15
1.600190000000000055e+02 6.673063772082376365e-15
1.593609999999999900e+02 6.709850282314646391e-15
1.587040000000000077e+02 6.707659244277300027e-15
1.580449999999999875e+02 6.739350530708025588e-15
1.573859999999999957e+02 6.698281298962624455e-15
1.567270000000000039e+02 6.732979040255834079e-15
1.560680000000000121e+02 6.691859203314652302e-15
1.554089999999999918e+02 6.692026220363893537e-15
1.547500000000000000e+02 6.710488830835784048e-15
1.540910000000000082e+02 6.669228193140731398e-15
1.534319999999999879e+02 6.664890199601968475e-15
1.527729999999999961e+02 6.656654720268783588e-15
1.521140000000000043e+02 6.600741103185860369e-15
1.514540000000000077e+02 6.585053121314180159e-15
1.507949999999999875e+02 6.569199230417246354e-15
1.501359999999999957e+02 6.776012251437668849e-15
1.494759999999999991e+02 6.837448166032149787e-15
1.488170000000000073e+02 6.855189012675072543e-15
1.481570000000000107e+02 6.985631586358743872e-15
1.474970000000000141e+02 6.966587523665939888e-15
1.468379999999999939e+02 7.031408466854409925e-15
1.461779999999999973e+02 7.060398646493889911e-15
1.455180000000000007e+02 7.168351913794900056e-15
1.448580000000000041e+02 7.195618820449627226e-15
1.441980000000000075e+02 7.043982321378177970e-15
1.435380000000000109e+02 7.108392917751238187e-15
1.428779999999999859e+02 7.141216444633561050e-15
1.422179999999999893e+02 7.234068155500385480e-15
1.415579999999999927e+02 7.258466111055584736e-15
1.408979999999999961e+02 7.265510344411626455e-15
1.402379999999999995e+02 7.265436363182567663e-15
1.395769999999999982e+02 7.251739163889666372e-15
1.389170000000000016e+02 7.336363115592695840e-15
1.382560000000000002e+02 7.523886334004546620e-15
1.375960000000000036e+02 7.627911044604455224e-15
1.369350000000000023e+02 7.710995284765622452e-15
1.362750000000000057e+02 7.735005107796850657e-15
1.356140000000000043e+02 7.834863649340064020e-15
1.349540000000000077e+02 7.923633183461081422e-15
1.342930000000000064e+02 8.099227404233226551e-15
1.336320000000000050e+02 8.269176481032606935e-15
1.329710000000000036e+02 8.368157360754601034e-15
1.323100000000000023e+02 8.425212964057902617e-15
1.316490000000000009e+02 8.601255891602849015e-15
1.309879999999999995e+02 8.649156672978137784e-15
1.303269999999999982e+02 8.674735523381245829e-15
1.296659999999999968e+02 8.841733070422511182e-15
1.290049999999999955e+02 8.903968542817802152e-15
1.283420000000000130e+02 8.904919017154068844e-15
1.276809999999999974e+02 8.926278452794794410e-15
1.270190000000000055e+02 9.026499537999068050e-15
1.263580000000000041e+02 8.928206619203189544e-15
1.256959999999999980e+02 8.801171167095685493e-15
1.250349999999999966e+02 8.820345419855103483e-15
1.243730000000000047e+02 8.804105292155693626e-15
1.237120000000000033e+02 8.755913446662828949e-15
1.230499999999999972e+02 8.764715212869634813e-15
1.223880000000000052e+02 8.735929296873974647e-15
1.217259999999999991e+02 8.574670283203963405e-15
1.210639999999999930e+02 8.378455610238157179e-15
1.204030000000000058e+02 8.356563685412556482e-15
1.197409999999999997e+02 8.290074759361321802e-15
1.190780000000000030e+02 8.072825907933990466e-15
1.184150000000000063e+02 8.002012269755855067e-15
1.177530000000000001e+02 7.877696119784568500e-15
1.170909999999999940e+02 7.713981380067870947e-15
1.164279999999999973e+02 7.554386791164613360e-15
1.157660000000000053e+02 7.478791675172634993e-15
1.151039999999999992e+02 7.379779617706883359e-15
1.144410000000000025e+02 7.226419435727637109e-15
1.137789999999999964e+02 7.082297679749345316e-15
1.131159999999999997e+02 7.040527466105346876e-15
1.124539999999999935e+02 6.957625138218488106e-15
1.117890000000000015e+02 6.867287977819589227e-15
1.111269999999999953e+02 6.838848094788704232e-15
1.104639999999999986e+02 6.737034810762189185e-15
1.098010000000000019e+02 6.648584701916838514e-15
1.091380000000000052e+02 6.540927689877360519e-15
1.084749999999999943e+02 6.486004551664920178e-15
1.078119999999999976e+02 6.289213273048243435e-15
1.071490000000000009e+02 6.170087428152537962e-15
1.064849999999999994e+02 5.896840017197849890e-15
1.058209999999999980e+02 5.665772314480878387e-15
1.051580000000000013e+02 5.380340419251592770e-15
1.044950000000000045e+02 5.282964095329476645e-15
1.038319999999999936e+02 5.064388243313138259e-15
1.031680000000000064e+02 4.871636992142454084e-15
1.025049999999999955e+02 4.692808482462218792e-15
1.018400000000000034e+02 4.614743766250753001e-15
1.011760000000000019e+02 4.487368548459615419e-15
1.005130000000000052e+02 4.513177670063688813e-15
9.984900000000000375e+01 4.502143206655494464e-15
9.918529999999999802e+01 4.470796513618757241e-15
9.852150000000000318e+01 4.423825491135297815e-15
9.785769999999999413e+01 4.528731030502022740e-15
9.719230000000000302e+01 4.658012926896907158e-15
9.652830000000000155e+01 4.778136944574805285e-15
9.586430000000000007e+01 4.870039945634544486e-15
9.520029999999999859e+01 4.996265353275828015e-15
9.453610000000000468e+01 5.181251220916935735e-15
9.387199999999999989e+01 5.362788569307836067e-15
9.320619999999999550e+01 5.476817586220003525e-15
9.254200000000000159e+01 5.608633079683839560e-15
9.187760000000000105e+01 5.610812493257764894e-15
9.121320000000000050e+01 5.650908202898910475e-15
9.054879999999999995e+01 5.643348314506916174e-15
8.988280000000000314e+01 5.745133064128841748e-15
8.921819999999999595e+01 5.749416869233688706e-15
8.855360000000000298e+01 5.703807645939176296e-15
8.788890000000000668e+01 5.654317255894671258e-15
8.722419999999999618e+01 5.744061857725191942e-15
8.655939999999999657e+01 5.810405294609945104e-15
8.589300000000000068e+01 5.911231101285471141e-15
8.522809999999999775e+01 5.933993619165703221e-15
8.456319999999999482e+01 5.998524880863368231e-15
8.389820000000000277e+01 5.975990249371868969e-15
8.323160000000000025e+01 6.017257158512605918e-15
8.256650000000000489e+01 6.020537093773770487e-15
8.190130000000000621e+01 6.073428628049989500e-15
8.123609999999999332e+01 6.078002758105139593e-15
8.057080000000000553e+01 5.987791140602049186e-15
7.990389999999999304e+01 5.992980695291747271e-15
7.923850000000000193e+01 6.030172872939271479e-15
7.857299999999999329e+01 6.084714509954067193e-15
7.790749999999999886e+01 6.111682619018513724e-15
7.724039999999999395e+01 6.108523581982847891e-15
7.657479999999999620e+01 6.136162994074504593e-15
7.590909999999999513e+01 6.059466634488220616e-15
7.524339999999999407e+01 6.086685649737291472e-15
7.457760000000000389e+01 6.076608446462811039e-15
7.391020000000000323e+01 5.962388530141192403e-15
7.324429999999999552e+01 5.908509537084850829e-15
7.257829999999999870e+01 5.780448563046847202e-15
7.191230000000000189e+01 5.694483165293018057e-15
7.124469999999999459e+01 5.661573623312586639e-15
7.057850000000000534e+01 5.590167375058869886e-15
6.991230000000000189e+01 5.603993675529575640e-15
6.924609999999999843e+01 5.502356101672729505e-15
6.857829999999999870e+01 5.467051191263655126e-15
6.791190000000000282e+01 5.419654812212442787e-15
6.724550000000000693e+01 5.344513164211787506e-15
6.657750000000000057e+01 5.298449601313076347e-15
6.591100000000000136e+01 5.202638863579924820e-15
6.524439999999999884e+01 5.158352795286642257e-15
6.457769999999999300e+01 5.084672390168471709e-15
6.390950000000000131e+01 4.993387958221756101e-15
6.324269999999999925e+01 4.945289676568700789e-15
6.257589999999999719e+01 4.922586525816702192e-15
6.190899999999999892e+01 4.889923699401781248e-15
6.124060000000000059e+01 4.839677394029998743e-15
6.057359999999999900e+01 4.799773723731186271e-15
5.990659999999999741e+01 4.763467744728428013e-15
5.923799999999999955e+01 4.651771110246291891e-15
5.857079999999999842e+01 4.532953828663928105e-15
5.790359999999999729e+01 4.496090246828351609e-15
5.723629999999999995e+01 4.422211648482810076e-15
5.656750000000000256e+01 4.317344629813190653e-15
5.590010000000000190e+01 4.277094844412287742e-15
5.523270000000000124e+01 4.204806570728979668e-15
5.456360000000000099e+01 4.156180386600516292e-15
5.389609999999999701e+01 4.124709818523003852e-15
5.322849999999999682e+01 4.124368235843289867e-15
5.255930000000000035e+01 4.144899091981747306e-15
5.189159999999999684e+01 4.053594706947216769e-15
5.122379999999999711e+01 4.026213531469885074e-15
5.055440000000000111e+01 3.986270932789223443e-15
4.988660000000000139e+01 3.920775261467288233e-15
4.921860000000000213e+01 3.851515637765074139e-15
4.854910000000000281e+01 3.788674089446827998e-15
4.788100000000000023e+01 3.762641940144024293e-15
4.721289999999999765e+01 3.709948009344065144e-15
4.654319999999999879e+01 3.633657463334184145e-15
4.587500000000000000e+01 3.593860555094839506e-15
4.520669999999999789e+01 3.495752294893332631e-15
4.453679999999999950e+01 3.439129763534743306e-15
4.386840000000000117e+01 3.389238546237029837e-15
4.320000000000000284e+01 3.375505824464307299e-15
4.252989999999999782e+01 3.304241795748497159e-15
4.186129999999999995e+01 3.225022112559744092e-15
4.119270000000000209e+01 3.121718818615375942e-15
4.052250000000000085e+01 3.059816629208610308e-15
3.985379999999999967e+01 3.015086878549151893e-15
3.918500000000000227e+01 2.984843417005280062e-15
3.851460000000000150e+01 2.931244075890681879e-15
3.784570000000000078e+01 2.871558268694924670e-15
3.717519999999999669e+01 2.795852846607381149e-15
3.650619999999999976e+01 2.728768971110682779e-15
3.583709999999999951e+01 2.686134138693504908e-15
3.516640000000000299e+01 2.640168093350745084e-15
3.449719999999999942e+01 2.570563900798046591e-15
3.382800000000000296e+01 2.519231991318728670e-15
3.315709999999999980e+01 2.445169705227568134e-15
3.248780000000000001e+01 2.348118653097564333e-15
3.181680000000000064e+01 2.285121410870874915e-15
3.114730000000000132e+01 2.237058446069946632e-15
3.047779999999999845e+01 2.202172341231530616e-15
2.980669999999999931e+01 2.105762051276470573e-15
2.913700000000000045e+01 2.054294842050404913e-15
2.846730000000000160e+01 2.010041842963445016e-15
2.779599999999999937e+01 1.928946923695035208e-15
2.712620000000000076e+01 1.869151325347407804e-15
2.645479999999999876e+01 1.816414062592011084e-15
2.578490000000000038e+01 1.753596328315930872e-15
2.511329999999999885e+01 1.672989027414434991e-15
2.444330000000000069e+01 1.590461365402210755e-15
2.377319999999999922e+01 1.542155060740638724e-15
2.310150000000000148e+01 1.456193742711634242e-15
2.243130000000000024e+01 1.388957867734158551e-15
2.175949999999999918e+01 1.323079103385396732e-15
2.108909999999999840e+01 1.252876766468513039e-15
2.041870000000000118e+01 1.194989120202009014e-15
1.974680000000000035e+01 1.116083627771228051e-15
1.907629999999999981e+01 1.056348973565191667e-15
1.840419999999999945e+01 1.001775986034928131e-15
1.773349999999999937e+01 9.392677426175146253e-16
1.706129999999999924e+01 8.983684091546327242e-16
1.639059999999999917e+01 8.384262871678175518e-16
1.571979999999999933e+01 7.903848408603008911e-16
1.504739999999999966e+01 7.519508261999735676e-16
1.437650000000000006e+01 7.079300390067076061e-16
1.370410000000000039e+01 6.753372395994253551e-16
1.303299999999999947e+01 6.301526210210419136e-16
1.236040000000000028e+01 5.913788418249594651e-16
1.168929999999999936e+01 5.522038022401942670e-16
1.101660000000000039e+01 5.248424560216664950e-16
1.034529999999999994e+01 5.154931229237782975e-16
9.672489999999999810e+00 4.990429630541372940e-16
9.001129999999999853e+00 4.820298127879136209e-16
8.329710000000000392e+00 4.595108206094956256e-16
7.656710000000000349e+00 4.477979601379419649e-16
6.985170000000000101e+00 4.658215958144126552e-16
6.312050000000000161e+00 4.746562433975289521e-16
5.640399999999999636e+00 4.739965928507315354e-16
4.967170000000000307e+00 4.548922051705275486e-16
4.295410000000000394e+00 4.210928039066715161e-16
3.622059999999999835e+00 3.784040497834069046e-16
2.950180000000000025e+00 3.259518744265044909e-16
2.276720000000000077e+00 2.669144118664744122e-16
1.604729999999999990e+00 1.961308177919187370e-16
9.311519999999999797e-01 1.144483972304932976e-16
2.590439999999999965e-01 3.182068141622132430e-17
