4.498670000000000186e+02 3.545285883383802307e-15
4.492339999999999804e+02 2.807007059782427791e-15
4.486009999999999991e+02 2.470141495676640775e-15
4.479680000000000177e+02 3.461777771918672646e-15
4.473360000000000127e+02 3.356875474873149052e-15
4.467029999999999745e+02 3.185692907925929049e-15
4.460690000000000168e+02 3.775136756238337123e-15
4.454359999999999786e+02 3.406373352916305525e-15
4.448029999999999973e+02 3.302235783162415340e-15
4.441689999999999827e+02 3.592696443578239178e-15
4.435360000000000014e+02 3.947767909618995402e-15
4.429019999999999868e+02 4.629421223484611584e-15
4.422699999999999818e+02 4.000220930185476953e-15
4.416360000000000241e+02 4.516115474793066534e-15
4.410029999999999859e+02 4.476149118779729340e-15
4.403690000000000282e+02 4.078381450821523251e-15
4.397350000000000136e+02 4.071774079152250974e-15
4.391009999999999991e+02 3.967911553224109957e-15
4.384669999999999845e+02 3.216375905808240025e-15
4.378330000000000268e+02 3.437302003065506868e-15
4.371990000000000123e+02 3.173522542468322383e-15
4.365649999999999977e+02 3.393830987890166253e-15
4.359329999999999927e+02 2.648326696940541410e-15
4.352980000000000018e+02 2.194217919870732091e-15
4.346639999999999873e+02 2.158587574066011052e-15
4.340299999999999727e+02 2.250994702526379766e-15
4.333960000000000150e+02 2.247261824522757122e-15
4.327610000000000241e+02 3.073206632436131367e-15
4.321270000000000095e+02 2.781308113276648718e-15
4.314920000000000186e+02 2.299600434531022641e-15
4.308580000000000041e+02 2.073505559747186699e-15
4.302230000000000132e+02 2.291997818681404963e-15
4.295889999999999986e+02 2.636269013860815355e-15
4.289540000000000077e+02 2.189349822795710821e-15
4.283190000000000168e+02 2.469667726676954370e-15
4.276859999999999786e+02 2.465938705218065045e-15
4.270509999999999877e+02 2.115746801008302583e-15
4.264159999999999968e+02 1.766925829563634156e-15
4.257810000000000059e+02 2.108483421081605287e-15
4.251460000000000150e+02 2.355120902837884639e-15
4.245110000000000241e+02 2.819399919730245498e-15
4.238759999999999764e+02 2.845726417372882214e-15
4.232409999999999854e+02 3.121080942376559885e-15
4.226050000000000182e+02 2.743012238248624628e-15
4.219700000000000273e+02 2.800435822396346602e-15
4.213349999999999795e+02 2.888540560882203753e-15
4.206990000000000123e+02 3.316208962173351327e-15
4.200640000000000214e+02 3.341399344693674209e-15
4.194289999999999736e+02 3.705146069840722459e-15
4.187930000000000064e+02 2.991689537833322516e-15
4.181569999999999823e+02 2.833084525563012643e-15
4.175219999999999914e+02 3.012134224938202537e-15
4.168860000000000241e+02 3.679759739326885214e-15
4.162500000000000000e+02 4.009308062506364152e-15
4.156150000000000091e+02 4.063430149129225963e-15
4.149789999999999850e+02 4.178062061256527939e-15
4.143430000000000177e+02 4.292275480793615004e-15
4.137069999999999936e+02 3.860286931225159381e-15
4.130710000000000264e+02 4.489306224276112304e-15
4.124350000000000023e+02 4.783701534960445459e-15
4.117989999999999782e+02 5.016778871382928041e-15
4.111630000000000109e+02 4.827284092047519909e-15
4.105260000000000105e+02 4.638540531135323622e-15
4.098899999999999864e+02 4.780482026191874518e-15
4.092540000000000191e+02 4.113195032418208108e-15
4.086170000000000186e+02 4.165720459517251925e-15
4.079809999999999945e+02 4.427077591818809324e-15
4.073439999999999941e+02 4.240490825874353167e-15
4.067080000000000268e+02 4.054548396549777869e-15
4.060710000000000264e+02 4.522374950599674762e-15
4.054350000000000023e+02 3.862336060105115994e-15
4.047980000000000018e+02 3.944333591685787160e-15
4.041610000000000014e+02 3.819195423700109726e-15
4.035240000000000009e+02 4.107328320975554238e-15
4.028879999999999768e+02 3.482024753580085533e-15
4.022509999999999764e+02 3.769501150144117794e-15
4.016139999999999759e+02 3.117702560390469275e-15
4.009769999999999754e+02 3.170689328383885490e-15
4.003399999999999750e+02 2.492831572366819408e-15
3.997029999999999745e+02 3.013442396370127814e-15
3.990649999999999977e+02 2.833260581199371604e-15
3.984279999999999973e+02 2.276234613119789741e-15
3.977909999999999968e+02 2.127199891019623185e-15
3.971519999999999868e+02 2.064748364959032257e-15
3.965149999999999864e+02 1.627825520909004702e-15
3.958770000000000095e+02 1.855613797568337737e-15
3.952400000000000091e+02 1.218678383859647928e-15
3.946019999999999754e+02 1.676510231334237189e-15
3.939649999999999750e+02 1.185501311501534410e-15
3.933269999999999982e+02 1.126049258962142014e-15
3.926890000000000214e+02 1.781647718739512771e-15
3.920520000000000209e+02 1.664289465007580134e-15
3.914139999999999873e+02 2.173981846689099050e-15
3.907760000000000105e+02 2.198200254120602374e-15
3.901379999999999768e+02 2.931948925683016323e-15
3.895000000000000000e+02 3.578536607335518740e-15
3.888609999999999900e+02 3.233161726789576666e-15
3.882230000000000132e+02 3.311665070482230406e-15
3.875849999999999795e+02 3.643657658516614273e-15
3.869460000000000264e+02 3.946266122138547518e-15
3.863079999999999927e+02 4.303956167233004631e-15
3.856700000000000159e+02 4.520120173017709831e-15
3.850319999999999823e+02 4.763428139419519580e-15
3.843929999999999723e+02 4.307800480305922842e-15
3.837549999999999955e+02 4.578290855958340112e-15
3.831159999999999854e+02 4.431037627870829655e-15
3.824759999999999991e+02 4.366864722279344228e-15
3.818380000000000223e+02 4.192560646404945016e-15
3.811990000000000123e+02 3.493388385681629512e-15
3.805600000000000023e+02 3.873470395349934887e-15
3.799220000000000255e+02 3.700868408974289144e-15
3.792830000000000155e+02 3.281279455490847442e-15
3.786440000000000055e+02 3.549506818477955348e-15
3.780049999999999955e+02 3.268445571587484456e-15
3.773650000000000091e+02 3.372365253678926667e-15
3.767259999999999991e+02 4.375925583993176135e-15
3.760860000000000127e+02 4.285764842781802379e-15
3.754470000000000027e+02 5.174848852562747451e-15
3.748079999999999927e+02 5.110433940478922757e-15
3.741689999999999827e+02 5.371374141682773230e-15
3.735299999999999727e+02 5.658733322813290729e-15
3.728890000000000100e+02 5.729378083172427378e-15
3.722500000000000000e+02 5.287163005602394660e-15
3.716100000000000136e+02 5.976052181204354092e-15
3.709710000000000036e+02 5.481666848444651433e-15
3.703310000000000173e+02 5.257509633813694186e-15
3.696909999999999741e+02 5.086656145782884899e-15
3.690500000000000114e+02 5.209976017369722613e-15
3.684110000000000014e+02 4.933719057973474909e-15
3.677710000000000150e+02 4.817810888973194115e-15
3.671309999999999718e+02 4.596228752188097779e-15
3.664909999999999854e+02 5.275717955347424636e-15
3.658509999999999991e+02 4.868875223590087459e-15
3.652099999999999795e+02 4.859657109908519245e-15
3.645699999999999932e+02 5.455223856411758512e-15
3.639300000000000068e+02 5.339556244755249809e-15
3.632900000000000205e+02 5.276447998459538797e-15
3.626490000000000009e+02 5.396725611521926897e-15
3.620079999999999814e+02 5.255950515930146335e-15
3.613670000000000186e+02 5.167360526112765142e-15
3.607269999999999754e+02 4.793293278315709821e-15
3.600869999999999891e+02 4.939628732438233762e-15
3.594460000000000264e+02 4.464004224668057576e-15
3.588039999999999736e+02 4.118091084327372650e-15
3.581639999999999873e+02 3.981246887987930117e-15
3.575230000000000246e+02 3.664424843022130476e-15
3.568829999999999814e+02 4.119232723267976192e-15
3.562420000000000186e+02 3.982879581124055617e-15
3.556000000000000227e+02 4.052084053365607433e-15
3.549590000000000032e+02 4.248228209088285383e-15
3.543179999999999836e+02 3.831792508802960602e-15
3.536770000000000209e+02 3.951587727367771133e-15
3.530350000000000250e+02 4.527372186365388503e-15
3.523940000000000055e+02 4.670294462541382846e-15
3.517520000000000095e+02 4.660852092515923959e-15
3.511109999999999900e+02 3.767964110178250857e-15
3.504689999999999941e+02 4.087921894371960249e-15
3.498269999999999982e+02 4.205243475581417150e-15
3.491859999999999786e+02 4.121442681412160893e-15
3.485450000000000159e+02 4.038221830404971250e-15
3.479019999999999868e+02 3.954528664237951128e-15
3.472599999999999909e+02 3.697390568647101783e-15
3.466190000000000282e+02 3.640011886912985538e-15
3.459769999999999754e+02 3.533169043571151581e-15
3.453340000000000032e+02 3.848125614512098676e-15
3.446929999999999836e+02 4.037983491433007206e-15
3.440509999999999877e+02 3.881487868220191232e-15
3.434089999999999918e+02 3.824164067159837517e-15
3.427660000000000196e+02 3.570596300147740981e-15
3.421240000000000236e+02 4.078300936159759494e-15
3.414820000000000277e+02 4.192144150611082777e-15
3.408399999999999750e+02 4.158738785446030267e-15
3.401970000000000027e+02 4.369715587074389762e-15
3.395539999999999736e+02 4.409116520891286586e-15
3.389119999999999777e+02 4.278342625342820351e-15
3.382690000000000055e+02 4.390931261556762081e-15
3.376259999999999764e+02 4.985630898213605897e-15
3.369839999999999804e+02 5.361020548597199803e-15
3.363419999999999845e+02 5.133297971949340359e-15
3.356979999999999791e+02 4.810089017833923056e-15
3.350550000000000068e+02 4.728071666911896727e-15
3.344130000000000109e+02 4.503103773039685637e-15
3.337690000000000055e+02 4.564755837700304411e-15
3.331259999999999764e+02 4.674210100572035249e-15
3.324830000000000041e+02 5.305495154893329452e-15
3.318389999999999986e+02 5.010296024006862883e-15
3.311960000000000264e+02 5.401338873624219214e-15
3.305539999999999736e+02 5.224423300588625128e-15
3.299110000000000014e+02 5.542930705978469337e-15
3.292660000000000196e+02 5.742752310891161237e-15
3.286229999999999905e+02 6.058786080600725373e-15
3.279800000000000182e+02 5.952344991062397529e-15
3.273360000000000127e+02 5.775519176965070434e-15
3.266929999999999836e+02 5.227249208789927636e-15
3.260489999999999782e+02 5.122928374400455554e-15
3.254049999999999727e+02 4.995712193803424694e-15
3.247610000000000241e+02 5.262714657351419850e-15
3.241179999999999950e+02 5.066467385349687194e-15
3.234730000000000132e+02 5.193581868552763607e-15
3.228290000000000077e+02 5.205003565946215110e-15
3.221840000000000259e+02 5.630028959903675240e-15
3.215409999999999968e+02 5.663170419585076522e-15
3.208969999999999914e+02 6.130155487989405189e-15
3.202520000000000095e+02 6.390742773473814158e-15
3.196080000000000041e+02 6.353614813079882811e-15
3.189639999999999986e+02 6.543780717756743730e-15
3.183190000000000168e+02 6.823714280878553423e-15
3.176750000000000114e+02 6.401870272039139160e-15
3.170310000000000059e+02 5.734450455752672546e-15
3.163860000000000241e+02 5.720757348143116072e-15
3.157420000000000186e+02 5.573718932744138222e-15
3.150980000000000132e+02 5.225327945345516762e-15
3.144519999999999982e+02 5.123888689593304299e-15
3.138079999999999927e+02 4.956390241077317379e-15
3.131619999999999777e+02 4.856206794853198373e-15
3.125179999999999723e+02 4.711928919319567460e-15
3.118729999999999905e+02 4.767454656370518562e-15
3.112269999999999754e+02 5.552280379672446313e-15
3.105830000000000268e+02 5.208957235607929194e-15
3.099370000000000118e+02 5.065012489115368408e-15
3.092919999999999732e+02 5.119477442757702893e-15
3.086469999999999914e+02 4.976407683520789130e-15
3.080009999999999764e+02 5.423715232135000542e-15
3.073570000000000277e+02 5.672532240033164787e-15
3.067099999999999795e+02 5.746939921973629280e-15
3.060649999999999977e+02 5.646644685151211748e-15
3.054200000000000159e+02 5.611686990838380100e-15
3.047740000000000009e+02 5.577421976694112968e-15
3.041290000000000191e+02 5.543234112272742186e-15
3.034820000000000277e+02 6.131809006302660134e-15
3.028369999999999891e+02 6.503430197415844728e-15
3.021920000000000073e+02 6.787177042606717218e-15
3.015450000000000159e+02 6.579789748705827555e-15
3.008999999999999773e+02 6.138347259390974673e-15
3.002529999999999859e+02 6.740236688611988047e-15
2.996080000000000041e+02 6.470039892535454697e-15
2.989610000000000127e+02 6.158395246140929637e-15
2.983149999999999977e+02 6.692774045116561445e-15
2.976700000000000159e+02 6.403531917300759959e-15
2.970230000000000246e+02 6.429993051744993876e-15
2.963770000000000095e+02 6.016426650584830352e-15
2.957300000000000182e+02 5.877215712716685162e-15
2.950840000000000032e+02 6.050743890860631741e-15
2.944370000000000118e+02 5.599587938557021466e-15
2.937909999999999968e+02 5.772917191311524299e-15
2.931429999999999723e+02 6.752156773542482685e-15
2.924970000000000141e+02 6.715319365241623110e-15
2.918500000000000227e+02 6.390239617273894271e-15
2.912040000000000077e+02 6.271952951452497188e-15
2.905570000000000164e+02 6.563559603765677798e-15
2.899100000000000250e+02 6.936743641877075710e-15
2.892629999999999768e+02 7.490454196528955314e-15
2.886159999999999854e+02 7.818508562257510445e-15
2.879689999999999941e+02 8.042915411939231701e-15
2.873210000000000264e+02 8.063774470032606444e-15
2.866750000000000114e+02 7.963061405477232655e-15
2.860269999999999868e+02 8.386775387792946473e-15
2.853799999999999955e+02 8.526850306594328167e-15
2.847320000000000277e+02 8.425578210113513399e-15
2.840849999999999795e+02 8.824478626176691373e-15
2.834370000000000118e+02 9.002312332112217392e-15
2.827900000000000205e+02 9.397395543447016110e-15
2.821419999999999959e+02 9.731595346557448731e-15
2.814950000000000045e+02 9.884917898607847544e-15
2.808469999999999800e+02 1.025572631852949994e-14
2.801990000000000123e+02 9.914785180290694070e-15
2.795509999999999877e+02 9.693218105378154385e-15
2.789039999999999964e+02 9.806551036353385330e-15
2.782549999999999955e+02 9.800837986605945370e-15
2.776080000000000041e+02 9.815164741713695261e-15
2.769590000000000032e+02 9.673475126442138363e-15
2.763120000000000118e+02 9.862118673421635708e-15
2.756630000000000109e+02 9.682504560968388118e-15
2.750149999999999864e+02 9.850297471433968085e-15
2.743659999999999854e+02 1.067275703484631731e-14
2.737189999999999941e+02 1.129794953119419794e-14
2.730699999999999932e+02 1.146086002088322190e-14
2.724220000000000255e+02 1.129722863975287218e-14
2.717730000000000246e+02 1.103958393908145854e-14
2.711240000000000236e+02 1.083979036104950460e-14
2.704759999999999991e+02 1.050867426138701276e-14
2.698260000000000218e+02 1.068918122019361374e-14
2.691779999999999973e+02 1.103856953524698989e-14
2.685289999999999964e+02 1.050185672938053398e-14
2.678809999999999718e+02 1.036133630205907086e-14
2.672309999999999945e+02 1.018496120740051273e-14
2.665830000000000268e+02 1.040047643103933488e-14
2.659329999999999927e+02 1.111759369801767005e-14
2.652839999999999918e+02 1.142263237869170215e-14
2.646349999999999909e+02 1.191067276555782349e-14
2.639850000000000136e+02 1.160220366329801919e-14
2.633369999999999891e+02 1.146039947811044138e-14
2.626870000000000118e+02 1.176066758860424148e-14
2.620380000000000109e+02 1.149143740822133490e-14
2.613879999999999768e+02 1.195347561229070172e-14
2.607400000000000091e+02 1.170340353993963732e-14
2.600899999999999750e+02 1.118085377188491879e-14
2.594390000000000214e+02 1.145865822616519354e-14
2.587900000000000205e+02 1.122859008613682793e-14
2.581399999999999864e+02 1.125223038097853004e-14
2.574909999999999854e+02 1.114984102047235607e-14
2.568410000000000082e+02 1.167506547937501295e-14
2.561899999999999977e+02 1.207249138750072024e-14
2.555409999999999968e+02 1.184307950416741415e-14
2.548899999999999864e+02 1.209506903301225088e-14
2.542410000000000139e+02 1.207982924852431877e-14
2.535910000000000082e+02 1.167490485070976139e-14
2.529399999999999977e+02 1.167760711088679066e-14
2.522899999999999920e+02 1.183931168074030571e-14
2.516399999999999864e+02 1.220939361471273820e-14
2.509900000000000091e+02 1.166815539633077433e-14
2.503389999999999986e+02 1.170520408212338185e-14
2.496879999999999882e+02 1.196834564275254209e-14
2.490380000000000109e+02 1.202090786742526008e-14
2.483870000000000005e+02 1.238516289059960819e-14
2.477359999999999900e+02 1.271217647775740221e-14
2.470860000000000127e+02 1.255593172372473710e-14
2.464350000000000023e+02 1.293171509154556974e-14
2.457849999999999966e+02 1.238209891901662727e-14
2.451330000000000098e+02 1.267075503851258632e-14
2.444819999999999993e+02 1.243040568772115278e-14
2.438319999999999936e+02 1.222570711300483444e-14
2.431800000000000068e+02 1.207189702715644845e-14
2.425289999999999964e+02 1.203713499800013969e-14
2.418779999999999859e+02 1.250614766976132966e-14
2.412270000000000039e+02 1.282207388998156097e-14
2.405749999999999886e+02 1.251779630706317722e-14
2.399240000000000066e+02 1.304733534951817201e-14
2.392719999999999914e+02 1.300959087518353942e-14
2.386200000000000045e+02 1.325300188584962553e-14
2.379699999999999989e+02 1.318105295619662561e-14
2.373180000000000121e+02 1.353732751018324280e-14
2.366670000000000016e+02 1.349780524148464253e-14
2.360149999999999864e+02 1.347378910192024930e-14
2.353629999999999995e+02 1.372777520864020266e-14
2.347100000000000080e+02 1.422383539516592866e-14
2.340600000000000023e+02 1.413251839301706463e-14
2.334070000000000107e+02 1.405808323873142179e-14
2.327549999999999955e+02 1.458048868752055479e-14
2.321040000000000134e+02 1.497042516968876820e-14
2.314509999999999934e+02 1.487749533544658610e-14
2.307980000000000018e+02 1.524767743951917011e-14
2.301469999999999914e+02 1.520158113239505289e-14
2.294939999999999998e+02 1.499653852026026808e-14
2.288420000000000130e+02 1.468174831402427559e-14
2.281899999999999977e+02 1.518926650601979977e-14
2.275370000000000061e+02 1.556758615999993936e-14
2.268839999999999861e+02 1.577117573649034363e-14
2.262330000000000041e+02 1.611290217694550689e-14
2.255800000000000125e+02 1.656221116756731268e-14
2.249269999999999925e+02 1.652668238557612734e-14
2.242729999999999961e+02 1.659976824265512345e-14
2.236220000000000141e+02 1.694925903491011542e-14
2.229679999999999893e+02 1.703526735691970573e-14
2.223149999999999977e+02 1.715034685812277184e-14
2.216630000000000109e+02 1.689826078810820588e-14
2.210099999999999909e+02 1.661573278134494572e-14
2.203559999999999945e+02 1.631981525611188314e-14
2.197019999999999982e+02 1.617737193227143196e-14
2.190500000000000114e+02 1.623182096622664101e-14
2.183969999999999914e+02 1.621006518368128452e-14
2.177429999999999950e+02 1.614330939621512281e-14
2.170889999999999986e+02 1.622632731751671875e-14
2.164370000000000118e+02 1.595037530868005379e-14
2.157829999999999870e+02 1.616678078470305721e-14
2.151289999999999907e+02 1.599572907488060853e-14
2.144749999999999943e+02 1.638705277650065779e-14
2.138220000000000027e+02 1.637804029982292413e-14
2.131680000000000064e+02 1.639784371693083721e-14
2.125140000000000100e+02 1.647595977271052257e-14
2.118600000000000136e+02 1.620334020845803202e-14
2.112069999999999936e+02 1.649884999634661581e-14
2.105529999999999973e+02 1.635742955939287185e-14
2.098979999999999961e+02 1.623117990126876564e-14
2.092439999999999998e+02 1.600419442213602414e-14
2.085910000000000082e+02 1.596555780383175167e-14
2.079360000000000070e+02 1.589797074485832898e-14
2.072820000000000107e+02 1.580196628579409712e-14
2.066270000000000095e+02 1.545074606844921264e-14
2.059739999999999895e+02 1.568178677544897245e-14
2.053189999999999884e+02 1.561440866654160449e-14
2.046639999999999873e+02 1.543513687801578759e-14
2.040089999999999861e+02 1.543856149052061061e-14
2.033540000000000134e+02 1.539971778478933203e-14
2.027009999999999934e+02 1.495804472067129097e-14
2.020459999999999923e+02 1.479557569683271606e-14
2.013909999999999911e+02 1.446828283085896734e-14
2.007350000000000136e+02 1.474857377112642698e-14
2.000800000000000125e+02 1.460143362844883246e-14
1.994259999999999877e+02 1.429086985008549464e-14
1.987709999999999866e+02 1.425455860661529811e-14
1.981160000000000139e+02 1.412345471919188803e-14
1.974600000000000080e+02 1.429004603846557351e-14
1.968050000000000068e+02 1.398349196114822965e-14
1.961510000000000105e+02 1.389442863946387346e-14
1.954950000000000045e+02 1.417964737642934699e-14
1.948389999999999986e+02 1.387564769549735963e-14
1.941839999999999975e+02 1.369326153716144268e-14
1.935279999999999916e+02 1.378980549702856209e-14
1.928739999999999952e+02 1.392480767267994783e-14
1.922179999999999893e+02 1.384847977553183168e-14
1.915620000000000118e+02 1.416511412859652374e-14
1.909060000000000059e+02 1.460992582534762290e-14
1.902500000000000000e+02 1.477810041997029070e-14
1.895939999999999941e+02 1.452961055735641326e-14
1.889389999999999930e+02 1.485040790406489635e-14
1.882829999999999870e+02 1.507893295386204381e-14
1.876270000000000095e+02 1.533085805010899647e-14
1.869699999999999989e+02 1.522329951277265475e-14
1.863139999999999930e+02 1.516678288706325719e-14
1.856570000000000107e+02 1.488190665974389422e-14
1.850010000000000048e+02 1.467493246007975143e-14
1.843460000000000036e+02 1.484630715413583854e-14
1.836889999999999930e+02 1.510379759978526679e-14
1.830329999999999870e+02 1.534608589387427419e-14
1.823760000000000048e+02 1.546220359399424615e-14
1.817189999999999941e+02 1.532921873813114874e-14
1.810620000000000118e+02 1.603601374809225048e-14
1.804050000000000011e+02 1.655240310098582918e-14
1.797500000000000000e+02 1.674527425398013307e-14
1.790929999999999893e+02 1.716894825478588281e-14
1.784360000000000070e+02 1.716335771334648297e-14
1.777789999999999964e+02 1.732675765160400545e-14
1.771220000000000141e+02 1.737951826134453370e-14
1.764650000000000034e+02 1.744381704645215020e-14
1.758069999999999879e+02 1.755454754937586123e-14
1.751500000000000057e+02 1.737828276912538591e-14
1.744939999999999998e+02 1.751091236666048117e-14
1.738369999999999891e+02 1.785535227731839644e-14
1.731790000000000020e+02 1.805499466053064415e-14
1.725219999999999914e+02 1.832303341315807767e-14
1.718640000000000043e+02 1.867000575886962209e-14
1.712059999999999889e+02 1.893194439810878302e-14
1.705490000000000066e+02 1.913373755795648306e-14
1.698909999999999911e+02 1.922899229244931892e-14
1.692330000000000041e+02 1.913916605467627719e-14
1.685749999999999886e+02 1.902647235920229092e-14
1.679190000000000111e+02 1.922210021265072850e-14
1.672609999999999957e+02 1.910876422625554248e-14
1.666030000000000086e+02 1.945920848062797154e-14
1.659449999999999932e+02 1.914201215059861923e-14
1.652870000000000061e+02 1.873722065053963872e-14
1.646279999999999859e+02 1.874790180373220948e-14
1.639699999999999989e+02 1.894696637435147288e-14
1.633120000000000118e+02 1.926566901100671423e-14
1.626539999999999964e+02 1.928339706991288122e-14
1.619950000000000045e+02 1.902563642188781545e-14
1.613369999999999891e+02 1.893360801933771496e-14
1.606779999999999973e+02 1.864553559411698505e-14
1.600190000000000055e+02 1.865184656483792318e-14
1.593609999999999900e+02 1.876569686089829819e-14
1.587040000000000077e+02 1.877058674755909572e-14
1.580449999999999875e+02 1.887038764388345394e-14
1.573859999999999957e+02 1.876644935390202671e-14
1.567270000000000039e+02 1.887479072975464833e-14
1.560680000000000121e+02 1.877058732504555127e-14
1.554089999999999918e+02 1.878213885232382779e-14
1.547500000000000000e+02 1.884508291563429703e-14
1.540910000000000082e+02 1.874027688462892048e-14
1.534319999999999879e+02 1.873915970714443932e-14
1.527729999999999961e+02 1.872707471552786465e-14
1.521140000000000043e+02 1.858075996087124344e-14
1.514540000000000077e+02 1.854758921020774558e-14
1.507949999999999875e+02 1.851389331360271766e-14
1.501359999999999957e+02 1.910807782364763195e-14
1.494759999999999991e+02 1.929277528695980221e-14
1.488170000000000073e+02 1.935430638548024056e-14
1.481570000000000107e+02 1.973431213962740344e-14
1.474970000000000141e+02 1.969221267865480448e-14
1.468379999999999939e+02 1.988724653996637687e-14
1.461779999999999973e+02 1.998112492708692744e-14
1.455180000000000007e+02 2.029871753512563150e-14
1.448580000000000041e+02 2.038806652702896822e-14
1.441980000000000075e+02 1.997030573106398015e-14
1.435380000000000109e+02 2.016493190586073928e-14
1.428779999999999859e+02 2.027012816894584421e-14
1.422179999999999893e+02 2.054594053950752383e-14
1.415579999999999927e+02 2.062754158862801511e-14
1.408979999999999961e+02 2.065989126026828637e-14
1.402379999999999995e+02 2.067202431200503693e-14
1.395769999999999982e+02 2.064540345381105482e-14
1.389170000000000016e+02 2.089881780131374948e-14
1.382560000000000002e+02 2.144585757792655229e-14
1.375960000000000036e+02 2.175538399132934401e-14
1.369350000000000023e+02 2.200553869607780967e-14
1.362750000000000057e+02 2.208728235043001973e-14
1.356140000000000043e+02 2.238586068071840018e-14
1.349540000000000077e+02 2.265307189615178107e-14
1.342930000000000064e+02 2.316899992477126506e-14
1.336320000000000050e+02 2.366938733947678477e-14
1.329710000000000036e+02 2.396711299629356871e-14
1.323100000000000023e+02 2.414504343593641275e-14
1.316490000000000009e+02 2.466438978651069710e-14
1.309879999999999995e+02 2.481668194398526813e-14
1.303269999999999982e+02 2.490506851700128972e-14
1.296659999999999968e+02 2.539981992822211917e-14
1.290049999999999955e+02 2.559402876106739991e-14
1.283420000000000130e+02 2.561224728284815085e-14
1.276809999999999974e+02 2.568917472319428952e-14
1.270190000000000055e+02 2.599331377937127908e-14
1.263580000000000041e+02 2.572578883146218888e-14
1.256959999999999980e+02 2.537509148324629678e-14
1.250349999999999966e+02 2.544574782101237060e-14
1.243730000000000047e+02 2.541428088187586223e-14
1.237120000000000033e+02 2.529046023438113736e-14
1.230499999999999972e+02 2.533123133697833159e-14
1.223880000000000052e+02 2.526334884069629677e-14
1.217259999999999991e+02 2.481204742392876181e-14
1.210639999999999930e+02 2.425898392039905840e-14
1.204030000000000058e+02 2.421027007206208757e-14
1.197409999999999997e+02 2.403223254925372808e-14
1.190780000000000030e+02 2.341668699839805033e-14
1.184150000000000063e+02 2.322541433160813050e-14
1.177530000000000001e+02 2.287850071499166527e-14
1.170909999999999940e+02 2.241666972008702152e-14
1.164279999999999973e+02 2.196627470543364415e-14
1.157660000000000053e+02 2.175970915679293853e-14
1.151039999999999992e+02 2.148471519754020257e-14
1.144410000000000025e+02 2.105108137509788604e-14
1.137789999999999964e+02 2.064382547400565745e-14
1.131159999999999997e+02 2.053461413110223693e-14
1.124539999999999935e+02 2.030520645164452641e-14
1.117890000000000015e+02 2.005386052424808178e-14
1.111269999999999953e+02 1.998301417545940233e-14
1.104639999999999986e+02 1.969756768585706496e-14
1.098010000000000019e+02 1.945086473592326528e-14
1.091380000000000052e+02 1.914763121660355905e-14
1.084749999999999943e+02 1.899849126710644535e-14
1.078119999999999976e+02 1.843335307195730342e-14
1.071490000000000009e+02 1.809529516937886324e-14
1.064849999999999994e+02 1.730455374244123425e-14
1.058209999999999980e+02 1.663669376381139199e-14
1.051580000000000013e+02 1.580826260618869086e-14
1.044950000000000045e+02 1.553169479686771938e-14
1.038319999999999936e+02 1.489823926363090253e-14
1.031680000000000064e+02 1.434003370844979105e-14
1.025049999999999955e+02 1.382213406382363769e-14
1.018400000000000034e+02 1.360059613028593217e-14
1.011760000000000019e+02 1.323335030049938396e-14
1.005130000000000052e+02 1.331766760067383607e-14
9.984900000000000375e+01 1.329331144582002129e-14
9.918529999999999802e+01 1.320890685405592290e-14
9.852150000000000318e+01 1.307820659591357645e-14
9.785769999999999413e+01 1.339662261770738470e-14
9.719230000000000302e+01 1.378760600512772757e-14
9.652830000000000155e+01 1.415193007301855059e-14
9.586430000000000007e+01 1.443306549630879526e-14
9.520029999999999859e+01 1.481633150233903690e-14
9.453610000000000468e+01 1.537443724612254622e-14
9.387199999999999989e+01 1.592299271987994239e-14
9.320619999999999550e+01 1.627168273781696596e-14
9.254200000000000159e+01 1.667365727404316393e-14
9.187760000000000105e+01 1.669049897772081472e-14
9.121320000000000050e+01 1.682022087114277630e-14
9.054879999999999995e+01 1.680816294099549437e-14
8.988280000000000314e+01 1.712199247159287418e-14
8.921819999999999595e+01 1.714542631016356527e-14
8.855360000000000298e+01 1.702000624105996571e-14
8.788890000000000668e+01 1.688284086623863652e-14
8.722419999999999618e+01 1.716149867557272440e-14
8.655939999999999657e+01 1.737054381680398304e-14
8.589300000000000068e+01 1.768302689813379598e-14
8.522809999999999775e+01 1.776220462647323692e-14
8.456319999999999482e+01 1.796658485903092941e-14
8.389820000000000277e+01 1.791027757247013023e-14
8.323160000000000025e+01 1.804526215354687531e-14
8.256650000000000489e+01 1.806639598861653302e-14
8.190130000000000621e+01 1.823652475894455528e-14
8.123609999999999332e+01 1.826169078737476182e-14
8.057080000000000553e+01 1.800191771023814377e-14
7.990389999999999304e+01 1.802884417973463010e-14
7.923850000000000193e+01 1.815211248327535224e-14
7.857299999999999329e+01 1.832779393318292798e-14
7.790749999999999886e+01 1.842058655327714479e-14
7.724039999999999395e+01 1.842266038549945801e-14
7.657479999999999620e+01 1.851765259156129870e-14
7.590909999999999513e+01 1.829769941894785757e-14
7.524339999999999407e+01 1.839145952776525345e-14
7.457760000000000389e+01 1.837257139693230850e-14
7.391020000000000323e+01 1.803860881232997413e-14
7.324429999999999552e+01 1.788686904653505515e-14
7.257829999999999870e+01 1.751022215631752194e-14
7.191230000000000189e+01 1.726069599259673737e-14
7.124469999999999459e+01 1.717180068589338593e-14
7.057850000000000534e+01 1.696593100160237507e-14
6.991230000000000189e+01 1.701864216301259786e-14
6.924609999999999843e+01 1.672054335127627155e-14
6.857829999999999870e+01 1.662379143042554315e-14
6.791190000000000282e+01 1.649010227581692765e-14
6.724550000000000693e+01 1.627176841501090603e-14
6.657750000000000057e+01 1.614176769953200828e-14
6.591100000000000136e+01 1.585992430589004807e-14
6.524439999999999884e+01 1.573489375505722682e-14
6.457769999999999300e+01 1.551998263371130472e-14
6.390950000000000131e+01 1.525105090976418090e-14
6.324269999999999925e+01 1.511374110901161875e-14
6.257589999999999719e+01 1.505391719986776600e-14
6.190899999999999892e+01 1.496353905653967461e-14
6.124060000000000059e+01 1.481922367695271351e-14
6.057359999999999900e+01 1.470639252151228488e-14
5.990659999999999741e+01 1.460444610342505420e-14
5.923799999999999955e+01 1.427109805070669776e-14
5.857079999999999842e+01 1.391544405932384565e-14
5.790359999999999729e+01 1.381108211836440656e-14
5.723629999999999995e+01 1.359281019030963032e-14
5.656750000000000256e+01 1.327896416828826646e-14
5.590010000000000190e+01 1.316357083284625283e-14
5.523270000000000124e+01 1.294935976465606009e-14
5.456360000000000099e+01 1.280781228396876290e-14
5.389609999999999701e+01 1.271896369939353835e-14
5.322849999999999682e+01 1.272605264320155303e-14
5.255930000000000035e+01 1.279761395026464566e-14
5.189159999999999684e+01 1.252372476460998464e-14
5.122379999999999711e+01 1.244710536764155406e-14
5.055440000000000111e+01 1.233154582843811432e-14
4.988660000000000139e+01 1.213671716365810919e-14
4.921860000000000213e+01 1.192998011480756273e-14
4.854910000000000281e+01 1.174288552341901961e-14
4.788100000000000023e+01 1.166969675922895007e-14
4.721289999999999765e+01 1.151366777186321412e-14
4.654319999999999879e+01 1.128417491416460775e-14
4.587500000000000000e+01 1.116777187314772865e-14
4.520669999999999789e+01 1.086989992946878678e-14
4.453679999999999950e+01 1.070074159297839180e-14
4.386840000000000117e+01 1.055230585042165369e-14
4.320000000000000284e+01 1.051632933429081677e-14
4.252989999999999782e+01 1.030096671743748516e-14
4.186129999999999995e+01 1.006049125280785108e-14
4.119270000000000209e+01 9.744525300628768545e-15
4.052250000000000085e+01 9.557483658648696435e-15
3.985379999999999967e+01 9.423858716879828215e-15
3.918500000000000227e+01 9.335368029984836943e-15
3.851460000000000150e+01 9.173680037254911168e-15
3.784570000000000078e+01 8.992706846878688732e-15
3.717519999999999669e+01 8.761310624185629163e-15
3.650619999999999976e+01 8.556634926608523147e-15
3.583709999999999951e+01 8.428408906018220857e-15
3.516640000000000299e+01 8.289568691753750362e-15
3.449719999999999942e+01 8.076266972319645826e-15
3.382800000000000296e+01 7.920133107434216306e-15
3.315709999999999980e+01 7.692299370068033825e-15
3.248780000000000001e+01 7.391787352291272372e-15
3.181680000000000064e+01 7.198165986994099861e-15
3.114730000000000132e+01 7.051354923056449850e-15
3.047779999999999845e+01 6.945913351207488367e-15
2.980669999999999931e+01 6.646160691002972525e-15
2.913700000000000045e+01 6.487948924688008904e-15
2.846730000000000160e+01 6.352329027310563138e-15
2.779599999999999937e+01 6.100032068359011807e-15
2.712620000000000076e+01 5.914796242828327138e-15
2.645479999999999876e+01 5.751676881128182504e-15
2.578490000000000038e+01 5.556393690051953270e-15
2.511329999999999885e+01 5.304458069104788583e-15
2.444330000000000069e+01 5.046090383165638711e-15
2.377319999999999922e+01 4.896031216362996811e-15
2.310150000000000148e+01 4.626155245247988963e-15
2.243130000000000024e+01 4.415445793130336111e-15
2.175949999999999918e+01 4.208783010229911911e-15
2.108909999999999840e+01 3.988079611922253638e-15
2.041870000000000118e+01 3.806311397033305414e-15
1.974680000000000035e+01 3.557317678983460044e-15
1.907629999999999981e+01 3.369135502503750024e-15
1.840419999999999945e+01 3.197184133526131395e-15
1.773349999999999937e+01 2.999658899099600193e-15
1.706129999999999924e+01 2.870934298576381286e-15
1.639059999999999917e+01 2.681138987133328974e-15
1.571979999999999933e+01 2.529175319599437992e-15
1.504739999999999966e+01 2.407778526408919893e-15
1.437650000000000006e+01 2.268316368371365117e-15
1.370410000000000039e+01 2.165314744989627277e-15
1.303299999999999947e+01 2.021773828393983933e-15
1.236040000000000028e+01 1.898628125089035764e-15
1.168929999999999936e+01 1.774027262102444727e-15
1.101660000000000039e+01 1.687242747212880543e-15
1.034529999999999994e+01 1.658284172420819503e-15
9.672489999999999810e+00 1.606431379204665014e-15
9.001129999999999853e+00 1.552693778758491005e-15
8.329710000000000392e+00 1.481137653396567114e-15
7.656710000000000349e+00 1.444343551215748910e-15
6.985170000000000101e+00 1.503476213891963427e-15
6.312050000000000161e+00 1.533011312247166921e-15
5.640399999999999636e+00 1.531898526265656496e-15
4.967170000000000307e+00 1.471135105254116328e-15
4.295410000000000394e+00 1.362732388982798298e-15
3.622059999999999835e+00 1.225400363681459314e-15
2.950180000000000025e+00 1.056244934395294611e-15
2.276720000000000077e+00 8.655116304776421031e-16
1.604729999999999990e+00 6.364083759389813504e-16
9.311519999999999797e-01 3.716119206085905464e-16
2.590439999999999965e-01 1.033900498385312839e-16
