4.498670000000000186e+02 1.459717835285078532e-15
4.492339999999999804e+02 1.155165400268295769e-15
4.486009999999999991e+02 1.016001615934154537e-15
4.479680000000000177e+02 1.422896980914331065e-15
4.473360000000000127e+02 1.379001301347576855e-15
4.467029999999999745e+02 1.307949390554809222e-15
4.460690000000000168e+02 1.548991974040925977e-15
4.454359999999999786e+02 1.396919511920561270e-15
4.448029999999999973e+02 1.353447703406826132e-15
4.441689999999999827e+02 1.471612151678031659e-15
4.435360000000000014e+02 1.616083986242241252e-15
4.429019999999999868e+02 1.893968645845805358e-15
4.422699999999999818e+02 1.635665784209555833e-15
4.416360000000000241e+02 1.845494766903831650e-15
4.410029999999999859e+02 1.828111316855412484e-15
4.403690000000000282e+02 1.664730852682946881e-15
4.397350000000000136e+02 1.661073308282423984e-15
4.391009999999999991e+02 1.617776157312603265e-15
4.384669999999999845e+02 1.310679193036602690e-15
4.378330000000000268e+02 1.399868443733841260e-15
4.371990000000000123e+02 1.291722996533651768e-15
4.365649999999999977e+02 1.380566909704870010e-15
4.359329999999999927e+02 1.076767866527911291e-15
4.352980000000000018e+02 8.916823032864056796e-16
4.346639999999999873e+02 8.766993438093194280e-16
4.340299999999999727e+02 9.136816389500955440e-16
4.333960000000000150e+02 9.116362677845175163e-16
4.327610000000000241e+02 1.245823857526401097e-15
4.321270000000000095e+02 1.126873312374846135e-15
4.314920000000000186e+02 9.312278745215912962e-16
4.308580000000000041e+02 8.392184332011907928e-16
4.302230000000000132e+02 9.270667636124239261e-16
4.295889999999999986e+02 1.065636967546279363e-15
4.289540000000000077e+02 8.845297430479041750e-16
4.283190000000000168e+02 9.971488736280912575e-16
4.276859999999999786e+02 9.950622610363666342e-16
4.270509999999999877e+02 8.533055906820458459e-16
4.264159999999999968e+02 7.122667849570566037e-16
4.257810000000000059e+02 8.493796233322387667e-16
4.251460000000000150e+02 9.481330589825364019e-16
4.245110000000000241e+02 1.134302238238515510e-15
4.238759999999999764e+02 1.144217190156788862e-15
4.232409999999999854e+02 1.254157510533263765e-15
4.226050000000000182e+02 1.101632422950818105e-15
4.219700000000000273e+02 1.124024138464576827e-15
4.213349999999999795e+02 1.158691962845209024e-15
4.206990000000000123e+02 1.329402920109033528e-15
4.200640000000000214e+02 1.338708032951382437e-15
4.194289999999999736e+02 1.483523390607709131e-15
4.187930000000000064e+02 1.197222026754469239e-15
4.181569999999999823e+02 1.133099621173345480e-15
4.175219999999999914e+02 1.203974871853612333e-15
4.168860000000000241e+02 1.469875931588200129e-15
4.162500000000000000e+02 1.600530581849083543e-15
4.156150000000000091e+02 1.621170283730200993e-15
4.149789999999999850e+02 1.665904380099180042e-15
4.143430000000000177e+02 1.710417477934817325e-15
4.137069999999999936e+02 1.537398288044601177e-15
4.130710000000000264e+02 1.786788081423869815e-15
4.124350000000000023e+02 1.902803118653758286e-15
4.117989999999999782e+02 1.994307687994350612e-15
4.111630000000000109e+02 1.917848840409334407e-15
4.105260000000000105e+02 1.841776204448342484e-15
4.098899999999999864e+02 1.896991966331834386e-15
4.092540000000000191e+02 1.631275730172107690e-15
4.086170000000000186e+02 1.651114175890236000e-15
4.079809999999999945e+02 1.753633592761716836e-15
4.073439999999999941e+02 1.678733059185838557e-15
4.067080000000000268e+02 1.604177389872677498e-15
4.060710000000000264e+02 1.788157825981292723e-15
4.054350000000000023e+02 1.526314827973360388e-15
4.047980000000000018e+02 1.557775154602919692e-15
4.041610000000000014e+02 1.507458477554827335e-15
4.035240000000000009e+02 1.620184693125570222e-15
4.028879999999999768e+02 1.372756143699777121e-15
4.022509999999999764e+02 1.485167208479208054e-15
4.016139999999999759e+02 1.227683587107833980e-15
4.009769999999999754e+02 1.247790290099836910e-15
4.003399999999999750e+02 9.805114830172272636e-16
3.997029999999999745e+02 1.184495231926173200e-15
3.990649999999999977e+02 1.113019048633339959e-15
3.984279999999999973e+02 8.937263890222616241e-16
3.977909999999999968e+02 8.347286877774455328e-16
3.971519999999999868e+02 8.097410611762549414e-16
3.965149999999999864e+02 6.380794607006989991e-16
3.958770000000000095e+02 7.268780426386804135e-16
3.952400000000000091e+02 4.772100658654920427e-16
3.946019999999999754e+02 6.559572471918022167e-16
3.939649999999999750e+02 4.636645038544179704e-16
3.933269999999999982e+02 4.401616906551086303e-16
3.926890000000000214e+02 6.958017084845404897e-16
3.920520000000000209e+02 6.495967343927789930e-16
3.914139999999999873e+02 8.479138680083993573e-16
3.907760000000000105e+02 8.568334541435291109e-16
3.901379999999999768e+02 1.142027940601921497e-15
3.895000000000000000e+02 1.392954890621829066e-15
3.888609999999999900e+02 1.257780956737346754e-15
3.882230000000000132e+02 1.287525711507492307e-15
3.875849999999999795e+02 1.415699494716210840e-15
3.869460000000000264e+02 1.532307138030322164e-15
3.863079999999999927e+02 1.670142443548392112e-15
3.856700000000000159e+02 1.752933928310840888e-15
3.850319999999999823e+02 1.846140958562966289e-15
3.843929999999999723e+02 1.668563498280997147e-15
3.837549999999999955e+02 1.772225506892450320e-15
3.831159999999999854e+02 1.714181970867712503e-15
3.824759999999999991e+02 1.688320999431300714e-15
3.818380000000000223e+02 1.619949487211597895e-15
3.811990000000000123e+02 1.349024276024832866e-15
3.805600000000000023e+02 1.494840751958629720e-15
3.799220000000000255e+02 1.427366914276903394e-15
3.792830000000000155e+02 1.264795853224584242e-15
3.786440000000000055e+02 1.367314740231518705e-15
3.780049999999999955e+02 1.258295716551801160e-15
3.773650000000000091e+02 1.297489200226799929e-15
3.767259999999999991e+02 1.682460812205649353e-15
3.760860000000000127e+02 1.646782102263115843e-15
3.754470000000000027e+02 1.987108690962458719e-15
3.748079999999999927e+02 1.961163175633519522e-15
3.741689999999999827e+02 2.060007091386530180e-15
3.735299999999999727e+02 2.168851262876508617e-15
3.728890000000000100e+02 2.194557602252227413e-15
3.722500000000000000e+02 2.023942257751534113e-15
3.716100000000000136e+02 2.286185880243152305e-15
3.709710000000000036e+02 2.095779407974911636e-15
3.703310000000000173e+02 2.008840548133361846e-15
3.696909999999999741e+02 1.942359191188993264e-15
3.690500000000000114e+02 1.988199575496626516e-15
3.684110000000000014e+02 1.881621038055283338e-15
3.677710000000000150e+02 1.836277104095278759e-15
3.671309999999999718e+02 1.750743675659715357e-15
3.664909999999999854e+02 2.008263725816091730e-15
3.658509999999999991e+02 1.852260706983242581e-15
3.652099999999999795e+02 1.847596367630730571e-15
3.645699999999999932e+02 2.072687872181663613e-15
3.639300000000000068e+02 2.027476981805352076e-15
3.632900000000000205e+02 2.002262752602732386e-15
3.626490000000000009e+02 2.046611576665794238e-15
3.620079999999999814e+02 1.991981259328044186e-15
3.613670000000000186e+02 1.957180361339789842e-15
3.607269999999999754e+02 1.814382225420790343e-15
3.600869999999999891e+02 1.868589250787887840e-15
3.594460000000000264e+02 1.687634606770237330e-15
3.588039999999999736e+02 1.555902764506956604e-15
3.581639999999999873e+02 1.503263683672275925e-15
3.575230000000000246e+02 1.382788257162356933e-15
3.568829999999999814e+02 1.553393410276540477e-15
3.562420000000000186e+02 1.501035371468926923e-15
3.556000000000000227e+02 1.526144535638983996e-15
3.549590000000000032e+02 1.598991798539511841e-15
3.543179999999999836e+02 1.441367553917794892e-15
3.536770000000000209e+02 1.485478946904504505e-15
3.530350000000000250e+02 1.700802466027802236e-15
3.523940000000000055e+02 1.753372447425188262e-15
3.517520000000000095e+02 1.748716739116989867e-15
3.511109999999999900e+02 1.412874086194783360e-15
3.504689999999999941e+02 1.531847713102974560e-15
3.498269999999999982e+02 1.574799583261762100e-15
3.491859999999999786e+02 1.542442519017419127e-15
3.485450000000000159e+02 1.510342241772536726e-15
3.479019999999999868e+02 1.478102171371853866e-15
3.472599999999999909e+02 1.381128980654192101e-15
3.466190000000000282e+02 1.358834046849923685e-15
3.459769999999999754e+02 1.318115842743669044e-15
3.453340000000000032e+02 1.434670637730337704e-15
3.446929999999999836e+02 1.504478236838097645e-15
3.440509999999999877e+02 1.445257590232985907e-15
3.434089999999999918e+02 1.423006450119891940e-15
3.427660000000000196e+02 1.327819393577023964e-15
3.421240000000000236e+02 1.515608051202591772e-15
3.414820000000000277e+02 1.556908152210564003e-15
3.408399999999999750e+02 1.543513486605272849e-15
3.401970000000000027e+02 1.620759684990553183e-15
3.395539999999999736e+02 1.634319235489142512e-15
3.389119999999999777e+02 1.584835343322164821e-15
3.382690000000000055e+02 1.625486570815386884e-15
3.376259999999999764e+02 1.844410157771653225e-15
3.369839999999999804e+02 1.981984937763234020e-15
3.363419999999999845e+02 1.896585596247901752e-15
3.356979999999999791e+02 1.776040274755569982e-15
3.350550000000000068e+02 1.744634466127351354e-15
3.344130000000000109e+02 1.660564426590752511e-15
3.337690000000000055e+02 1.682205220753747570e-15
3.331259999999999764e+02 1.721420003410807436e-15
3.324830000000000041e+02 1.952605805175354270e-15
3.318389999999999986e+02 1.842782459207468416e-15
3.311960000000000264e+02 1.985297663561053971e-15
3.305539999999999736e+02 1.919037571916003277e-15
3.299110000000000014e+02 2.034693353353877365e-15
3.292660000000000196e+02 2.106660652485268102e-15
3.286229999999999905e+02 2.221134520423132603e-15
3.279800000000000182e+02 2.180700529900537280e-15
3.273360000000000127e+02 2.114549214594075212e-15
3.266929999999999836e+02 1.912597130364624607e-15
3.260489999999999782e+02 1.873210762857098185e-15
3.254049999999999727e+02 1.825509234858333692e-15
3.247610000000000241e+02 1.921805468772345462e-15
3.241179999999999950e+02 1.848945179989343553e-15
3.234730000000000132e+02 1.894086388277851797e-15
3.228290000000000077e+02 1.897009984932810387e-15
3.221840000000000259e+02 2.050546669711801076e-15
3.215409999999999968e+02 2.061267517523071143e-15
3.208969999999999914e+02 2.229755028393289400e-15
3.202520000000000095e+02 2.323002176106726178e-15
3.196080000000000041e+02 2.307993561940365122e-15
3.189639999999999986e+02 2.375504641868200116e-15
3.183190000000000168e+02 2.475484704649556516e-15
3.176750000000000114e+02 2.320941189269724624e-15
3.170310000000000059e+02 2.077636583393129973e-15
3.163860000000000241e+02 2.071310936495655384e-15
3.157420000000000186e+02 2.016752001606952576e-15
3.150980000000000132e+02 1.889465246144560637e-15
3.144519999999999982e+02 1.851566017411896224e-15
3.138079999999999927e+02 1.789867214896829360e-15
3.131619999999999777e+02 1.752533931097968935e-15
3.125179999999999723e+02 1.699352058686527578e-15
3.118729999999999905e+02 1.718237028051315001e-15
3.112269999999999754e+02 1.999724863718358979e-15
3.105830000000000268e+02 1.874849232776254578e-15
3.099370000000000118e+02 1.821837397097855782e-15
3.092919999999999732e+02 1.840204425523848011e-15
3.086469999999999914e+02 1.787598924202071428e-15
3.080009999999999764e+02 1.946959300326291522e-15
3.073570000000000277e+02 2.034915263556363644e-15
3.067099999999999795e+02 2.060230247859192339e-15
3.060649999999999977e+02 2.022934305881891599e-15
3.054200000000000159e+02 2.009075065898058187e-15
3.047740000000000009e+02 1.995478335292008834e-15
3.041290000000000191e+02 1.981927703243435791e-15
3.034820000000000277e+02 2.190873439006732428e-15
3.028369999999999891e+02 2.322087370170294472e-15
3.021920000000000073e+02 2.421772948922159000e-15
3.015450000000000159e+02 2.346210217058174269e-15
3.008999999999999773e+02 2.187357431487744906e-15
3.002529999999999859e+02 2.400201150938320092e-15
2.996080000000000041e+02 2.302454191470709482e-15
2.989610000000000127e+02 2.190093165824191498e-15
2.983149999999999977e+02 2.378514818126443901e-15
2.976700000000000159e+02 2.274209619424027409e-15
2.970230000000000246e+02 2.282071343137206122e-15
2.963770000000000095e+02 2.133875155471258760e-15
2.957300000000000182e+02 2.083103835584658705e-15
2.950840000000000032e+02 2.143159382883221936e-15
2.944370000000000118e+02 1.982043980485871887e-15
2.937909999999999968e+02 2.042012861160556487e-15
2.931429999999999723e+02 2.386735708325475283e-15
2.924970000000000141e+02 2.372116597190418439e-15
2.918500000000000227e+02 2.255773771636906181e-15
2.912040000000000077e+02 2.212529483749516010e-15
2.905570000000000164e+02 2.313821415008977571e-15
2.899100000000000250e+02 2.443710021998856407e-15
2.892629999999999768e+02 2.636968113557068758e-15
2.886159999999999854e+02 2.750582982376578840e-15
2.879689999999999941e+02 2.827606126752827748e-15
2.873210000000000264e+02 2.833014165994937306e-15
2.866750000000000114e+02 2.795739641860962330e-15
2.860269999999999868e+02 2.942486262985609458e-15
2.853799999999999955e+02 2.989595867539589240e-15
2.847320000000000277e+02 2.952081781769427744e-15
2.840849999999999795e+02 3.089731668730071907e-15
2.834370000000000118e+02 3.149844832164557646e-15
2.827900000000000205e+02 3.285833212983220497e-15
2.821419999999999959e+02 3.400358161495159464e-15
2.814950000000000045e+02 3.451574260232610841e-15
2.808469999999999800e+02 3.578597557515752228e-15
2.801990000000000123e+02 3.457275504971164831e-15
2.795509999999999877e+02 3.377710456999121969e-15
2.789039999999999964e+02 3.414866357919000784e-15
2.782549999999999955e+02 3.410538116369539782e-15
2.776080000000000041e+02 3.413188358896382855e-15
2.769590000000000032e+02 3.361611745889601490e-15
2.763120000000000118e+02 3.424816738958066304e-15
2.756630000000000109e+02 3.360136897768659177e-15
2.750149999999999864e+02 3.416016485614973165e-15
2.743659999999999854e+02 3.698674821234205750e-15
2.737189999999999941e+02 3.912637563050807589e-15
2.730699999999999932e+02 3.966319918296887312e-15
2.724220000000000255e+02 3.907005610123605391e-15
2.717730000000000246e+02 3.815276450349540906e-15
2.711240000000000236e+02 3.743648713967266134e-15
2.704759999999999991e+02 3.626800720979119516e-15
2.698260000000000218e+02 3.686543261463513241e-15
2.691779999999999973e+02 3.804408850174551288e-15
2.685289999999999964e+02 3.616942145185256457e-15
2.678809999999999718e+02 3.566084600020783839e-15
2.672309999999999945e+02 3.502955852935693780e-15
2.665830000000000268e+02 3.574601282870465165e-15
2.659329999999999927e+02 3.818404664703162519e-15
2.652839999999999918e+02 3.920446560783189648e-15
2.646349999999999909e+02 4.085105772640076654e-15
2.639850000000000136e+02 3.976547962757483678e-15
2.633369999999999891e+02 3.925225795677366512e-15
2.626870000000000118e+02 4.025260213348838608e-15
2.620380000000000109e+02 3.930383703413251948e-15
2.613879999999999768e+02 4.085556566414119056e-15
2.607400000000000091e+02 3.997310484323595335e-15
2.600899999999999750e+02 3.816180181917067275e-15
2.594390000000000214e+02 3.908260215284454652e-15
2.587900000000000205e+02 3.827124817811083427e-15
2.581399999999999864e+02 3.832503029956936972e-15
2.574909999999999854e+02 3.794981302508531680e-15
2.568410000000000082e+02 3.970958534239698629e-15
2.561899999999999977e+02 4.103247394533729801e-15
2.555409999999999968e+02 4.022464592067573126e-15
2.548899999999999864e+02 4.105165476192450459e-15
2.542410000000000139e+02 4.097124248780702494e-15
2.535910000000000082e+02 3.957016379623835243e-15
2.529399999999999977e+02 3.955150962355545971e-15
2.522899999999999920e+02 4.007101494021904478e-15
2.516399999999999864e+02 4.129449031274881516e-15
2.509900000000000091e+02 3.943628046735383655e-15
2.503389999999999986e+02 3.953362914974072783e-15
2.496879999999999882e+02 4.039384103860686678e-15
2.490380000000000109e+02 4.054267053779838906e-15
2.483870000000000005e+02 4.174165315712661476e-15
2.477359999999999900e+02 4.281348759994703063e-15
2.470860000000000127e+02 4.225747587923966712e-15
2.464350000000000023e+02 4.349137122053898793e-15
2.457849999999999966e+02 4.161361868421144495e-15
2.451330000000000098e+02 4.255351023385110047e-15
2.444819999999999993e+02 4.171681082088380444e-15
2.438319999999999936e+02 4.100085715154492012e-15
2.431800000000000068e+02 4.045632418858048688e-15
2.425289999999999964e+02 4.031123109919563155e-15
2.418779999999999859e+02 4.185211749843138659e-15
2.412270000000000039e+02 4.287886214120198654e-15
2.405749999999999886e+02 4.183158755123282536e-15
2.399240000000000066e+02 4.357011448125626166e-15
2.392719999999999914e+02 4.341314111100969367e-15
2.386200000000000045e+02 4.419385794408746562e-15
2.379699999999999989e+02 4.392270827504249718e-15
2.373180000000000121e+02 4.507767709148562604e-15
2.366670000000000016e+02 4.491405110572788984e-15
2.360149999999999864e+02 4.480212618322600688e-15
2.353629999999999995e+02 4.561401233777534698e-15
2.347100000000000080e+02 4.722838725843643622e-15
2.340600000000000023e+02 4.689173333222038294e-15
2.334070000000000107e+02 4.661133508314712500e-15
2.327549999999999955e+02 4.830874488578913154e-15
2.321040000000000134e+02 4.956516511174600638e-15
2.314509999999999934e+02 4.922213450072217195e-15
2.307980000000000018e+02 5.041059295319513953e-15
2.301469999999999914e+02 5.022218711634417267e-15
2.294939999999999998e+02 4.950917496436806059e-15
2.288420000000000130e+02 4.843515338872119331e-15
2.281899999999999977e+02 5.007336971923681872e-15
2.275370000000000061e+02 5.128353220568214154e-15
2.268839999999999861e+02 5.191673648144132485e-15
2.262330000000000041e+02 5.300348192280841980e-15
2.255800000000000125e+02 5.444212213065352318e-15
2.249269999999999925e+02 5.428611936118813928e-15
2.242729999999999961e+02 5.448673368097588987e-15
2.236220000000000141e+02 5.559376924427596794e-15
2.229679999999999893e+02 5.583540036895996420e-15
2.223149999999999977e+02 5.617190454179779495e-15
2.216630000000000109e+02 5.530627856495550994e-15
2.210099999999999909e+02 5.434223453660725939e-15
2.203559999999999945e+02 5.333571972398145878e-15
2.197019999999999982e+02 5.283181203067134363e-15
2.190500000000000114e+02 5.297122271821528704e-15
2.183969999999999914e+02 5.286182450627349321e-15
2.177429999999999950e+02 5.260584199247816407e-15
2.170889999999999986e+02 5.283787456401993855e-15
2.164370000000000118e+02 5.190161243477476054e-15
2.157829999999999870e+02 5.256742654249010548e-15
2.151289999999999907e+02 5.197333976387262845e-15
2.144749999999999943e+02 5.320594379453717711e-15
2.138220000000000027e+02 5.313793013345905568e-15
2.131680000000000064e+02 5.316332729889052680e-15
2.125140000000000100e+02 5.337754796037402907e-15
2.118600000000000136e+02 5.245598860609874765e-15
2.112069999999999936e+02 5.337361551393417214e-15
2.105529999999999973e+02 5.287740881653315246e-15
2.098979999999999961e+02 5.243082373285049877e-15
2.092439999999999998e+02 5.165974971871717352e-15
2.085910000000000082e+02 5.149731693865053839e-15
2.079360000000000070e+02 5.124164979179939562e-15
2.072820000000000107e+02 5.089484370430053856e-15
2.066270000000000095e+02 4.972707800872362522e-15
2.059739999999999895e+02 5.043361417606988584e-15
2.053189999999999884e+02 5.017995772102862436e-15
2.046639999999999873e+02 4.956731233702160672e-15
2.040089999999999861e+02 4.954176768771966977e-15
2.033540000000000134e+02 4.938068101171507096e-15
2.027009999999999934e+02 4.792918021960150682e-15
2.020459999999999923e+02 4.737360869134041324e-15
2.013909999999999911e+02 4.629147563473083531e-15
2.007350000000000136e+02 4.715330791008228826e-15
2.000800000000000125e+02 4.664837530750332089e-15
1.994259999999999877e+02 4.562249915002027714e-15
1.987709999999999866e+02 4.547289396391909460e-15
1.981160000000000139e+02 4.502130787407487035e-15
1.974600000000000080e+02 4.551851971395441732e-15
1.968050000000000068e+02 4.450905078801148832e-15
1.961510000000000105e+02 4.419281330040310056e-15
1.954950000000000045e+02 4.506641934160240849e-15
1.948389999999999986e+02 4.406746389956891835e-15
1.941839999999999975e+02 4.345592990397265550e-15
1.935279999999999916e+02 4.372971364497356261e-15
1.928739999999999952e+02 4.412500972962622779e-15
1.922179999999999893e+02 4.385043534825680782e-15
1.915620000000000118e+02 4.481954651570649020e-15
1.909060000000000059e+02 4.619241496951286323e-15
1.902500000000000000e+02 4.668922638671251826e-15
1.895939999999999941e+02 4.586989012397776835e-15
1.889389999999999930e+02 4.684761661623749991e-15
1.882829999999999870e+02 4.753292642924805830e-15
1.876270000000000095e+02 4.829087100948439058e-15
1.869699999999999989e+02 4.791612288605147345e-15
1.863139999999999930e+02 4.770247581662544276e-15
1.856570000000000107e+02 4.677137593721466851e-15
1.850010000000000048e+02 4.608632199224187352e-15
1.843460000000000036e+02 4.658956877680904391e-15
1.836889999999999930e+02 4.736193834841428163e-15
1.830329999999999870e+02 4.808552260939000065e-15
1.823760000000000048e+02 4.841288385342806330e-15
1.817189999999999941e+02 4.796036562325256223e-15
1.810620000000000118e+02 5.013382816317365874e-15
1.804050000000000011e+02 5.170916327378544105e-15
1.797500000000000000e+02 5.227232492506513117e-15
1.790929999999999893e+02 5.355438047984233652e-15
1.784360000000000070e+02 5.349651079846522643e-15
1.777789999999999964e+02 5.396498998829961713e-15
1.771220000000000141e+02 5.408838718663533924e-15
1.764650000000000034e+02 5.424742556556669679e-15
1.758069999999999879e+02 5.455038899645385516e-15
1.751500000000000057e+02 5.396177050551878997e-15
1.744939999999999998e+02 5.433245601890236638e-15
1.738369999999999891e+02 5.535914838582745490e-15
1.731790000000000020e+02 5.593558409009247116e-15
1.725219999999999914e+02 5.672288437226008495e-15
1.718640000000000043e+02 5.775303122830410860e-15
1.712059999999999889e+02 5.851872138655048737e-15
1.705490000000000066e+02 5.909749319331403661e-15
1.698909999999999911e+02 5.934645606641376879e-15
1.692330000000000041e+02 5.902421440451715076e-15
1.685749999999999886e+02 5.863193857607083352e-15
1.679190000000000111e+02 5.918971502699824917e-15
1.672609999999999957e+02 5.879581700962937727e-15
1.666030000000000086e+02 5.982834442029739327e-15
1.659449999999999932e+02 5.880815665609794971e-15
1.652870000000000061e+02 5.752057111580536031e-15
1.646279999999999859e+02 5.750926443055901602e-15
1.639699999999999989e+02 5.807539503876705249e-15
1.633120000000000118e+02 5.900702085478679452e-15
1.626539999999999964e+02 5.901606195443353989e-15
1.619950000000000045e+02 5.818250618742454856e-15
1.613369999999999891e+02 5.785666558021546145e-15
1.606779999999999973e+02 5.693260963931068591e-15
1.600190000000000055e+02 5.690807950721704630e-15
1.593609999999999900e+02 5.721144638736713873e-15
1.587040000000000077e+02 5.718242947964110800e-15
1.580449999999999875e+02 5.744217211051481176e-15
1.573859999999999957e+02 5.708175934435650820e-15
1.567270000000000039e+02 5.736702087646109201e-15
1.560680000000000121e+02 5.700630077287652930e-15
1.554089999999999918e+02 5.699734798571024964e-15
1.547500000000000000e+02 5.714418606818915765e-15
1.540910000000000082e+02 5.678247349058207369e-15
1.534319999999999879e+02 5.673518635817333449e-15
1.527729999999999961e+02 5.665473484893611361e-15
1.521140000000000043e+02 5.616859062365373880e-15
1.514540000000000077e+02 5.602483122370524362e-15
1.507949999999999875e+02 5.587971849061195987e-15
1.501359999999999957e+02 5.762836703534955317e-15
1.494759999999999991e+02 5.814018400666933822e-15
1.488170000000000073e+02 5.828034099116103653e-15
1.481570000000000107e+02 5.937838748728050629e-15
1.474970000000000141e+02 5.920561223399159718e-15
1.468379999999999939e+02 5.974549887210575260e-15
1.461779999999999973e+02 5.998076471335661890e-15
1.455180000000000007e+02 6.088662684552366527e-15
1.448580000000000041e+02 6.110693876292754481e-15
1.441980000000000075e+02 5.980815547744755572e-15
1.435380000000000109e+02 6.034387795617012515e-15
1.428779999999999859e+02 6.061129620962832356e-15
1.422179999999999893e+02 6.138799835539963763e-15
1.415579999999999927e+02 6.158361621910101895e-15
1.408979999999999961e+02 6.163194255455973329e-15
1.402379999999999995e+02 6.161986861626154262e-15
1.395769999999999982e+02 6.149225078580048825e-15
1.389170000000000016e+02 6.219825671937261663e-15
1.382560000000000002e+02 6.377619180338102464e-15
1.375960000000000036e+02 6.464590537225239645e-15
1.369350000000000023e+02 6.533782951748561968e-15
1.362750000000000057e+02 6.552904018389161523e-15
1.356140000000000043e+02 6.636259712554669573e-15
1.349540000000000077e+02 6.710194109052777173e-15
1.342930000000000064e+02 6.857611797934497379e-15
1.336320000000000050e+02 7.000194134559385593e-15
1.329710000000000036e+02 7.082655742162360605e-15
1.323100000000000023e+02 7.129607093185832153e-15
1.316490000000000009e+02 7.277209930187250914e-15
1.309879999999999995e+02 7.316360317354515088e-15
1.303269999999999982e+02 7.336616013791838633e-15
1.296659999999999968e+02 7.476443903476140573e-15
1.290049999999999955e+02 7.527649408410797960e-15
1.283420000000000130e+02 7.527027910826667005e-15
1.276809999999999974e+02 7.543657222015479366e-15
1.270190000000000055e+02 7.626910320258609764e-15
1.263580000000000041e+02 7.542431265303686541e-15
1.256959999999999980e+02 7.433704009662547537e-15
1.250349999999999966e+02 7.448487466266206290e-15
1.243730000000000047e+02 7.433361307882132819e-15
1.237120000000000033e+02 7.391269811741223421e-15
1.230499999999999972e+02 7.397292403280969048e-15
1.223880000000000052e+02 7.371594007211092324e-15
1.217259999999999991e+02 7.234141621912145340e-15
1.210639999999999930e+02 7.067255156266163236e-15
1.204030000000000058e+02 7.047446257870549313e-15
1.197409999999999997e+02 6.990038328152825973e-15
1.190780000000000030e+02 6.805555823913629724e-15
1.184150000000000063e+02 6.744566406746842265e-15
1.177530000000000001e+02 6.638514761644905741e-15
1.170909999999999940e+02 6.499307871781064794e-15
1.164279999999999973e+02 6.363621958194793083e-15
1.157660000000000053e+02 6.298733911121049230e-15
1.151039999999999992e+02 6.214151400512361959e-15
1.144410000000000025e+02 6.083843524599457480e-15
1.137789999999999964e+02 5.961362601802864907e-15
1.131159999999999997e+02 5.925061088359303308e-15
1.124539999999999935e+02 5.854165631906045942e-15
1.117890000000000015e+02 5.777036881224597953e-15
1.111269999999999953e+02 5.752002088863358725e-15
1.104639999999999986e+02 5.665273668132505898e-15
1.098010000000000019e+02 5.589812794734683494e-15
1.091380000000000052e+02 5.498235024481159959e-15
1.084749999999999943e+02 5.451010446717240656e-15
1.078119999999999976e+02 5.284597043644324059e-15
1.071490000000000009e+02 5.183493693819817019e-15
1.064849999999999994e+02 4.952975310616316838e-15
1.058209999999999980e+02 4.757966959861580982e-15
1.051580000000000013e+02 4.517390500912044431e-15
1.044950000000000045e+02 4.434768720293508629e-15
1.038319999999999936e+02 4.250458055370226229e-15
1.031680000000000064e+02 4.087887064365702964e-15
1.025049999999999955e+02 3.937060486774784031e-15
1.018400000000000034e+02 3.870809180343842805e-15
1.011760000000000019e+02 3.763231320444646946e-15
1.005130000000000052e+02 3.784134683055876127e-15
9.984900000000000375e+01 3.774142252685874777e-15
9.918529999999999802e+01 3.747129069915032561e-15
9.852150000000000318e+01 3.707033017761517308e-15
9.785769999999999413e+01 3.794194246772918593e-15
9.719230000000000302e+01 3.901737130388512316e-15
9.652830000000000155e+01 4.001569056192234113e-15
9.586430000000000007e+01 4.077731281637034550e-15
9.520029999999999859e+01 4.182595361485231628e-15
9.453610000000000468e+01 4.336598037566074457e-15
9.387199999999999989e+01 4.487653434052892447e-15
9.320619999999999550e+01 4.582165500700466761e-15
9.254200000000000159e+01 4.691519432054366817e-15
9.187760000000000105e+01 4.692412616468635346e-15
9.121320000000000050e+01 4.725008122818841583e-15
9.054879999999999995e+01 4.717750625652232246e-15
8.988280000000000314e+01 4.801884660059580880e-15
8.921819999999999595e+01 4.804509816571099797e-15
8.855360000000000298e+01 4.765448271586548054e-15
8.788890000000000668e+01 4.723159206726706240e-15
8.722419999999999618e+01 4.797168061569076056e-15
8.655939999999999657e+01 4.851606770372117278e-15
8.589300000000000068e+01 4.934806876301953377e-15
8.522809999999999775e+01 4.952819550161892369e-15
8.456319999999999482e+01 5.005679322415625255e-15
8.389820000000000277e+01 4.985876453037894197e-15
8.323160000000000025e+01 5.019298036492378589e-15
8.256650000000000489e+01 5.021027116653412215e-15
8.190130000000000621e+01 5.064121162255630738e-15
8.123609999999999332e+01 5.066917339134111157e-15
8.057080000000000553e+01 4.990709428091088644e-15
7.990389999999999304e+01 4.994027539763313395e-15
7.923850000000000193e+01 5.024008333317121125e-15
7.857299999999999329e+01 5.068427567854059951e-15
7.790749999999999886e+01 5.089864499536410326e-15
7.724039999999999395e+01 5.086204307501868129e-15
7.657479999999999620e+01 5.108185681125313899e-15
7.590909999999999513e+01 5.043318229597723930e-15
7.524339999999999407e+01 5.064947416094928747e-15
7.457760000000000389e+01 5.055537579308683074e-15
7.391020000000000323e+01 4.959502696093199236e-15
7.324429999999999552e+01 4.913689200728648458e-15
7.257829999999999870e+01 4.806214016224014450e-15
7.191230000000000189e+01 4.733775119905244661e-15
7.124469999999999459e+01 4.705458200434951154e-15
7.057850000000000534e+01 4.645165066374807662e-15
6.991230000000000189e+01 4.655705124610903987e-15
6.924609999999999843e+01 4.570334378577327475e-15
6.857829999999999870e+01 4.540080741675735482e-15
6.791190000000000282e+01 4.499801317576283274e-15
6.724550000000000693e+01 4.436506063469821161e-15
6.657750000000000057e+01 4.397366495275905424e-15
6.591100000000000136e+01 4.316965816731666025e-15
6.524439999999999884e+01 4.279341530334576770e-15
6.457769999999999300e+01 4.217351397655937223e-15
6.390950000000000131e+01 4.140785795547401576e-15
6.324269999999999925e+01 4.100057435656226049e-15
6.257589999999999719e+01 4.080395283695005411e-15
6.190899999999999892e+01 4.052486310999476886e-15
6.124060000000000059e+01 4.010017047687435488e-15
6.057359999999999900e+01 3.976134055807743320e-15
5.990659999999999741e+01 3.945243952934861021e-15
5.923799999999999955e+01 3.851936259185380335e-15
5.857079999999999842e+01 3.752772994128596528e-15
5.790359999999999729e+01 3.721484105739583060e-15
5.723629999999999995e+01 3.659575854736958428e-15
5.656750000000000256e+01 3.572051967897931589e-15
5.590010000000000190e+01 3.538016483091092779e-15
5.523270000000000124e+01 3.477497744725190262e-15
5.456360000000000099e+01 3.436566724404998848e-15
5.389609999999999701e+01 3.409835999551036516e-15
5.322849999999999682e+01 3.408844025609537493e-15
5.255930000000000035e+01 3.425097761749443804e-15
5.189159999999999684e+01 3.348951235919147093e-15
5.122379999999999711e+01 3.325635810482734067e-15
5.055440000000000111e+01 3.291954320520241331e-15
4.988660000000000139e+01 3.237190067776979752e-15
4.921860000000000213e+01 3.179340808023803207e-15
4.854910000000000281e+01 3.126810495580803505e-15
4.788100000000000023e+01 3.104675446067513226e-15
4.721289999999999765e+01 3.060554256094330357e-15
4.654319999999999879e+01 2.996987366329853326e-15
4.587500000000000000e+01 2.963540988990761187e-15
4.520669999999999789e+01 2.882034002655524010e-15
4.453679999999999950e+01 2.834754409103869550e-15
4.386840000000000117e+01 2.793042701109252452e-15
4.320000000000000284e+01 2.781139522120518612e-15
4.252989999999999782e+01 2.721848430427714200e-15
4.186129999999999995e+01 2.656031107091456518e-15
4.119270000000000209e+01 2.570410762117946925e-15
4.052250000000000085e+01 2.518906974290746495e-15
3.985379999999999967e+01 2.481559356833381922e-15
3.918500000000000227e+01 2.456147301131030089e-15
3.851460000000000150e+01 2.411529508644139847e-15
3.784570000000000078e+01 2.361925067793500634e-15
3.717519999999999669e+01 2.299166358577448816e-15
3.650619999999999976e+01 2.243523346450116073e-15
3.583709999999999951e+01 2.208000480589851708e-15
3.516640000000000299e+01 2.169753510840342327e-15
3.449719999999999942e+01 2.112101250732276619e-15
3.382800000000000296e+01 2.069483272636306938e-15
3.315709999999999980e+01 2.008213599370006698e-15
3.248780000000000001e+01 1.928094189975838545e-15
3.181680000000000064e+01 1.875963870696941956e-15
3.114730000000000132e+01 1.836113961854283672e-15
3.047779999999999845e+01 1.807093563656663451e-15
2.980669999999999931e+01 1.727608853934742243e-15
2.913700000000000045e+01 1.685022808682395806e-15
2.846730000000000160e+01 1.648370804194317675e-15
2.779599999999999937e+01 1.581527114877742939e-15
2.712620000000000076e+01 1.532171919455764916e-15
2.645479999999999876e+01 1.488621422304063773e-15
2.578490000000000038e+01 1.436830575539635699e-15
2.511329999999999885e+01 1.370488088953837575e-15
2.444330000000000069e+01 1.302601868949734615e-15
2.377319999999999922e+01 1.262766046293478196e-15
2.310150000000000148e+01 1.192120206396312098e-15
2.243130000000000024e+01 1.136831551381456661e-15
2.175949999999999918e+01 1.082676530036550989e-15
2.108909999999999840e+01 1.025008040744975609e-15
2.041870000000000118e+01 9.774370283047356519e-16
1.974680000000000035e+01 9.126983323161444533e-16
1.907629999999999981e+01 8.636618100443682841e-16
1.840419999999999945e+01 8.188651713695205264e-16
1.773349999999999937e+01 7.676032843576659545e-16
1.706129999999999924e+01 7.340188162846978102e-16
1.639059999999999917e+01 6.848936031896757615e-16
1.571979999999999933e+01 6.455088760388037094e-16
1.504739999999999966e+01 6.139855185856392152e-16
1.437650000000000006e+01 5.779153945923696091e-16
1.370410000000000039e+01 5.511877244389777085e-16
1.303299999999999947e+01 5.141971515101116718e-16
1.236040000000000028e+01 4.824524102117360258e-16
1.168929999999999936e+01 4.503944380053440964e-16
1.101660000000000039e+01 4.279836340067511910e-16
1.034529999999999994e+01 4.202673897787044495e-16
9.672489999999999810e+00 4.067664380686739030e-16
9.001129999999999853e+00 3.928127444820866510e-16
8.329710000000000392e+00 3.743793183736837223e-16
7.656710000000000349e+00 3.647558784312629081e-16
6.985170000000000101e+00 3.793533246034487778e-16
6.312050000000000161e+00 3.864624620580030815e-16
5.640399999999999636e+00 3.858400977823879036e-16
4.967170000000000307e+00 3.702068173562277686e-16
4.295410000000000394e+00 3.426239266671958119e-16
3.622059999999999835e+00 3.078217550607427039e-16
2.950180000000000025e+00 2.650945734064568929e-16
2.276720000000000077e+00 2.170315658240263894e-16
1.604729999999999990e+00 1.594411459546080503e-16
9.311519999999999797e-01 9.301815307238250240e-17
2.590439999999999965e-01 2.585657812730577194e-17
