4.498670000000000186e+02 1.161182745037877911e-15
4.492339999999999804e+02 9.184382439914012104e-16
4.486009999999999991e+02 8.073566715453688264e-16
4.479680000000000177e+02 1.129942638461397303e-15
4.473360000000000127e+02 1.094458253321463697e-15
4.467029999999999745e+02 1.037476300125415398e-15
4.460690000000000168e+02 1.227911849046805298e-15
4.454359999999999786e+02 1.106737861432902434e-15
4.448029999999999973e+02 1.071675469338947695e-15
4.441689999999999827e+02 1.164532622725618886e-15
4.435360000000000014e+02 1.278080488169253385e-15
4.429019999999999868e+02 1.496917876248903546e-15
4.422699999999999818e+02 1.292033127175211413e-15
4.416360000000000241e+02 1.456881264402483903e-15
4.410029999999999859e+02 1.442300410775704000e-15
4.403690000000000282e+02 1.312635363319797874e-15
4.397350000000000136e+02 1.308965620405226061e-15
4.391009999999999991e+02 1.274085118774614090e-15
4.384669999999999845e+02 1.031651807082849151e-15
4.378330000000000268e+02 1.101170461440689788e-15
4.371990000000000123e+02 1.015502024476370169e-15
4.365649999999999977e+02 1.084670436401777087e-15
4.359329999999999927e+02 8.455217790612013440e-16
4.352980000000000018e+02 6.997963743760212927e-16
4.346639999999999873e+02 6.876191223801200419e-16
4.340299999999999727e+02 7.161740205799232311e-16
4.333960000000000150e+02 7.141299944520432434e-16
4.327610000000000241e+02 9.752237538529576023e-16
4.321270000000000095e+02 8.815845925188589830e-16
4.314920000000000186e+02 7.281121162049425587e-16
4.308580000000000041e+02 6.557847997491066368e-16
4.302230000000000132e+02 7.239523362498926491e-16
4.295889999999999986e+02 8.316047229139130308e-16
4.289540000000000077e+02 6.898761379688755379e-16
4.283190000000000168e+02 7.771897211020839103e-16
4.276859999999999786e+02 7.750732259160569376e-16
4.270509999999999877e+02 6.642665994736029444e-16
4.264159999999999968e+02 5.541579624288214630e-16
4.257810000000000059e+02 6.603664322882214858e-16
4.251460000000000150e+02 7.366437667033407975e-16
4.245110000000000241e+02 8.806730344828164957e-16
4.238759999999999764e+02 8.877954086308878095e-16
4.232409999999999854e+02 9.724453517948909813e-16
4.226050000000000182e+02 8.536536795921400831e-16
4.219700000000000273e+02 8.704330422086538181e-16
4.213349999999999795e+02 8.966862705295150566e-16
4.206990000000000123e+02 1.028086563066485883e-15
4.200640000000000214e+02 1.034600960763742108e-15
4.194289999999999736e+02 1.145738999656833810e-15
4.187930000000000064e+02 9.240587451555695833e-16
4.181569999999999823e+02 8.739988269616911954e-16
4.175219999999999914e+02 9.280357739657810289e-16
4.168860000000000241e+02 1.132187598321321547e-15
4.162500000000000000e+02 1.231979942791968232e-15
4.156150000000000091e+02 1.247027606174898380e-15
4.149789999999999850e+02 1.280568601674815280e-15
4.143430000000000177e+02 1.313891565929276225e-15
4.137069999999999936e+02 1.180206983570891353e-15
4.130710000000000264e+02 1.370685896338677967e-15
4.124350000000000023e+02 1.458674515956328257e-15
4.117989999999999782e+02 1.527765833666200030e-15
4.111630000000000109e+02 1.468195805848744559e-15
4.105260000000000105e+02 1.408997753859245036e-15
4.098899999999999864e+02 1.450232069162877297e-15
4.092540000000000191e+02 1.246264809820643384e-15
4.086170000000000186e+02 1.260542543521178967e-15
4.079809999999999945e+02 1.337866080116474623e-15
4.073439999999999941e+02 1.279839122407703734e-15
4.067080000000000268e+02 1.222154080727855141e-15
4.060710000000000264e+02 1.361337870089129586e-15
4.054350000000000023e+02 1.161210989637267565e-15
4.047980000000000018e+02 1.184303820771941257e-15
4.041610000000000014e+02 1.145245699450793467e-15
4.035240000000000009e+02 1.229994273434320067e-15
4.028879999999999768e+02 1.041447245650178068e-15
4.022509999999999764e+02 1.125904356486057769e-15
4.016139999999999759e+02 9.300782645711001078e-16
4.009769999999999754e+02 9.446274208706401426e-16
4.003399999999999750e+02 7.417998248873504418e-16
3.997029999999999745e+02 8.954271997521562220e-16
3.990649999999999977e+02 8.407966078556282531e-16
3.984279999999999973e+02 6.746918951683919036e-16
3.977909999999999968e+02 6.297084097886230650e-16
3.971519999999999868e+02 6.104163334837490280e-16
3.965149999999999864e+02 4.807053933954371147e-16
3.958770000000000095e+02 5.471678072580080180e-16
3.952400000000000091e+02 3.590386887573511502e-16
3.946019999999999754e+02 4.930724686467399736e-16
3.939649999999999750e+02 3.483360597671037327e-16
3.933269999999999982e+02 3.304437750214366660e-16
3.926890000000000214e+02 5.218399297250462077e-16
3.920520000000000209e+02 4.868366989920139876e-16
3.914139999999999873e+02 6.349176323387042761e-16
3.907760000000000105e+02 6.411097893966995097e-16
3.901379999999999768e+02 8.537797655309484373e-16
3.895000000000000000e+02 1.040532602991476016e-15
3.888609999999999900e+02 9.388628283480737110e-16
3.882230000000000132e+02 9.603259468409582924e-16
3.875849999999999795e+02 1.055095378010159868e-15
3.869460000000000264e+02 1.141103372464521502e-15
3.863079999999999927e+02 1.242769848737952817e-15
3.856700000000000159e+02 1.303356098035668557e-15
3.850319999999999823e+02 1.371581663563823295e-15
3.843929999999999723e+02 1.238706713011607819e-15
3.837549999999999955e+02 1.314622825884966582e-15
3.831159999999999854e+02 1.270577065505972787e-15
3.824759999999999991e+02 1.250426399672733111e-15
3.818380000000000223e+02 1.198852437350670899e-15
3.811990000000000123e+02 9.975999652281982172e-16
3.805600000000000023e+02 1.104530005124426658e-15
3.799220000000000255e+02 1.053845905074863791e-15
3.792830000000000155e+02 9.330970146712750160e-16
3.786440000000000055e+02 1.007904417930250519e-15
3.780049999999999955e+02 9.268146531699848100e-16
3.773650000000000091e+02 9.549053433760073754e-16
3.767259999999999991e+02 1.237165176691491750e-15
3.760860000000000127e+02 1.209951370949069699e-15
3.754470000000000027e+02 1.458769912917767771e-15
3.748079999999999927e+02 1.438551976087656483e-15
3.741689999999999827e+02 1.509809283000145609e-15
3.735299999999999727e+02 1.588267420238190774e-15
3.728890000000000100e+02 1.605763471015849173e-15
3.722500000000000000e+02 1.479718618133463358e-15
3.716100000000000136e+02 1.670032901999316010e-15
3.709710000000000036e+02 1.529690146715090486e-15
3.703310000000000173e+02 1.465020287951516409e-15
3.696909999999999741e+02 1.415358360681342997e-15
3.690500000000000114e+02 1.447538489937588604e-15
3.684110000000000014e+02 1.368802604334564470e-15
3.677710000000000150e+02 1.334694041445937925e-15
3.671309999999999718e+02 1.271456559267771601e-15
3.664909999999999854e+02 1.457206573505425798e-15
3.658509999999999991e+02 1.342881433548723106e-15
3.652099999999999795e+02 1.338353587648303375e-15
3.645699999999999932e+02 1.500090804911353470e-15
3.639300000000000068e+02 1.466112489273849020e-15
3.632900000000000205e+02 1.446633137439358909e-15
3.626490000000000009e+02 1.477388797989228214e-15
3.620079999999999814e+02 1.436708382564710383e-15
3.613670000000000186e+02 1.410381111292488887e-15
3.607269999999999754e+02 1.306351765657551157e-15
3.600869999999999891e+02 1.344195651003493022e-15
3.594460000000000264e+02 1.212975564193334751e-15
3.588039999999999736e+02 1.117322009478401435e-15
3.581639999999999873e+02 1.078573569908282929e-15
3.575230000000000246e+02 9.912695868757362127e-16
3.568829999999999814e+02 1.112553007725981980e-15
3.562420000000000186e+02 1.074099922132344526e-15
3.556000000000000227e+02 1.091083021726045430e-15
3.549590000000000032e+02 1.142125153437428626e-15
3.543179999999999836e+02 1.028629549624562749e-15
3.536770000000000209e+02 1.059143581531713703e-15
3.530350000000000250e+02 1.211535412554089035e-15
3.523940000000000055e+02 1.247838616563683865e-15
3.517520000000000095e+02 1.243387032380278542e-15
3.511109999999999900e+02 1.003713284425709945e-15
3.504689999999999941e+02 1.087213018618731592e-15
3.498269999999999982e+02 1.116659394141122952e-15
3.491859999999999786e+02 1.092708162511258718e-15
3.485450000000000159e+02 1.068978898553622217e-15
3.479019999999999868e+02 1.045187817016410247e-15
3.472599999999999909e+02 9.757169802396979085e-16
3.466190000000000282e+02 9.590705308481733111e-16
3.459769999999999754e+02 9.294621103447335321e-16
3.453340000000000032e+02 1.010674931347203256e-15
3.446929999999999836e+02 1.058839492448892421e-15
3.440509999999999877e+02 1.016202274113512440e-15
3.434089999999999918e+02 9.996064110947392973e-16
3.427660000000000196e+02 9.318619424013477820e-16
3.421240000000000236e+02 1.062602124181321102e-15
3.414820000000000277e+02 1.090501915510461755e-15
3.408399999999999750e+02 1.080078157051083839e-15
3.401970000000000027e+02 1.133021130225069917e-15
3.395539999999999736e+02 1.141386908403740509e-15
3.389119999999999777e+02 1.105755712923536095e-15
3.382690000000000055e+02 1.133002777138535022e-15
3.376259999999999764e+02 1.284307166149108314e-15
3.369839999999999804e+02 1.378730649798850037e-15
3.363419999999999845e+02 1.318031001444182311e-15
3.356979999999999791e+02 1.233045375773150971e-15
3.350550000000000068e+02 1.210040077614083508e-15
3.344130000000000109e+02 1.150593248255454651e-15
3.337690000000000055e+02 1.164416567909477898e-15
3.331259999999999764e+02 1.190359355079547745e-15
3.324830000000000041e+02 1.348836004267386034e-15
3.318389999999999986e+02 1.271694164885463906e-15
3.311960000000000264e+02 1.368638010532760223e-15
3.305539999999999736e+02 1.321622222633372872e-15
3.299110000000000014e+02 1.399830808048887803e-15
3.292660000000000196e+02 1.447847202450897313e-15
3.286229999999999905e+02 1.524942741460903526e-15
3.279800000000000182e+02 1.495643267549333966e-15
3.273360000000000127e+02 1.448777637575242616e-15
3.266929999999999836e+02 1.309071031546878534e-15
3.260489999999999782e+02 1.280781242590226608e-15
3.254049999999999727e+02 1.246866236543061010e-15
3.247610000000000241e+02 1.311251415619972983e-15
3.241179999999999950e+02 1.260220972798512872e-15
3.234730000000000132e+02 1.289618839119809168e-15
3.228290000000000077e+02 1.290241174367786580e-15
3.221840000000000259e+02 1.393167847079295262e-15
3.215409999999999968e+02 1.398960134817981126e-15
3.208969999999999914e+02 1.511675965238876232e-15
3.202520000000000095e+02 1.573192665719568886e-15
3.196080000000000041e+02 1.561347280128686796e-15
3.189639999999999986e+02 1.605276884765924552e-15
3.183190000000000168e+02 1.671015965919050191e-15
3.176750000000000114e+02 1.565004585087453664e-15
3.170310000000000059e+02 1.399438043999045630e-15
3.163860000000000241e+02 1.393649006559797764e-15
3.157420000000000186e+02 1.355455609208951132e-15
3.150980000000000132e+02 1.268520402751853387e-15
3.144519999999999982e+02 1.241702422975319066e-15
3.138079999999999927e+02 1.199001795619304947e-15
3.131619999999999777e+02 1.172687238516581417e-15
3.125179999999999723e+02 1.135838396260231157e-15
3.118729999999999905e+02 1.147171095037572323e-15
3.112269999999999754e+02 1.333568204024074754e-15
3.105830000000000268e+02 1.248895012231487280e-15
3.099370000000000118e+02 1.212211385848825158e-15
3.092919999999999732e+02 1.223039307686350419e-15
3.086469999999999914e+02 1.186727910843305757e-15
3.080009999999999764e+02 1.291023992719755638e-15
3.073570000000000277e+02 1.347792608056656818e-15
3.067099999999999795e+02 1.362981312021687278e-15
3.060649999999999977e+02 1.336765227191292989e-15
3.054200000000000159e+02 1.326069735769774532e-15
3.047740000000000009e+02 1.315562833630118687e-15
3.041290000000000191e+02 1.305106257403620233e-15
3.034820000000000277e+02 1.440983279382502362e-15
3.028369999999999891e+02 1.525480104647658305e-15
3.021920000000000073e+02 1.589084868738745607e-15
3.015450000000000159e+02 1.537683499503725763e-15
3.008999999999999773e+02 1.431885523385734897e-15
3.002529999999999859e+02 1.569322376992788268e-15
2.996080000000000041e+02 1.503622697433676197e-15
2.989610000000000127e+02 1.428535536004024445e-15
2.983149999999999977e+02 1.549553025449588349e-15
2.976700000000000159e+02 1.479821680090313872e-15
2.970230000000000246e+02 1.483133883705184608e-15
2.963770000000000095e+02 1.385145975013486929e-15
2.957300000000000182e+02 1.350541109300675644e-15
2.950840000000000032e+02 1.387770165959707703e-15
2.944370000000000118e+02 1.281877539307590046e-15
2.937909999999999968e+02 1.319028378711079530e-15
2.931429999999999723e+02 1.539755439807080348e-15
2.924970000000000141e+02 1.528426195405460467e-15
2.918500000000000227e+02 1.451659659950785007e-15
2.912040000000000077e+02 1.422055288043485857e-15
2.905570000000000164e+02 1.485282481316533016e-15
2.899100000000000250e+02 1.566673286836368668e-15
2.892629999999999768e+02 1.688419777835885704e-15
2.886159999999999854e+02 1.758923953122702611e-15
2.879689999999999941e+02 1.805871525403349332e-15
2.873210000000000264e+02 1.807010813572012275e-15
2.866750000000000114e+02 1.780956527481292840e-15
2.860269999999999868e+02 1.872014053373801387e-15
2.853799999999999955e+02 1.899528318173328509e-15
2.847320000000000277e+02 1.873262973574370030e-15
2.840849999999999795e+02 1.958053993636214907e-15
2.834370000000000118e+02 1.993539899400770671e-15
2.827900000000000205e+02 2.076879023446919162e-15
2.821419999999999959e+02 2.146435303117972614e-15
2.814950000000000045e+02 2.175892803620854033e-15
2.808469999999999800e+02 2.252976474203194893e-15
2.801990000000000123e+02 2.173711541838643563e-15
2.795509999999999877e+02 2.120860462073161395e-15
2.789039999999999964e+02 2.141325841546211144e-15
2.782549999999999955e+02 2.135738045890833234e-15
2.776080000000000041e+02 2.134524170872795174e-15
2.769590000000000032e+02 2.099427571343637120e-15
2.763120000000000118e+02 2.136002253498450586e-15
2.756630000000000109e+02 2.092810644248750467e-15
2.750149999999999864e+02 2.124706921485286175e-15
2.743659999999999854e+02 2.297344425280003383e-15
2.737189999999999941e+02 2.426896291298489830e-15
2.730699999999999932e+02 2.456792704990514083e-15
2.724220000000000255e+02 2.416705676447518117e-15
2.717730000000000246e+02 2.356687344601864787e-15
2.711240000000000236e+02 2.309218490706260026e-15
2.704759999999999991e+02 2.234019171910928091e-15
2.698260000000000218e+02 2.267619168122904004e-15
2.691779999999999973e+02 2.336817508184332922e-15
2.685289999999999964e+02 2.218532291448673004e-15
2.678809999999999718e+02 2.184238056564772782e-15
2.672309999999999945e+02 2.142511711237013838e-15
2.665830000000000268e+02 2.183206009664750444e-15
2.659329999999999927e+02 2.328745215668723600e-15
2.652839999999999918e+02 2.387529063032581037e-15
2.646349999999999909e+02 2.484201940637674591e-15
2.639850000000000136e+02 2.414678304445564035e-15
2.633369999999999891e+02 2.380052064159402947e-15
2.626870000000000118e+02 2.437132363600267881e-15
2.620380000000000109e+02 2.376204295570235454e-15
2.613879999999999768e+02 2.466371420482019278e-15
2.607400000000000091e+02 2.409545969812145212e-15
2.600899999999999750e+02 2.296957053981777287e-15
2.594390000000000214e+02 2.348867650743702044e-15
2.587900000000000205e+02 2.296677252415343175e-15
2.581399999999999864e+02 2.296455713820641734e-15
2.574909999999999854e+02 2.270557531691236539e-15
2.568410000000000082e+02 2.372249517470155745e-15
2.561899999999999977e+02 2.447552266038921617e-15
2.555409999999999968e+02 2.395725873698502898e-15
2.548899999999999864e+02 2.441240248761527190e-15
2.542410000000000139e+02 2.432732396325417620e-15
2.535910000000000082e+02 2.345935458529068699e-15
2.529399999999999977e+02 2.341206784687803387e-15
2.522899999999999920e+02 2.368283842539207173e-15
2.516399999999999864e+02 2.436796651362047917e-15
2.509900000000000091e+02 2.323522604160260979e-15
2.503389999999999986e+02 2.325607384740158699e-15
2.496879999999999882e+02 2.372469141894822034e-15
2.490380000000000109e+02 2.377456941622244667e-15
2.483870000000000005e+02 2.443883693551508899e-15
2.477359999999999900e+02 2.502647852840633041e-15
2.470860000000000127e+02 2.466213607185158942e-15
2.464350000000000023e+02 2.534156449872027821e-15
2.457849999999999966e+02 2.420860473212618259e-15
2.451330000000000098e+02 2.471535994611542265e-15
2.444819999999999993e+02 2.419021673233680189e-15
2.438319999999999936e+02 2.373652768762172044e-15
2.431800000000000068e+02 2.338306457873517132e-15
2.425289999999999964e+02 2.326108918071419328e-15
2.418779999999999859e+02 2.411051786647303755e-15
2.412270000000000039e+02 2.466126391206102415e-15
2.405749999999999886e+02 2.401912540241404799e-15
2.399240000000000066e+02 2.497576674926798497e-15
2.392719999999999914e+02 2.484426934918904490e-15
2.386200000000000045e+02 2.524867318833081090e-15
2.379699999999999989e+02 2.505172786072297772e-15
2.373180000000000121e+02 2.566706486943901667e-15
2.366670000000000016e+02 2.553067696281531668e-15
2.360149999999999864e+02 2.542379098903791265e-15
2.353629999999999995e+02 2.584034271270404009e-15
2.347100000000000080e+02 2.670896870264544746e-15
2.340600000000000023e+02 2.647318393154246610e-15
2.334070000000000107e+02 2.626945878475829787e-15
2.327549999999999955e+02 2.717892677479621736e-15
2.321040000000000134e+02 2.783740685982149205e-15
2.314509999999999934e+02 2.759650641987991080e-15
2.307980000000000018e+02 2.821326401392538972e-15
2.301469999999999914e+02 2.805855324237567764e-15
2.294939999999999998e+02 2.761141069515347467e-15
2.288420000000000130e+02 2.696468858576828289e-15
2.281899999999999977e+02 2.782717400626757541e-15
2.275370000000000061e+02 2.844880366131427033e-15
2.268839999999999861e+02 2.874846752189765813e-15
2.262330000000000041e+02 2.929761566574094448e-15
2.255800000000000125e+02 3.003848894736867450e-15
2.249269999999999925e+02 2.989818386010123798e-15
2.242729999999999961e+02 2.995404553645885240e-15
2.236220000000000141e+02 3.050702592903778433e-15
2.229679999999999893e+02 3.058343189516217769e-15
2.223149999999999977e+02 3.071120086184349694e-15
2.216630000000000109e+02 3.018227145441967073e-15
2.210099999999999909e+02 2.960129216630250465e-15
2.203559999999999945e+02 2.899898794098075869e-15
2.197019999999999982e+02 2.867137165860920589e-15
2.190500000000000114e+02 2.869329535189229696e-15
2.183969999999999914e+02 2.858024152590918474e-15
2.177429999999999950e+02 2.838813174806657582e-15
2.170889999999999986e+02 2.845928479511170859e-15
2.164370000000000118e+02 2.790199828002192689e-15
2.157829999999999870e+02 2.820594320159909952e-15
2.151289999999999907e+02 2.783373472580181273e-15
2.144749999999999943e+02 2.843897860181260430e-15
2.138220000000000027e+02 2.834785650300659794e-15
2.131680000000000064e+02 2.830642564620332796e-15
2.125140000000000100e+02 2.836518021949363405e-15
2.118600000000000136e+02 2.782104295669302331e-15
2.112069999999999936e+02 2.825228885555326683e-15
2.105529999999999973e+02 2.793457172773843551e-15
2.098979999999999961e+02 2.764386918106056691e-15
2.092439999999999998e+02 2.718335078641380371e-15
2.085910000000000082e+02 2.704404440782637497e-15
2.079360000000000070e+02 2.685595709798371963e-15
2.072820000000000107e+02 2.662072727621436250e-15
2.066270000000000095e+02 2.595753668665142188e-15
2.059739999999999895e+02 2.627322994227799557e-15
2.053189999999999884e+02 2.608801282394687341e-15
2.046639999999999873e+02 2.571699790608001918e-15
2.040089999999999861e+02 2.565115585971671299e-15
2.033540000000000134e+02 2.551524662298320258e-15
2.027009999999999934e+02 2.471439714325713878e-15
2.020459999999999923e+02 2.437739085930132299e-15
2.013909999999999911e+02 2.377110801574928395e-15
2.007350000000000136e+02 2.416307874943741201e-15
2.000800000000000125e+02 2.385432219779439407e-15
1.994259999999999877e+02 2.328082453991839814e-15
1.987709999999999866e+02 2.315555676483855341e-15
1.981160000000000139e+02 2.287709111184728283e-15
1.974600000000000080e+02 2.308050923786290890e-15
1.968050000000000068e+02 2.252055046759305225e-15
1.961510000000000105e+02 2.231275516228745779e-15
1.954950000000000045e+02 2.270483403766612371e-15
1.948389999999999986e+02 2.215362028964043602e-15
1.941839999999999975e+02 2.179890585264818931e-15
1.935279999999999916e+02 2.188848264225224972e-15
1.928739999999999952e+02 2.203821555652163637e-15
1.922179999999999893e+02 2.185304902473145731e-15
1.915620000000000118e+02 2.228679675392650208e-15
1.909060000000000059e+02 2.291865106622412752e-15
1.902500000000000000e+02 2.311373530910809021e-15
1.895939999999999941e+02 2.265756989542951061e-15
1.889389999999999930e+02 2.308883439923788869e-15
1.882829999999999870e+02 2.337399415640104403e-15
1.876270000000000095e+02 2.369318925673612871e-15
1.869699999999999989e+02 2.345609108445295602e-15
1.863139999999999930e+02 2.329850290788745465e-15
1.856570000000000107e+02 2.279163526868473357e-15
1.850010000000000048e+02 2.240645833373291696e-15
1.843460000000000036e+02 2.259918019049028386e-15
1.836889999999999930e+02 2.292077310676937373e-15
1.830329999999999870e+02 2.321708294836436322e-15
1.823760000000000048e+02 2.332075491978745016e-15
1.817189999999999941e+02 2.304883680422944838e-15
1.810620000000000118e+02 2.403681706259619696e-15
1.804050000000000011e+02 2.473373007738066435e-15
1.797500000000000000e+02 2.494420355196251187e-15
1.790929999999999893e+02 2.549535980877451507e-15
1.784360000000000070e+02 2.540718557058728426e-15
1.777789999999999964e+02 2.556842259225799618e-15
1.771220000000000141e+02 2.556540892509743775e-15
1.764650000000000034e+02 2.557883033213819633e-15
1.758069999999999879e+02 2.565940198033494012e-15
1.751500000000000057e+02 2.532094575725471254e-15
1.744939999999999998e+02 2.543286263635570242e-15
1.738369999999999891e+02 2.585005721790310904e-15
1.731790000000000020e+02 2.605499206442642378e-15
1.725219999999999914e+02 2.635658566500285822e-15
1.718640000000000043e+02 2.676873395323659206e-15
1.712059999999999889e+02 2.705615130958429774e-15
1.705490000000000066e+02 2.725561146400991181e-15
1.698909999999999911e+02 2.730182045769679110e-15
1.692330000000000041e+02 2.708525689610638218e-15
1.685749999999999886e+02 2.683729296594761655e-15
1.679190000000000111e+02 2.702409501838227108e-15
1.672609999999999957e+02 2.677592732751488157e-15
1.666030000000000086e+02 2.717649485928523589e-15
1.659449999999999932e+02 2.664457620983260239e-15
1.652870000000000061e+02 2.599411379071146574e-15
1.646279999999999859e+02 2.592171148322662672e-15
1.639699999999999989e+02 2.610893653791179371e-15
1.633120000000000118e+02 2.645862874341637435e-15
1.626539999999999964e+02 2.639346700815706617e-15
1.619950000000000045e+02 2.595227071604149739e-15
1.613369999999999891e+02 2.573891096400353438e-15
1.606779999999999973e+02 2.526071907393871088e-15
1.600190000000000055e+02 2.518265765215714576e-15
1.593609999999999900e+02 2.524937909504447386e-15
1.587040000000000077e+02 2.516911303388252520e-15
1.580449999999999875e+02 2.521537934790522251e-15
1.573859999999999957e+02 2.498946870401530478e-15
1.567270000000000039e+02 2.504621810954556534e-15
1.560680000000000121e+02 2.482095910963415499e-15
1.554089999999999918e+02 2.474921515305255363e-15
1.547500000000000000e+02 2.474487237777958500e-15
1.540910000000000082e+02 2.452050445882974373e-15
1.534319999999999879e+02 2.443232006717864624e-15
1.527729999999999961e+02 2.432993136613573119e-15
1.521140000000000043e+02 2.405393303045425945e-15
1.514540000000000077e+02 2.392513016418155118e-15
1.507949999999999875e+02 2.379612478758462283e-15
1.501359999999999957e+02 2.447152899891868673e-15
1.494759999999999991e+02 2.461885159426890125e-15
1.488170000000000073e+02 2.460805384049254471e-15
1.481570000000000107e+02 2.500001790583756350e-15
1.474970000000000141e+02 2.485576507583063394e-15
1.468379999999999939e+02 2.501028030562994148e-15
1.461779999999999973e+02 2.503616425644486834e-15
1.455180000000000007e+02 2.534048887162593572e-15
1.448580000000000041e+02 2.535806933683116074e-15
1.441980000000000075e+02 2.474652457626459571e-15
1.435380000000000109e+02 2.489485288841208108e-15
1.428779999999999859e+02 2.493145144119839470e-15
1.422179999999999893e+02 2.517618516549590978e-15
1.415579999999999927e+02 2.518136475605271058e-15
1.408979999999999961e+02 2.512595373550925122e-15
1.402379999999999995e+02 2.504580756247675450e-15
1.395769999999999982e+02 2.491868934877106708e-15
1.389170000000000016e+02 2.512870732298492200e-15
1.382560000000000002e+02 2.568799760374190939e-15
1.375960000000000036e+02 2.595909228324312859e-15
1.369350000000000023e+02 2.615669506621156740e-15
1.362750000000000057e+02 2.615282622047776108e-15
1.356140000000000043e+02 2.640386038406043649e-15
1.349540000000000077e+02 2.661553490198140749e-15
1.342930000000000064e+02 2.711574786990645852e-15
1.336320000000000050e+02 2.759320180530194209e-15
1.329710000000000036e+02 2.783084092912311076e-15
1.323100000000000023e+02 2.792728682195527462e-15
1.316490000000000009e+02 2.841550804000260056e-15
1.309879999999999995e+02 2.847789478155297455e-15
1.303269999999999982e+02 2.846593949212709769e-15
1.296659999999999968e+02 2.891585766588328922e-15
1.290049999999999955e+02 2.902060301525086261e-15
1.283420000000000130e+02 2.892457953902026357e-15
1.276809999999999974e+02 2.889486577152316425e-15
1.270190000000000055e+02 2.911889035534774178e-15
1.263580000000000041e+02 2.870264878919484726e-15
1.256959999999999980e+02 2.819633732382898080e-15
1.250349999999999966e+02 2.815974220264333397e-15
1.243730000000000047e+02 2.800988405305101495e-15
1.237120000000000033e+02 2.775921957076967418e-15
1.230499999999999972e+02 2.768950634905670816e-15
1.223880000000000052e+02 2.750125419881867307e-15
1.217259999999999991e+02 2.689808513567266180e-15
1.210639999999999930e+02 2.618923420189859237e-15
1.204030000000000058e+02 2.602781103005234902e-15
1.197409999999999997e+02 2.572832039946696340e-15
1.190780000000000030e+02 2.496398070075900696e-15
1.184150000000000063e+02 2.465565499585250038e-15
1.177530000000000001e+02 2.418478853544292109e-15
1.170909999999999940e+02 2.359617694881007721e-15
1.164279999999999973e+02 2.302363988806282145e-15
1.157660000000000053e+02 2.270984536314264008e-15
1.151039999999999992e+02 2.232689113109508014e-15
1.144410000000000025e+02 2.178221020354443030e-15
1.137789999999999964e+02 2.126881614821612582e-15
1.131159999999999997e+02 2.106473292324834510e-15
1.124539999999999935e+02 2.073910311307065757e-15
1.117890000000000015e+02 2.039290060461665896e-15
1.111269999999999953e+02 2.023217703611350978e-15
1.104639999999999986e+02 1.985573961777343965e-15
1.098010000000000019e+02 1.952081568619009128e-15
1.091380000000000052e+02 1.913169873431483711e-15
1.084749999999999943e+02 1.889863936054156394e-15
1.078119999999999976e+02 1.825505285543774066e-15
1.071490000000000009e+02 1.784042178203654557e-15
1.064849999999999994e+02 1.698447445155999300e-15
1.058209999999999980e+02 1.625565658584465722e-15
1.051580000000000013e+02 1.537674631707427062e-15
1.044950000000000045e+02 1.503953720493923596e-15
1.038319999999999936e+02 1.436085720864362795e-15
1.031680000000000064e+02 1.375991980022545782e-15
1.025049999999999955e+02 1.320254554882093175e-15
1.018400000000000034e+02 1.293135689402553957e-15
1.011760000000000019e+02 1.252438777621876562e-15
1.005130000000000052e+02 1.254615212381499225e-15
9.984900000000000375e+01 1.246527934614506494e-15
9.918529999999999802e+01 1.232868367770964602e-15
9.852150000000000318e+01 1.214988844134398369e-15
9.785769999999999413e+01 1.238755811915721100e-15
9.719230000000000302e+01 1.268918813001564602e-15
9.652830000000000155e+01 1.296322413139623893e-15
9.586430000000000007e+01 1.315836504607947113e-15
9.520029999999999859e+01 1.344383368492949231e-15
9.453610000000000468e+01 1.388395200867433340e-15
9.387199999999999989e+01 1.431079340366644499e-15
9.320619999999999550e+01 1.455408910715901641e-15
9.254200000000000159e+01 1.484209320641395819e-15
9.187760000000000105e+01 1.478559028760662132e-15
9.121320000000000050e+01 1.482856385054475046e-15
9.054879999999999995e+01 1.474616674363130400e-15
8.988280000000000314e+01 1.494831192769473364e-15
8.921819999999999595e+01 1.489577871405992340e-15
8.855360000000000298e+01 1.471448593590873083e-15
8.788890000000000668e+01 1.452426487546238350e-15
8.722419999999999618e+01 1.469127308120320934e-15
8.655939999999999657e+01 1.479674169702198776e-15
8.589300000000000068e+01 1.498805976231956313e-15
8.522809999999999775e+01 1.498028515366994934e-15
8.456319999999999482e+01 1.507703512833044634e-15
8.389820000000000277e+01 1.495453794531641231e-15
8.323160000000000025e+01 1.499137725171681530e-15
8.256650000000000489e+01 1.493329204765296817e-15
8.190130000000000621e+01 1.499768298460312155e-15
8.123609999999999332e+01 1.494218982976077198e-15
8.057080000000000553e+01 1.465467500590451327e-15
7.990389999999999304e+01 1.460146810705948916e-15
7.923850000000000193e+01 1.462597173437959421e-15
7.857299999999999329e+01 1.469159930527581108e-15
7.790749999999999886e+01 1.468982389276811393e-15
7.724039999999999395e+01 1.461528279089629095e-15
7.657479999999999620e+01 1.461437506555554419e-15
7.590909999999999513e+01 1.436557793503417089e-15
7.524339999999999407e+01 1.436373471981753562e-15
7.457760000000000389e+01 1.427375426318644476e-15
7.391020000000000323e+01 1.394042574884235843e-15
7.324429999999999552e+01 1.375021867964915239e-15
7.257829999999999870e+01 1.338942311097191133e-15
7.191230000000000189e+01 1.312852361022682229e-15
7.124469999999999459e+01 1.299114938399157682e-15
7.057850000000000534e+01 1.276677596966501563e-15
6.991230000000000189e+01 1.273774065266386935e-15
6.924609999999999843e+01 1.244729464500243316e-15
6.857829999999999870e+01 1.230830661794170850e-15
6.791190000000000282e+01 1.214318830111958485e-15
6.724550000000000693e+01 1.191730185835278178e-15
6.657750000000000057e+01 1.175749243712764151e-15
6.591100000000000136e+01 1.148902652081244536e-15
6.524439999999999884e+01 1.133590647928806277e-15
6.457769999999999300e+01 1.111952481980900928e-15
6.390950000000000131e+01 1.086636852634285245e-15
6.324269999999999925e+01 1.070886607736407170e-15
6.257589999999999719e+01 1.060718411520332276e-15
6.190899999999999892e+01 1.048470072300447618e-15
6.124060000000000059e+01 1.032536149726273070e-15
6.057359999999999900e+01 1.018923155982292382e-15
5.990659999999999741e+01 1.006162493165970092e-15
5.923799999999999955e+01 9.776311928287150402e-16
5.857079999999999842e+01 9.478658158482987364e-16
5.790359999999999729e+01 9.354085667188356260e-16
5.723629999999999995e+01 9.153746175183105257e-16
5.656750000000000256e+01 8.891123537428566039e-16
5.590010000000000190e+01 8.763265260692466413e-16
5.523270000000000124e+01 8.571025342102651366e-16
5.456360000000000099e+01 8.428247133568374401e-16
5.389609999999999701e+01 8.321275762506410649e-16
5.322849999999999682e+01 8.277502192850146861e-16
5.255930000000000035e+01 8.275378552980751601e-16
5.189159999999999684e+01 8.050898358001326064e-16
5.122379999999999711e+01 7.954673854805595325e-16
5.055440000000000111e+01 7.834309935119673459e-16
4.988660000000000139e+01 7.664998877243327652e-16
4.921860000000000213e+01 7.489788381936494433e-16
4.854910000000000281e+01 7.328410515752280245e-16
4.788100000000000023e+01 7.239303627436771075e-16
4.721289999999999765e+01 7.099788690382685676e-16
4.654319999999999879e+01 6.916430215946996571e-16
4.587500000000000000e+01 6.803880812718598764e-16
4.520669999999999789e+01 6.582423587975161416e-16
4.453679999999999950e+01 6.440647258273546497e-16
4.386840000000000117e+01 6.312714649816754841e-16
4.320000000000000284e+01 6.252845167568134027e-16
4.252989999999999782e+01 6.087260946980067360e-16
4.186129999999999995e+01 5.908694477888074755e-16
4.119270000000000209e+01 5.687922047602330410e-16
4.052250000000000085e+01 5.544240955252410408e-16
3.985379999999999967e+01 5.432885735862048257e-16
3.918500000000000227e+01 5.348448157484955340e-16
3.851460000000000150e+01 5.223000928076939240e-16
3.784570000000000078e+01 5.087976622147813554e-16
3.717519999999999669e+01 4.925920580222896273e-16
3.650619999999999976e+01 4.780604425124325870e-16
3.583709999999999951e+01 4.679268102431733509e-16
3.516640000000000299e+01 4.573008608247656123e-16
3.449719999999999942e+01 4.427074162719924274e-16
3.382800000000000296e+01 4.313861041251353647e-16
3.315709999999999980e+01 4.162961867695198566e-16
3.248780000000000001e+01 3.974725212180038189e-16
3.181680000000000064e+01 3.845696053982979195e-16
3.114730000000000132e+01 3.742991541578452222e-16
3.047779999999999845e+01 3.663196869165020824e-16
2.980669999999999931e+01 3.482350707908931240e-16
2.913700000000000045e+01 3.377353985689524106e-16
2.846730000000000160e+01 3.285195054755472958e-16
2.779599999999999937e+01 3.134043251314001515e-16
2.712620000000000076e+01 3.018943170085279932e-16
2.645479999999999876e+01 2.916329215307034173e-16
2.578490000000000038e+01 2.798725618677781580e-16
2.511329999999999885e+01 2.654106927696562061e-16
2.444330000000000069e+01 2.508078767085424749e-16
2.377319999999999922e+01 2.417292913119166717e-16
2.310150000000000148e+01 2.268768566480392691e-16
2.243130000000000024e+01 2.150933744955388282e-16
2.175949999999999918e+01 2.036461157846728429e-16
2.108909999999999840e+01 1.916675196454407659e-16
2.041870000000000118e+01 1.816959633995627287e-16
1.974680000000000035e+01 1.686576308790661844e-16
1.907629999999999981e+01 1.586503899418749813e-16
1.840419999999999945e+01 1.495250396677305459e-16
1.773349999999999937e+01 1.393285657717271915e-16
1.706129999999999924e+01 1.324332639421371742e-16
1.639059999999999917e+01 1.228282945593012060e-16
1.571979999999999933e+01 1.150677564725378328e-16
1.504739999999999966e+01 1.087853585734923834e-16
1.437650000000000006e+01 1.017737060115523561e-16
1.370410000000000039e+01 9.647497829358716457e-17
1.303299999999999947e+01 8.945131071489484387e-17
1.236040000000000028e+01 8.341393505286554071e-17
1.168929999999999936e+01 7.739306206071923250e-17
1.101660000000000039e+01 7.308780727462305149e-17
1.034529999999999994e+01 7.132587690839346351e-17
9.672489999999999810e+00 6.860511258143995324e-17
9.001129999999999853e+00 6.583915753254894802e-17
8.329710000000000392e+00 6.235765552769856268e-17
7.656710000000000349e+00 6.037304619646430140e-17
6.985170000000000101e+00 6.239381450713640074e-17
6.312050000000000161e+00 6.316088875511857332e-17
5.640399999999999636e+00 6.265995815835455438e-17
4.967170000000000307e+00 5.973865567051578861e-17
4.295410000000000394e+00 5.493580808746685031e-17
3.622059999999999835e+00 4.903986320315692826e-17
2.950180000000000025e+00 4.196245864994888506e-17
2.276720000000000077e+00 3.413329027390330257e-17
1.604729999999999990e+00 2.491432512877421050e-17
9.311519999999999797e-01 1.444095472124502371e-17
2.590439999999999965e-01 3.988197514470870375e-18
