4.498670000000000186e+02 3.323351898493996599e-15
4.492339999999999804e+02 2.631242798016085056e-15
4.486009999999999991e+02 2.315427714920681470e-15
4.479680000000000177e+02 3.244876563943138010e-15
4.473360000000000127e+02 3.146484836448297464e-15
4.467029999999999745e+02 2.985972619845097108e-15
4.460690000000000168e+02 3.538385543906578347e-15
4.454359999999999786e+02 3.192687325503757804e-15
4.448029999999999973e+02 3.095021125382576777e-15
4.441689999999999827e+02 3.367184872399483668e-15
4.435360000000000014e+02 3.699891206660995581e-15
4.429019999999999868e+02 4.338651376679556806e-15
4.422699999999999818e+02 3.748899429289078494e-15
4.416360000000000241e+02 4.232292617391712976e-15
4.410029999999999859e+02 4.194753815218896159e-15
4.403690000000000282e+02 3.821917619658125850e-15
4.397350000000000136e+02 3.815648798113213340e-15
4.391009999999999991e+02 3.718245227874654985e-15
4.384669999999999845e+02 3.013942124910967811e-15
4.378330000000000268e+02 3.220896339067076729e-15
4.371990000000000123e+02 2.973666166637952485e-15
4.365649999999999977e+02 3.180034072676620614e-15
4.359329999999999927e+02 2.481450029230467484e-15
4.352980000000000018e+02 2.055919148941040460e-15
4.346639999999999873e+02 2.022494122565551878e-15
4.340299999999999727e+02 2.109031264435911249e-15
4.333960000000000150e+02 2.105491256440612650e-15
4.327610000000000241e+02 2.879261204572639289e-15
4.321270000000000095e+02 2.605734071571374141e-15
4.314920000000000186e+02 2.154396371806573440e-15
4.308580000000000041e+02 1.942541438834686332e-15
4.302230000000000132e+02 2.147186864796270618e-15
4.295889999999999986e+02 2.469652126044583400e-15
4.289540000000000077e+02 2.050942433826935936e-15
4.283190000000000168e+02 2.313488301854866356e-15
4.276859999999999786e+02 2.309948392845868854e-15
4.270509999999999877e+02 1.981872869726416602e-15
4.264159999999999968e+02 1.655094791365041918e-15
4.257810000000000059e+02 1.974988925332616069e-15
4.251460000000000150e+02 2.205962764531986920e-15
4.245110000000000241e+02 2.640777885636242229e-15
4.238759999999999764e+02 2.665382023498980284e-15
4.232409999999999854e+02 2.923224031013811163e-15
4.226050000000000182e+02 2.569073719639057752e-15
4.219700000000000273e+02 2.622802026277735334e-15
4.213349999999999795e+02 2.705262257748820625e-15
4.206990000000000123e+02 3.105727437297646675e-15
4.200640000000000214e+02 3.129255067050018348e-15
4.194289999999999736e+02 3.469833854611943461e-15
4.187930000000000064e+02 2.801637076220139877e-15
4.181569999999999823e+02 2.653055144105123141e-15
4.175219999999999914e+02 2.820667781097682737e-15
4.168860000000000241e+02 3.445778952927842603e-15
4.162500000000000000e+02 3.754293459546797714e-15
4.156150000000000091e+02 3.804895144119308632e-15
4.149789999999999850e+02 3.912152940631749534e-15
4.143430000000000177e+02 4.019014493466693210e-15
4.137069999999999936e+02 3.614456863882729731e-15
4.130710000000000264e+02 4.203328549193484262e-15
4.124350000000000023e+02 4.478876913046205005e-15
4.117989999999999782e+02 4.697004835474326599e-15
4.111630000000000109e+02 4.519497311676153377e-15
4.105260000000000105e+02 4.342700182175497047e-15
4.098899999999999864e+02 4.475496432142976249e-15
4.092540000000000191e+02 3.850706239592677682e-15
4.086170000000000186e+02 3.899799409206481750e-15
4.079809999999999945e+02 4.144386084418503209e-15
4.073439999999999941e+02 3.969633634555982454e-15
4.067080000000000268e+02 3.795491613045754264e-15
4.060710000000000264e+02 4.233337320691196736e-15
4.054350000000000023e+02 3.615413382333481614e-15
4.047980000000000018e+02 3.692092378517017991e-15
4.041610000000000014e+02 3.574884336890382324e-15
4.035240000000000009e+02 3.844504562645569706e-15
4.028879999999999768e+02 3.259150936628326790e-15
4.022509999999999764e+02 3.528152087330740395e-15
4.016139999999999759e+02 2.918030899172442355e-15
4.009769999999999754e+02 2.967562700512402977e-15
4.003399999999999750e+02 2.333089064224173427e-15
3.997029999999999745e+02 2.820275019972128613e-15
3.990649999999999977e+02 2.651590225178483842e-15
3.984279999999999973e+02 2.130242658382475024e-15
3.977909999999999968e+02 1.990727469655721349e-15
3.971519999999999868e+02 1.932243477084973752e-15
3.965149999999999864e+02 1.523334484475416793e-15
3.958770000000000095e+02 1.736461265890144520e-15
3.952400000000000091e+02 1.140410526077047207e-15
3.946019999999999754e+02 1.568796199158802380e-15
3.939649999999999750e+02 1.109319147233016341e-15
3.933269999999999982e+02 1.053667158227188490e-15
3.926890000000000214e+02 1.667073790479451906e-15
3.920520000000000209e+02 1.557232246419522317e-15
3.914139999999999873e+02 2.034087850191962870e-15
3.907760000000000105e+02 2.056705026450808245e-15
3.901379999999999768e+02 2.743157640647947292e-15
3.895000000000000000e+02 3.348035774523314073e-15
3.888609999999999900e+02 3.024847155546238407e-15
3.882230000000000132e+02 3.098227783985161074e-15
3.875849999999999795e+02 3.408750252772793205e-15
3.869460000000000264e+02 3.691770810839029585e-15
3.863079999999999927e+02 4.026307688117754377e-15
3.856700000000000159e+02 4.228438136490367373e-15
3.850319999999999823e+02 4.455951889688216743e-15
3.843929999999999723e+02 4.029653700036763717e-15
3.837549999999999955e+02 4.282588702298095661e-15
3.831159999999999854e+02 4.144761143017522845e-15
3.824759999999999991e+02 4.084649784956740307e-15
3.818380000000000223e+02 3.921530173585054522e-15
3.811990000000000123e+02 3.267492850560978760e-15
3.805600000000000023e+02 3.622919294707330472e-15
3.799220000000000255e+02 3.461411281070304526e-15
3.792830000000000155e+02 3.068910185876851212e-15
3.786440000000000055e+02 3.319706395630251267e-15
3.780049999999999955e+02 3.056780016930135107e-15
3.773650000000000091e+02 3.153903358191947390e-15
3.767259999999999991e+02 4.092360289025999010e-15
3.760860000000000127e+02 4.007959157127314798e-15
3.754470000000000027e+02 4.839306291149044557e-15
3.748079999999999927e+02 4.778969049276208092e-15
3.741689999999999827e+02 5.022878778391571292e-15
3.735299999999999727e+02 5.291482613962696890e-15
3.728890000000000100e+02 5.357430399385000777e-15
3.722500000000000000e+02 4.943822724127974458e-15
3.716100000000000136e+02 5.587856672350289438e-15
3.709710000000000036e+02 5.125481260165570449e-15
3.703310000000000173e+02 4.915787742320864050e-15
3.696909999999999741e+02 4.755940797758062417e-15
3.690500000000000114e+02 4.871140448526602307e-15
3.684110000000000014e+02 4.612755317300718049e-15
3.677710000000000150e+02 4.504294118967215926e-15
3.671309999999999718e+02 4.297042754231369830e-15
3.664909999999999854e+02 4.932194699153015946e-15
3.658509999999999991e+02 4.551749973155626501e-15
3.652099999999999795e+02 4.543037230326436427e-15
3.645699999999999932e+02 5.099691544594249749e-15
3.639300000000000068e+02 4.991458500616178791e-15
3.632900000000000205e+02 4.932361585327681040e-15
3.626490000000000009e+02 5.044689452083513032e-15
3.620079999999999814e+02 4.912995031188437164e-15
3.613670000000000186e+02 4.830084815756959870e-15
3.607269999999999754e+02 4.480341106806276454e-15
3.600869999999999891e+02 4.617024980741399998e-15
3.594460000000000264e+02 4.172378048113918500e-15
3.588039999999999736e+02 3.848983889211911161e-15
3.581639999999999873e+02 3.721004989551555656e-15
3.575230000000000246e+02 3.424822696105972155e-15
3.568829999999999814e+02 3.849808793160900522e-15
3.562420000000000186e+02 3.722296665813664633e-15
3.556000000000000227e+02 3.786893314145397482e-15
3.549590000000000032e+02 3.970116154614171891e-15
3.543179999999999836e+02 3.580869732391762560e-15
3.536770000000000209e+02 3.692741876257919755e-15
3.530350000000000250e+02 4.230717433239665482e-15
3.523940000000000055e+02 4.364182271178036197e-15
3.517520000000000095e+02 4.355267131416660860e-15
3.511109999999999900e+02 3.520851156733206885e-15
3.504689999999999941e+02 3.819742764372075708e-15
3.498269999999999982e+02 3.929284234492606094e-15
3.491859999999999786e+02 3.850902103076295564e-15
3.485450000000000159e+02 3.773065109512502584e-15
3.479019999999999868e+02 3.694789839490743211e-15
3.472599999999999909e+02 3.454469598033640714e-15
3.466190000000000282e+02 3.400789462373495391e-15
3.459769999999999754e+02 3.300899389375571792e-15
3.453340000000000032e+02 3.595072699639790893e-15
3.446929999999999836e+02 3.772364844106799168e-15
3.440509999999999877e+02 3.626087849115456688e-15
3.434089999999999918e+02 3.572460821297973909e-15
3.427660000000000196e+02 3.335513643831531904e-15
3.421240000000000236e+02 3.809707969512643019e-15
3.414820000000000277e+02 3.915970175798318141e-15
3.408399999999999750e+02 3.884683593393734037e-15
3.401970000000000027e+02 4.081669711497997922e-15
3.395539999999999736e+02 4.118385957063373960e-15
3.389119999999999777e+02 3.996151259358140003e-15
3.382690000000000055e+02 4.101226260086104630e-15
3.376259999999999764e+02 4.656586995414360185e-15
3.369839999999999804e+02 5.007093824250023605e-15
3.363419999999999845e+02 4.794304648192575083e-15
3.356979999999999791e+02 4.492345831374082574e-15
3.350550000000000068e+02 4.415653085578198077e-15
3.344130000000000109e+02 4.205462480634724438e-15
3.337690000000000055e+02 4.262948623472261037e-15
3.331259999999999764e+02 4.365072928911977810e-15
3.324830000000000041e+02 4.954498603706954226e-15
3.318389999999999986e+02 4.678730770583667989e-15
3.311960000000000264e+02 5.043786795072025808e-15
3.305539999999999736e+02 4.878479761462838012e-15
3.299110000000000014e+02 5.175785361580052583e-15
3.292660000000000196e+02 5.362256338689844382e-15
3.286229999999999905e+02 5.657229278538890722e-15
3.279800000000000182e+02 5.557725002299170409e-15
3.273360000000000127e+02 5.392507949016110700e-15
3.266929999999999836e+02 4.880495533840389004e-15
3.260489999999999782e+02 4.782993434391014583e-15
3.254049999999999727e+02 4.664119906127666177e-15
3.247610000000000241e+02 4.913294070800762320e-15
3.241179999999999950e+02 4.729976864286275107e-15
3.234730000000000132e+02 4.848544903942291747e-15
3.228290000000000077e+02 4.859104105510878611e-15
3.221840000000000259e+02 5.255770275445423759e-15
3.215409999999999968e+02 5.286595881243088897e-15
3.208969999999999914e+02 5.722404687202077610e-15
3.202520000000000095e+02 5.965530395594719529e-15
3.196080000000000041e+02 5.930746265799947816e-15
3.189639999999999986e+02 6.108124477253069108e-15
3.183190000000000168e+02 6.369284108557127729e-15
3.176750000000000114e+02 5.975406771140171818e-15
3.170310000000000059e+02 5.352335286141332415e-15
3.163860000000000241e+02 5.339440360882698846e-15
3.157420000000000186e+02 5.202092116981626980e-15
3.150980000000000132e+02 4.876827084115959613e-15
3.144519999999999982e+02 4.782051080144921119e-15
3.138079999999999927e+02 4.625628933615958117e-15
3.131619999999999777e+02 4.532034303162978445e-15
3.125179999999999723e+02 4.397294095463793572e-15
3.118729999999999905e+02 4.449016503962037036e-15
3.112269999999999754e+02 5.181305691711412201e-15
3.105830000000000268e+02 4.860818817912622161e-15
3.099370000000000118e+02 4.726393569772897220e-15
3.092919999999999732e+02 4.777114551647741897e-15
3.086469999999999914e+02 4.643513430781293133e-15
3.080009999999999764e+02 5.060787877295591081e-15
3.073570000000000277e+02 5.292840887558313065e-15
3.067099999999999795e+02 5.362152288683032369e-15
3.060649999999999977e+02 5.268459521634244986e-15
3.054200000000000159e+02 5.235730751187914323e-15
3.047740000000000009e+02 5.203649444162462592e-15
3.041290000000000191e+02 5.171641641246590601e-15
3.034820000000000277e+02 5.720635672960406238e-15
3.028369999999999891e+02 6.067205795062578957e-15
3.021920000000000073e+02 6.331782940973903983e-15
3.015450000000000159e+02 6.138178711878886143e-15
3.008999999999999773e+02 5.726242341137976141e-15
3.002529999999999859e+02 6.287585503256474713e-15
2.996080000000000041e+02 6.035405077682404056e-15
2.989610000000000127e+02 5.744572526509741446e-15
2.983149999999999977e+02 6.242906520522741977e-15
2.976700000000000159e+02 5.972978549556900522e-15
2.970230000000000246e+02 5.997530809706319023e-15
2.963770000000000095e+02 5.611659813563258077e-15
2.957300000000000182e+02 5.481696490713034562e-15
2.950840000000000032e+02 5.643424280887734881e-15
2.944370000000000118e+02 5.222527419407007493e-15
2.937909999999999968e+02 5.384068234926890209e-15
2.931429999999999723e+02 6.297208897375831938e-15
2.924970000000000141e+02 6.262718280725794280e-15
2.918500000000000227e+02 5.959420279393551406e-15
2.912040000000000077e+02 5.848982199119375870e-15
2.905570000000000164e+02 6.120789865155989192e-15
2.899100000000000250e+02 6.468658112507701279e-15
2.892629999999999768e+02 6.984851845465492971e-15
2.886159999999999854e+02 7.290603826375701516e-15
2.879689999999999941e+02 7.499695622692616527e-15
2.873210000000000264e+02 7.518982527675428164e-15
2.866750000000000114e+02 7.424913146999160902e-15
2.860269999999999868e+02 7.819821387395110960e-15
2.853799999999999955e+02 7.950254300893957861e-15
2.847320000000000277e+02 7.855659839632358835e-15
2.840849999999999795e+02 8.227398571047513998e-15
2.834370000000000118e+02 8.393016855571397029e-15
2.827900000000000205e+02 8.761168927972434722e-15
2.821419999999999959e+02 9.072544567890337119e-15
2.814950000000000045e+02 9.215283207169375717e-15
2.808469999999999800e+02 9.560763164915375534e-15
2.801990000000000123e+02 9.242724816402417549e-15
2.795509999999999877e+02 9.035980067618062641e-15
2.789039999999999964e+02 9.141429613377751717e-15
2.782549999999999955e+02 9.135904770036926518e-15
2.776080000000000041e+02 9.149060503743680946e-15
2.769590000000000032e+02 9.016790120849089952e-15
2.763120000000000118e+02 9.192427184807133642e-15
2.756630000000000109e+02 9.024813150485769735e-15
2.750149999999999864e+02 9.181008103164427182e-15
2.743659999999999854e+02 9.947365937062615381e-15
2.737189999999999941e+02 1.052983581815280951e-14
2.730699999999999932e+02 1.068143685278231719e-14
2.724220000000000255e+02 1.052870412273896148e-14
2.717730000000000246e+02 1.028836191113667230e-14
2.711240000000000236e+02 1.010194334596736003e-14
2.704759999999999991e+02 9.793152495518450169e-15
2.698260000000000218e+02 9.961150433302036538e-15
2.691779999999999973e+02 1.028651691438379976e-14
2.685289999999999964e+02 9.786156820673969062e-15
2.678809999999999718e+02 9.655002070535665471e-15
2.672309999999999945e+02 9.490442706307147996e-15
2.665830000000000268e+02 9.691049554179962176e-15
2.659329999999999927e+02 1.035902306996823128e-14
2.652839999999999918e+02 1.064301484488758266e-14
2.646349999999999909e+02 1.109750157691228155e-14
2.639850000000000136e+02 1.080985560689321105e-14
2.633369999999999891e+02 1.067750215385056582e-14
2.626870000000000118e+02 1.095701689734273197e-14
2.620380000000000109e+02 1.070594984414101605e-14
2.613879999999999768e+02 1.113616046165461111e-14
2.607400000000000091e+02 1.090294851423719800e-14
2.600899999999999750e+02 1.041591042219144534e-14
2.594390000000000214e+02 1.067447330308590028e-14
2.587900000000000205e+02 1.045992081956151051e-14
2.581399999999999864e+02 1.048171222675999766e-14
2.574909999999999854e+02 1.038610621569154876e-14
2.568410000000000082e+02 1.087511409574087625e-14
2.561899999999999977e+02 1.124506077162903446e-14
2.555409999999999968e+02 1.103113032639740614e-14
2.548899999999999864e+02 1.126559494828002133e-14
2.542410000000000139e+02 1.125115294520734664e-14
2.535910000000000082e+02 1.087376742955091771e-14
2.529399999999999977e+02 1.087604428438486198e-14
2.522899999999999920e+02 1.102640608797017722e-14
2.516399999999999864e+02 1.137082648536425185e-14
2.509900000000000091e+02 1.086652285671973176e-14
2.503389999999999986e+02 1.090078542535068596e-14
2.496879999999999882e+02 1.114559650892386686e-14
2.490380000000000109e+02 1.119429840548395589e-14
2.483870000000000005e+02 1.153325032816530610e-14
2.477359999999999900e+02 1.183750824209330913e-14
2.470860000000000127e+02 1.169175612969365967e-14
2.464350000000000023e+02 1.204140905841310880e-14
2.457849999999999966e+02 1.152937825644322095e-14
2.451330000000000098e+02 1.179789367294358066e-14
2.444819999999999993e+02 1.157384571042509199e-14
2.438319999999999936e+02 1.138300134295056100e-14
2.431800000000000068e+02 1.123954426641163388e-14
2.425289999999999964e+02 1.120693099304260563e-14
2.418779999999999859e+02 1.164333728728335402e-14
2.412270000000000039e+02 1.193720266846567767e-14
2.405749999999999886e+02 1.165366556405337629e-14
2.399240000000000066e+02 1.214637955018681572e-14
2.392719999999999914e+02 1.211097265502215828e-14
2.386200000000000045e+02 1.233729620032683002e-14
2.379699999999999989e+02 1.227004696921207352e-14
2.373180000000000121e+02 1.260141735161592324e-14
2.366670000000000016e+02 1.256434881802704956e-14
2.360149999999999864e+02 1.254171488206072235e-14
2.353629999999999995e+02 1.277784673995201808e-14
2.347100000000000080e+02 1.323928544537075580e-14
2.340600000000000023e+02 1.315399777036647083e-14
2.334070000000000107e+02 1.308442506814488274e-14
2.327549999999999955e+02 1.357034644819978467e-14
2.321040000000000134e+02 1.393295803697700086e-14
2.314509999999999934e+02 1.384615983618756874e-14
2.307980000000000018e+02 1.419036350793600368e-14
2.301469999999999914e+02 1.414714920648394960e-14
2.294939999999999998e+02 1.395601798302622692e-14
2.288420000000000130e+02 1.366276520511877900e-14
2.281899999999999977e+02 1.413474380915640625e-14
2.275370000000000061e+02 1.448647476099946195e-14
2.268839999999999861e+02 1.467559801850119035e-14
2.262330000000000041e+02 1.499325167809052364e-14
2.255800000000000125e+02 1.541099460997094777e-14
2.249269999999999925e+02 1.537759195301575481e-14
2.242729999999999961e+02 1.544525055068285197e-14
2.236220000000000141e+02 1.577008256442864895e-14
2.229679999999999893e+02 1.584975235061879078e-14
2.223149999999999977e+02 1.595646646549672379e-14
2.216630000000000109e+02 1.572157799848506967e-14
2.210099999999999909e+02 1.545837790311630639e-14
2.203559999999999945e+02 1.518273238539897829e-14
2.197019999999999982e+02 1.504987668980214868e-14
2.190500000000000114e+02 1.510019340441041080e-14
2.183969999999999914e+02 1.507961685162832414e-14
2.177429999999999950e+02 1.501717978260816509e-14
2.170889999999999986e+02 1.509406792728901947e-14
2.164370000000000118e+02 1.483704005672610042e-14
2.157829999999999870e+02 1.503800284781814927e-14
2.151289999999999907e+02 1.487856036490684032e-14
2.144749999999999943e+02 1.524221088227080185e-14
2.138220000000000027e+02 1.523348656607059901e-14
2.131680000000000064e+02 1.525156355124111074e-14
2.125140000000000100e+02 1.532387470884665952e-14
2.118600000000000136e+02 1.506997980824207516e-14
2.112069999999999936e+02 1.534447532096878081e-14
2.105529999999999973e+02 1.521260786376373711e-14
2.098979999999999961e+02 1.509485441242956570e-14
2.092439999999999998e+02 1.488342546335675833e-14
2.085910000000000082e+02 1.484716119811640628e-14
2.079360000000000070e+02 1.478397565005627425e-14
2.072820000000000107e+02 1.469436784629075963e-14
2.066270000000000095e+02 1.436744200139104522e-14
2.059739999999999895e+02 1.458195574281894472e-14
2.053189999999999884e+02 1.451897583871907830e-14
2.046639999999999873e+02 1.435195739075794020e-14
2.040089999999999861e+02 1.435481786711615686e-14
2.033540000000000134e+02 1.431837786053303110e-14
2.027009999999999934e+02 1.390740576278884821e-14
2.020459999999999923e+02 1.375603805553966343e-14
2.013909999999999911e+02 1.345143740230202431e-14
2.007350000000000136e+02 1.371171885233008261e-14
2.000800000000000125e+02 1.357461649378381819e-14
1.994259999999999877e+02 1.328559310417397115e-14
1.987709999999999866e+02 1.325153673936852923e-14
1.981160000000000139e+02 1.312936136105839710e-14
1.974600000000000080e+02 1.328392608067421220e-14
1.968050000000000068e+02 1.299866194371889317e-14
1.961510000000000105e+02 1.291557961585739556e-14
1.954950000000000045e+02 1.318040610648479936e-14
1.948389999999999986e+02 1.289753733990301174e-14
1.941839999999999975e+02 1.272771993405390578e-14
1.935279999999999916e+02 1.281716572465830722e-14
1.928739999999999952e+02 1.294235307362065107e-14
1.922179999999999893e+02 1.287111860343864019e-14
1.915620000000000118e+02 1.316510745829888410e-14
1.909060000000000059e+02 1.357820856908710143e-14
1.902500000000000000e+02 1.373419526925792236e-14
1.895939999999999941e+02 1.350295211827327603e-14
1.889389999999999930e+02 1.380076889680168713e-14
1.882829999999999870e+02 1.401282322178383045e-14
1.876270000000000095e+02 1.424661294704039745e-14
1.869699999999999989e+02 1.414633951145704455e-14
1.863139999999999930e+02 1.409350092324734333e-14
1.856570000000000107e+02 1.382846952263631057e-14
1.850010000000000048e+02 1.363583649371934443e-14
1.843460000000000036e+02 1.379476325821536111e-14
1.836889999999999930e+02 1.403369616303740788e-14
1.830329999999999870e+02 1.425849385618275926e-14
1.823760000000000048e+02 1.436605475348080293e-14
1.817189999999999941e+02 1.424217299909351471e-14
1.810620000000000118e+02 1.489850666778914217e-14
1.804050000000000011e+02 1.537791518868256255e-14
1.797500000000000000e+02 1.555674720410852399e-14
1.790929999999999893e+02 1.594998604541599099e-14
1.784360000000000070e+02 1.594442866641017059e-14
1.777789999999999964e+02 1.609585665830086009e-14
1.771220000000000141e+02 1.614450061477994827e-14
1.764650000000000034e+02 1.620386026530338776e-14
1.758069999999999879e+02 1.630634675410157360e-14
1.751500000000000057e+02 1.614224658107864795e-14
1.744939999999999998e+02 1.626507178608701830e-14
1.738369999999999891e+02 1.658462684366589070e-14
1.731790000000000020e+02 1.676967718125197481e-14
1.725219999999999914e+02 1.701824535181781798e-14
1.718640000000000043e+02 1.734011245118745537e-14
1.712059999999999889e+02 1.758298995366356686e-14
1.705490000000000066e+02 1.776999822671021174e-14
1.698909999999999911e+02 1.785805455569426694e-14
1.692330000000000041e+02 1.777422523995984636e-14
1.685749999999999886e+02 1.766916354289189575e-14
1.679190000000000111e+02 1.785042760151502914e-14
1.672609999999999957e+02 1.774477233259611539e-14
1.666030000000000086e+02 1.806978707640565256e-14
1.659449999999999932e+02 1.777483152709694362e-14
1.652870000000000061e+02 1.739855247350794831e-14
1.646279999999999859e+02 1.740807038105477843e-14
1.639699999999999989e+02 1.759250471123340231e-14
1.633120000000000118e+02 1.788801336185535779e-14
1.626539999999999964e+02 1.790406253984974292e-14
1.619950000000000045e+02 1.766433319668159650e-14
1.613369999999999891e+02 1.757848570717938581e-14
1.606779999999999973e+02 1.731063305787448732e-14
1.600190000000000055e+02 1.731609359181836251e-14
1.593609999999999900e+02 1.742138992167938910e-14
1.587040000000000077e+02 1.742552943369971019e-14
1.580449999999999875e+02 1.751777526554784152e-14
1.573859999999999957e+02 1.742088587687544000e-14
1.567270000000000039e+02 1.752105531280857046e-14
1.560680000000000121e+02 1.742392403012998396e-14
1.554089999999999918e+02 1.743424488565708936e-14
1.547500000000000000e+02 1.749226841121222997e-14
1.540910000000000082e+02 1.739458487352675911e-14
1.534319999999999879e+02 1.739314669036753230e-14
1.527729999999999961e+02 1.738152871206688665e-14
1.521140000000000043e+02 1.724532880851205287e-14
1.514540000000000077e+02 1.721414416067805291e-14
1.507949999999999875e+02 1.718247408336380878e-14
1.501359999999999957e+02 1.773351822481742031e-14
1.494759999999999991e+02 1.790451501363540967e-14
1.488170000000000073e+02 1.796120351236395997e-14
1.481570000000000107e+02 1.831343284487262987e-14
1.474970000000000141e+02 1.827394159785911137e-14
1.468379999999999939e+02 1.845450204101092844e-14
1.461779999999999973e+02 1.854118771327310524e-14
1.455180000000000007e+02 1.883545664014022082e-14
1.448580000000000041e+02 1.891792648444894276e-14
1.441980000000000075e+02 1.852986036076587749e-14
1.435380000000000109e+02 1.871001455447440847e-14
1.428779999999999859e+02 1.880718479526295927e-14
1.422179999999999893e+02 1.906264901780204973e-14
1.415579999999999927e+02 1.913791510762263757e-14
1.408979999999999961e+02 1.916748401577742684e-14
1.402379999999999995e+02 1.917829565909943723e-14
1.395769999999999982e+02 1.915315326252008818e-14
1.389170000000000016e+02 1.938780070559524671e-14
1.382560000000000002e+02 1.989482585413513140e-14
1.375960000000000036e+02 2.018149759977994952e-14
1.369350000000000023e+02 2.041308002708801224e-14
1.362750000000000057e+02 2.048843222234755648e-14
1.356140000000000043e+02 2.076491380184962020e-14
1.349540000000000077e+02 2.101228798991190324e-14
1.342930000000000064e+02 2.149034636484781462e-14
1.336320000000000050e+02 2.195396805006025715e-14
1.329710000000000036e+02 2.222959846307286254e-14
1.323100000000000023e+02 2.239410797838604276e-14
1.316490000000000009e+02 2.287525952990885123e-14
1.309879999999999995e+02 2.301596814866628972e-14
1.303269999999999982e+02 2.309740293156975396e-14
1.296659999999999968e+02 2.355569483782400439e-14
1.290049999999999955e+02 2.373524981988512776e-14
1.283420000000000130e+02 2.375158955831647059e-14
1.276809999999999974e+02 2.382237267154614855e-14
1.270190000000000055e+02 2.410384692769850418e-14
1.263580000000000041e+02 2.385521184571906113e-14
1.256959999999999980e+02 2.352946447714261359e-14
1.250349999999999966e+02 2.359443080173745445e-14
1.243730000000000047e+02 2.356470212406826151e-14
1.237120000000000033e+02 2.344934509999620558e-14
1.230499999999999972e+02 2.348659855784008911e-14
1.223880000000000052e+02 2.342311114556228141e-14
1.217259999999999991e+02 2.300414517194696213e-14
1.210639999999999930e+02 2.249085362244304696e-14
1.204030000000000058e+02 2.244516550098847530e-14
1.197409999999999997e+02 2.227958641182231076e-14
1.190780000000000030e+02 2.170842281691768982e-14
1.184150000000000063e+02 2.153059840717101732e-14
1.177530000000000001e+02 2.120850296972512147e-14
1.170909999999999940e+02 2.077989597311165141e-14
1.164279999999999973e+02 2.036190895583050543e-14
1.157660000000000053e+02 2.016995750767380434e-14
1.151039999999999992e+02 1.991458739299236370e-14
1.144410000000000025e+02 1.951218568430165973e-14
1.137789999999999964e+02 1.913425249188376119e-14
1.131159999999999997e+02 1.903257981505822006e-14
1.124539999999999935e+02 1.881951074331532547e-14
1.117890000000000015e+02 1.858611701468516138e-14
1.111269999999999953e+02 1.852002095506256906e-14
1.104639999999999986e+02 1.825504313030486668e-14
1.098010000000000019e+02 1.802598302394993753e-14
1.091380000000000052e+02 1.774454545527850420e-14
1.084749999999999943e+02 1.760591963585692737e-14
1.078119999999999976e+02 1.708180351376731901e-14
1.071490000000000009e+02 1.676813750581692622e-14
1.064849999999999994e+02 1.603501316910576348e-14
1.058209999999999980e+02 1.541578690816587487e-14
1.051580000000000013e+02 1.464780644427385267e-14
1.044950000000000045e+02 1.439120185844676492e-14
1.038319999999999936e+02 1.380393579691876768e-14
1.031680000000000064e+02 1.328641792699918478e-14
1.025049999999999955e+02 1.280626846797201454e-14
1.018400000000000034e+02 1.260071451100191052e-14
1.011760000000000019e+02 1.226017809572789923e-14
1.005130000000000052e+02 1.233800349928661008e-14
9.984900000000000375e+01 1.231514785121824040e-14
9.918529999999999802e+01 1.223666480687493803e-14
9.852150000000000318e+01 1.211529832609784172e-14
9.785769999999999413e+01 1.240997668533593440e-14
9.719230000000000302e+01 1.277186154789238114e-14
9.652830000000000155e+01 1.310903512503810652e-14
9.586430000000000007e+01 1.336913628831241040e-14
9.520029999999999859e+01 1.372382483717962637e-14
9.453610000000000468e+01 1.424044014700628144e-14
9.387199999999999989e+01 1.474818531327842743e-14
9.320619999999999550e+01 1.507079061982385562e-14
9.254200000000000159e+01 1.544273218876730424e-14
9.187760000000000105e+01 1.545796394554403093e-14
9.121320000000000050e+01 1.557773675693627445e-14
9.054879999999999995e+01 1.556620020108739068e-14
8.988280000000000314e+01 1.585646341505803322e-14
8.921819999999999595e+01 1.587778819839791335e-14
8.855360000000000298e+01 1.576126673265922607e-14
8.788890000000000668e+01 1.563387425595424657e-14
8.722419999999999618e+01 1.589153968153910503e-14
8.655939999999999657e+01 1.608473297390390934e-14
8.589300000000000068e+01 1.637369495255895071e-14
8.522809999999999775e+01 1.644661881121437250e-14
8.456319999999999482e+01 1.663546549646929025e-14
8.389820000000000277e+01 1.658293532515027611e-14
8.323160000000000025e+01 1.670751743591503628e-14
8.256650000000000489e+01 1.672668627816645565e-14
8.190130000000000621e+01 1.688379697362743103e-14
8.123609999999999332e+01 1.690669346659064846e-14
8.057080000000000553e+01 1.666579814414530223e-14
7.990389999999999304e+01 1.669032727736420161e-14
7.923850000000000193e+01 1.680404300963874061e-14
7.857299999999999329e+01 1.696627266870019053e-14
7.790749999999999886e+01 1.705176510022000530e-14
7.724039999999999395e+01 1.705327687219514969e-14
7.657479999999999620e+01 1.714079893035151304e-14
7.590909999999999513e+01 1.693679563412092675e-14
7.524339999999999407e+01 1.702317561204039253e-14
7.457760000000000389e+01 1.700528636865171339e-14
7.391020000000000323e+01 1.669577733556391385e-14
7.324429999999999552e+01 1.655493761587137378e-14
7.257829999999999870e+01 1.620594992224757654e-14
7.191230000000000189e+01 1.597462795365836629e-14
7.124469999999999459e+01 1.589197494797243031e-14
7.057850000000000534e+01 1.570107303694734298e-14
6.991230000000000189e+01 1.574947729510741069e-14
6.924609999999999843e+01 1.547323868764321967e-14
6.857829999999999870e+01 1.538333481309416231e-14
6.791190000000000282e+01 1.525925576794491888e-14
6.724550000000000693e+01 1.505685778952970981e-14
6.657750000000000057e+01 1.493620445262146131e-14
6.591100000000000136e+01 1.467505887784016834e-14
6.524439999999999884e+01 1.455901982074648931e-14
6.457769999999999300e+01 1.435982445370660800e-14
6.390950000000000131e+01 1.411065659567720418e-14
6.324269999999999925e+01 1.398327830833237862e-14
6.257589999999999719e+01 1.392759449628530404e-14
6.190899999999999892e+01 1.384364572962034887e-14
6.124060000000000059e+01 1.370980089855060720e-14
6.057359999999999900e+01 1.360508961230281163e-14
5.990659999999999741e+01 1.351045266318639338e-14
5.923799999999999955e+01 1.320175689380072626e-14
5.857079999999999842e+01 1.287244254713968671e-14
5.790359999999999729e+01 1.277559532326104332e-14
5.723629999999999995e+01 1.257338563382952820e-14
5.656750000000000256e+01 1.228278081025508629e-14
5.590010000000000190e+01 1.217575091054007599e-14
5.523270000000000124e+01 1.197732607110113310e-14
5.456360000000000099e+01 1.184611751213341728e-14
5.389609999999999701e+01 1.176365663172515493e-14
5.322849999999999682e+01 1.176992922220786713e-14
5.255930000000000035e+01 1.183582778238758070e-14
5.189159999999999684e+01 1.158224287424492809e-14
5.122379999999999711e+01 1.151110550450097628e-14
5.055440000000000111e+01 1.140395981120184306e-14
4.988660000000000139e+01 1.122351522955843498e-14
4.921860000000000213e+01 1.103206712797497822e-14
4.854910000000000281e+01 1.085879124626902127e-14
4.788100000000000023e+01 1.079085178798968608e-14
4.721289999999999765e+01 1.064631590335194074e-14
4.654319999999999879e+01 1.043385834437956859e-14
4.587500000000000000e+01 1.032597698246448702e-14
4.520669999999999789e+01 1.005031456232978608e-14
4.453679999999999950e+01 9.893670603377853077e-15
4.386840000000000117e+01 9.756193906533183279e-15
4.320000000000000284e+01 9.722696077912693682e-15
4.252989999999999782e+01 9.523354882067697846e-15
4.186129999999999995e+01 9.300807294534942292e-15
4.119270000000000209e+01 9.008482077662057295e-15
4.052250000000000085e+01 8.835353685922711287e-15
3.985379999999999967e+01 8.711613642260930285e-15
3.918500000000000227e+01 8.629601554257284462e-15
3.851460000000000150e+01 8.479931077464847495e-15
3.784570000000000078e+01 8.312441951120024988e-15
3.717519999999999669e+01 8.098352869854262501e-15
3.650619999999999976e+01 7.908972604688967067e-15
3.583709999999999951e+01 7.790262837225002674e-15
3.516640000000000299e+01 7.661748038438900933e-15
3.449719999999999942e+01 7.464419492230196559e-15
3.382800000000000296e+01 7.319936092999726712e-15
3.315709999999999980e+01 7.109194501572135724e-15
3.248780000000000001e+01 6.831296209196435007e-15
3.181680000000000064e+01 6.652194099485671148e-15
3.114730000000000132e+01 6.516359778889089870e-15
3.047779999999999845e+01 6.418761831875542700e-15
2.980669999999999931e+01 6.141608586649486340e-15
2.913700000000000045e+01 5.995261543844732173e-15
2.846730000000000160e+01 5.869797355142067272e-15
2.779599999999999937e+01 5.636527474190637158e-15
2.712620000000000076e+01 5.465233293113581989e-15
2.645479999999999876e+01 5.314382092773429647e-15
2.578490000000000038e+01 5.133820816176429174e-15
2.511329999999999885e+01 4.900925396727106610e-15
2.444330000000000069e+01 4.662099019273344667e-15
2.377319999999999922e+01 4.523348373780509320e-15
2.310150000000000148e+01 4.273910551093409298e-15
2.243130000000000024e+01 4.079145251673958203e-15
2.175949999999999918e+01 3.888127588080663526e-15
2.108909999999999840e+01 3.684148876410536868e-15
2.041870000000000118e+01 3.516147171644240799e-15
1.974680000000000035e+01 3.286054288688369884e-15
1.907629999999999981e+01 3.112145789313599370e-15
1.840419999999999945e+01 2.953238001646010548e-15
1.773349999999999937e+01 2.770716157425780503e-15
1.706129999999999924e+01 2.651751080643172447e-15
1.639059999999999917e+01 2.476385146034474405e-15
1.571979999999999933e+01 2.335969421999271011e-15
1.504739999999999966e+01 2.223791579901918067e-15
1.437650000000000006e+01 2.094934846656996237e-15
1.370410000000000039e+01 1.999757102361117987e-15
1.303299999999999947e+01 1.867145351513987004e-15
1.236040000000000028e+01 1.753374888923894564e-15
1.168929999999999936e+01 1.638266305951078484e-15
1.101660000000000039e+01 1.558084779733980320e-15
1.034529999999999994e+01 1.531305313149453489e-15
9.672489999999999810e+00 1.483386448454342702e-15
9.001129999999999853e+00 1.433729616279435948e-15
8.329710000000000392e+00 1.367622319526583963e-15
7.656710000000000349e+00 1.333615227275445257e-15
6.985170000000000101e+00 1.388180352772254972e-15
6.312050000000000161e+00 1.415415543996118534e-15
5.640399999999999636e+00 1.414353250068440392e-15
4.967170000000000307e+00 1.358218755353724280e-15
4.295410000000000394e+00 1.258105427330725124e-15
3.622059999999999835e+00 1.131289429681325233e-15
2.950180000000000025e+00 9.751011137405389990e-16
2.276720000000000077e+00 7.990007428171767431e-16
1.604729999999999990e+00 5.874886033481879413e-16
9.311519999999999797e-01 3.430381770929909942e-16
2.590439999999999965e-01 9.543789348328081625e-17
