4.498670000000000186e+02 2.661725416591939452e-15
4.492339999999999804e+02 2.107249035973639987e-15
4.486009999999999991e+02 1.854182988843540899e-15
4.479680000000000177e+02 2.598219780130473140e-15
4.473360000000000127e+02 2.519227514846100899e-15
4.467029999999999745e+02 2.390517731503521214e-15
4.460690000000000168e+02 2.832511415109340551e-15
4.454359999999999786e+02 2.555571617138999437e-15
4.448029999999999973e+02 2.477189566056712716e-15
4.441689999999999827e+02 2.694786891656559702e-15
4.435360000000000014e+02 2.960794581645928006e-15
4.429019999999999868e+02 3.471643578603676647e-15
4.422699999999999818e+02 2.999505325578385081e-15
4.416360000000000241e+02 3.385969966427534213e-15
4.410029999999999859e+02 3.355655368398748664e-15
4.403690000000000282e+02 3.057150211484629863e-15
4.397350000000000136e+02 3.051877761230724985e-15
4.391009999999999991e+02 2.973722267330266437e-15
4.384669999999999845e+02 2.410260867558541056e-15
4.378330000000000268e+02 2.575537740240563183e-15
4.371990000000000123e+02 2.377650637820926932e-15
4.365649999999999977e+02 2.542433411621206541e-15
4.359329999999999927e+02 1.983771274096706986e-15
4.352980000000000018e+02 1.643462731809894212e-15
4.346639999999999873e+02 1.616607928604886307e-15
4.340299999999999727e+02 1.685630874116023354e-15
4.333960000000000150e+02 1.682658901496527723e-15
4.327610000000000241e+02 2.300804492705368315e-15
4.321270000000000095e+02 2.082063113919177320e-15
4.314920000000000186e+02 1.721301337611051047e-15
4.308580000000000041e+02 1.551913394468533746e-15
4.302230000000000132e+02 1.715249732736860086e-15
4.295889999999999986e+02 1.972663647845004496e-15
4.289540000000000077e+02 1.638091977780949457e-15
4.283190000000000168e+02 1.847617599025456495e-15
4.276859999999999786e+02 1.844633996965522903e-15
4.270509999999999877e+02 1.582525161960696606e-15
4.264159999999999968e+02 1.321496771444002064e-15
4.257810000000000059e+02 1.576759735404394609e-15
4.251460000000000150e+02 1.760998964428499273e-15
4.245110000000000241e+02 2.107908177548656450e-15
4.238759999999999764e+02 2.127365092340928753e-15
4.232409999999999854e+02 2.332951999006403469e-15
4.226050000000000182e+02 2.050150210601699667e-15
4.219700000000000273e+02 2.092845189823163966e-15
4.213349999999999795e+02 2.158456199059304144e-15
4.206990000000000123e+02 2.477749929786068903e-15
4.200640000000000214e+02 2.496306177113588346e-15
4.194289999999999736e+02 2.767749358225595618e-15
4.187930000000000064e+02 2.234582756964155987e-15
4.181569999999999823e+02 2.115897885941408375e-15
4.175219999999999914e+02 2.249375748106452061e-15
4.168860000000000241e+02 2.747621007402018034e-15
4.162500000000000000e+02 2.993361225927102436e-15
4.156150000000000091e+02 3.033445760296341113e-15
4.149789999999999850e+02 3.118686585489881460e-15
4.143430000000000177e+02 3.203596859514298740e-15
4.137069999999999936e+02 2.880882434644679241e-15
4.130710000000000264e+02 3.349935904328713396e-15
4.124350000000000023e+02 3.569227464571970661e-15
4.117989999999999782e+02 3.742727959224319728e-15
4.111630000000000109e+02 3.600978415081441094e-15
4.105260000000000105e+02 3.459818589976918462e-15
4.098899999999999864e+02 3.565307629071857792e-15
4.092540000000000191e+02 3.067331671888812444e-15
4.086170000000000186e+02 3.106168688195621869e-15
4.079809999999999945e+02 3.300690655296442764e-15
4.073439999999999941e+02 3.161245080040446813e-15
4.067080000000000268e+02 3.022309903337187329e-15
4.060710000000000264e+02 3.370660153122982587e-15
4.054350000000000023e+02 2.878423842110014029e-15
4.047980000000000018e+02 2.939216452553000715e-15
4.041610000000000014e+02 2.845666369432658548e-15
4.035240000000000009e+02 3.060017153183957485e-15
4.028879999999999768e+02 2.593898123819757340e-15
4.022509999999999764e+02 2.807740843750833225e-15
4.016139999999999759e+02 2.322015550270440278e-15
4.009769999999999754e+02 2.361224646646726718e-15
4.003399999999999750e+02 1.856247403489684591e-15
3.997029999999999745e+02 2.243647639915455917e-15
3.990649999999999977e+02 2.109274588664275884e-15
3.984279999999999973e+02 1.694427153054926298e-15
3.977909999999999968e+02 1.583323669669124116e-15
3.971519999999999868e+02 1.536677679977310761e-15
3.965149999999999864e+02 1.211394554622113062e-15
3.958770000000000095e+02 1.380745582037689062e-15
3.952400000000000091e+02 9.067494970327234531e-16
3.946019999999999754e+02 1.247219292557047374e-15
3.939649999999999750e+02 8.818777981007479963e-16
3.933269999999999982e+02 8.375677892595308043e-16
3.926890000000000214e+02 1.325000524189289559e-15
3.920520000000000209e+02 1.237596375135983346e-15
3.914139999999999873e+02 1.616404470146009062e-15
3.907760000000000105e+02 1.634234224292828167e-15
3.901379999999999768e+02 2.179461543049986957e-15
3.895000000000000000e+02 2.659790758711200900e-15
3.888609999999999900e+02 2.402838340120788523e-15
3.882230000000000132e+02 2.460913060585285318e-15
3.875849999999999795e+02 2.707315327992793158e-15
3.869460000000000264e+02 2.931834152737738416e-15
3.863079999999999927e+02 3.197221237523978303e-15
3.856700000000000159e+02 3.357432482674777020e-15
3.850319999999999823e+02 3.537768084516859620e-15
3.843929999999999723e+02 3.199041263609357127e-15
3.837549999999999955e+02 3.399537978527031803e-15
3.831159999999999854e+02 3.289845338665281717e-15
3.824759999999999991e+02 3.241850376159034618e-15
3.818380000000000223e+02 3.112119745568264452e-15
3.811990000000000123e+02 2.592864961968992072e-15
3.805600000000000023e+02 2.874646658439839112e-15
3.799220000000000255e+02 2.746260358885647308e-15
3.792830000000000155e+02 2.434649615386508613e-15
3.786440000000000055e+02 2.633375305751013197e-15
3.780049999999999955e+02 2.424602200383021939e-15
3.773650000000000091e+02 2.501417070582438946e-15
3.767259999999999991e+02 3.245413562966713150e-15
3.760860000000000127e+02 3.178202823584856641e-15
3.754470000000000027e+02 3.837084091553513716e-15
3.748079999999999927e+02 3.788911673306194117e-15
3.741689999999999827e+02 3.981937109850890992e-15
3.735299999999999727e+02 4.194502940486302065e-15
3.728890000000000100e+02 4.246404289269113816e-15
3.722500000000000000e+02 3.918233612386989670e-15
3.716100000000000136e+02 4.428263037816891482e-15
3.709710000000000036e+02 4.061490471169489811e-15
3.703310000000000173e+02 3.894987832989624474e-15
3.696909999999999741e+02 3.768005564888932601e-15
3.690500000000000114e+02 3.858932949353831444e-15
3.684110000000000014e+02 3.653922810706710811e-15
3.677710000000000150e+02 3.567694792600457218e-15
3.671309999999999718e+02 3.403242350116947868e-15
3.664909999999999854e+02 3.905923641406950295e-15
3.658509999999999991e+02 3.604329232804032985e-15
3.652099999999999795e+02 3.597112560418904983e-15
3.645699999999999932e+02 4.037497151808507361e-15
3.639300000000000068e+02 3.951460820532095723e-15
3.632900000000000205e+02 3.904333619114499906e-15
3.626490000000000009e+02 3.992894705743403609e-15
3.620079999999999814e+02 3.888316409358013851e-15
3.613670000000000186e+02 3.822361754371629426e-15
3.607269999999999754e+02 3.545279656137030145e-15
3.600869999999999891e+02 3.653111877579300213e-15
3.594460000000000264e+02 3.301011384612287603e-15
3.588039999999999736e+02 3.044891883251457971e-15
3.581639999999999873e+02 2.943391579029680183e-15
3.575230000000000246e+02 2.708871920887652546e-15
3.568829999999999814e+02 3.044736035863295230e-15
3.562420000000000186e+02 2.943631101589945475e-15
3.556000000000000227e+02 2.994447469746937008e-15
3.549590000000000032e+02 3.139046702358495117e-15
3.543179999999999836e+02 2.831038666196712043e-15
3.536770000000000209e+02 2.919223278466192434e-15
3.530350000000000250e+02 3.344199880052465768e-15
3.523940000000000055e+02 3.449389289184738245e-15
3.517520000000000095e+02 3.442036935572543783e-15
3.511109999999999900e+02 2.782353190225213238e-15
3.504689999999999941e+02 3.018276821081441517e-15
3.498269999999999982e+02 3.104555410858917810e-15
3.491859999999999786e+02 3.042356291259529120e-15
3.485450000000000159e+02 2.980598757006768450e-15
3.479019999999999868e+02 2.918505111006169859e-15
3.472599999999999909e+02 2.728438867559129093e-15
3.466190000000000282e+02 2.685802975611062934e-15
3.459769999999999754e+02 2.606683860226236711e-15
3.453340000000000032e+02 2.838728568780997838e-15
3.446929999999999836e+02 2.978452135532464665e-15
3.440509999999999877e+02 2.862707506567719432e-15
3.434089999999999918e+02 2.820119747739949208e-15
3.427660000000000196e+02 2.632842214743849762e-15
3.421240000000000236e+02 3.006861233532109605e-15
3.414820000000000277e+02 3.090451791276057880e-15
3.408399999999999750e+02 3.065487411598878384e-15
3.401970000000000027e+02 3.220641116536847382e-15
3.395539999999999736e+02 3.249320437850611628e-15
3.389119999999999777e+02 3.152600248274393143e-15
3.382690000000000055e+02 3.235203000676498757e-15
3.376259999999999764e+02 3.672952936586657356e-15
3.369839999999999804e+02 3.949061212493874987e-15
3.363419999999999845e+02 3.780900718701713463e-15
3.356979999999999791e+02 3.542455682501828942e-15
3.350550000000000068e+02 3.481668365648116612e-15
3.344130000000000109e+02 3.315643259977142537e-15
3.337690000000000055e+02 3.360662970610896174e-15
3.331259999999999764e+02 3.440861147774690297e-15
3.324830000000000041e+02 3.905127369321694099e-15
3.318389999999999986e+02 3.687440206065346972e-15
3.311960000000000264e+02 3.974788124450090968e-15
3.305539999999999736e+02 3.844174469439312664e-15
3.299110000000000014e+02 4.078075950521458489e-15
3.292660000000000196e+02 4.224615370328719572e-15
3.286229999999999905e+02 4.456602727647450509e-15
3.279800000000000182e+02 4.377823648862058621e-15
3.273360000000000127e+02 4.247301555943480726e-15
3.266929999999999836e+02 3.843686389976437321e-15
3.260489999999999782e+02 3.766559438847639400e-15
3.254049999999999727e+02 3.672618336797957982e-15
3.247610000000000241e+02 3.868469871986657393e-15
3.241179999999999950e+02 3.723802790184103347e-15
3.234730000000000132e+02 3.816801752469080692e-15
3.228290000000000077e+02 3.824768504322016945e-15
3.221840000000000259e+02 4.136617874808318773e-15
3.215409999999999968e+02 4.160503839145746232e-15
3.208969999999999914e+02 4.503068472449811784e-15
3.202520000000000095e+02 4.693960634849434989e-15
3.196080000000000041e+02 4.666169420213378155e-15
3.189639999999999986e+02 4.805289610789397037e-15
3.183190000000000168e+02 5.010288049076183893e-15
3.176750000000000114e+02 4.700030488493152494e-15
3.170310000000000059e+02 4.209572511806322488e-15
3.163860000000000241e+02 4.199050188736352342e-15
3.157420000000000186e+02 4.090668031229929038e-15
3.150980000000000132e+02 3.834552899303296418e-15
3.144519999999999982e+02 3.759692093694827047e-15
3.138079999999999927e+02 3.636384371165132704e-15
3.131619999999999777e+02 3.562483532152671655e-15
3.125179999999999723e+02 3.456257392133603253e-15
3.118729999999999905e+02 3.496592511464151702e-15
3.112269999999999754e+02 4.071734372501886956e-15
3.105830000000000268e+02 3.819537237505284423e-15
3.099370000000000118e+02 3.713572303064023017e-15
3.092919999999999732e+02 3.753082177311993779e-15
3.086469999999999914e+02 3.647790233875751740e-15
3.080009999999999764e+02 3.975218556204323374e-15
3.073570000000000277e+02 4.157113792346000867e-15
3.067099999999999795e+02 4.211167010381830667e-15
3.060649999999999977e+02 4.137209879569047706e-15
3.054200000000000159e+02 4.111134641684364131e-15
3.047740000000000009e+02 4.085571778991968606e-15
3.041290000000000191e+02 4.060071724286186005e-15
3.034820000000000277e+02 4.490649346876400159e-15
3.028369999999999891e+02 4.762265441311534116e-15
3.021920000000000073e+02 4.969480826241044942e-15
3.015450000000000159e+02 4.817092447729345826e-15
3.008999999999999773e+02 4.493409484599903824e-15
3.002529999999999859e+02 4.933439647047957081e-15
2.996080000000000041e+02 4.735141314636709462e-15
2.989610000000000127e+02 4.506556020511142752e-15
2.983149999999999977e+02 4.897039748515810705e-15
2.976700000000000159e+02 4.684878651362938612e-15
2.970230000000000246e+02 4.703704585867859265e-15
2.963770000000000095e+02 4.400677624972725118e-15
2.957300000000000182e+02 4.298367340820596144e-15
2.950840000000000032e+02 4.424775713999172238e-15
2.944370000000000118e+02 4.094397142868836405e-15
2.937909999999999968e+02 4.220654174935105639e-15
2.931429999999999723e+02 4.936013831077776098e-15
2.924970000000000141e+02 4.908528868890994407e-15
2.918500000000000227e+02 4.670387238522351755e-15
2.912040000000000077e+02 4.583417778723620928e-15
2.905570000000000164e+02 4.795969509666631128e-15
2.899100000000000250e+02 5.068073286611538437e-15
2.892629999999999768e+02 5.471992905073927575e-15
2.886159999999999854e+02 5.710993354616023851e-15
2.879689999999999941e+02 5.874240084517462226e-15
2.873210000000000264e+02 5.888803799386859308e-15
2.866750000000000114e+02 5.814595778966971092e-15
2.860269999999999868e+02 6.123287944970286495e-15
2.853799999999999955e+02 6.224848565915275501e-15
2.847320000000000277e+02 6.150216723489357965e-15
2.840849999999999795e+02 6.440655282592665597e-15
2.834370000000000118e+02 6.569698383414525793e-15
2.827900000000000205e+02 6.857237094731549752e-15
2.821419999999999959e+02 7.100287998227517519e-15
2.814950000000000045e+02 7.211330747633021512e-15
2.808469999999999800e+02 7.480988910033944983e-15
2.801990000000000123e+02 7.231467759129601202e-15
2.795509999999999877e+02 7.069059300249376939e-15
2.789039999999999964e+02 7.150893785115119096e-15
2.782549999999999955e+02 7.145909830570317465e-15
2.776080000000000041e+02 7.155538670727263247e-15
2.769590000000000032e+02 7.051436305836549056e-15
2.763120000000000118e+02 7.188124657547420884e-15
2.756630000000000109e+02 7.056403499890299624e-15
2.750149999999999864e+02 7.177864550520561636e-15
2.743659999999999854e+02 7.776288842912799672e-15
2.737189999999999941e+02 8.230865461638693266e-15
2.730699999999999932e+02 8.348591421154295968e-15
2.724220000000000255e+02 8.228453578165599389e-15
2.717730000000000246e+02 8.039874391144425980e-15
2.711240000000000236e+02 7.893464541380772677e-15
2.704759999999999991e+02 7.651473015842621692e-15
2.698260000000000218e+02 7.782005450511681652e-15
2.691779999999999973e+02 8.035445107664922158e-15
2.685289999999999964e+02 7.643874237956814881e-15
2.678809999999999718e+02 7.540730682982015351e-15
2.672309999999999945e+02 7.411516944385422863e-15
2.665830000000000268e+02 7.567475129919056308e-15
2.659329999999999927e+02 8.088318714512588769e-15
2.652839999999999918e+02 8.309283593662577984e-15
2.646349999999999909e+02 8.663303593828325728e-15
2.639850000000000136e+02 8.437965657369238928e-15
2.633369999999999891e+02 8.333878068545168516e-15
2.626870000000000118e+02 8.551241382672967849e-15
2.620380000000000109e+02 8.354521900615859344e-15
2.613879999999999768e+02 8.689427736843656374e-15
2.607400000000000091e+02 8.506663497851300099e-15
2.600899999999999750e+02 8.125911112775955906e-15
2.594390000000000214e+02 8.326846009400663652e-15
2.587900000000000205e+02 8.158719005844388386e-15
2.581399999999999864e+02 8.174951200382971286e-15
2.574909999999999854e+02 8.099629276080098458e-15
2.568410000000000082e+02 8.480186534636313904e-15
2.561899999999999977e+02 8.767838900541984815e-15
2.555409999999999968e+02 8.600232869379672916e-15
2.548899999999999864e+02 8.782203875396790619e-15
2.542410000000000139e+02 8.770124887808569369e-15
2.535910000000000082e+02 8.475165321576295622e-15
2.529399999999999977e+02 8.476143902440712567e-15
2.522899999999999920e+02 8.592520257260934712e-15
2.516399999999999864e+02 8.860082862561220411e-15
2.509900000000000091e+02 8.466340402463838377e-15
2.503389999999999986e+02 8.492236548742233810e-15
2.496879999999999882e+02 8.682138445881936820e-15
2.490380000000000109e+02 8.719256860312288911e-15
2.483870000000000005e+02 8.982420216569360366e-15
2.477359999999999900e+02 9.218515800786030201e-15
2.470860000000000127e+02 9.104155641085600407e-15
2.464350000000000023e+02 9.375539470893579223e-15
2.457849999999999966e+02 8.976026383908730742e-15
2.451330000000000098e+02 9.184207204151049103e-15
2.444819999999999993e+02 9.008946573087626445e-15
2.438319999999999936e+02 8.859562642225978768e-15
2.431800000000000068e+02 8.747082537881208424e-15
2.425289999999999964e+02 8.720879222770759509e-15
2.418779999999999859e+02 9.059620015792833093e-15
2.412270000000000039e+02 9.287397400842840172e-15
2.405749999999999886e+02 9.065943818429711679e-15
2.399240000000000066e+02 9.448355277831351580e-15
2.392719999999999914e+02 9.419922408856504108e-15
2.386200000000000045e+02 9.595048274499701949e-15
2.379699999999999989e+02 9.541846875009107398e-15
2.373180000000000121e+02 9.798609341965785568e-15
2.366670000000000016e+02 9.768862283050509666e-15
2.360149999999999864e+02 9.750340970728162410e-15
2.353629999999999995e+02 9.932975701053191550e-15
2.347100000000000080e+02 1.029070080192946346e-14
2.340600000000000023e+02 1.022344232979140772e-14
2.334070000000000107e+02 1.016840442958425700e-14
2.327549999999999955e+02 1.054503050675807040e-14
2.321040000000000134e+02 1.082577632663612793e-14
2.314509999999999934e+02 1.075731310688458229e-14
2.307980000000000018e+02 1.102368163549727010e-14
2.301469999999999914e+02 1.098906953912349762e-14
2.294939999999999998e+02 1.083957460345220866e-14
2.288420000000000130e+02 1.061079985798290120e-14
2.281899999999999977e+02 1.097630413723429206e-14
2.275370000000000061e+02 1.124836823182081533e-14
2.268839999999999861e+02 1.139413214677983037e-14
2.262330000000000041e+02 1.163965235437474104e-14
2.255800000000000125e+02 1.196281626416291493e-14
2.249269999999999925e+02 1.193575037951804924e-14
2.242729999999999961e+02 1.198712122010203955e-14
2.236220000000000141e+02 1.223806063321868246e-14
2.229679999999999893e+02 1.229871212971373838e-14
2.223149999999999977e+02 1.238033655348372272e-14
2.216630000000000109e+02 1.219692980248783065e-14
2.210099999999999909e+02 1.199159360552995105e-14
2.203559999999999945e+02 1.177664107924371925e-14
2.197019999999999982e+02 1.167247456146612806e-14
2.190500000000000114e+02 1.171038276341913959e-14
2.183969999999999914e+02 1.169330851647955138e-14
2.177429999999999950e+02 1.164377842911911959e-14
2.170889999999999986e+02 1.170227435974754315e-14
2.164370000000000118e+02 1.150190630508856526e-14
2.157829999999999870e+02 1.165657883342524824e-14
2.151289999999999907e+02 1.153188421344684645e-14
2.144749999999999943e+02 1.181260476170002545e-14
2.138220000000000027e+02 1.180471384563813658e-14
2.131680000000000064e+02 1.181758906058501824e-14
2.125140000000000100e+02 1.187248024758078680e-14
2.118600000000000136e+02 1.167465105531556044e-14
2.112069999999999936e+02 1.188616207308105589e-14
2.105529999999999973e+02 1.178288432371932563e-14
2.098979999999999961e+02 1.169055514520321893e-14
2.092439999999999998e+02 1.152570314558904770e-14
2.085910000000000082e+02 1.149651778667821924e-14
2.079360000000000070e+02 1.144649054865925225e-14
2.072820000000000107e+02 1.137601883877610126e-14
2.066270000000000095e+02 1.112185125680193150e-14
2.059739999999999895e+02 1.128682235372131981e-14
2.053189999999999884e+02 1.123699211952047198e-14
2.046639999999999873e+02 1.110665833231660366e-14
2.040089999999999861e+02 1.110780155151867486e-14
2.033540000000000134e+02 1.107853639140550422e-14
2.027009999999999934e+02 1.075952265837432537e-14
2.020459999999999923e+02 1.064139060322327445e-14
2.013909999999999911e+02 1.040475502144994132e-14
2.007350000000000136e+02 1.060505827320433872e-14
2.000800000000000125e+02 1.049800635172584961e-14
1.994259999999999877e+02 1.027349910264316323e-14
1.987709999999999866e+02 1.024617459627354391e-14
1.981160000000000139e+02 1.015072769531640461e-14
1.974600000000000080e+02 1.026923234324626774e-14
1.968050000000000068e+02 1.004773678041286223e-14
1.961510000000000105e+02 9.982552332183914129e-15
1.954950000000000045e+02 1.018625140680565129e-14
1.948389999999999986e+02 9.966676596596880375e-15
1.941839999999999975e+02 9.834497934100193241e-15
1.935279999999999916e+02 9.902651133740192967e-15
1.928739999999999952e+02 9.998405169916308147e-15
1.922179999999999893e+02 9.942410248407289564e-15
1.915620000000000118e+02 1.016851726237747483e-14
1.909060000000000059e+02 1.048657114341848940e-14
1.902500000000000000e+02 1.060601129209246964e-14
1.895939999999999941e+02 1.042642610315393454e-14
1.889389999999999930e+02 1.065535404656757542e-14
1.882829999999999870e+02 1.081802649669780481e-14
1.876270000000000095e+02 1.099744520818660415e-14
1.869699999999999989e+02 1.091897839128822098e-14
1.863139999999999930e+02 1.087713738149519706e-14
1.856570000000000107e+02 1.067155209451852747e-14
1.850010000000000048e+02 1.052187282875214926e-14
1.843460000000000036e+02 1.064347185817278893e-14
1.836889999999999930e+02 1.082676689961197152e-14
1.830329999999999870e+02 1.099912349755273940e-14
1.823760000000000048e+02 1.108101620370010183e-14
1.817189999999999941e+02 1.098439120382297691e-14
1.810620000000000118e+02 1.148947119522553365e-14
1.804050000000000011e+02 1.185802443512226806e-14
1.797500000000000000e+02 1.199475555158381507e-14
1.790929999999999893e+02 1.229675395021730689e-14
1.784360000000000070e+02 1.229126923620519012e-14
1.777789999999999964e+02 1.240679010950288015e-14
1.771220000000000141e+02 1.244306938259063319e-14
1.764650000000000034e+02 1.248759921853376846e-14
1.758069999999999879e+02 1.256535064121804190e-14
1.751500000000000057e+02 1.243768256448399674e-14
1.744939999999999998e+02 1.253109601670373797e-14
1.738369999999999891e+02 1.277604015271130705e-14
1.731790000000000020e+02 1.291732815246750163e-14
1.725219999999999914e+02 1.310751146553075942e-14
1.718640000000000043e+02 1.335410450126968797e-14
1.712059999999999889e+02 1.353982276528954142e-14
1.705490000000000066e+02 1.368248828009893411e-14
1.698909999999999911e+02 1.374894028518334909e-14
1.692330000000000041e+02 1.368305713194159657e-14
1.685749999999999886e+02 1.360084284458978190e-14
1.679190000000000111e+02 1.373902538690475314e-14
1.672609999999999957e+02 1.365636395266487803e-14
1.666030000000000086e+02 1.390512813471442598e-14
1.659449999999999932e+02 1.367680932225402015e-14
1.652870000000000061e+02 1.338596701121709149e-14
1.646279999999999859e+02 1.339197095406677399e-14
1.639699999999999989e+02 1.353252426625098121e-14
1.633120000000000118e+02 1.375848152173385000e-14
1.626539999999999964e+02 1.376947061774759856e-14
1.619950000000000045e+02 1.358376342463694160e-14
1.613369999999999891e+02 1.351641659952398897e-14
1.606779999999999973e+02 1.330914765177968377e-14
1.600190000000000055e+02 1.331203256706726504e-14
1.593609999999999900e+02 1.339166108382326582e-14
1.587040000000000077e+02 1.339352500599024826e-14
1.580449999999999875e+02 1.346309705926579250e-14
1.573859999999999957e+02 1.338731180400404799e-14
1.567270000000000039e+02 1.346295816579563100e-14
1.560680000000000121e+02 1.338700109461630575e-14
1.554089999999999918e+02 1.339360689816610438e-14
1.547500000000000000e+02 1.343685409232367407e-14
1.540910000000000082e+02 1.336049651868951734e-14
1.534319999999999879e+02 1.335807055536511208e-14
1.527729999999999961e+02 1.334782723189951031e-14
1.521140000000000043e+02 1.324192476257540164e-14
1.514540000000000077e+02 1.321666917689825217e-14
1.507949999999999875e+02 1.319104744646578571e-14
1.501359999999999957e+02 1.361273668976091302e-14
1.494759999999999991e+02 1.374263467338637690e-14
1.488170000000000073e+02 1.378477990566956536e-14
1.481570000000000107e+02 1.405371144535198094e-14
1.474970000000000141e+02 1.402201364072267249e-14
1.468379999999999939e+02 1.415915729638206301e-14
1.461779999999999973e+02 1.422425330583028098e-14
1.455180000000000007e+02 1.444857144958104637e-14
1.448580000000000041e+02 1.451039114620951713e-14
1.441980000000000075e+02 1.421132513930767182e-14
1.435380000000000109e+02 1.434806570167504638e-14
1.428779999999999859e+02 1.442114749596863531e-14
1.422179999999999893e+02 1.461558002209444694e-14
1.415579999999999927e+02 1.467182714587963093e-14
1.408979999999999961e+02 1.469303298107415235e-14
1.402379999999999995e+02 1.469985695885129265e-14
1.395769999999999982e+02 1.467912144557612397e-14
1.389170000000000016e+02 1.485747639818099960e-14
1.382560000000000002e+02 1.524450328314223820e-14
1.375960000000000036e+02 1.546262508396467475e-14
1.369350000000000023e+02 1.563849654410803363e-14
1.362750000000000057e+02 1.569465862839469603e-14
1.356140000000000043e+02 1.590486109121210140e-14
1.349540000000000077e+02 1.609273091977069837e-14
1.342930000000000064e+02 1.645721688257571861e-14
1.336320000000000050e+02 1.681057496653285735e-14
1.329710000000000036e+02 1.701992791798156372e-14
1.323100000000000023e+02 1.714416815334907013e-14
1.316490000000000009e+02 1.751076863540095966e-14
1.309879999999999995e+02 1.761671619409805463e-14
1.303269999999999982e+02 1.767727758160603365e-14
1.296659999999999968e+02 1.802621924197847165e-14
1.290049999999999955e+02 1.816180600449551468e-14
1.283420000000000130e+02 1.817248265220870259e-14
1.276809999999999974e+02 1.822481272465075936e-14
1.270190000000000055e+02 1.843829734810995903e-14
1.263580000000000041e+02 1.824627410397129917e-14
1.256959999999999980e+02 1.799531066327317718e-14
1.250349999999999966e+02 1.804318668045293735e-14
1.243730000000000047e+02 1.801864171083278325e-14
1.237120000000000033e+02 1.792863510697939822e-14
1.230499999999999972e+02 1.795531250393530660e-14
1.223880000000000052e+02 1.790497618194180163e-14
1.217259999999999991e+02 1.758294396159056701e-14
1.210639999999999930e+02 1.718888663134323819e-14
1.204030000000000058e+02 1.715224521666537557e-14
1.197409999999999997e+02 1.702399850681470037e-14
1.190780000000000030e+02 1.658589601877767807e-14
1.184150000000000063e+02 1.644837361448249031e-14
1.177530000000000001e+02 1.620067578247239852e-14
1.170909999999999940e+02 1.587167393519344949e-14
1.164279999999999973e+02 1.555084615977576446e-14
1.157660000000000053e+02 1.540269565504183565e-14
1.151039999999999992e+02 1.520615005997953811e-14
1.144410000000000025e+02 1.489738412069552520e-14
1.137789999999999964e+02 1.460736183700922837e-14
1.131159999999999997e+02 1.452827491469084345e-14
1.124539999999999935e+02 1.436418138534660219e-14
1.117890000000000015e+02 1.418460257114760853e-14
1.111269999999999953e+02 1.413273164808342071e-14
1.104639999999999986e+02 1.392911637699204347e-14
1.098010000000000019e+02 1.375294522394642147e-14
1.091380000000000052e+02 1.353685190221431394e-14
1.084749999999999943e+02 1.342973798270068814e-14
1.078119999999999976e+02 1.302862483594249295e-14
1.071490000000000009e+02 1.278809032397044406e-14
1.064849999999999994e+02 1.222773858054565236e-14
1.058209999999999980e+02 1.175434582686195130e-14
1.051580000000000013e+02 1.116763898281141384e-14
1.044950000000000045e+02 1.097088860657621008e-14
1.038319999999999936e+02 1.052212967637307681e-14
1.031680000000000064e+02 1.012662031112534598e-14
1.025049999999999955e+02 9.759670891309788481e-15
1.018400000000000034e+02 9.602040456341711236e-15
1.011760000000000019e+02 9.341594118277241036e-15
1.005130000000000052e+02 9.399937793553133508e-15
9.984900000000000375e+01 9.381570078031201875e-15
9.918529999999999802e+01 9.320834145046925077e-15
9.852150000000000318e+01 9.227448592822115913e-15
9.785769999999999413e+01 9.450923476841572426e-15
9.719230000000000302e+01 9.725526487094845307e-15
9.652830000000000155e+01 9.981260024134401860e-15
9.586430000000000007e+01 1.017826401968708798e-14
9.520029999999999859e+01 1.044723178809763080e-14
9.453610000000000468e+01 1.083939758734254437e-14
9.387199999999999989e+01 1.122473218360318221e-14
9.320619999999999550e+01 1.146909085740799891e-14
9.254200000000000159e+01 1.175094371549217990e-14
9.187760000000000105e+01 1.176133279666763859e-14
9.121320000000000050e+01 1.185125207873145789e-14
9.054879999999999995e+01 1.184126521297742858e-14
8.988280000000000314e+01 1.206083331978761437e-14
8.921819999999999595e+01 1.207581841846222231e-14
8.855360000000000298e+01 1.198597223094161651e-14
8.788890000000000668e+01 1.188787758283452460e-14
8.722419999999999618e+01 1.208256719270907372e-14
8.655939999999999657e+01 1.222820232045136783e-14
8.589300000000000068e+01 1.244660339494957929e-14
8.522809999999999775e+01 1.250075595810373296e-14
8.456319999999999482e+01 1.264299849566370104e-14
8.389820000000000277e+01 1.260178323627928118e-14
8.323160000000000025e+01 1.269515084232831138e-14
8.256650000000000489e+01 1.270841216054981294e-14
8.190130000000000621e+01 1.282646308657319612e-14
8.123609999999999332e+01 1.284253864248950862e-14
8.057080000000000553e+01 1.265825148137333966e-14
7.990389999999999304e+01 1.267557666126077069e-14
7.923850000000000193e+01 1.276062702922254739e-14
7.857299999999999329e+01 1.288249583728877948e-14
7.790749999999999886e+01 1.294607858300742826e-14
7.724039999999999395e+01 1.294589123514083533e-14
7.657479999999999620e+01 1.301099383054478313e-14
7.590909999999999513e+01 1.285481849538772472e-14
7.524339999999999407e+01 1.291904917728595651e-14
7.457760000000000389e+01 1.290414330839032703e-14
7.391020000000000323e+01 1.266796976289550042e-14
7.324429999999999552e+01 1.255981240345712260e-14
7.257829999999999870e+01 1.229377657402031027e-14
7.191230000000000189e+01 1.211704664538189442e-14
7.124469999999999459e+01 1.205310608034285221e-14
7.057850000000000534e+01 1.190708920357558160e-14
6.991230000000000189e+01 1.194256364392627578e-14
6.924609999999999843e+01 1.173188483869417562e-14
6.857829999999999870e+01 1.166251134981426902e-14
6.791190000000000282e+01 1.156724793121532536e-14
6.724550000000000693e+01 1.141264048808974168e-14
6.657750000000000057e+01 1.132001524986635252e-14
6.591100000000000136e+01 1.112094476182540633e-14
6.524439999999999884e+01 1.103186691291428539e-14
6.457769999999999300e+01 1.087980315599283039e-14
6.390950000000000131e+01 1.068991002566095755e-14
6.324269999999999925e+01 1.059231351529651516e-14
6.257589999999999719e+01 1.054903960250736836e-14
6.190899999999999892e+01 1.048436791020403334e-14
6.124060000000000059e+01 1.038192242499274805e-14
6.057359999999999900e+01 1.030155952355598714e-14
5.990659999999999741e+01 1.022884024482675109e-14
5.923799999999999955e+01 9.994085078746645128e-15
5.857079999999999842e+01 9.743773348807485628e-15
5.790359999999999729e+01 9.669460332791902481e-15
5.723629999999999995e+01 9.515424990933134295e-15
5.656750000000000256e+01 9.294529544555274998e-15
5.590010000000000190e+01 9.212580507829342142e-15
5.523270000000000124e+01 9.061502991807405444e-15
5.456360000000000099e+01 8.961301633736089023e-15
5.389609999999999701e+01 8.897995611912708271e-15
5.322849999999999682e+01 8.901812961839150753e-15
5.255930000000000035e+01 8.950718406531827378e-15
5.189159999999999684e+01 8.758034937311125738e-15
5.122379999999999711e+01 8.703336233374331050e-15
5.055440000000000111e+01 8.621424095278542477e-15
4.988660000000000139e+01 8.484122589005378753e-15
4.921860000000000213e+01 8.338532203907792720e-15
4.854910000000000281e+01 8.206703900892757737e-15
4.788100000000000023e+01 8.154505900273717378e-15
4.721289999999999765e+01 8.044441698332938024e-15
4.654319999999999879e+01 7.883081483323271437e-15
4.587500000000000000e+01 7.800758562735007219e-15
4.520669999999999789e+01 7.591715668517971180e-15
4.453679999999999950e+01 7.472607904666635404e-15
4.386840000000000117e+01 7.368001904535479520e-15
4.320000000000000284e+01 7.341935364797817700e-15
4.252989999999999782e+01 7.190651449820196451e-15
4.186129999999999995e+01 7.021880444033499001e-15
4.119270000000000209e+01 6.800469728161229809e-15
4.052250000000000085e+01 6.669075172462488453e-15
3.985379999999999967e+01 6.574984716746410386e-15
3.918500000000000227e+01 6.512403965757786050e-15
3.851460000000000150e+01 6.398780923186250265e-15
3.784570000000000078e+01 6.271738860532585078e-15
3.717519999999999669e+01 6.109565758194357707e-15
3.650619999999999976e+01 5.966066819380071402e-15
3.583709999999999951e+01 5.875901728062153298e-15
3.516640000000000299e+01 5.778359131042473812e-15
3.449719999999999942e+01 5.628945581176344743e-15
3.382800000000000296e+01 5.519409707375672307e-15
3.315709999999999980e+01 5.359940265425874481e-15
3.248780000000000001e+01 5.149878512723106280e-15
3.181680000000000064e+01 5.014330525006342714e-15
3.114730000000000132e+01 4.911423277674814184e-15
3.047779999999999845e+01 4.837353451067468210e-15
2.980669999999999931e+01 4.627994570035234921e-15
2.913700000000000045e+01 4.517238884632603237e-15
2.846730000000000160e+01 4.422239266286207713e-15
2.779599999999999937e+01 4.246047531595599855e-15
2.712620000000000076e+01 4.116575721387436244e-15
2.645479999999999876e+01 4.002526681182290081e-15
2.578490000000000038e+01 3.866128792980653927e-15
2.511329999999999885e+01 3.690351495594926778e-15
2.444330000000000069e+01 3.510146690175061505e-15
2.377319999999999922e+01 3.405319842143166572e-15
2.310150000000000148e+01 3.217194338768884471e-15
2.243130000000000024e+01 3.070259733426114782e-15
2.175949999999999918e+01 2.926175792794548948e-15
2.108909999999999840e+01 2.772369575499470241e-15
2.041870000000000118e+01 2.645666064918188196e-15
1.974680000000000035e+01 2.472274257159502647e-15
1.907629999999999981e+01 2.341185634495288847e-15
1.840419999999999945e+01 2.221407563674448213e-15
1.773349999999999937e+01 2.083894887409742020e-15
1.706129999999999924e+01 1.994207606924178233e-15
1.639059999999999917e+01 1.862128971941452494e-15
1.571979999999999933e+01 1.756356390633048714e-15
1.504739999999999966e+01 1.671834824345839570e-15
1.437650000000000006e+01 1.574793812388908861e-15
1.370410000000000039e+01 1.503087253338950256e-15
1.303299999999999947e+01 1.403262539884897881e-15
1.236040000000000028e+01 1.317617410063085378e-15
1.168929999999999936e+01 1.230985318176221395e-15
1.101660000000000039e+01 1.170612480677221755e-15
1.034529999999999994e+01 1.150370135288548921e-15
9.672489999999999810e+00 1.114252853382925262e-15
9.001129999999999853e+00 1.076838142443193239e-15
8.329710000000000392e+00 1.027077158307807605e-15
7.656710000000000349e+00 1.001430957941499820e-15
6.985170000000000101e+00 1.042293382538225048e-15
6.312050000000000161e+00 1.062628756026124924e-15
5.640399999999999636e+00 1.061717841442518563e-15
4.967170000000000307e+00 1.019470028036695573e-15
4.295410000000000394e+00 9.442247763734966831e-16
3.622059999999999835e+00 8.489567882216107895e-16
2.950180000000000025e+00 7.316697545288112709e-16
2.276720000000000077e+00 5.994681403974423198e-16
1.604729999999999990e+00 4.407293173140733134e-16
9.311519999999999797e-01 2.573169604409522558e-16
2.590439999999999965e-01 7.158142768765190097e-17
