4.498670000000000186e+02 1.702163475926947259e-15
4.492339999999999804e+02 1.347236221718839035e-15
4.486009999999999991e+02 1.185126396429506137e-15
4.479680000000000177e+02 1.660107637311939999e-15
4.473360000000000127e+02 1.609175482530780440e-15
4.467029999999999745e+02 1.526528391072215474e-15
4.460690000000000168e+02 1.808202656220143776e-15
4.454359999999999786e+02 1.630958862615620767e-15
4.448029999999999973e+02 1.580481534870322426e-15
4.441689999999999827e+02 1.718787848460810359e-15
4.435360000000000014e+02 1.887877528601991623e-15
4.429019999999999868e+02 2.212918709073479228e-15
4.422699999999999818e+02 1.911439160570943511e-15
4.416360000000000241e+02 2.157051446155080855e-15
4.410029999999999859e+02 2.137115686631307843e-15
4.403690000000000282e+02 1.946456618176381071e-15
4.397350000000000136e+02 1.942529785636579661e-15
4.391009999999999991e+02 1.892233758907395004e-15
4.384669999999999845e+02 1.533286922231005605e-15
4.378330000000000268e+02 1.637929962009725886e-15
4.371990000000000123e+02 1.511655622582852871e-15
4.365649999999999977e+02 1.615928770235721928e-15
4.359329999999999927e+02 1.260533615289895865e-15
4.352980000000000018e+02 1.044025653783908318e-15
4.346639999999999873e+02 1.026666894861274021e-15
4.340299999999999727e+02 1.070175891562104058e-15
4.333960000000000150e+02 1.067974157743020551e-15
4.327610000000000241e+02 1.459790549499878458e-15
4.321270000000000095e+02 1.320637632393845878e-15
4.314920000000000186e+02 1.091525940612177510e-15
4.308580000000000041e+02 9.838439412249383909e-16
4.302230000000000132e+02 1.087045338197221137e-15
4.295889999999999986e+02 1.249777608500461014e-15
4.289540000000000077e+02 1.037541473027909686e-15
4.283190000000000168e+02 1.169874947031167651e-15
4.276859999999999786e+02 1.167640423096903930e-15
4.270509999999999877e+02 1.001462281394040766e-15
4.264159999999999968e+02 8.360659460030164617e-16
4.257810000000000059e+02 9.972212611510628705e-16
4.251460000000000150e+02 1.113385238814727420e-15
4.245110000000000241e+02 1.332275738991376650e-15
4.238759999999999764e+02 1.344170678150543597e-15
4.232409999999999854e+02 1.473609123084564526e-15
4.226050000000000182e+02 1.294618173860322055e-15
4.219700000000000273e+02 1.321180052445184712e-15
4.213349999999999795e+02 1.362185513269084727e-15
4.206990000000000123e+02 1.563188411971525272e-15
4.200640000000000214e+02 1.574423245030056843e-15
4.194289999999999736e+02 1.745076639942228721e-15
4.187930000000000064e+02 1.408534348708899202e-15
4.181569999999999823e+02 1.333335432690758125e-15
4.175219999999999914e+02 1.417008230890778429e-15
4.168860000000000241e+02 1.730312251942217651e-15
4.162500000000000000e+02 1.884481352235775338e-15
4.156150000000000091e+02 1.909141301295217565e-15
4.149789999999999850e+02 1.962192990398084352e-15
4.143430000000000177e+02 2.015004456493630216e-15
4.137069999999999936e+02 1.811500430481221198e-15
4.130710000000000264e+02 2.105771781834017959e-15
4.124350000000000023e+02 2.242928871286544720e-15
4.117989999999999782e+02 2.351238933492987062e-15
4.111630000000000109e+02 2.261516534544088438e-15
4.105260000000000105e+02 2.172216810449603587e-15
4.098899999999999864e+02 2.237765421621252447e-15
4.092540000000000191e+02 1.924660527721103023e-15
4.086170000000000186e+02 1.948437505711430480e-15
4.079809999999999945e+02 2.069818176555539150e-15
4.073439999999999941e+02 1.981782961462829632e-15
4.067080000000000268e+02 1.894121270424765181e-15
4.060710000000000264e+02 2.111771826579984721e-15
4.054350000000000023e+02 1.802863906734578873e-15
4.047980000000000018e+02 1.840377630643650320e-15
4.041610000000000014e+02 1.781267837495223295e-15
4.035240000000000009e+02 1.914844604490347468e-15
4.028879999999999768e+02 1.622705280899895007e-15
4.022509999999999764e+02 1.755930582907764580e-15
4.016139999999999759e+02 1.451758889001423726e-15
4.009769999999999754e+02 1.475820193452188395e-15
4.003399999999999750e+02 1.159890347106097430e-15
3.997029999999999745e+02 1.401488607712862159e-15
3.990649999999999977e+02 1.317163488174325453e-15
3.984279999999999973e+02 1.057826026306573159e-15
3.977909999999999968e+02 9.881768076112992008e-16
3.971519999999999868e+02 9.587768775947273461e-16
3.965149999999999864e+02 7.556375506217285300e-16
3.958770000000000095e+02 8.609811628184967013e-16
3.952400000000000091e+02 5.653147003620113770e-16
3.946019999999999754e+02 7.772635371759879916e-16
3.939649999999999750e+02 5.494772641635587581e-16
3.933269999999999982e+02 5.217191447118603516e-16
3.926890000000000214e+02 8.249641638582302747e-16
3.920520000000000209e+02 7.703227035198256408e-16
3.914139999999999873e+02 1.005732710390579412e-15
3.907760000000000105e+02 1.016511660406279855e-15
3.901379999999999768e+02 1.355162590743059683e-15
3.895000000000000000e+02 1.653270874206970145e-15
3.888609999999999900e+02 1.493114435087553018e-15
3.882230000000000132e+02 1.528726073136165055e-15
3.875849999999999795e+02 1.681253112985214426e-15
3.869460000000000264e+02 1.820101106398553682e-15
3.863079999999999927e+02 1.984224499297020512e-15
3.856700000000000159e+02 2.083000085927049328e-15
3.850319999999999823e+02 2.194194602952733410e-15
3.843929999999999723e+02 1.983515658364736630e-15
3.837549999999999955e+02 2.107166588249728380e-15
3.831159999999999854e+02 2.038550264637673341e-15
3.824759999999999991e+02 2.008190159800760526e-15
3.818380000000000223e+02 1.927239290604332401e-15
3.811990000000000123e+02 1.605217168142335117e-15
3.805600000000000023e+02 1.779091309591230861e-15
3.799220000000000255e+02 1.699116732649900024e-15
3.792830000000000155e+02 1.505877879951346130e-15
3.786440000000000055e+02 1.628271037624328759e-15
3.780049999999999955e+02 1.498732339726611745e-15
3.773650000000000091e+02 1.545726352864936955e-15
3.767259999999999991e+02 2.004787887196016363e-15
3.760860000000000127e+02 1.962661994949703276e-15
3.754470000000000027e+02 2.368766933892980637e-15
3.748079999999999927e+02 2.338302251586478701e-15
3.741689999999999827e+02 2.456650512357466737e-15
3.735299999999999727e+02 2.586975076719842381e-15
3.728890000000000100e+02 2.618163312506545695e-15
3.722500000000000000e+02 2.415087677730731942e-15
3.716100000000000136e+02 2.728575676261996252e-15
3.709710000000000036e+02 2.501814853130941044e-15
3.703310000000000173e+02 2.398508717846633205e-15
3.696909999999999741e+02 2.319593408045855131e-15
3.690500000000000114e+02 2.374818031283813696e-15
3.684110000000000014e+02 2.247959584068165573e-15
3.677710000000000150e+02 2.194226534938367868e-15
3.671309999999999718e+02 2.092435948822559699e-15
3.664909999999999854e+02 2.400719333167418343e-15
3.658509999999999991e+02 2.214667713752709708e-15
3.652099999999999795e+02 2.209537909873676931e-15
3.645699999999999932e+02 2.479241638768869880e-15
3.639300000000000068e+02 2.425651280693627692e-15
3.632900000000000205e+02 2.395969420154320389e-15
3.626490000000000009e+02 2.449539187378345924e-15
3.620079999999999814e+02 2.384635197109814910e-15
3.613670000000000186e+02 2.343449347169112655e-15
3.607269999999999754e+02 2.172901525191283770e-15
3.600869999999999891e+02 2.238279312616234593e-15
3.594460000000000264e+02 2.021924440667860604e-15
3.588039999999999736e+02 1.864470720951935386e-15
3.581639999999999873e+02 1.801755903643407204e-15
3.575230000000000246e+02 1.657687893362176758e-15
3.568829999999999814e+02 1.862605866294574450e-15
3.562420000000000186e+02 1.800190593004442690e-15
3.556000000000000227e+02 1.830682378583486220e-15
3.549590000000000032e+02 1.918466099785664228e-15
3.543179999999999836e+02 1.729692383199757759e-15
3.536770000000000209e+02 1.782998317269201672e-15
3.530350000000000250e+02 2.041887014384739256e-15
3.523940000000000055e+02 2.105437355144414236e-15
3.517520000000000095e+02 2.100280472323810082e-15
3.511109999999999900e+02 1.697246575159630090e-15
3.504689999999999941e+02 1.840557654514453453e-15
3.498269999999999982e+02 1.892561076363257287e-15
3.491859999999999786e+02 1.854056401472666693e-15
3.485450000000000159e+02 1.815844784383661659e-15
3.479019999999999868e+02 1.777450613396699383e-15
3.472599999999999909e+02 1.661175612442604756e-15
3.466190000000000282e+02 1.634697724458488732e-15
3.459769999999999754e+02 1.586039845161397254e-15
3.453340000000000032e+02 1.726657167376890421e-15
3.446929999999999836e+02 1.811055318776915680e-15
3.440509999999999877e+02 1.740125544189712401e-15
3.434089999999999918e+02 1.713690967032801536e-15
3.427660000000000196e+02 1.599386640053803031e-15
3.421240000000000236e+02 1.825981454987808427e-15
3.414820000000000277e+02 1.876135639919666102e-15
3.408399999999999750e+02 1.860383717554722285e-15
3.401970000000000027e+02 1.953904733239008440e-15
3.395539999999999736e+02 1.970667136264893354e-15
3.389119999999999777e+02 1.911397640036061877e-15
3.382690000000000055e+02 1.960841655836757212e-15
3.376259999999999764e+02 2.225417098637051004e-15
3.369839999999999804e+02 2.391924414255185950e-15
3.363419999999999845e+02 2.289339639820396791e-15
3.356979999999999791e+02 2.144277945623062639e-15
3.350550000000000068e+02 2.106804523113281187e-15
3.344130000000000109e+02 2.005700965390465298e-15
3.337690000000000055e+02 2.032272887846865749e-15
3.331259999999999764e+02 2.080092592703475400e-15
3.324830000000000041e+02 2.359965168167299855e-15
3.318389999999999986e+02 2.227697892911038218e-15
3.311960000000000264e+02 2.400501264808456315e-15
3.305539999999999736e+02 2.320873251825600435e-15
3.299110000000000014e+02 2.461278488142268764e-15
3.292660000000000196e+02 2.548883832012271574e-15
3.286229999999999905e+02 2.687968047880348229e-15
3.279800000000000182e+02 2.639597770361931104e-15
3.273360000000000127e+02 2.560070824854237491e-15
3.266929999999999836e+02 2.316053535783403556e-15
3.260489999999999782e+02 2.268843317815577690e-15
3.254049999999999727e+02 2.211539096368122064e-15
3.247610000000000241e+02 2.328705348867785786e-15
3.241179999999999950e+02 2.240895593212326204e-15
3.234730000000000132e+02 2.296104234516015695e-15
3.228290000000000077e+02 2.300144376183110256e-15
3.221840000000000259e+02 2.486855912079348492e-15
3.215409999999999968e+02 2.500397594554006643e-15
3.208969999999999914e+02 2.705373565870809125e-15
3.202520000000000095e+02 2.819126345803628761e-15
3.196080000000000041e+02 2.801518085146950748e-15
3.189639999999999986e+02 2.884093489939824956e-15
3.183190000000000168e+02 3.006136721988856957e-15
3.176750000000000114e+02 2.819069554174880636e-15
3.170310000000000059e+02 2.524082462290337077e-15
3.163860000000000241e+02 2.516945309814131022e-15
3.157420000000000186e+02 2.451178662848306119e-15
3.150980000000000132e+02 2.296966328352967489e-15
3.144519999999999982e+02 2.251383424321190799e-15
3.138079999999999927e+02 2.176832903084858106e-15
3.131619999999999777e+02 2.131892892426239424e-15
3.125179999999999723e+02 2.067647612291330531e-15
3.118729999999999905e+02 2.091084869026411104e-15
3.112269999999999754e+02 2.434206996270751100e-15
3.105830000000000268e+02 2.282692705432451111e-15
3.099370000000000118e+02 2.218633918419114864e-15
3.092919999999999732e+02 2.241495199396352506e-15
3.086469999999999914e+02 2.177894112755042304e-15
3.080009999999999764e+02 2.372581656421649316e-15
3.073570000000000277e+02 2.480316416370310059e-15
3.067099999999999795e+02 2.511729495835860434e-15
3.060649999999999977e+02 2.466802765507126002e-15
3.054200000000000159e+02 2.450443273382578211e-15
3.047740000000000009e+02 2.434397991790035285e-15
3.041290000000000191e+02 2.418401364452187144e-15
3.034820000000000277e+02 2.673968393155415060e-15
3.028369999999999891e+02 2.834750544770745251e-15
3.021920000000000073e+02 2.957105304111354206e-15
3.015450000000000159e+02 2.865474401620932450e-15
3.008999999999999773e+02 2.672050801109810893e-15
3.002529999999999859e+02 2.932723373807501294e-15
2.996080000000000041e+02 2.813911830835600588e-15
2.989610000000000127e+02 2.677184552813071892e-15
2.983149999999999977e+02 2.908171463109917486e-15
2.976700000000000159e+02 2.781255297593448280e-15
2.970230000000000246e+02 2.791495829777705369e-15
2.963770000000000095e+02 2.610795653196995427e-15
2.957300000000000182e+02 2.549246707496521478e-15
2.950840000000000032e+02 2.623332732974999058e-15
2.944370000000000118e+02 2.426657171417339278e-15
2.937909999999999968e+02 2.500643540580416734e-15
2.931429999999999723e+02 2.923467928619128303e-15
2.924970000000000141e+02 2.906214798598364436e-15
2.918500000000000227e+02 2.764295099361280690e-15
2.912040000000000077e+02 2.711911673428626170e-15
2.905570000000000164e+02 2.836711913600761470e-15
2.899100000000000250e+02 2.996637357068304349e-15
2.892629999999999768e+02 3.234363776594209470e-15
2.886159999999999854e+02 3.374486896115661031e-15
2.879689999999999941e+02 3.469770751026232937e-15
2.873210000000000264e+02 3.477197644508061813e-15
2.866750000000000114e+02 3.432224568058666908e-15
2.860269999999999868e+02 3.613208176871777334e-15
2.853799999999999955e+02 3.671893348995662510e-15
2.847320000000000277e+02 3.626643543694921388e-15
2.840849999999999795e+02 3.796617205653018527e-15
2.834370000000000118e+02 3.871369933769131302e-15
2.827900000000000205e+02 4.039435516666872599e-15
2.821419999999999959e+02 4.181187170031492238e-15
2.814950000000000045e+02 4.245136507454196003e-15
2.808469999999999800e+02 4.402377159222767769e-15
2.801990000000000123e+02 4.254099752173343632e-15
2.795509999999999877e+02 4.157148971540792375e-15
2.789039999999999964e+02 4.203844732531858568e-15
2.782549999999999955e+02 4.199483793229795598e-15
2.776080000000000041e+02 4.203713427687985948e-15
2.769590000000000032e+02 4.141145262214068999e-15
2.763120000000000118e+02 4.219980580163998154e-15
2.756630000000000109e+02 4.141238865554300635e-15
2.750149999999999864e+02 4.211082694255881800e-15
2.743659999999999854e+02 4.560593166399225111e-15
2.737189999999999941e+02 4.825537220174016822e-15
2.730699999999999932e+02 4.892880921479909934e-15
2.724220000000000255e+02 4.820826090100672651e-15
2.717730000000000246e+02 4.708733633906595825e-15
2.711240000000000236e+02 4.621404784989600093e-15
2.704759999999999991e+02 4.478197296065420323e-15
2.698260000000000218e+02 4.553028146191951561e-15
2.691779999999999973e+02 4.699693821332745547e-15
2.685289999999999964e+02 4.469148531659475336e-15
2.678809999999999718e+02 4.407334205762130947e-15
2.672309999999999945e+02 4.330324884772204220e-15
2.665830000000000268e+02 4.419926506876244778e-15
2.659329999999999927e+02 4.722498611458863324e-15
2.652839999999999918e+02 4.849840006388668075e-15
2.646349999999999909e+02 5.054723101446272791e-15
2.639850000000000136e+02 4.921552602407342366e-15
2.633369999999999891e+02 4.859172112669572402e-15
2.626870000000000118e+02 4.984183951280174269e-15
2.620380000000000109e+02 4.867848101517794368e-15
2.613879999999999768e+02 5.061229647636218203e-15
2.607400000000000091e+02 4.953072639467625540e-15
2.600899999999999750e+02 4.729746506647340983e-15
2.594390000000000214e+02 4.845019238404402727e-15
2.587900000000000205e+02 4.745555690826371766e-15
2.581399999999999864e+02 4.753350176997210220e-15
2.574909999999999854e+02 4.707925971650091810e-15
2.568410000000000082e+02 4.927410515799451400e-15
2.561899999999999977e+02 5.092776621020356587e-15
2.555409999999999968e+02 4.993695010078643892e-15
2.548899999999999864e+02 5.097579982359443029e-15
2.542410000000000139e+02 5.088803653687336548e-15
2.535910000000000082e+02 4.915951142983774403e-15
2.529399999999999977e+02 4.914806861407802411e-15
2.522899999999999920e+02 4.980551728573272998e-15
2.516399999999999864e+02 5.133849887087985848e-15
2.509900000000000091e+02 4.903999371134389207e-15
2.503389999999999986e+02 4.917282876570023690e-15
2.496879999999999882e+02 5.025484681595127742e-15
2.490380000000000109e+02 5.045209721382612689e-15
2.483870000000000005e+02 5.195663740610694914e-15
2.477359999999999900e+02 5.330360312559896281e-15
2.470860000000000127e+02 5.262398207730010940e-15
2.464350000000000023e+02 5.417364027367621055e-15
2.457849999999999966e+02 5.184710752824279473e-15
2.451330000000000098e+02 5.303096011327824537e-15
2.444819999999999993e+02 5.200077885336219883e-15
2.438319999999999936e+02 5.112063933651790728e-15
2.431800000000000068e+02 5.045390579363209017e-15
2.425289999999999964e+02 5.028511713420275888e-15
2.418779999999999859e+02 5.221992962201368162e-15
2.412270000000000039e+02 5.351401250339048390e-15
2.405749999999999886e+02 5.221964384794488476e-15
2.399240000000000066e+02 5.440314052825963542e-15
2.392719999999999914e+02 5.422032395124834707e-15
2.386200000000000045e+02 5.520884787639301215e-15
2.379699999999999989e+02 5.488344179600118118e-15
2.373180000000000121e+02 5.634039075396286354e-15
2.366670000000000016e+02 5.614956138398886823e-15
2.360149999999999864e+02 5.602331900345232467e-15
2.353629999999999995e+02 5.705251372872564328e-15
2.347100000000000080e+02 5.908623026727235804e-15
2.340600000000000023e+02 5.867936793825910150e-15
2.334070000000000107e+02 5.834279634927006583e-15
2.327549999999999955e+02 6.048228746397340382e-15
2.321040000000000134e+02 6.207055345490144898e-15
2.314509999999999934e+02 6.165613798160281432e-15
2.307980000000000018e+02 6.316038576717184764e-15
2.301469999999999914e+02 6.293978735763345199e-15
2.294939999999999998e+02 6.206151458894928750e-15
2.288420000000000130e+02 6.073013774861596485e-15
2.281899999999999977e+02 6.279972493762785768e-15
2.275370000000000061e+02 6.433338125192542874e-15
2.268839999999999861e+02 6.514384267531977642e-15
2.262330000000000041e+02 6.652390494616383962e-15
2.255800000000000125e+02 6.834648318196870892e-15
2.249269999999999925e+02 6.816754257950074142e-15
2.242729999999999961e+02 6.843647273803834810e-15
2.236220000000000141e+02 6.984424827081539583e-15
2.229679999999999893e+02 7.016529290454193545e-15
2.223149999999999977e+02 7.060573340730057298e-15
2.216630000000000109e+02 6.953495448431290054e-15
2.210099999999999909e+02 6.833990805731525997e-15
2.203559999999999945e+02 6.709087617946090152e-15
2.197019999999999982e+02 6.647362370631909506e-15
2.190500000000000114e+02 6.666566457218696956e-15
2.183969999999999914e+02 6.654462140859513724e-15
2.177429999999999950e+02 6.623897751742479182e-15
2.170889999999999986e+02 6.654783888052768370e-15
2.164370000000000118e+02 6.538499143657728126e-15
2.157829999999999870e+02 6.624042848496508947e-15
2.151289999999999907e+02 6.550827924468437489e-15
2.144749999999999943e+02 6.707877882857647088e-15
2.138220000000000027e+02 6.700988066524219295e-15
2.131680000000000064e+02 6.705881037229742000e-15
2.125140000000000100e+02 6.734601411718718037e-15
2.118600000000000136e+02 6.619998841768603767e-15
2.112069999999999936e+02 6.737505416171795423e-15
2.105529999999999973e+02 6.676555284917120525e-15
2.098979999999999961e+02 6.621844930427031151e-15
2.092439999999999998e+02 6.526112404495787145e-15
2.085910000000000082e+02 6.507239095520794702e-15
2.079360000000000070e+02 6.476577861294630012e-15
2.072820000000000107e+02 6.434377057772814508e-15
2.066270000000000095e+02 6.288340702651819646e-15
2.059739999999999895e+02 6.379308048814584509e-15
2.053189999999999884e+02 6.348841029962239446e-15
2.046639999999999873e+02 6.272927389812410877e-15
2.040089999999999861e+02 6.271295572846222741e-15
2.033540000000000134e+02 6.252501464794221162e-15
2.027009999999999934e+02 6.070259861276689511e-15
2.020459999999999923e+02 6.001431251171240669e-15
2.013909999999999911e+02 5.865843855848322059e-15
2.007350000000000136e+02 5.976586994777073531e-15
2.000800000000000125e+02 5.914104030863243055e-15
1.994259999999999877e+02 5.785524221978733154e-15
1.987709999999999866e+02 5.768034061141347654e-15
1.981160000000000139e+02 5.712220402413284352e-15
1.974600000000000080e+02 5.776795451634345009e-15
1.968050000000000068e+02 5.650136287934828238e-15
1.961510000000000105e+02 5.611435567466335297e-15
1.954950000000000045e+02 5.723843025332730274e-15
1.948389999999999986e+02 5.598412419859872022e-15
1.941839999999999975e+02 5.522147668671080614e-15
1.935279999999999916e+02 5.558378563242240084e-15
1.928739999999999952e+02 5.610073929685418983e-15
1.922179999999999893e+02 5.576610384720328732e-15
1.915620000000000118e+02 5.701337235115376599e-15
1.909060000000000059e+02 5.877504249685361032e-15
1.902500000000000000e+02 5.942264096699121684e-15
1.895939999999999941e+02 5.839503058339971371e-15
1.889389999999999930e+02 5.965526006199188144e-15
1.882829999999999870e+02 6.054371566747520493e-15
1.876270000000000095e+02 6.152518478004647645e-15
1.869699999999999989e+02 6.106369283801624827e-15
1.863139999999999930e+02 6.080730504822691297e-15
1.856570000000000107e+02 5.963601354183112312e-15
1.850010000000000048e+02 5.877790097813209321e-15
1.843460000000000036e+02 5.943528290493337119e-15
1.836889999999999930e+02 6.043648493785699089e-15
1.830329999999999870e+02 6.137592675764729569e-15
1.823760000000000048e+02 6.181002056760363305e-15
1.817189999999999941e+02 6.124838458116715114e-15
1.810620000000000118e+02 6.404092595559823645e-15
1.804050000000000011e+02 6.607068987732813442e-15
1.797500000000000000e+02 6.680783324632501906e-15
1.790929999999999893e+02 6.846447904987559894e-15
1.784360000000000070e+02 6.840856432100183150e-15
1.777789999999999964e+02 6.902588211576698204e-15
1.771220000000000141e+02 6.920202494642583158e-15
1.764650000000000034e+02 6.942388331221068224e-15
1.758069999999999879e+02 6.983013769703724312e-15
1.751500000000000057e+02 6.909495779241714486e-15
1.744939999999999998e+02 6.958804158236148267e-15
1.738369999999999891e+02 7.092185827285844911e-15
1.731790000000000020e+02 7.167942955525512053e-15
1.725219999999999914e+02 7.270767478897602454e-15
1.718640000000000043e+02 7.404787516610512216e-15
1.712059999999999889e+02 7.504963474959237725e-15
1.705490000000000066e+02 7.581212174534500660e-15
1.698909999999999911e+02 7.615185087454294476e-15
1.692330000000000041e+02 7.575861445892879060e-15
1.685749999999999886e+02 7.527526302907302041e-15
1.679190000000000111e+02 7.601167410219849311e-15
1.672609999999999957e+02 7.552606878058161336e-15
1.666030000000000086e+02 7.687303383688478000e-15
1.659449999999999932e+02 7.558248131296260620e-15
1.652870000000000061e+02 7.394748051534097075e-15
1.646279999999999859e+02 7.395285978239795972e-15
1.639699999999999989e+02 7.470097207760771135e-15
1.633120000000000118e+02 7.591975594616709016e-15
1.626539999999999964e+02 7.595185850855326601e-15
1.619950000000000045e+02 7.489932118613065205e-15
1.613369999999999891e+02 7.449996730099946866e-15
1.606779999999999973e+02 7.332992244525047808e-15
1.600190000000000055e+02 7.331817886530578372e-15
1.593609999999999900e+02 7.372897677147045074e-15
1.587040000000000077e+02 7.371151063290083722e-15
1.580449999999999875e+02 7.406643811292648081e-15
1.573859999999999957e+02 7.362171048871523516e-15
1.567270000000000039e+02 7.400974908208913344e-15
1.560680000000000121e+02 7.356438771453418144e-15
1.554089999999999918e+02 7.357286335124333900e-15
1.547500000000000000e+02 7.378250690550145490e-15
1.540910000000000082e+02 7.333546786847534333e-15
1.534319999999999879e+02 7.329439467782949353e-15
1.527729999999999961e+02 7.321045294772556581e-15
1.521140000000000043e+02 7.260208274444481004e-15
1.514540000000000077e+02 7.243610248886111968e-15
1.507949999999999875e+02 7.226826082398716025e-15
1.501359999999999957e+02 7.455019738121999317e-15
1.494759999999999991e+02 7.523296304766987518e-15
1.488170000000000073e+02 7.543502132814867932e-15
1.481570000000000107e+02 7.687742540387031822e-15
1.474970000000000141e+02 7.667482994863022149e-15
1.468379999999999939e+02 7.739530260512833458e-15
1.461779999999999973e+02 7.772149218587480679e-15
1.455180000000000007e+02 7.891705967982577116e-15
1.448580000000000041e+02 7.922448266230382705e-15
1.441980000000000075e+02 7.756203669070031031e-15
1.435380000000000109e+02 7.827843190328424910e-15
1.428779999999999859e+02 7.864708929476010336e-15
1.422179999999999893e+02 7.967697832000853463e-15
1.415579999999999927e+02 7.995303073506547281e-15
1.408979999999999961e+02 8.003796633516727941e-15
1.402379999999999995e+02 8.004449906268479018e-15
1.395769999999999982e+02 7.990094501007150956e-15
1.389170000000000016e+02 8.084077968123905533e-15
1.382560000000000002e+02 8.291477658327976981e-15
1.375960000000000036e+02 8.406889076544983876e-15
1.369350000000000023e+02 8.499242249794682406e-15
1.362750000000000057e+02 8.526492349440183087e-15
1.356140000000000043e+02 8.637366995140366675e-15
1.349540000000000077e+02 8.736035389437400078e-15
1.342930000000000064e+02 8.930459494811987289e-15
1.336320000000000050e+02 9.118694954478825402e-15
1.329710000000000036e+02 9.228699368631313287e-15
1.323100000000000023e+02 9.292483607075080490e-15
1.316490000000000009e+02 9.487528180398146872e-15
1.309879999999999995e+02 9.541250166908653051e-15
1.303269999999999982e+02 9.570356038399804622e-15
1.296659999999999968e+02 9.755502045482207484e-15
1.290049999999999955e+02 9.825083086079661989e-15
1.283420000000000130e+02 9.827049024479696915e-15
1.276809999999999974e+02 9.851537592408855777e-15
1.270190000000000055e+02 9.963077021150981899e-15
1.263580000000000041e+02 9.855504021344367459e-15
1.256959999999999980e+02 9.716182059075317429e-15
1.250349999999999966e+02 9.738258923350870496e-15
1.243730000000000047e+02 9.721238207421672519e-15
1.237120000000000033e+02 9.668929929952311709e-15
1.230499999999999972e+02 9.679556331898468436e-15
1.223880000000000052e+02 9.648670279303606023e-15
1.217259999999999991e+02 9.471450912533884674e-15
1.210639999999999930e+02 9.255583605114377490e-15
1.204030000000000058e+02 9.232265711908209977e-15
1.197409999999999997e+02 9.159670107306410752e-15
1.190780000000000030e+02 8.920472606595410341e-15
1.184150000000000063e+02 8.843056963654930153e-15
1.177530000000000001e+02 8.706494420757961215e-15
1.170909999999999940e+02 8.526358779572229318e-15
1.164279999999999973e+02 8.350745309084763890e-15
1.157660000000000053e+02 8.267961296298104653e-15
1.151039999999999992e+02 8.159271679009533312e-15
1.144410000000000025e+02 7.990468641614593267e-15
1.137789999999999964e+02 7.831849143344590187e-15
1.131159999999999997e+02 7.786395972719755355e-15
1.124539999999999935e+02 7.695439473626733151e-15
1.117890000000000015e+02 7.596245370225864655e-15
1.111269999999999953e+02 7.565503822634473246e-15
1.104639999999999986e+02 7.453580423550721154e-15
1.098010000000000019e+02 7.356422055160027690e-15
1.091380000000000052e+02 7.237991779095873475e-15
1.084749999999999943e+02 7.177898727351150601e-15
1.078119999999999976e+02 6.960777410821277517e-15
1.071490000000000009e+02 6.829582036491712763e-15
1.064849999999999994e+02 6.527751330248885001e-15
1.058209999999999980e+02 6.272560429267070348e-15
1.051580000000000013e+02 5.957127856890888763e-15
1.044950000000000045e+02 5.849871388855045984e-15
1.038319999999999936e+02 5.608376278921875348e-15
1.031680000000000064e+02 5.395437383452790978e-15
1.025049999999999955e+02 5.197878433245643016e-15
1.018400000000000034e+02 5.111903024904465341e-15
1.011760000000000019e+02 4.971282373492654206e-15
1.005130000000000052e+02 5.000354638747083032e-15
9.984900000000000375e+01 4.988608758782606034e-15
9.918529999999999802e+01 4.954351435662483288e-15
9.852150000000000318e+01 4.902771907553655007e-15
9.785769999999999413e+01 5.019518904942358095e-15
9.719230000000000302e+01 5.163310619785664684e-15
9.652830000000000155e+01 5.296977002514691437e-15
9.586430000000000007e+01 5.399380937252904326e-15
9.520029999999999859e+01 5.539861734533170790e-15
9.453610000000000468e+01 5.745530231201567746e-15
9.387199999999999989e+01 5.947414267153153402e-15
9.320619999999999550e+01 6.074464020063600106e-15
9.254200000000000159e+01 6.221266664258510218e-15
9.187760000000000105e+01 6.224287748767869106e-15
9.121320000000000050e+01 6.269375911314516072e-15
9.054879999999999995e+01 6.261596622076205818e-15
8.988280000000000314e+01 6.375153404963198498e-15
8.921819999999999595e+01 6.380527540349261080e-15
8.855360000000000298e+01 6.330527804218771662e-15
8.788890000000000668e+01 6.276210716467936973e-15
8.722419999999999618e+01 6.376447583358451599e-15
8.655939999999999657e+01 6.450724359203042258e-15
8.589300000000000068e+01 6.563303726732163515e-15
8.522809999999999775e+01 6.589220873311916599e-15
8.456319999999999482e+01 6.661528873797887408e-15
8.389820000000000277e+01 6.637152740684861114e-15
8.323160000000000025e+01 6.683641147865120390e-15
8.256650000000000489e+01 6.687939486482548562e-15
8.190130000000000621e+01 6.747355881527629936e-15
8.123609999999999332e+01 6.753100074907434282e-15
8.057080000000000553e+01 6.653521526827193364e-15
7.990389999999999304e+01 6.659943944001578179e-15
7.923850000000000193e+01 6.701934282655721971e-15
7.857299999999999329e+01 6.763217459348448955e-15
7.790749999999999886e+01 6.793861759129911662e-15
7.724039999999999395e+01 6.791020810720427525e-15
7.657479999999999620e+01 6.822421107955243277e-15
7.590909999999999513e+01 6.737811926614960949e-15
7.524339999999999407e+01 6.768746491785810727e-15
7.457760000000000389e+01 6.758207915770687327e-15
7.391020000000000323e+01 6.631833393782220143e-15
7.324429999999999552e+01 6.572555343828347202e-15
7.257829999999999870e+01 6.430738554190359227e-15
7.191230000000000189e+01 6.335729976527299509e-15
7.124469999999999459e+01 6.299740743337243670e-15
7.057850000000000534e+01 6.220903045775085044e-15
6.991230000000000189e+01 6.236908892061702189e-15
6.924609999999999843e+01 6.124400908497160532e-15
6.857829999999999870e+01 6.085711409754293279e-15
6.791190000000000282e+01 6.033552136904919232e-15
6.724550000000000693e+01 5.950491630841204080e-15
6.657750000000000057e+01 5.899794636275004643e-15
6.591100000000000136e+01 5.793687689955400270e-15
6.524439999999999884e+01 5.744943944188549970e-15
6.457769999999999300e+01 5.663450566913115544e-15
6.390950000000000131e+01 5.562332604908107296e-15
6.324269999999999925e+01 5.509305179438314924e-15
6.257589999999999719e+01 5.484561785990247428e-15
6.190899999999999892e+01 5.448715984543494723e-15
6.124060000000000059e+01 5.393269692680372877e-15
6.057359999999999900e+01 5.349338284903273603e-15
5.990659999999999741e+01 5.309408373948621887e-15
5.923799999999999955e+01 5.185432227061062336e-15
5.857079999999999842e+01 5.053491958128061119e-15
5.790359999999999729e+01 5.012899548235161121e-15
5.723629999999999995e+01 4.931025327411665360e-15
5.656750000000000256e+01 4.814578521365157422e-15
5.590010000000000190e+01 4.770174119850813004e-15
5.523270000000000124e+01 4.690025346029813990e-15
5.456360000000000099e+01 4.636257150603988043e-15
5.389609999999999701e+01 4.601616417509437411e-15
5.322849999999999682e+01 4.601700744012717379e-15
5.255930000000000035e+01 4.625076956119509946e-15
5.189159999999999684e+01 4.523653142011479623e-15
5.122379999999999711e+01 4.493552237134454291e-15
5.055440000000000111e+01 4.449425628572077552e-15
4.988660000000000139e+01 4.376764252986990038e-15
4.921860000000000213e+01 4.299886354190598349e-15
4.854910000000000281e+01 4.230159998890433306e-15
4.788100000000000023e+01 4.201521740205141865e-15
4.721289999999999765e+01 4.143103150798141891e-15
4.654319999999999879e+01 4.058319511728685465e-15
4.587500000000000000e+01 4.014280700701434700e-15
4.520669999999999789e+01 3.905093652110393679e-15
4.453679999999999950e+01 3.842233851807964488e-15
4.386840000000000117e+01 3.786881604026427533e-15
4.320000000000000284e+01 3.771923242343608101e-15
4.252989999999999782e+01 3.692668553535958147e-15
4.186129999999999995e+01 3.604505176662527467e-15
4.119270000000000209e+01 3.489403643945083128e-15
4.052250000000000085e+01 3.420561814706043388e-15
3.985379999999999967e+01 3.370904278174839371e-15
3.918500000000000227e+01 3.337434322466216528e-15
3.851460000000000150e+01 3.277840908341302273e-15
3.784570000000000078e+01 3.211427797205878935e-15
3.717519999999999669e+01 3.127084443835293723e-15
3.650619999999999976e+01 3.052367128564391542e-15
3.583709999999999951e+01 3.004985895484573878e-15
3.516640000000000299e+01 2.953868757850317194e-15
3.449719999999999942e+01 2.876290970207661585e-15
3.382800000000000296e+01 2.819144946561575198e-15
3.315709999999999980e+01 2.736548904407929584e-15
3.248780000000000001e+01 2.628204307615009612e-15
3.181680000000000064e+01 2.557957905549422529e-15
3.114730000000000132e+01 2.504415634747079533e-15
3.047779999999999845e+01 2.465615626107436877e-15
2.980669999999999931e+01 2.357916775723382346e-15
2.913700000000000045e+01 2.300525283514049133e-15
2.846730000000000160e+01 2.251201769064556959e-15
2.779599999999999937e+01 2.160602179303440994e-15
2.712620000000000076e+01 2.093843117724193432e-15
2.645479999999999876e+01 2.034978447776780595e-15
2.578490000000000038e+01 1.964806519316349382e-15
2.511329999999999885e+01 1.874686247037599698e-15
2.444330000000000069e+01 1.782394689503089122e-15
2.377319999999999922e+01 1.728439195851772450e-15
2.310150000000000148e+01 1.632264908777340071e-15
2.243130000000000024e+01 1.557062022304220632e-15
2.175949999999999918e+01 1.483365392256919734e-15
2.108909999999999840e+01 1.404805206521657386e-15
2.041870000000000118e+01 1.340038140469990625e-15
1.974680000000000035e+01 1.251686335765136605e-15
1.907629999999999981e+01 1.184818156446464358e-15
1.840419999999999945e+01 1.123726325161488003e-15
1.773349999999999937e+01 1.053719263403646701e-15
1.706129999999999924e+01 1.007942390177465827e-15
1.639059999999999917e+01 9.407879627797837403e-16
1.571979999999999933e+01 8.869745163608096837e-16
1.504739999999999966e+01 8.439326807182885208e-16
1.437650000000000006e+01 7.946107656435705434e-16
1.370410000000000039e+01 7.581073206349939762e-16
1.303299999999999947e+01 7.074594356941329743e-16
1.236040000000000028e+01 6.639991500476190927e-16
1.168929999999999936e+01 6.200789681843878141e-16
1.101660000000000039e+01 5.894169193537412669e-16
1.034529999999999994e+01 5.789786115209918119e-16
9.672489999999999810e+00 5.605620648770578071e-16
9.001129999999999853e+00 5.415090527959537612e-16
8.329710000000000392e+00 5.162661388297513827e-16
7.656710000000000349e+00 5.031601644010039571e-16
6.985170000000000101e+00 5.234678201345273119e-16
6.312050000000000161e+00 5.334526928085247119e-16
5.640399999999999636e+00 5.327680691427381784e-16
4.967170000000000307e+00 5.113494934091917845e-16
4.295410000000000394e+00 4.734056466917219048e-16
3.622059999999999835e+00 4.254590844884428645e-16
2.950180000000000025e+00 3.665235131675289669e-16
2.276720000000000077e+00 3.001696999668872768e-16
1.604729999999999990e+00 2.205906257957726944e-16
9.311519999999999797e-01 1.287352365572759582e-16
2.590439999999999965e-01 3.579675228261919301e-17
