4.498670000000000186e+02 1.371349019942377130e-15
4.492339999999999804e+02 1.085141756166720346e-15
4.486009999999999991e+02 9.543289237236118777e-16
4.479680000000000177e+02 1.336371080326231122e-15
4.473360000000000127e+02 1.295021234572231756e-15
4.467029999999999745e+02 1.228180278755175835e-15
4.460690000000000168e+02 1.454369265964689855e-15
4.454359999999999786e+02 1.311464806154892304e-15
4.448029999999999973e+02 1.270530436731032470e-15
4.441689999999999827e+02 1.381315356198105356e-15
4.435360000000000014e+02 1.516768350559289458e-15
4.429019999999999868e+02 1.777391112483649746e-15
4.422699999999999818e+02 1.534845578045453820e-15
4.416360000000000241e+02 1.731563100588357028e-15
4.410029999999999859e+02 1.715085015354516397e-15
4.403690000000000282e+02 1.561657539389477341e-15
4.397350000000000136e+02 1.558072990586071536e-15
4.391009999999999991e+02 1.517312437711969442e-15
4.384669999999999845e+02 1.229176212059009871e-15
4.378330000000000268e+02 1.312685295822863272e-15
4.371990000000000123e+02 1.211159768816721051e-15
4.365649999999999977e+02 1.294330005515936006e-15
4.359329999999999927e+02 1.009421083331035327e-15
4.352980000000000018e+02 8.358388702109622083e-16
4.346639999999999873e+02 8.217134104324439559e-16
4.340299999999999727e+02 8.562882512207992052e-16
4.333960000000000150e+02 8.542861839859235664e-16
4.327610000000000241e+02 1.167311400968145889e-15
4.321270000000000095e+02 1.055757244576092897e-15
4.314920000000000186e+02 8.723816917851586814e-16
4.308580000000000041e+02 7.861135472138168637e-16
4.302230000000000132e+02 8.683092428007892523e-16
4.295889999999999986e+02 9.979874879605651296e-16
4.289540000000000077e+02 8.283040342177373568e-16
4.283190000000000168e+02 9.336625088435813973e-16
4.276859999999999786e+02 9.316149308328090027e-16
4.270509999999999877e+02 7.988245697427963364e-16
4.264159999999999968e+02 6.667329074892249075e-16
4.257810000000000059e+02 7.949881745066192330e-16
4.251460000000000150e+02 8.873206324426255296e-16
4.245110000000000241e+02 1.061429363449844233e-15
4.238759999999999764e+02 1.070597706583720014e-15
4.232409999999999854e+02 1.173338987260730634e-15
4.226050000000000182e+02 1.030544448783268006e-15
4.219700000000000273e+02 1.051382477375364400e-15
4.213349999999999795e+02 1.083697023256897821e-15
4.206990000000000123e+02 1.243222521162234545e-15
4.200640000000000214e+02 1.251795478613172444e-15
4.194289999999999736e+02 1.387060062133317029e-15
4.187930000000000064e+02 1.119270891554448027e-15
4.181569999999999823e+02 1.059217309086008769e-15
4.175219999999999914e+02 1.125351423063034261e-15
4.168860000000000241e+02 1.373733159629343017e-15
4.162500000000000000e+02 1.495681679126558979e-15
4.156150000000000091e+02 1.514811659035385572e-15
4.149789999999999850e+02 1.556447661835768769e-15
4.143430000000000177e+02 1.597868348058340534e-15
4.137069999999999936e+02 1.436090579839032267e-15
4.130710000000000264e+02 1.668863253801488232e-15
4.124350000000000023e+02 1.777032246398351008e-15
4.117989999999999782e+02 1.862291164528249268e-15
4.111630000000000109e+02 1.790708506141190774e-15
4.105260000000000105e+02 1.719500852858383729e-15
4.098899999999999864e+02 1.770863355023239973e-15
4.092540000000000191e+02 1.522662464569799760e-15
4.086170000000000186e+02 1.541017022283504309e-15
4.079809999999999945e+02 1.636524493324435372e-15
4.073439999999999941e+02 1.566462957056576628e-15
4.067080000000000268e+02 1.496737997704773802e-15
4.060710000000000264e+02 1.668213200000828856e-15
4.054350000000000023e+02 1.423791683502635013e-15
4.047980000000000018e+02 1.452983443900775544e-15
4.041610000000000014e+02 1.405904065527192474e-15
4.035240000000000009e+02 1.510871133176976791e-15
4.028879999999999768e+02 1.280009188209311792e-15
4.022509999999999764e+02 1.384673115304487201e-15
4.016139999999999759e+02 1.144499888957691871e-15
4.009769999999999754e+02 1.163118943077940254e-15
4.003399999999999750e+02 9.138912880425875145e-16
3.997029999999999745e+02 1.103885309654273359e-15
3.990649999999999977e+02 1.037165349108047496e-15
3.984279999999999973e+02 8.327395086535410352e-16
3.977909999999999968e+02 7.776878242029883063e-16
3.971519999999999868e+02 7.543278993034311426e-16
3.965149999999999864e+02 5.943615632761234374e-16
3.958770000000000095e+02 6.769950004326200660e-16
3.952400000000000091e+02 4.444322225865992765e-16
3.946019999999999754e+02 6.108144646851826168e-16
3.939649999999999750e+02 4.317249984171621597e-16
3.933269999999999982e+02 4.097994659839312884e-16
3.926890000000000214e+02 6.477022572237329643e-16
3.920520000000000209e+02 6.046292934980675615e-16
3.914139999999999873e+02 7.891149280754071921e-16
3.907760000000000105e+02 7.973282983800743199e-16
3.901379999999999768e+02 1.062581794269449005e-15
3.895000000000000000e+02 1.295898613891593105e-15
3.888609999999999900e+02 1.170020121378396388e-15
3.882230000000000132e+02 1.197556709543022422e-15
3.875849999999999795e+02 1.316623812732172994e-15
3.869460000000000264e+02 1.424909250001483504e-15
3.863079999999999927e+02 1.552907770758163400e-15
3.856700000000000159e+02 1.629705290815970573e-15
3.850319999999999823e+02 1.716167581983416882e-15
3.843929999999999723e+02 1.550925698451367558e-15
3.837549999999999955e+02 1.647093547113581081e-15
3.831159999999999854e+02 1.592973329171119116e-15
3.824759999999999991e+02 1.568767213116174282e-15
3.818380000000000223e+02 1.505072294644651295e-15
3.811990000000000123e+02 1.253229119653133930e-15
3.805600000000000023e+02 1.388530238748548949e-15
3.799220000000000255e+02 1.325709704565034377e-15
3.792830000000000155e+02 1.174591908826229674e-15
3.786440000000000055e+02 1.269652669889652110e-15
3.780049999999999955e+02 1.168293892178140202e-15
3.773650000000000091e+02 1.204546901834914314e-15
3.767259999999999991e+02 1.561750357893809541e-15
3.760860000000000127e+02 1.528460436179235934e-15
3.754470000000000027e+02 1.844115522168548351e-15
3.748079999999999927e+02 1.819832589080856900e-15
3.741689999999999827e+02 1.911334846616659348e-15
3.735299999999999727e+02 2.012093374278533954e-15
3.728890000000000100e+02 2.035710023722850460e-15
3.722500000000000000e+02 1.877235789476127017e-15
3.716100000000000136e+02 2.120222653121644760e-15
3.709710000000000036e+02 1.943422339876183061e-15
3.703310000000000173e+02 1.862593807834164106e-15
3.696909999999999741e+02 1.800748860117683978e-15
3.690500000000000114e+02 1.843035184418544182e-15
3.684110000000000014e+02 1.744042122467581217e-15
3.677710000000000150e+02 1.701820154594895159e-15
3.671309999999999718e+02 1.622366321308257027e-15
3.664909999999999854e+02 1.860781756035638601e-15
3.658509999999999991e+02 1.716042291757458794e-15
3.652099999999999795e+02 1.711523991092031514e-15
3.645699999999999932e+02 1.919810339322718212e-15
3.639300000000000068e+02 1.877718846515968873e-15
3.632900000000000205e+02 1.854153732276025904e-15
3.626490000000000009e+02 1.895001557824288040e-15
3.620079999999999814e+02 1.844205918299585065e-15
3.613670000000000186e+02 1.811777482850967459e-15
3.607269999999999754e+02 1.679397232324405025e-15
3.600869999999999891e+02 1.729369033635022451e-15
3.594460000000000264e+02 1.561719812638158040e-15
3.588039999999999736e+02 1.439652558685844276e-15
3.581639999999999873e+02 1.390786156202319439e-15
3.575230000000000246e+02 1.279179718099370661e-15
3.568829999999999814e+02 1.436827553394881214e-15
3.562420000000000186e+02 1.388237600723590446e-15
3.556000000000000227e+02 1.411293250164844624e-15
3.549590000000000032e+02 1.478482232484581228e-15
3.543179999999999836e+02 1.332586007781716975e-15
3.536770000000000209e+02 1.373205042361697880e-15
3.530350000000000250e+02 1.572061094845940543e-15
3.523940000000000055e+02 1.620459035874451607e-15
3.517520000000000095e+02 1.615965226363840694e-15
3.511109999999999900e+02 1.305473243692235560e-15
3.504689999999999941e+02 1.415230780201056171e-15
3.498269999999999982e+02 1.454738626890539573e-15
3.491859999999999786e+02 1.424680411127440828e-15
3.485450000000000159e+02 1.394866254169401458e-15
3.479019999999999868e+02 1.364929374095101589e-15
3.472599999999999909e+02 1.275232320045170365e-15
3.466190000000000282e+02 1.254498056181426814e-15
3.459769999999999754e+02 1.216762376353726375e-15
3.453340000000000032e+02 1.324191623578037622e-15
3.446929999999999836e+02 1.388454914026953102e-15
3.440509999999999877e+02 1.333643258714465088e-15
3.434089999999999918e+02 1.312953567369785801e-15
3.427660000000000196e+02 1.224983950601590569e-15
3.421240000000000236e+02 1.398053360220943664e-15
3.414820000000000277e+02 1.435975578910741180e-15
3.408399999999999750e+02 1.423449945068081355e-15
3.401970000000000027e+02 1.494504025949989288e-15
3.395539999999999736e+02 1.506824262535118628e-15
3.389119999999999777e+02 1.461025202063034832e-15
3.382690000000000055e+02 1.498317370841010467e-15
3.376259999999999764e+02 1.699900011859686011e-15
3.369839999999999804e+02 1.826469948428619335e-15
3.363419999999999845e+02 1.747560880052425508e-15
3.356979999999999791e+02 1.636290628207254916e-15
3.350550000000000068e+02 1.607160525475081198e-15
3.344130000000000109e+02 1.529530641256649614e-15
3.337690000000000055e+02 1.549273067324019990e-15
3.331259999999999764e+02 1.585193440055264834e-15
3.324830000000000041e+02 1.797856639264359403e-15
3.318389999999999986e+02 1.696531046440507136e-15
3.311960000000000264e+02 1.827506860770277080e-15
3.305539999999999736e+02 1.766297492341003689e-15
3.299110000000000014e+02 1.872514029666262725e-15
3.292660000000000196e+02 1.938503143823493309e-15
3.286229999999999905e+02 2.043584146564062695e-15
3.279800000000000182e+02 2.006134908605425289e-15
3.273360000000000127e+02 1.945039114055837142e-15
3.266929999999999836e+02 1.759062730369307927e-15
3.260489999999999782e+02 1.722624819157459373e-15
3.254049999999999727e+02 1.678550157217744978e-15
3.247610000000000241e+02 1.766871317283104088e-15
3.241179999999999950e+02 1.699674945599970492e-15
3.234730000000000132e+02 1.740952636173369596e-15
3.228290000000000077e+02 1.743421613897389137e-15
3.221840000000000259e+02 1.884287043112228477e-15
3.215409999999999968e+02 1.893901195406455899e-15
3.208969999999999914e+02 2.048446997261657643e-15
3.202520000000000095e+02 2.133841216996356643e-15
3.196080000000000041e+02 2.119788247935049293e-15
3.189639999999999986e+02 2.181517813826640002e-15
3.183190000000000168e+02 2.273044118599489482e-15
3.176750000000000114e+02 2.130872765460755262e-15
3.170310000000000059e+02 1.907256942784992087e-15
3.163860000000000241e+02 1.901209107233737895e-15
3.157420000000000186e+02 1.850897364469501929e-15
3.150980000000000132e+02 1.733861484691227678e-15
3.144519999999999982e+02 1.698867831681280048e-15
3.138079999999999927e+02 1.642050041955528126e-15
3.131619999999999777e+02 1.607595583694123343e-15
3.125179999999999723e+02 1.558614696695554596e-15
3.118729999999999905e+02 1.575733663834941189e-15
3.112269999999999754e+02 1.833633212707848274e-15
3.105830000000000268e+02 1.718912466786475024e-15
3.099370000000000118e+02 1.670096541751145478e-15
3.092919999999999732e+02 1.686716664646832822e-15
3.086469999999999914e+02 1.638289576853163561e-15
3.080009999999999764e+02 1.784105113838200572e-15
3.073570000000000277e+02 1.864461910947842390e-15
3.067099999999999795e+02 1.887411530882558408e-15
3.060649999999999977e+02 1.853005578672623313e-15
3.054200000000000159e+02 1.840072881700625368e-15
3.047740000000000009e+02 1.827383247972662116e-15
3.041290000000000191e+02 1.814739175098769854e-15
3.034820000000000277e+02 2.005792932818444277e-15
3.028369999999999891e+02 2.125643214895050120e-15
3.021920000000000073e+02 2.216605269987474866e-15
3.015450000000000159e+02 2.147165045955219685e-15
3.008999999999999773e+02 2.001531046883955853e-15
3.002529999999999859e+02 2.196000654443399928e-15
2.996080000000000041e+02 2.106296317168966947e-15
2.989610000000000127e+02 2.003247284734828013e-15
2.983149999999999977e+02 2.175304590887600286e-15
2.976700000000000159e+02 2.079640128627677830e-15
2.970230000000000246e+02 2.086554332551396223e-15
2.963770000000000095e+02 1.950801099618782047e-15
2.957300000000000182e+02 1.904135443179976255e-15
2.950840000000000032e+02 1.958771619324110465e-15
2.944370000000000118e+02 1.811281692955058171e-15
2.937909999999999968e+02 1.865835867800319660e-15
2.931429999999999723e+02 2.180520101973158615e-15
2.924970000000000141e+02 2.166877193933891496e-15
2.918500000000000227e+02 2.060328976348458992e-15
2.912040000000000077e+02 2.020563928649693302e-15
2.905570000000000164e+02 2.112783993190166576e-15
2.899100000000000250e+02 2.231087130902055598e-15
2.892629999999999768e+02 2.407205261212172726e-15
2.886159999999999854e+02 2.510583236924416389e-15
2.879689999999999941e+02 2.580539270973901299e-15
2.873210000000000264e+02 2.585127883577018234e-15
2.866750000000000114e+02 2.550773910369233365e-15
2.860269999999999868e+02 2.684299156303255810e-15
2.853799999999999955e+02 2.726907930256074454e-15
2.847320000000000277e+02 2.692327840853568111e-15
2.840849999999999795e+02 2.817484286908936301e-15
2.834370000000000118e+02 2.871911892704999128e-15
2.827900000000000205e+02 2.995494717656272583e-15
2.821419999999999959e+02 3.099479030468065692e-15
2.814950000000000045e+02 3.145736957514477836e-15
2.808469999999999800e+02 3.261060883046785941e-15
2.801990000000000123e+02 3.150077607813311628e-15
2.795509999999999877e+02 3.077164907932412918e-15
2.789039999999999964e+02 3.110591401572812008e-15
2.782549999999999955e+02 3.106224858356828892e-15
2.776080000000000041e+02 3.108215133967171175e-15
2.769590000000000032e+02 3.060828859789670246e-15
2.763120000000000118e+02 3.117951970251806916e-15
2.756630000000000109e+02 3.058648875963670035e-15
2.750149999999999864e+02 3.109087798100860168e-15
2.743659999999999854e+02 3.365883146658210475e-15
2.737189999999999941e+02 3.560103581965960250e-15
2.730699999999999932e+02 3.608451466503982471e-15
2.724220000000000255e+02 3.554000225219687235e-15
2.717730000000000246e+02 3.470080937718504614e-15
2.711240000000000236e+02 3.404464170363399962e-15
2.704759999999999991e+02 3.297748679199145484e-15
2.698260000000000218e+02 3.351605229946893209e-15
2.691779999999999973e+02 3.458282038359174729e-15
2.685289999999999964e+02 3.287416856824169308e-15
2.678809999999999718e+02 3.240743623831480080e-15
2.672309999999999945e+02 3.182931435242497391e-15
2.665830000000000268e+02 3.247578909429988050e-15
2.659329999999999927e+02 3.468590609491628562e-15
2.652839999999999918e+02 3.560785944225297535e-15
2.646349999999999909e+02 3.709819107638051215e-15
2.639850000000000136e+02 3.610729321879976555e-15
2.633369999999999891e+02 3.563630627177522509e-15
2.626870000000000118e+02 3.653935537781788199e-15
2.620380000000000109e+02 3.567311438310281749e-15
2.613879999999999768e+02 3.707626552576209573e-15
2.607400000000000091e+02 3.627034944597845010e-15
2.600899999999999750e+02 3.462196414455257612e-15
2.594390000000000214e+02 3.545232755821924551e-15
2.587900000000000205e+02 3.471144635833392291e-15
2.581399999999999864e+02 3.475530587173206272e-15
2.574909999999999854e+02 3.441017311975658496e-15
2.568410000000000082e+02 3.600068245790253702e-15
2.561899999999999977e+02 3.719470821388886970e-15
2.555409999999999968e+02 3.645726906103201411e-15
2.548899999999999864e+02 3.720150999510194027e-15
2.542410000000000139e+02 3.712335863164545347e-15
2.535910000000000082e+02 3.584876481183088452e-15
2.529399999999999977e+02 3.582674099418211481e-15
2.522899999999999920e+02 3.629212798588887928e-15
2.516399999999999864e+02 3.739485938294436466e-15
2.509900000000000091e+02 3.570703102236145014e-15
2.503389999999999986e+02 3.579003141779851053e-15
2.496879999999999882e+02 3.656351908829825815e-15
2.490380000000000109e+02 3.669295958511463474e-15
2.483870000000000005e+02 3.777263707128039355e-15
2.477359999999999900e+02 3.873695602562362824e-15
2.470860000000000127e+02 3.822837700115167413e-15
2.464350000000000023e+02 3.933892428909198706e-15
2.457849999999999966e+02 3.763503192404059067e-15
2.451330000000000098e+02 3.847946807740399762e-15
2.444819999999999993e+02 3.771740900250890767e-15
2.438319999999999936e+02 3.706472538847371658e-15
2.431800000000000068e+02 3.656714807255757358e-15
2.425289999999999964e+02 3.643070135047686076e-15
2.418779999999999859e+02 3.781772929294158996e-15
2.412270000000000039e+02 3.873983822862819606e-15
2.405749999999999886e+02 3.778813744247315941e-15
2.399240000000000066e+02 3.935284800870584769e-15
2.392719999999999914e+02 3.920532265850477464e-15
2.386200000000000045e+02 3.990450536950256531e-15
2.379699999999999989e+02 3.965386738261340434e-15
2.373180000000000121e+02 4.069059022327760579e-15
2.366670000000000016e+02 4.053693087628553998e-15
2.360149999999999864e+02 4.042995539796042023e-15
2.353629999999999995e+02 4.115653092726812860e-15
2.347100000000000080e+02 4.260682927774505755e-15
2.340600000000000023e+02 4.229688592699678211e-15
2.334070000000000107e+02 4.203773296522397683e-15
2.327549999999999955e+02 4.356211953590023428e-15
2.321040000000000134e+02 4.468845914561797211e-15
2.314509999999999934e+02 4.437258144618613543e-15
2.307980000000000018e+02 4.543717314036812760e-15
2.301469999999999914e+02 4.526063000982444492e-15
2.294939999999999998e+02 4.461140560129881657e-15
2.288420000000000130e+02 4.363713207486912676e-15
2.281899999999999977e+02 4.510631705393129010e-15
2.275370000000000061e+02 4.618951226136295385e-15
2.268839999999999861e+02 4.675280793861648046e-15
2.262330000000000041e+02 4.772431292407768247e-15
2.255800000000000125e+02 4.901229186452463633e-15
2.249269999999999925e+02 4.886450148630799691e-15
2.242729999999999961e+02 4.903768578497842254e-15
2.236220000000000141e+02 5.002648703425460044e-15
2.229679999999999893e+02 5.023632896101952124e-15
2.223149999999999977e+02 5.053145562565145800e-15
2.216630000000000109e+02 4.974524719591479861e-15
2.210099999999999909e+02 4.887074750793691775e-15
2.203559999999999945e+02 4.795830384630448249e-15
2.197019999999999982e+02 4.749798937848000254e-15
2.190500000000000114e+02 4.761610560858120109e-15
2.183969999999999914e+02 4.751054614408396642e-15
2.177429999999999950e+02 4.727327458069778757e-15
2.170889999999999986e+02 4.747454206963266035e-15
2.164370000000000118e+02 4.662622285509595867e-15
2.157829999999999870e+02 4.721713866818685740e-15
2.151289999999999907e+02 4.667637788702378890e-15
2.144749999999999943e+02 4.777603019497313788e-15
2.138220000000000027e+02 4.770765187902882795e-15
2.131680000000000064e+02 4.772312586421859426e-15
2.125140000000000100e+02 4.790806001456800646e-15
2.118600000000000136e+02 4.707369367639844060e-15
2.112069999999999936e+02 4.788979490384424602e-15
2.105529999999999973e+02 4.743725882704410254e-15
2.098979999999999961e+02 4.702935152519418935e-15
2.092439999999999998e+02 4.633055985796250485e-15
2.085910000000000082e+02 4.617775200960147796e-15
2.079360000000000070e+02 4.594137102136692744e-15
2.072820000000000107e+02 4.562336698044277836e-15
2.066270000000000095e+02 4.456963410796570371e-15
2.059739999999999895e+02 4.519587617568361679e-15
2.053189999999999884e+02 4.496156148060254122e-15
2.046639999999999873e+02 4.440570749110058557e-15
2.040089999999999861e+02 4.437589632855083707e-15
2.033540000000000134e+02 4.422469729241340146e-15
2.027009999999999934e+02 4.291806911705079836e-15
2.020459999999999923e+02 4.241394625990362047e-15
2.013909999999999911e+02 4.143861640953744618e-15
2.007350000000000136e+02 4.220346139902604019e-15
2.000800000000000125e+02 4.174497925594935100e-15
1.994259999999999877e+02 4.082053496239049130e-15
1.987709999999999866e+02 4.068027349527964214e-15
1.981160000000000139e+02 4.026993961354343680e-15
1.974600000000000080e+02 4.070824228742440719e-15
1.968050000000000068e+02 3.979917360894650973e-15
1.961510000000000105e+02 3.951016566312047542e-15
1.954950000000000045e+02 4.028481330861887429e-15
1.948389999999999986e+02 3.938560659280157843e-15
1.941839999999999975e+02 3.883288986397727638e-15
1.935279999999999916e+02 3.907133288563827689e-15
1.928739999999999952e+02 3.941826153547359482e-15
1.922179999999999893e+02 3.916673707849488577e-15
1.915620000000000118e+02 4.002594541267439343e-15
1.909060000000000059e+02 4.124538550087104471e-15
1.902500000000000000e+02 4.168232458928034113e-15
1.895939999999999941e+02 4.094430755043483212e-15
1.889389999999999930e+02 4.181035080443608725e-15
1.882829999999999870e+02 4.241516762545240122e-15
1.876270000000000095e+02 4.308458572202827876e-15
1.869699999999999989e+02 4.274336388418917456e-15
1.863139999999999930e+02 4.254593927284887945e-15
1.856570000000000107e+02 4.170876978275960461e-15
1.850010000000000048e+02 4.109124878040242231e-15
1.843460000000000036e+02 4.153325664473342236e-15
1.836889999999999930e+02 4.221496793936140064e-15
1.830329999999999870e+02 4.285298469669749610e-15
1.823760000000000048e+02 4.313772875540987555e-15
1.817189999999999941e+02 4.272758741999449083e-15
1.810620000000000118e+02 4.465664365172411936e-15
1.804050000000000011e+02 4.605237343401742907e-15
1.797500000000000000e+02 4.654637060389727240e-15
1.790929999999999893e+02 4.768021217793324415e-15
1.784360000000000070e+02 4.762092294624378773e-15
1.777789999999999964e+02 4.803010356357832214e-15
1.771220000000000141e+02 4.813206222091535179e-15
1.764650000000000034e+02 4.826568901825364235e-15
1.758069999999999879e+02 4.852728351131687006e-15
1.751500000000000057e+02 4.799579060100629419e-15
1.744939999999999998e+02 4.831757323790176029e-15
1.738369999999999891e+02 4.922251282629639063e-15
1.731790000000000020e+02 4.972685603447305544e-15
1.725219999999999914e+02 5.041846294069188653e-15
1.718640000000000043e+02 5.132563802231113238e-15
1.712059999999999889e+02 5.199751858577962055e-15
1.705490000000000066e+02 5.250311985861746476e-15
1.698909999999999911e+02 5.271557324094553047e-15
1.692330000000000041e+02 5.242064986800194506e-15
1.685749999999999886e+02 5.206362573199884089e-15
1.679190000000000111e+02 5.255021304546306871e-15
1.672609999999999957e+02 5.219182508082510354e-15
1.666030000000000086e+02 5.309953646258272948e-15
1.659449999999999932e+02 5.218539922297482253e-15
1.652870000000000061e+02 5.103431267850607207e-15
1.646279999999999859e+02 5.101575202427724599e-15
1.639699999999999989e+02 5.150934934611392290e-15
1.633120000000000118e+02 5.232688748976577283e-15
1.626539999999999964e+02 5.232614336531707208e-15
1.619950000000000045e+02 5.157842303892870589e-15
1.613369999999999891e+02 5.128096476085615871e-15
1.606779999999999973e+02 5.045344999194131199e-15
1.600190000000000055e+02 5.042322110791229730e-15
1.593609999999999900e+02 5.068348680939875557e-15
1.587040000000000077e+02 5.064926093324388399e-15
1.580449999999999875e+02 5.087073431914335287e-15
1.573859999999999957e+02 5.054300944750670982e-15
1.567270000000000039e+02 5.078699734337799705e-15
1.560680000000000121e+02 5.045910514629468769e-15
1.554089999999999918e+02 5.044262615973570290e-15
1.547500000000000000e+02 5.056399332922414904e-15
1.540910000000000082e+02 5.023539728140591370e-15
1.534319999999999879e+02 5.018502589523360899e-15
1.527729999999999961e+02 5.010533119655133698e-15
1.521140000000000043e+02 4.966692280531371021e-15
1.514540000000000077e+02 4.953134062539300007e-15
1.507949999999999875e+02 4.939461131323784127e-15
1.501359999999999957e+02 5.093160491526085366e-15
1.494759999999999991e+02 5.137513763551320300e-15
1.488170000000000073e+02 5.149016472912602299e-15
1.481570000000000107e+02 5.245126584560438735e-15
1.474970000000000141e+02 5.228965782617948723e-15
1.468379999999999939e+02 5.275741120325631339e-15
1.461779999999999973e+02 5.295603582656292328e-15
1.455180000000000007e+02 5.374653479358880162e-15
1.448580000000000041e+02 5.393170082657367906e-15
1.441980000000000075e+02 5.277630839867692621e-15
1.435380000000000109e+02 5.323983354091787962e-15
1.428779999999999859e+02 5.346651174660800857e-15
1.422179999999999893e+02 5.414227073690666178e-15
1.415579999999999927e+02 5.430537776799272302e-15
1.408979999999999961e+02 5.433855634731202258e-15
1.402379999999999995e+02 5.431846917643472759e-15
1.395769999999999982e+02 5.419652881267730135e-15
1.389170000000000016e+02 5.480922166070863229e-15
1.382560000000000002e+02 5.618988323285696120e-15
1.375960000000000036e+02 5.694620076515132220e-15
1.369350000000000023e+02 5.754564174551584058e-15
1.362750000000000057e+02 5.770395710131227044e-15
1.356140000000000043e+02 5.842772955026663834e-15
1.349540000000000077e+02 5.906831868701015325e-15
1.342930000000000064e+02 6.035539586776326546e-15
1.336320000000000050e+02 6.159945901319360582e-15
1.329710000000000036e+02 6.231412396576923861e-15
1.323100000000000023e+02 6.271615685402888545e-15
1.316490000000000009e+02 6.400326450980073156e-15
1.309879999999999995e+02 6.433623444992222598e-15
1.303269999999999982e+02 6.450295350513344886e-15
1.296659999999999968e+02 6.572067997372327875e-15
1.290049999999999955e+02 6.615907945539114871e-15
1.283420000000000130e+02 6.614185915172244866e-15
1.276809999999999974e+02 6.627622644780988271e-15
1.270190000000000055e+02 6.699574428238154218e-15
1.263580000000000041e+02 6.624189688402516555e-15
1.256959999999999980e+02 6.527536344689093577e-15
1.250349999999999966e+02 6.539352915010744600e-15
1.243730000000000047e+02 6.524907971648861412e-15
1.237120000000000033e+02 6.486803070656713149e-15
1.230499999999999972e+02 6.490927371613689554e-15
1.223880000000000052e+02 6.467219601213333028e-15
1.217259999999999991e+02 6.345493285655705023e-15
1.210639999999999930e+02 6.197995644872405822e-15
1.204030000000000058e+02 6.179515007631284195e-15
1.197409999999999997e+02 6.128075576671705105e-15
1.190780000000000030e+02 5.965267556612507860e-15
1.184150000000000063e+02 5.910742350635979513e-15
1.177530000000000001e+02 5.816753212302469541e-15
1.170909999999999940e+02 5.693751050139443476e-15
1.164279999999999973e+02 5.573874584719716095e-15
1.157660000000000053e+02 5.516041989621559788e-15
1.151039999999999992e+02 5.440985153653312841e-15
1.144410000000000025e+02 5.325924100554308522e-15
1.137789999999999964e+02 5.217755733560937637e-15
1.131159999999999997e+02 5.185039689541456845e-15
1.124539999999999935e+02 5.122068220579358725e-15
1.117890000000000015e+02 5.053661629243184858e-15
1.111269999999999953e+02 5.030845588580565593e-15
1.104639999999999986e+02 4.954086688457693122e-15
1.098010000000000019e+02 4.887206013208152859e-15
1.091380000000000052e+02 4.806260288292729945e-15
1.084749999999999943e+02 4.764107072561666199e-15
1.078119999999999976e+02 4.617818434402473412e-15
1.071490000000000009e+02 4.528641358184298491e-15
1.064849999999999994e+02 4.326450595366730209e-15
1.058209999999999980e+02 4.155345640400010816e-15
1.051580000000000013e+02 3.944514740190707725e-15
1.044950000000000045e+02 3.871658075515144153e-15
1.038319999999999936e+02 3.710067420738778914e-15
1.031680000000000064e+02 3.567506720920054845e-15
1.025049999999999955e+02 3.435246331545631175e-15
1.018400000000000034e+02 3.376813527845944198e-15
1.011760000000000019e+02 3.282357052631726451e-15
1.005130000000000052e+02 3.299977996013347445e-15
9.984900000000000375e+01 3.290653067996500155e-15
9.918529999999999802e+01 3.266493719743171812e-15
9.852150000000000318e+01 3.230939985079543607e-15
9.785769999999999413e+01 3.306291193692644598e-15
9.719230000000000302e+01 3.399369445703196879e-15
9.652830000000000155e+01 3.485696724521498292e-15
9.586430000000000007e+01 3.551376738230768330e-15
9.520029999999999859e+01 3.642023676963134886e-15
9.453610000000000468e+01 3.775415294504227132e-15
9.387199999999999989e+01 3.906190889100687044e-15
9.320619999999999550e+01 3.987707137413549906e-15
9.254200000000000159e+01 4.082107625616855323e-15
9.187760000000000105e+01 4.082117610484851063e-15
9.121320000000000050e+01 4.109700533799485842e-15
9.054879999999999995e+01 4.102615662845454799e-15
8.988280000000000314e+01 4.174990616845413389e-15
8.921819999999999595e+01 4.176484904505892515e-15
8.855360000000000298e+01 4.141747121905676164e-15
8.788890000000000668e+01 4.104216894141353331e-15
8.722419999999999618e+01 4.167738212518504391e-15
8.655939999999999657e+01 4.214235378132757230e-15
8.589300000000000068e+01 4.285690142822751398e-15
8.522809999999999775e+01 4.300516851889470658e-15
8.456319999999999482e+01 4.345588762196724301e-15
8.389820000000000277e+01 4.327573962020893127e-15
8.323160000000000025e+01 4.355751167957776786e-15
8.256650000000000489e+01 4.356421113088817705e-15
8.190130000000000621e+01 4.392972470889643820e-15
8.123609999999999332e+01 4.394558536111174905e-15
8.057080000000000553e+01 4.327635679302953274e-15
7.990389999999999304e+01 4.329682118724052386e-15
7.923850000000000193e+01 4.354839992081809826e-15
7.857299999999999329e+01 4.392500034008557521e-15
7.790749999999999886e+01 4.410231188020348490e-15
7.724039999999999395e+01 4.406210802260209671e-15
7.657479999999999620e+01 4.424402016788676135e-15
7.590909999999999513e+01 4.367376660620860542e-15
7.524339999999999407e+01 4.385261381951427641e-15
7.457760000000000389e+01 4.376269626130803395e-15
7.391020000000000323e+01 4.292307113377257358e-15
7.324429999999999552e+01 4.251834640107794944e-15
7.257829999999999870e+01 4.158031170290281908e-15
7.191230000000000189e+01 4.094568317481712329e-15
7.124469999999999459e+01 4.069283883245249736e-15
7.057850000000000534e+01 4.016362445091911764e-15
6.991230000000000189e+01 4.024693287274448227e-15
6.924609999999999843e+01 3.950124893247860538e-15
6.857829999999999870e+01 3.923210920968189436e-15
6.791190000000000282e+01 3.887646345106469244e-15
6.724550000000000693e+01 3.832213986920576613e-15
6.657750000000000057e+01 3.797661965198205943e-15
6.591100000000000136e+01 3.727497383488753528e-15
6.524439999999999884e+01 3.694287375605082349e-15
6.457769999999999300e+01 3.640058997513086424e-15
6.390950000000000131e+01 3.573271703014265396e-15
6.324269999999999925e+01 3.537430733125889579e-15
6.257589999999999719e+01 3.519774845341864228e-15
6.190899999999999892e+01 3.495012683816906920e-15
6.124060000000000059e+01 3.457703151865437510e-15
6.057359999999999900e+01 3.427811170258846332e-15
5.990659999999999741e+01 3.400509861700679722e-15
5.923799999999999955e+01 3.319428441539190557e-15
5.857079999999999842e+01 3.233334682948058764e-15
5.790359999999999729e+01 3.205742067309204844e-15
5.723629999999999995e+01 3.151788912488660994e-15
5.656750000000000256e+01 3.075798203247976151e-15
5.590010000000000190e+01 3.045886399766707143e-15
5.523270000000000124e+01 2.993190917772985575e-15
5.456360000000000099e+01 2.957370568317975856e-15
5.389609999999999701e+01 2.933782968105334758e-15
5.322849999999999682e+01 2.932344853147082240e-15
5.255930000000000035e+01 2.945737289144580251e-15
5.189159999999999684e+01 2.879672820653839075e-15
5.122379999999999711e+01 2.859052821041695232e-15
5.055440000000000111e+01 2.829529170961366051e-15
4.988660000000000139e+01 2.781900531270140216e-15
4.921860000000000213e+01 2.731639610945770094e-15
4.854910000000000281e+01 2.685966055676980766e-15
4.788100000000000023e+01 2.666415934002784353e-15
4.721289999999999765e+01 2.627994385818240384e-15
4.654319999999999879e+01 2.572892521352614656e-15
4.587500000000000000e+01 2.543666408004512867e-15
4.520669999999999789e+01 2.473208514937141670e-15
4.453679999999999950e+01 2.432143421636327757e-15
4.386840000000000117e+01 2.395871607144755942e-15
4.320000000000000284e+01 2.385178410681661539e-15
4.252989999999999782e+01 2.333855054724105095e-15
4.186129999999999995e+01 2.276958275929840348e-15
4.119270000000000209e+01 2.203110861534570982e-15
4.052250000000000085e+01 2.158527292221869029e-15
3.985379999999999967e+01 2.126090696285736458e-15
3.918500000000000227e+01 2.103890496238581697e-15
3.851460000000000150e+01 2.065249984688221054e-15
3.784570000000000078e+01 2.022356004860948592e-15
3.717519999999999669e+01 1.968217339049612673e-15
3.650619999999999976e+01 1.920191438209139299e-15
3.583709999999999951e+01 1.889401564134317462e-15
3.516640000000000299e+01 1.856292403274825489e-15
3.449719999999999942e+01 1.806598877779323435e-15
3.382800000000000296e+01 1.769782297298895213e-15
3.315709999999999980e+01 1.717032290218641279e-15
3.248780000000000001e+01 1.648191187872806641e-15
3.181680000000000064e+01 1.603298054381294218e-15
3.114730000000000132e+01 1.568917082892732819e-15
3.047779999999999845e+01 1.543801544538634579e-15
2.980669999999999931e+01 1.475592640972395213e-15
2.913700000000000045e+01 1.438921638506864215e-15
2.846730000000000160e+01 1.407331756100088041e-15
2.779599999999999937e+01 1.349982591231225924e-15
2.712620000000000076e+01 1.307582441738065278e-15
2.645479999999999876e+01 1.270151719382703549e-15
2.578490000000000038e+01 1.225707331316472220e-15
2.511329999999999885e+01 1.168869660518144611e-15
2.444330000000000069e+01 1.110739604656737878e-15
2.377319999999999922e+01 1.076547172220099161e-15
2.310150000000000148e+01 1.016107318119100551e-15
2.243130000000000024e+01 9.687798830145155511e-16
2.175949999999999918e+01 9.224373605289347264e-16
2.108909999999999840e+01 8.731215814916696951e-16
2.041870000000000118e+01 8.324256054501227525e-16
1.974680000000000035e+01 7.771285287813448327e-16
1.907629999999999981e+01 7.352217458484978282e-16
1.840419999999999945e+01 6.969405850678138695e-16
1.773349999999999937e+01 6.531742307534709771e-16
1.706129999999999924e+01 6.244647669407665685e-16
1.639059999999999917e+01 5.825491392364283254e-16
1.571979999999999933e+01 5.489341635276110068e-16
1.504739999999999966e+01 5.220167417199469684e-16
1.437650000000000006e+01 4.912459404644669896e-16
1.370410000000000039e+01 4.684274437577323829e-16
1.303299999999999947e+01 4.368986391004912040e-16
1.236040000000000028e+01 4.098391383501825907e-16
1.168929999999999936e+01 3.825251756149886713e-16
1.101660000000000039e+01 3.634141775260539653e-16
1.034529999999999994e+01 3.567862546757620054e-16
9.672489999999999810e+00 3.452510385460061409e-16
9.001129999999999853e+00 3.333366187692063239e-16
8.329710000000000392e+00 3.176265605901612638e-16
7.656710000000000349e+00 3.093957971074024912e-16
6.985170000000000101e+00 3.217089456326535264e-16
6.312050000000000161e+00 3.276675574326832484e-16
5.640399999999999636e+00 3.270698640962262517e-16
4.967170000000000307e+00 3.137504670541738147e-16
4.295410000000000394e+00 2.903117474079304255e-16
3.622059999999999835e+00 2.607671586913054590e-16
2.950180000000000025e+00 2.245231994057394578e-16
2.276720000000000077e+00 1.837764203002598903e-16
1.604729999999999990e+00 1.349814023730556110e-16
9.311519999999999797e-01 7.873133623057176639e-17
2.590439999999999965e-01 2.188051155565980659e-17
