4.498670000000000186e+02 1.167876225157269328e-15
4.492339999999999804e+02 9.237696295895285423e-16
4.486009999999999991e+02 8.120765858256531783e-16
4.479680000000000177e+02 1.136599250930868201e-15
4.473360000000000127e+02 1.100952509677342099e-15
4.467029999999999745e+02 1.043676937796887200e-15
4.460690000000000168e+02 1.235305445060906552e-15
4.454359999999999786e+02 1.113449712797127251e-15
4.448029999999999973e+02 1.078221816483218704e-15
4.441689999999999827e+02 1.171698684223084942e-15
4.435360000000000014e+02 1.286003234381559084e-15
4.429019999999999868e+02 1.506266051587587148e-15
4.422699999999999818e+02 1.300159548431489217e-15
4.416360000000000241e+02 1.466112248267249926e-15
4.410029999999999859e+02 1.451505502802463879e-15
4.403690000000000282e+02 1.321073401003911455e-15
4.397350000000000136e+02 1.317441437191462008e-15
4.391009999999999991e+02 1.282395081486023821e-15
4.384669999999999845e+02 1.038428319684855690e-15
4.378330000000000268e+02 1.108456860305841810e-15
4.371990000000000123e+02 1.022270044856598040e-15
4.365649999999999977e+02 1.091952666527161977e-15
4.359329999999999927e+02 8.512381648045035423e-16
4.352980000000000018e+02 7.045609154380851151e-16
4.346639999999999873e+02 6.923348030408378833e-16
4.340299999999999727e+02 7.211216712485105971e-16
4.333960000000000150e+02 7.190995114465347146e-16
4.327610000000000241e+02 9.820623772261540297e-16
4.321270000000000095e+02 8.878110104347173223e-16
4.314920000000000186e+02 7.332909419863973734e-16
4.308580000000000041e+02 6.604825184336052222e-16
4.302230000000000132e+02 7.291770285704161014e-16
4.295889999999999986e+02 8.376511976231540012e-16
4.289540000000000077e+02 6.949275624296500537e-16
4.283190000000000168e+02 7.829229848366695687e-16
4.276859999999999786e+02 7.808325157534400151e-16
4.270509999999999877e+02 6.692375683627679507e-16
4.264159999999999968e+02 5.583340577768699649e-16
4.257810000000000059e+02 6.653806853556330423e-16
4.251460000000000150e+02 7.422789338686087856e-16
4.245110000000000241e+02 8.874606652212536984e-16
4.238759999999999764e+02 8.946879995509483397e-16
4.232409999999999854e+02 9.800510156625885660e-16
4.226050000000000182e+02 8.603782210659955460e-16
4.219700000000000273e+02 8.773400165178570011e-16
4.213349999999999795e+02 9.038537894280285045e-16
4.206990000000000123e+02 1.036365646755355449e-15
4.200640000000000214e+02 1.042993432317197446e-15
4.194289999999999736e+02 1.155101714652096230e-15
4.187930000000000064e+02 9.316637558404022675e-16
4.181569999999999823e+02 8.812440852102550497e-16
4.175219999999999914e+02 9.357856724613721999e-16
4.168860000000000241e+02 1.141713198709396130e-15
4.162500000000000000e+02 1.242421662234033848e-15
4.156150000000000091e+02 1.257674178880123415e-15
4.149789999999999850e+02 1.291581743029657637e-15
4.143430000000000177e+02 1.325274178541454930e-15
4.137069999999999936e+02 1.190505491348388621e-15
4.130710000000000264e+02 1.382735290664120423e-15
4.124350000000000023e+02 1.471591723274556689e-15
4.117989999999999782e+02 1.541394236241994652e-15
4.111630000000000109e+02 1.481388347422662936e-15
4.105260000000000105e+02 1.421750843744246566e-15
4.098899999999999864e+02 1.463454655379728547e-15
4.092540000000000191e+02 1.257709761538398596e-15
4.086170000000000186e+02 1.272203546547657727e-15
4.079809999999999945e+02 1.350333431689395295e-15
4.073439999999999941e+02 1.291852799766747800e-15
4.067080000000000268e+02 1.233709869786448360e-15
4.060710000000000264e+02 1.374304917897060484e-15
4.054350000000000023e+02 1.172351555620976439e-15
4.047980000000000018e+02 1.195749372108307357e-15
4.041610000000000014e+02 1.156394636636850284e-15
4.035240000000000009e+02 1.242056587844320563e-15
4.028879999999999768e+02 1.051734024385723971e-15
4.022509999999999764e+02 1.137107514684042774e-15
4.016139999999999759e+02 9.393993108520989203e-16
4.009769999999999754e+02 9.541637937544959300e-16
4.003399999999999750e+02 7.493417280017360942e-16
3.997029999999999745e+02 9.045994593804062072e-16
3.990649999999999977e+02 8.494719952547711214e-16
3.984279999999999973e+02 6.817028194731442548e-16
3.977909999999999968e+02 6.362993225665832418e-16
3.971519999999999868e+02 6.168520606038106821e-16
3.965149999999999864e+02 4.858089609448577444e-16
3.958770000000000095e+02 5.530208054368714791e-16
3.952400000000000091e+02 3.629045966823164353e-16
3.946019999999999754e+02 4.984236823160575054e-16
3.939649999999999750e+02 3.521417502370768306e-16
3.933269999999999982e+02 3.340800808518478322e-16
3.926890000000000214e+02 5.276294755113009378e-16
3.920520000000000209e+02 4.922769404827425858e-16
3.914139999999999873e+02 6.420673077520020995e-16
3.907760000000000105e+02 6.483822862172356278e-16
3.901379999999999768e+02 8.635386397980272270e-16
3.895000000000000000e+02 1.052515279687427330e-15
3.888609999999999900e+02 9.497533411558412573e-16
3.882230000000000132e+02 9.715473962522561968e-16
3.875849999999999795e+02 1.067515566546137840e-15
3.869460000000000264e+02 1.154635477645633573e-15
3.863079999999999927e+02 1.257616547452925063e-15
3.856700000000000159e+02 1.319041300932591160e-15
3.850319999999999823e+02 1.388209537431401853e-15
3.843929999999999723e+02 1.253833274978948562e-15
3.837549999999999955e+02 1.330794815920710522e-15
3.831159999999999854e+02 1.286321831523621957e-15
3.824759999999999991e+02 1.266035413956056578e-15
3.818380000000000223e+02 1.213927136236575273e-15
3.811990000000000123e+02 1.010234789181966205e-15
3.805600000000000023e+02 1.118622926764857256e-15
3.799220000000000255e+02 1.067390427062138512e-15
3.792830000000000155e+02 9.451767565598147664e-16
3.786440000000000055e+02 1.021049261214194620e-15
3.780049999999999955e+02 9.389900834503354909e-16
3.773650000000000091e+02 9.675424465009965021e-16
3.767259999999999991e+02 1.253660731742289840e-15
3.760860000000000127e+02 1.226202659747757979e-15
3.754470000000000027e+02 1.478509093328362527e-15
3.748079999999999927e+02 1.458160546394336414e-15
3.741689999999999827e+02 1.530540886426135340e-15
3.735299999999999727e+02 1.610237151801163537e-15
3.728890000000000100e+02 1.628139108866915920e-15
3.722500000000000000e+02 1.500488714163504801e-15
3.716100000000000136e+02 1.693648137130054172e-15
3.709710000000000036e+02 1.551479070433272079e-15
3.703310000000000173e+02 1.486041295222620440e-15
3.696909999999999741e+02 1.435815990813220990e-15
3.690500000000000114e+02 1.468615755339651719e-15
3.684110000000000014e+02 1.388879410758011816e-15
3.677710000000000150e+02 1.354414461064934650e-15
3.671309999999999718e+02 1.290380493577676279e-15
3.664909999999999854e+02 1.479056237207229760e-15
3.658509999999999991e+02 1.363164374775122231e-15
3.652099999999999795e+02 1.358717173510525923e-15
3.645699999999999932e+02 1.523084505949151000e-15
3.639300000000000068e+02 1.488750598531479488e-15
3.632900000000000205e+02 1.469134795895878166e-15
3.626490000000000009e+02 1.500538508677534641e-15
3.620079999999999814e+02 1.459386392440137777e-15
3.613670000000000186e+02 1.432807536004803842e-15
3.607269999999999754e+02 1.327276229325027567e-15
3.600869999999999891e+02 1.365885087327734365e-15
3.594460000000000264e+02 1.232691037320355003e-15
3.588039999999999736e+02 1.135616092201639410e-15
3.581639999999999873e+02 1.096362896834790874e-15
3.575230000000000246e+02 1.007738729965181567e-15
3.568829999999999814e+02 1.131174513224546234e-15
3.562420000000000186e+02 1.092210040020486565e-15
3.556000000000000227e+02 1.109615524490852497e-15
3.549590000000000032e+02 1.161668165385072921e-15
3.543179999999999836e+02 1.046359305236773281e-15
3.536770000000000209e+02 1.077534217721985861e-15
3.530350000000000250e+02 1.232728993362565560e-15
3.523940000000000055e+02 1.269828533234245536e-15
3.517520000000000095e+02 1.265460294869998290e-15
3.511109999999999900e+02 1.021661118100454411e-15
3.504689999999999941e+02 1.106798409464658133e-15
3.498269999999999982e+02 1.136924098698429396e-15
3.491859999999999786e+02 1.112684215527005823e-15
3.485450000000000159e+02 1.088665032254797877e-15
3.479019999999999868e+02 1.064577967786132084e-15
3.472599999999999909e+02 9.939513067081432677e-16
3.466190000000000282e+02 9.771257589476942013e-16
3.459769999999999754e+02 9.470888466889348132e-16
3.453340000000000032e+02 1.029984555471939974e-15
3.446929999999999836e+02 1.079219030748530381e-15
3.440509999999999877e+02 1.035905193795029346e-15
3.434089999999999918e+02 1.019130526918206365e-15
3.427660000000000196e+02 9.501967872848320002e-16
3.421240000000000236e+02 1.083665307568544097e-15
3.414820000000000277e+02 1.112278077856322310e-15
3.408399999999999750e+02 1.101805357968409531e-15
3.401970000000000027e+02 1.155982493110185139e-15
3.395539999999999736e+02 1.164688994669801740e-15
3.389119999999999777e+02 1.128496746461281297e-15
3.382690000000000055e+02 1.156476816982302725e-15
3.376259999999999764e+02 1.311114328047079701e-15
3.369839999999999804e+02 1.407722067512136771e-15
3.363419999999999845e+02 1.345950234784898010e-15
3.356979999999999791e+02 1.259357165837563141e-15
3.350550000000000068e+02 1.236051744301022616e-15
3.344130000000000109e+02 1.175509121242408994e-15
3.337690000000000055e+02 1.189818730591223152e-15
3.331259999999999764e+02 1.216519813782821474e-15
3.324830000000000041e+02 1.378700110396653935e-15
3.318389999999999986e+02 1.300058225723708875e-15
3.311960000000000264e+02 1.399391012054320076e-15
3.305539999999999736e+02 1.351537702788149478e-15
3.299110000000000014e+02 1.431751643199518605e-15
3.292660000000000196e+02 1.481108348955588415e-15
3.286229999999999905e+02 1.560234744644945585e-15
3.279800000000000182e+02 1.530512985228564904e-15
3.273360000000000127e+02 1.482804573035428414e-15
3.266929999999999836e+02 1.340042985510260904e-15
3.260489999999999782e+02 1.311308106510791448e-15
3.254049999999999727e+02 1.276804596516058251e-15
3.247610000000000241e+02 1.342969595343903796e-15
3.241179999999999950e+02 1.290929772325208437e-15
3.234730000000000132e+02 1.321277456815706660e-15
3.228290000000000077e+02 1.322149726146371334e-15
3.221840000000000259e+02 1.427878473222709121e-15
3.215409999999999968e+02 1.434072936972081378e-15
3.208969999999999914e+02 1.549899927802125260e-15
3.202520000000000095e+02 1.613267785178040667e-15
3.196080000000000041e+02 1.601415202177052152e-15
3.189639999999999986e+02 1.646777676170886454e-15
3.183190000000000168e+02 1.714537336129825655e-15
3.176750000000000114e+02 1.606066052441231642e-15
3.170310000000000059e+02 1.436426155158795585e-15
3.163860000000000241e+02 1.430757362352541665e-15
3.157420000000000186e+02 1.391814018454673646e-15
3.150980000000000132e+02 1.302798133344871538e-15
3.144519999999999982e+02 1.275504554938133669e-15
3.138079999999999927e+02 1.231882872544631470e-15
3.131619999999999777e+02 1.205085377586823282e-15
3.125179999999999723e+02 1.167450567348118997e-15
3.118729999999999905e+02 1.179335704527511302e-15
3.112269999999999754e+02 1.371239059648567736e-15
3.105830000000000268e+02 1.284434519397419153e-15
3.099370000000000118e+02 1.246962954791980449e-15
3.092919999999999732e+02 1.258361563299084656e-15
3.086469999999999914e+02 1.221255373510399567e-15
3.080009999999999764e+02 1.328866232745728125e-15
3.073570000000000277e+02 1.387592100337090272e-15
3.067099999999999795e+02 1.403529026273901429e-15
3.060649999999999977e+02 1.376827833877717099e-15
3.054200000000000159e+02 1.366106564512758931e-15
3.047740000000000009e+02 1.355577493654475342e-15
3.041290000000000191e+02 1.345097293122031220e-15
3.034820000000000277e+02 1.485467924638464491e-15
3.028369999999999891e+02 1.572923477327044508e-15
3.021920000000000073e+02 1.638873651763727400e-15
3.015450000000000159e+02 1.586219906308028395e-15
3.008999999999999773e+02 1.477416830192130064e-15
3.002529999999999859e+02 1.619596671400802533e-15
2.996080000000000041e+02 1.552149059189407120e-15
2.989610000000000127e+02 1.474981030394949691e-15
2.983149999999999977e+02 1.600308706141516441e-15
2.976700000000000159e+02 1.528652297243448511e-15
2.970230000000000246e+02 1.532438067692491391e-15
2.963770000000000095e+02 1.431533945993090773e-15
2.957300000000000182e+02 1.396106440290203754e-15
2.950840000000000032e+02 1.434939888468121877e-15
2.944370000000000118e+02 1.325771182711764611e-15
2.937909999999999968e+02 1.364530188516153301e-15
2.931429999999999723e+02 1.593269952002005089e-15
2.924970000000000141e+02 1.581941588157602275e-15
2.918500000000000227e+02 1.502864736656825493e-15
2.912040000000000077e+02 1.472588558942041083e-15
2.905570000000000164e+02 1.538456039133211745e-15
2.899100000000000250e+02 1.623178914590759550e-15
2.892629999999999768e+02 1.749770862436220867e-15
2.886159999999999854e+02 1.823313203707253260e-15
2.879689999999999941e+02 1.872471799808289352e-15
2.873210000000000264e+02 1.874149859887629051e-15
2.866750000000000114e+02 1.847619016927014445e-15
2.860269999999999868e+02 1.942607979239120578e-15
2.853799999999999955e+02 1.971693142684906357e-15
2.847320000000000277e+02 1.944960207985903920e-15
2.840849999999999795e+02 2.033554968178526060e-15
2.834370000000000118e+02 2.070982435303781593e-15
2.827900000000000205e+02 2.158160110649260458e-15
2.821419999999999959e+02 2.231065225959376597e-15
2.814950000000000045e+02 2.262322875421121880e-15
2.808469999999999800e+02 2.343136050172111275e-15
2.801990000000000123e+02 2.261346916164302803e-15
2.795509999999999877e+02 2.207002032860579048e-15
2.789039999999999964e+02 2.228946066226049176e-15
2.782549999999999955e+02 2.223781987475191956e-15
2.776080000000000041e+02 2.223172931103888621e-15
2.769590000000000032e+02 2.187269377978943345e-15
2.763120000000000118e+02 2.226039786098689790e-15
2.756630000000000109e+02 2.181685782201335809e-15
2.750149999999999864e+02 2.215609395495924740e-15
2.743659999999999854e+02 2.396368036391473216e-15
2.737189999999999941e+02 2.532283484546652647e-15
2.730699999999999932e+02 2.564274774614626935e-15
2.724220000000000255e+02 2.523221770738161687e-15
2.717730000000000246e+02 2.461333136257810639e-15
2.711240000000000236e+02 2.412521615699036182e-15
2.704759999999999991e+02 2.334702610894480088e-15
2.698260000000000218e+02 2.370581268372482256e-15
2.691779999999999973e+02 2.443712972510294912e-15
2.685289999999999964e+02 2.320773650302465615e-15
2.678809999999999718e+02 2.285648991217242905e-15
2.672309999999999945e+02 2.242728767908041739e-15
2.665830000000000268e+02 2.286088069276741153e-15
2.659329999999999927e+02 2.439307376119365886e-15
2.652839999999999918e+02 2.501728757838014626e-15
2.646349999999999909e+02 2.603913421200168562e-15
2.639850000000000136e+02 2.531909009716293214e-15
2.633369999999999891e+02 2.496462704819505715e-15
2.626870000000000118e+02 2.557226528378502499e-15
2.620380000000000109e+02 2.494169783590226379e-15
2.613879999999999768e+02 2.589729355032617915e-15
2.607400000000000091e+02 2.530959589770175321e-15
2.600899999999999750e+02 2.413561993308307660e-15
2.594390000000000214e+02 2.469001144567125473e-15
2.587900000000000205e+02 2.415017941872103717e-15
2.581399999999999864e+02 2.415669704071594057e-15
2.574909999999999854e+02 2.389306803905425468e-15
2.568410000000000082e+02 2.497245688642824853e-15
2.561899999999999977e+02 2.577482517063044981e-15
2.555409999999999968e+02 2.523853898231613534e-15
2.548899999999999864e+02 2.572780507618233955e-15
2.542410000000000139e+02 2.564792711871616591e-15
2.535910000000000082e+02 2.474235499600122631e-15
2.529399999999999977e+02 2.470206983275814833e-15
2.522899999999999920e+02 2.499751855972170589e-15
2.516399999999999864e+02 2.573079878092363163e-15
2.509900000000000091e+02 2.454441425367583388e-15
2.503389999999999986e+02 2.457624924632221003e-15
2.496879999999999882e+02 2.508155769127583429e-15
2.490380000000000109e+02 2.514445494510390410e-15
2.483870000000000005e+02 2.585754749374383400e-15
2.477359999999999900e+02 2.649018632113136351e-15
2.470860000000000127e+02 2.611531630130934501e-15
2.464350000000000023e+02 2.684596599441713375e-15
2.457849999999999966e+02 2.565648432481091078e-15
2.451330000000000098e+02 2.620463802039043420e-15
2.444819999999999993e+02 2.565876202418387299e-15
2.438319999999999936e+02 2.518830050363346513e-15
2.431800000000000068e+02 2.482394176307247173e-15
2.425289999999999964e+02 2.470518248587307969e-15
2.418779999999999859e+02 2.561856133204833499e-15
2.412270000000000039e+02 2.621531011424269863e-15
2.405749999999999886e+02 2.554405301547523116e-15
2.399240000000000066e+02 2.657331160804421896e-15
2.392719999999999914e+02 2.644532016929947843e-15
2.386200000000000045e+02 2.688799148975033798e-15
2.379699999999999989e+02 2.669041851397242407e-15
2.373180000000000121e+02 2.735860285944915929e-15
2.366670000000000016e+02 2.722582472181062457e-15
2.360149999999999864e+02 2.712450095937766793e-15
2.353629999999999995e+02 2.758188497842435281e-15
2.347100000000000080e+02 2.852258112978208931e-15
2.340600000000000023e+02 2.828422405378144299e-15
2.334070000000000107e+02 2.808005888002649939e-15
2.327549999999999955e+02 2.906626767933967619e-15
2.321040000000000134e+02 2.978495380625588220e-15
2.314509999999999934e+02 2.954169965208474289e-15
2.307980000000000018e+02 3.021687278904516450e-15
2.301469999999999914e+02 3.006609484227653753e-15
2.294939999999999998e+02 2.960179535919397661e-15
2.288420000000000130e+02 2.892302644098547738e-15
2.281899999999999977e+02 2.986331448550227374e-15
2.275370000000000061e+02 3.054606987096082608e-15
2.268839999999999861e+02 3.088374647351831098e-15
2.262330000000000041e+02 3.148998125241537804e-15
2.255800000000000125e+02 3.230318410169503223e-15
2.249269999999999925e+02 3.216923106956099389e-15
2.242729999999999961e+02 3.224645282926071772e-15
2.236220000000000141e+02 3.285924012329133145e-15
2.229679999999999893e+02 3.295927728506657818e-15
2.223149999999999977e+02 3.311489280774865159e-15
2.216630000000000109e+02 3.256227781147388785e-15
2.210099999999999909e+02 3.195301390812094260e-15
2.203559999999999945e+02 3.132018543510389442e-15
2.197019999999999982e+02 3.098360733150317196e-15
2.190500000000000114e+02 3.102465352656774027e-15
2.183969999999999914e+02 3.091985538557635670e-15
2.177429999999999950e+02 3.072949974471142101e-15
2.170889999999999986e+02 3.082417957100688151e-15
2.164370000000000118e+02 3.023796797247340211e-15
2.157829999999999870e+02 3.058512627482718025e-15
2.151289999999999907e+02 3.019918057617692059e-15
2.144749999999999943e+02 3.087404782870390275e-15
2.138220000000000027e+02 3.079335441050248085e-15
2.131680000000000064e+02 3.076671907025762866e-15
2.125140000000000100e+02 3.084912748949794375e-15
2.118600000000000136e+02 3.027566300071861170e-15
2.112069999999999936e+02 3.076368398269074524e-15
2.105529999999999973e+02 3.043640184290668361e-15
2.098979999999999961e+02 3.013831472574681893e-15
2.092439999999999998e+02 2.965468986731840610e-15
2.085910000000000082e+02 2.952118501841795966e-15
2.079360000000000070e+02 2.933440160258781645e-15
2.072820000000000107e+02 2.909594251592102781e-15
2.066270000000000095e+02 2.838926623397075642e-15
2.059739999999999895e+02 2.875302444539653864e-15
2.053189999999999884e+02 2.856887573373276721e-15
2.046639999999999873e+02 2.818100104405950031e-15
2.040089999999999861e+02 2.812736696093628076e-15
2.033540000000000134e+02 2.799689424966131881e-15
2.027009999999999934e+02 2.713620025945745717e-15
2.020459999999999923e+02 2.678416459546192472e-15
2.013909999999999911e+02 2.613569970188574430e-15
2.007350000000000136e+02 2.658480252289762765e-15
2.000800000000000125e+02 2.626311077886527324e-15
1.994259999999999877e+02 2.564938079946022758e-15
1.987709999999999866e+02 2.552911661380807140e-15
1.981160000000000139e+02 2.523977191303633427e-15
1.974600000000000080e+02 2.548218793550305620e-15
1.968050000000000068e+02 2.488161151282739084e-15
1.961510000000000105e+02 2.466962642598244416e-15
1.954950000000000045e+02 2.512122209686491571e-15
1.948389999999999986e+02 2.452912953145274135e-15
1.941839999999999975e+02 2.415398658554476296e-15
1.935279999999999916e+02 2.427108636143864444e-15
1.928739999999999952e+02 2.445516638873813653e-15
1.922179999999999893e+02 2.426777510900909147e-15
1.915620000000000118e+02 2.476803964331821808e-15
1.909060000000000059e+02 2.548950161065268009e-15
1.902500000000000000e+02 2.572603586172478223e-15
1.895939999999999941e+02 2.523763264267647584e-15
1.889389999999999930e+02 2.573782046390681521e-15
1.882829999999999870e+02 2.607593592084422139e-15
1.876270000000000095e+02 2.645269949640893258e-15
1.869699999999999989e+02 2.620863021059261914e-15
1.863139999999999930e+02 2.605317823995410780e-15
1.856570000000000107e+02 2.550674092318603942e-15
1.850010000000000048e+02 2.509581585298874309e-15
1.843460000000000036e+02 2.533210864799619312e-15
1.836889999999999930e+02 2.571354384232649618e-15
1.830329999999999870e+02 2.606730748495999135e-15
1.823760000000000048e+02 2.620534451285108839e-15
1.817189999999999941e+02 2.592133491249784779e-15
1.810620000000000118e+02 2.705509533514153410e-15
1.804050000000000011e+02 2.786299909161808419e-15
1.797500000000000000e+02 2.812388130921288437e-15
1.790929999999999893e+02 2.876986181721462654e-15
1.784360000000000070e+02 2.869502303957432124e-15
1.777789999999999964e+02 2.890213211129711033e-15
1.771220000000000141e+02 2.892391668057826960e-15
1.764650000000000034e+02 2.896449630857970670e-15
1.758069999999999879e+02 2.908144014745156932e-15
1.751500000000000057e+02 2.872336276288432247e-15
1.744939999999999998e+02 2.887610702651413045e-15
1.738369999999999891e+02 2.937623746261242168e-15
1.731790000000000020e+02 2.963603065727931771e-15
1.725219999999999914e+02 3.000645577652561325e-15
1.718640000000000043e+02 3.050374081277152749e-15
1.712059999999999889e+02 3.085983789314725025e-15
1.705490000000000066e+02 3.111629916001314216e-15
1.698909999999999911e+02 3.119832482108355015e-15
1.692330000000000041e+02 3.098010936677751202e-15
1.685749999999999886e+02 3.072569543826716362e-15
1.679190000000000111e+02 3.096911045030272416e-15
1.672609999999999957e+02 3.071429736969061845e-15
1.666030000000000086e+02 3.120404262710585632e-15
1.659449999999999932e+02 3.062317527712124779e-15
1.652870000000000061e+02 2.990495605143183364e-15
1.646279999999999859e+02 2.985122334884184819e-15
1.639699999999999989e+02 3.009678940799588054e-15
1.633120000000000118e+02 3.053048547508416008e-15
1.626539999999999964e+02 3.048603855514649673e-15
1.619950000000000045e+02 3.000693012205370809e-15
1.613369999999999891e+02 2.979067058703623308e-15
1.606779999999999973e+02 2.926734060985423536e-15
1.600190000000000055e+02 2.920717509992621303e-15
1.593609999999999900e+02 2.931510237353447135e-15
1.587040000000000077e+02 2.925253922072936776e-15
1.580449999999999875e+02 2.933732359670002933e-15
1.573859999999999957e+02 2.910544697118815804e-15
1.567270000000000039e+02 2.920281618699172212e-15
1.560680000000000121e+02 2.897139659187801078e-15
1.554089999999999918e+02 2.891902642816312153e-15
1.547500000000000000e+02 2.894555557029868339e-15
1.540910000000000082e+02 2.871465055293175224e-15
1.534319999999999879e+02 2.864306069839585640e-15
1.527729999999999961e+02 2.855481035994305349e-15
1.521140000000000043e+02 2.826254469359930594e-15
1.514540000000000077e+02 2.814298485234940402e-15
1.507949999999999875e+02 2.802303586776315910e-15
1.501359999999999957e+02 2.885137322961159278e-15
1.494759999999999991e+02 2.905851731357554044e-15
1.488170000000000073e+02 2.907941225180958629e-15
1.481570000000000107e+02 2.957709011151292669e-15
1.474970000000000141e+02 2.944097388790847348e-15
1.468379999999999939e+02 2.965896920033887588e-15
1.461779999999999973e+02 2.972499406723512961e-15
1.455180000000000007e+02 3.012234780637228002e-15
1.448580000000000041e+02 3.017957516946342598e-15
1.441980000000000075e+02 2.948746715862112006e-15
1.435380000000000109e+02 2.970042337487883108e-15
1.428779999999999859e+02 2.978062486636020273e-15
1.422179999999999893e+02 3.011013914363111252e-15
1.415579999999999927e+02 3.015380026992925828e-15
1.408979999999999961e+02 3.012511452037880008e-15
1.402379999999999995e+02 3.006685370880265427e-15
1.395769999999999982e+02 2.995223387428997359e-15
1.389170000000000016e+02 3.024321499979758550e-15
1.382560000000000002e+02 3.095610077041193973e-15
1.375960000000000036e+02 3.132321289348321759e-15
1.369350000000000023e+02 3.160274731494709102e-15
1.362750000000000057e+02 3.163941322622494373e-15
1.356140000000000043e+02 3.198523304966886333e-15
1.349540000000000077e+02 3.228436862795560770e-15
1.342930000000000064e+02 3.293504171173850676e-15
1.336320000000000050e+02 3.355999427764679999e-15
1.329710000000000036e+02 3.389478328518960500e-15
1.323100000000000023e+02 3.405851173007365062e-15
1.316490000000000009e+02 3.470135836178783787e-15
1.309879999999999995e+02 3.482544611249643575e-15
1.303269999999999982e+02 3.485906938877843032e-15
1.296659999999999968e+02 3.545941838016245026e-15
1.290049999999999955e+02 3.563780284184392417e-15
1.283420000000000130e+02 3.557018296707351255e-15
1.276809999999999974e+02 3.558411994272871216e-15
1.270190000000000055e+02 3.591134375081967027e-15
1.263580000000000041e+02 3.544891016678455124e-15
1.256959999999999980e+02 3.487405602259661697e-15
1.250349999999999966e+02 3.487950191453886990e-15
1.243730000000000047e+02 3.474478028979512145e-15
1.237120000000000033e+02 3.448459165779048445e-15
1.230499999999999972e+02 3.444907330970858501e-15
1.223880000000000052e+02 3.426598716452330339e-15
1.217259999999999991e+02 3.356482722922511500e-15
1.210639999999999930e+02 3.272970645605741336e-15
1.204030000000000058e+02 3.257739159992904308e-15
1.197409999999999997e+02 3.225183533659342955e-15
1.190780000000000030e+02 3.134195786732681207e-15
1.184150000000000063e+02 3.100289617158429347e-15
1.177530000000000001e+02 3.045821674712305143e-15
1.170909999999999940e+02 2.976352305740175483e-15
1.164279999999999973e+02 2.908722769058819081e-15
1.157660000000000053e+02 2.873633175305567181e-15
1.151039999999999992e+02 2.829686574772769663e-15
1.144410000000000025e+02 2.765095419025014407e-15
1.137789999999999964e+02 2.704286647960125824e-15
1.131159999999999997e+02 2.682698967754737954e-15
1.124539999999999935e+02 2.645548027115598066e-15
1.117890000000000015e+02 2.605684597197299212e-15
1.111269999999999953e+02 2.589427192960445553e-15
1.104639999999999986e+02 2.545485906803037268e-15
1.098010000000000019e+02 2.506746629544394344e-15
1.091380000000000052e+02 2.460923765825363347e-15
1.084749999999999943e+02 2.435071408376279402e-15
1.078119999999999976e+02 2.356161183222427176e-15
1.071490000000000009e+02 2.306599578520168459e-15
1.064849999999999994e+02 2.199731746400551966e-15
1.058209999999999980e+02 2.109002491084417996e-15
1.051580000000000013e+02 1.998458704105182821e-15
1.044950000000000045e+02 1.958069319152344511e-15
1.038319999999999936e+02 1.873014193836498473e-15
1.031680000000000064e+02 1.797833161934823455e-15
1.025049999999999955e+02 1.728093661641969970e-15
1.018400000000000034e+02 1.695652639116772566e-15
1.011760000000000019e+02 1.645264582832801482e-15
1.005130000000000052e+02 1.651125000311790157e-15
9.984900000000000375e+01 1.643490791870521799e-15
9.918529999999999802e+01 1.628478475937140591e-15
9.852150000000000318e+01 1.607838267437316548e-15
9.785769999999999413e+01 1.642349268358698650e-15
9.719230000000000302e+01 1.685505083475266910e-15
9.652830000000000155e+01 1.725156938010444057e-15
9.586430000000000007e+01 1.754451996393056352e-15
9.520029999999999859e+01 1.795938430358716784e-15
9.453610000000000468e+01 1.858297516260708093e-15
9.387199999999999989e+01 1.919129515918700089e-15
9.320619999999999550e+01 1.955558643591876201e-15
9.254200000000000159e+01 1.998154177428064932e-15
9.187760000000000105e+01 1.994460328246036418e-15
9.121320000000000050e+01 2.004211749696699510e-15
9.054879999999999995e+01 1.997037433185002509e-15
8.988280000000000314e+01 2.028471390486175519e-15
8.921819999999999595e+01 2.025408072029234892e-15
8.855360000000000298e+01 2.004803618594278558e-15
8.788890000000000668e+01 1.982911664589476199e-15
8.722419999999999618e+01 2.009815746106360424e-15
8.655939999999999657e+01 2.028409168516959949e-15
8.589300000000000068e+01 2.058897536916984891e-15
8.522809999999999775e+01 2.062111331317062892e-15
8.456319999999999482e+01 2.079772119212224452e-15
8.389820000000000277e+01 2.067214914366697951e-15
8.323160000000000025e+01 2.076702738344338635e-15
8.256650000000000489e+01 2.073058141699085837e-15
8.190130000000000621e+01 2.086452503618285034e-15
8.123609999999999332e+01 2.083205097259244265e-15
8.057080000000000553e+01 2.047540740533599718e-15
7.990389999999999304e+01 2.044555969455118165e-15
7.923850000000000193e+01 2.052468045703449710e-15
7.857299999999999329e+01 2.066213917575535194e-15
7.790749999999999886e+01 2.070534555431012802e-15
7.724039999999999395e+01 2.064620788353112311e-15
7.657479999999999620e+01 2.069110084220875014e-15
7.590909999999999513e+01 2.038458988096969484e-15
7.524339999999999407e+01 2.042806234859652617e-15
7.457760000000000389e+01 2.034624703412689839e-15
7.391020000000000323e+01 1.991663552449561275e-15
7.324429999999999552e+01 1.969003766777604135e-15
7.257829999999999870e+01 1.921768989305573092e-15
7.191230000000000189e+01 1.888699997398789643e-15
7.124469999999999459e+01 1.873312891747923615e-15
7.057850000000000534e+01 1.845282374185233146e-15
6.991230000000000189e+01 1.845433405857080286e-15
6.924609999999999843e+01 1.807634221717692338e-15
6.857829999999999870e+01 1.791725708747606015e-15
6.791190000000000282e+01 1.771931132153166234e-15
6.724550000000000693e+01 1.743164421344602470e-15
6.657750000000000057e+01 1.723969123796323536e-15
6.591100000000000136e+01 1.688711310358267632e-15
6.524439999999999884e+01 1.670288916392519130e-15
6.457769999999999300e+01 1.642443237649543899e-15
6.390950000000000131e+01 1.609034276650025504e-15
6.324269999999999925e+01 1.589660816855998146e-15
6.257589999999999719e+01 1.578508157826067394e-15
6.190899999999999892e+01 1.564207042463767589e-15
6.124060000000000059e+01 1.544340220577575679e-15
6.057359999999999900e+01 1.527854552959538630e-15
5.990659999999999741e+01 1.512576024854741266e-15
5.923799999999999955e+01 1.473468342660008367e-15
5.857079999999999842e+01 1.432295410305887778e-15
5.790359999999999729e+01 1.417140571682944697e-15
5.723629999999999995e+01 1.390407429082694904e-15
5.656750000000000256e+01 1.354065506813160850e-15
5.590010000000000190e+01 1.338111533251728123e-15
5.523270000000000124e+01 1.312224419269434579e-15
5.456360000000000099e+01 1.293809522290888260e-15
5.389609999999999701e+01 1.280807308480362305e-15
5.322849999999999682e+01 1.277497429473099903e-15
5.255930000000000035e+01 1.280631331853769112e-15
5.189159999999999684e+01 1.249277709974243175e-15
5.122379999999999711e+01 1.237717707235397458e-15
5.055440000000000111e+01 1.222343358510139195e-15
4.988660000000000139e+01 1.199225173705894831e-15
4.921860000000000213e+01 1.175061431660780331e-15
4.854910000000000281e+01 1.152953563969181925e-15
4.788100000000000023e+01 1.142124135209079846e-15
4.721289999999999765e+01 1.123265061747121515e-15
4.654319999999999879e+01 1.097356949493349650e-15
4.587500000000000000e+01 1.082567583994126614e-15
4.520669999999999789e+01 1.050322011964567867e-15
4.453679999999999950e+01 1.030655600217135810e-15
4.386840000000000117e+01 1.013096542085147384e-15
4.320000000000000284e+01 1.006396452572970612e-15
4.252989999999999782e+01 9.826052379716394996e-16
4.186129999999999995e+01 9.565717804132567721e-16
4.119270000000000209e+01 9.235373052413633406e-16
4.052250000000000085e+01 9.028736112761645015e-16
3.985379999999999967e+01 8.873659177705949752e-16
3.918500000000000227e+01 8.761805173754741408e-16
3.851460000000000150e+01 8.582001821661182593e-16
3.784570000000000078e+01 8.385316127687259067e-16
3.717519999999999669e+01 8.142855268543174291e-16
3.650619999999999976e+01 7.926661226408626795e-16
3.583709999999999951e+01 7.782337085263273149e-16
3.516640000000000299e+01 7.629007470517318566e-16
3.449719999999999942e+01 7.408320131360381189e-16
3.382800000000000296e+01 7.241228728954834795e-16
3.315709999999999980e+01 7.009727760216609789e-16
3.248780000000000001e+01 6.713688623965589464e-16
3.181680000000000064e+01 6.516197959751146759e-16
3.114730000000000132e+01 6.362189917885396578e-16
3.047779999999999845e+01 6.246299548948618643e-16
2.980669999999999931e+01 5.956879560164351433e-16
2.913700000000000045e+01 5.795759390753689189e-16
2.846730000000000160e+01 5.655729886981682810e-16
2.779599999999999937e+01 5.412967806869366525e-16
2.712620000000000076e+01 5.231083432549240468e-16
2.645479999999999876e+01 5.069780977232863434e-16
2.578490000000000038e+01 4.881259383297587555e-16
2.511329999999999885e+01 4.644281580930194522e-16
2.444330000000000069e+01 4.403243017438674432e-16
2.377319999999999922e+01 4.257935035480354098e-16
2.310150000000000148e+01 4.009658525106548906e-16
2.243130000000000024e+01 3.814125228639849168e-16
2.175949999999999918e+01 3.623301957872562903e-16
2.108909999999999840e+01 3.421688985872529639e-16
2.041870000000000118e+01 3.254673248977271712e-16
1.974680000000000035e+01 3.031428413988069865e-16
1.907629999999999981e+01 2.861312295299629513e-16
1.840419999999999945e+01 2.706018746914771969e-16
1.773349999999999937e+01 2.530187613542029973e-16
1.706129999999999924e+01 2.413324023741291372e-16
1.639059999999999917e+01 2.246080225334338740e-16
1.571979999999999933e+01 2.111522355306932134e-16
1.504739999999999966e+01 2.003263208206816462e-16
1.437650000000000006e+01 1.880751299763591260e-16
1.370410000000000039e+01 1.789159226584455979e-16
1.303299999999999947e+01 1.664800801828938321e-16
1.236040000000000028e+01 1.557993218203183178e-16
1.168929999999999936e+01 1.450718706157449034e-16
1.101660000000000039e+01 1.374963614338098223e-16
1.034529999999999994e+01 1.346675345224181375e-16
9.672489999999999810e+00 1.300023971078042715e-16
9.001129999999999853e+00 1.252164264643036486e-16
8.329710000000000392e+00 1.190296799157297286e-16
7.656710000000000349e+00 1.156666272477631602e-16
6.985170000000000101e+00 1.199805769821915033e-16
6.312050000000000161e+00 1.219078327027456724e-16
5.640399999999999636e+00 1.213919453033691630e-16
4.967170000000000307e+00 1.161665589095961267e-16
4.295410000000000394e+00 1.072283292661896534e-16
3.622059999999999835e+00 9.608194204926075026e-17
2.950180000000000025e+00 8.252672884373169276e-17
2.276720000000000077e+00 6.738502193621600603e-17
1.604729999999999990e+00 4.937287119355670253e-17
9.311519999999999797e-01 2.872757586229802478e-17
2.590439999999999965e-01 7.964275326111193913e-18
