686.972	7.76295
686.36	7.81278
685.747	7.71313
685.135	7.64648
684.523	7.61347
683.912	7.44652
683.299	7.78043
682.687	7.42239
682.074	7.57315
681.461	7.6346
680.849	7.64328
680.236	7.75373
679.623	7.75373
679.01	7.75373
678.398	7.75373
677.786	7.75373
677.173	7.75373
676.56	7.75373
675.947	7.75373
675.334	7.75373
674.721	7.66082
674.108	7.62286
673.494	7.475
672.881	7.47102
672.268	7.47899
671.654	7.43899
671.041	7.42295
670.427	7.45486
669.815	7.47063
669.201	7.5105
668.588	7.60548
667.974	7.66119
667.36	7.55799
666.746	7.61956
666.133	7.64163
665.519	7.6536
664.905	7.71582
664.291	7.7492
663.677	7.74467
663.063	7.75373
662.448	7.73561
661.834	7.75373
661.22	7.69938
660.606	7.75373
659.991	7.59069
659.377	7.54498
658.762	7.42765
658.148	7.40787
657.533	7.44744
656.919	7.5031
656.304	7.43135
655.689	7.56677
655.075	7.65455
654.46	7.66265
653.845	7.63108
653.23	7.64714
652.615	7.57537
652	7.45601
651.385	7.4236
650.77	7.51868
650.155	7.49454
649.539	7.41483
648.924	7.46211
648.309	7.50974
647.693	7.46958
647.078	7.46957
646.463	7.5093
645.847	7.56533
645.232	7.53407
644.616	7.51835
643.999	7.52659
643.383	7.39913
642.767	7.38326
642.152	7.40707
641.536	7.35913
640.92	7.38315
640.304	7.3931
639.688	7.39788
639.072	7.42306
638.456	7.43094
637.84	7.42306
637.223	7.44669
636.607	7.51083
635.991	7.51893
635.373	7.59056
634.757	7.59851
634.14	7.45532
633.524	7.42343
632.907	7.47058
632.29	7.51039
631.674	7.36742
631.057	7.44946
630.44	7.51745
629.822	7.56612
629.205	7.74254
628.588	7.75373
627.971	7.73135
627.354	7.75373
626.737	7.68658
626.12	7.75373
625.503	7.55229
624.884	7.50252
624.267	7.35085
623.65	7.35321
623.032	7.35085
622.415	7.35792
621.798	7.35085
621.18	7.37204
620.561	7.37454
619.943	7.39073
619.326	7.45387
618.708	7.45385
618.09	7.49381
617.472	7.50958
616.853	7.65229
616.235	7.4856
615.617	7.47785
614.999	7.61291
614.381	7.65272
613.763	7.66052
613.143	7.62897
612.525	7.50165
611.907	7.58929
611.289	7.44693
610.67	7.48694
610.051	7.47048
609.432	7.43898
608.814	7.36803
608.195	7.49541
607.576	7.57386
606.956	7.5266
606.338	7.48644
605.719	7.62928
605.1	7.73247
604.481	7.66906
603.861	7.59769
603.242	7.66898
602.623	7.50975
602.004	7.47876
601.383	7.54228
600.764	7.56629
600.145	7.45502
599.525	7.45531
598.905	7.56679
598.285	7.51073
597.666	7.49468
597.046	7.51105
596.425	7.55045
595.806	7.62994
595.186	7.65388
594.567	7.71705
593.945	7.79665
593.326	7.6693
592.706	7.78866
592.086	7.7092
591.465	7.74071
590.845	7.55012
590.225	7.54242
589.603	7.49447
588.983	7.47105
588.363	7.50024
587.742	7.48276
587.121	7.51051
586.5	7.53424
585.88	7.57771
585.258	7.566
584.638	7.58942
584.017	7.54987
583.395	7.60569
582.774	7.66102
582.154	7.66129
581.532	7.54178
580.911	7.59757
580.29	7.57364
579.668	7.48659
579.047	7.43104
578.426	7.4709
577.805	7.44019
577.182	7.43708
576.561	7.37534
575.938	7.47104
575.317	7.40825
574.696	7.35266
574.073	7.43397
573.452	7.45613
572.83	7.45605
572.207	7.51965
571.586	7.39283
570.964	7.48044
570.341	7.46444
569.719	7.47206
569.098	7.42434
568.474	7.41579
567.853	7.42487
567.229	7.4104
566.607	7.40175
565.985	7.39107
565.362	7.38974
564.74	7.3871
564.117	7.39107
563.494	7.37915
562.872	7.37617
562.248	7.36724
561.625	7.36722
561.003	7.36726
560.379	7.36722
559.757	7.36735
559.133	7.4152
558.51	7.55004
557.886	7.57376
557.263	7.60579
556.64	7.61388
556.016	7.54248
555.393	7.62201
554.769	7.54246
554.146	7.63806
553.521	7.6301
552.898	7.5266
552.275	7.60626
551.651	7.62168
551.027	7.598
550.403	7.59008
549.779	7.56613
549.155	7.62975
548.531	7.55755
547.906	7.48592
547.283	7.62961
546.659	7.58162
546.034	7.56579
545.41	7.59748
544.785	7.77314
544.161	7.7967
543.536	7.83647
542.912	7.89278
542.287	7.88503
541.663	7.80505
541.037	7.79692
540.413	7.79698
539.788	7.74912
539.163	7.66125
538.538	7.5977
537.914	7.65306
537.288	7.54944
536.663	7.54947
536.037	7.50975
535.413	7.55803
534.787	7.44707
534.162	7.56662
533.536	7.5428
532.911	7.50347
532.285	7.47966
531.66	7.53547
531.034	7.55139
530.409	7.56727
529.783	7.43979
529.158	7.43963
528.531	7.48692
527.905	7.51042
527.28	7.53406
526.653	7.49664
526.028	7.48508
525.401	7.45517
524.776	7.42912
524.149	7.37629
523.523	7.45589
522.896	7.3601
522.271	7.44003
521.644	7.4671
521.016	7.56782
520.391	7.51168
519.763	7.57454
519.138	7.55881
518.51	7.59868
517.884	7.51969
517.257	7.54328
516.63	7.59055
516.003	7.58999
515.376	7.4858
514.75	7.49374
514.122	7.5334
513.494	7.62076
512.868	7.59683
512.24	7.6761
511.614	7.70807
510.986	7.63658
510.358	7.77201
509.731	7.78813
509.103	7.77278
508.476	7.86821
507.848	7.81212
507.22	7.8679
506.593	7.76427
505.965	7.73246
505.336	7.87578
504.709	7.74059
504.081	7.6531
503.452	7.76415
502.825	7.62916
502.196	7.58993
501.569	7.65312
500.94	7.67726
500.311	7.60595
499.684	7.63783
499.055	7.67771
498.426	7.73328
497.798	7.68565
497.169	7.74931
496.54	7.71723
495.912	7.65384
495.283	7.82057
494.654	7.8285
494.026	7.75692
493.397	7.70138
492.767	7.74073
492.139	7.83609
491.51	7.73296
490.88	7.74883
490.25	7.64527
489.622	7.62977
488.992	7.69326
488.363	7.73313
487.734	7.65334
487.104	7.58233
486.474	7.47882
485.846	7.54235
485.216	7.57406
484.586	7.59819
483.955	7.60631
483.327	7.58243
482.696	7.50309
482.066	7.5752
481.437	7.66246
480.807	7.70217
480.176	7.72583
479.546	7.75776
478.917	7.8293
478.286	7.77375
477.655	7.82933
477.025	7.89268
476.395	7.88446
475.764	7.82125
475.133	7.82139
474.502	7.80581
473.873	7.83791
473.242	7.94882
472.611	7.96457
471.98	7.96447
471.35	8.03598
470.719	8.06805
470.087	8.09949
469.456	8.06784
468.825	8.06371
468.195	8.0476
467.563	8.01946
466.931	7.98751
466.3	8.01946
465.67	7.92361
465.038	7.93176
464.406	7.78045
463.774	7.6848
463.142	7.66883
462.512	7.51865
461.88	7.43086
461.248	7.49465
460.616	7.45501
459.984	7.43123
459.352	7.52637
458.721	7.62955
458.088	7.59806
457.456	7.65391
456.824	7.67739
456.191	7.70949
455.56	7.74072
454.928	7.88365
454.295	7.93182
453.662	7.82884
453.03	7.83663
452.397	7.93991
451.766	7.87623
451.133	7.97175
450.5	7.89238
449.867	7.75759
449.234	7.65472
448.601	7.52737
447.968	7.56672
447.336	7.57527
446.703	7.61455
446.069	7.74181
445.436	7.60673
444.803	7.5509
444.169	7.59059
443.536	7.65393
442.902	7.75738
442.27	7.74986
441.636	7.78141
441.003	7.7574
440.369	7.72527
439.735	7.77277
439.101	7.82835
438.467	7.8601
437.833	7.95502
437.199	8.00265
436.565	8.09775
435.933	8.1059
435.298	8.09056
434.664	8.09863
434.03	8.05917
433.396	8.15457
432.761	8.08365
432.127	7.90922
431.492	7.90095
430.858	7.88472
430.223	7.78916
429.589	7.77262
428.954	7.63721
428.319	7.70831
427.686	7.67671
427.051	7.65106
426.416	7.5887
425.781	7.64435
425.146	7.66877
424.511	7.81972
423.876	7.80434
423.241	7.93943
422.605	7.89991
421.97	8.05884
421.335	8.01933
420.699	8.14648
420.064	8.05157
419.429	7.92393
418.793	7.83646
418.157	7.97169
417.522	7.94836
416.886	7.95663
416.25	7.90092
415.615	7.91648
414.979	7.76585
414.343	7.72585
413.707	7.69396
413.071	7.65445
412.435	7.69142
411.799	7.66148
411.163	7.63756
410.526	7.6061
409.89	7.66322
409.254	7.68547
408.617	7.72548
407.981	7.88486
407.344	7.88472
406.708	7.83696
406.071	7.90028
405.435	7.90011
404.798	7.78851
404.161	7.82787
403.524	7.73248
402.888	7.68422
402.251	7.47738
401.614	7.61277
400.977	7.72405
400.34	7.60532
399.703	7.74065
399.065	7.82015
398.428	7.79663
397.791	7.85207
397.152	7.89995
396.515	8.03499
395.877	7.94739
395.24	7.97088
394.602	8.0901
393.965	7.99451
393.327	7.87581
392.689	7.92342
392.052	7.88392
391.414	7.83635
390.776	7.79701
390.138	7.82892
389.5	7.78954
388.861	7.68631
388.223	7.67842
387.585	7.68598
386.946	7.56694
386.308	7.63804
385.67	7.83725
385.032	7.87676
384.393	7.86069
383.755	7.79689
383.116	7.92383
382.476	7.93211
381.838	8.11509
381.199	8.15456
380.56	8.17093
379.922	7.97998
379.283	7.99601
378.644	8.07501
378.005	8.2022
377.365	8.09867
376.726	8.06694
376.086	8.00313
375.447	7.99551
374.808	8.05914
374.169	8.07512
373.53	8.13015
372.889	8.12253
372.25	8.13064
371.61	8.19441
370.971	8.18628
370.331	8.20213
369.691	8.28126
369.05	8.16166
368.411	8.25704
367.771	8.1144
367.131	8.11474
366.491	8.06694
365.851	7.93969
365.21	7.9955
364.57	7.97219
363.93	8.01169
363.29	8.05931
362.649	8.01151
362.008	7.99529
361.367	7.9393
360.727	7.9997
360.087	8.02648
359.446	8.02592
358.804	8.00182
358.164	8.03389
357.523	8.04747
356.883	8.06773
356.242	8.11467
355.6	8.10696
354.959	8.20995
354.318	8.07505
353.677	8.08374
353.035	8.1554
352.394	8.19441
351.752	8.28948
351.111	8.28088
350.469	8.27283
349.827	8.31248
349.186	8.32069
348.545	8.43251
347.902	8.36041
347.26	8.36042
346.619	8.23399
345.977	8.22656
345.334	8.17137
344.693	8.16348
344.051	8.0605
343.409	8.11136
342.766	8.09331
342.124	8.06816
341.482	8.08111
340.84	8.07581
340.197	8.09936
339.554	8.11502
338.912	8.05165
338.269	8.14699
337.626	8.30617
336.984	8.33805
336.342	8.45711
335.698	8.41696
335.055	8.40108
334.413	8.36929
333.769	8.52049
333.126	8.59171
332.483	8.56
331.839	8.52824
331.196	8.44886
330.554	8.55185
329.911	8.57599
329.266	8.58394
328.623	8.57635
327.98	8.51248
327.336	8.46555
326.693	8.4173
326.049	8.36213
325.405	8.48121
324.761	8.36222
324.118	8.41738
323.473	8.35347
322.829	8.28934
322.184	8.32905
321.541	8.36803
320.897	8.4398
320.252	8.43134
319.608	8.38375
318.964	8.37631
318.319	8.26536
317.675	8.40107
317.031	8.55185
316.386	8.56797
315.742	8.66339
315.098	8.66366
314.452	8.6557
313.808	8.60003
313.162	8.63929
312.518	8.59938
311.873	8.48035
311.227	8.44074
310.583	8.41711
309.937	8.29795
309.292	8.26615
308.647	8.33753
308.001	8.36885
307.357	8.36054
306.71	8.53556
306.065	8.65487
305.42	8.59137
304.774	8.55918
304.129	8.61499
303.482	8.59898
302.837	8.68663
302.192	8.64722
301.545	8.65554
300.9	8.51242
300.253	8.52759
299.608	8.62313
298.961	8.60763
298.315	8.5117
297.67	8.63094
297.023	8.48822
296.377	8.5202
295.73	8.52012
295.084	8.57639
294.437	8.54475
293.791	8.56634
293.143	8.58709
292.497	8.62408
291.85	8.62388
291.204	8.74313
290.557	8.81483
289.91	8.74316
289.263	8.78204
288.616	8.83777
287.969	9.01267
287.321	9.00457
286.675	8.92504
286.027	8.84617
285.38	8.74205
284.732	8.87696
284.085	9.05977
283.437	9.19524
282.79	9.25875
282.142	9.23511
281.495	9.29862
280.847	9.4097
280.199	9.38494
279.551	9.43597
278.904	9.54529
278.255	9.5963
277.608	9.56058
276.959	9.578
276.312	9.60985
275.663	9.59044
275.015	9.61775
274.366	9.58604
273.719	9.55402
273.07	9.60906
272.422	9.60892
271.773	9.64111
271.124	9.55365
270.476	9.41877
269.826	9.46633
269.178	9.50646
268.529	9.48302
267.881	9.47566
267.231	9.48386
266.583	9.52347
265.933	9.57855
265.284	9.74508
264.635	9.80891
263.985	9.94422
263.337	10.0467
262.687	10.078
262.038	10.062
261.388	9.96685
260.74	9.92737
260.09	9.95179
259.439	9.89622
258.79	9.97549
258.14	9.85606
257.491	9.77785
256.841	9.75469
256.19	9.85803
255.541	9.90561
254.89	9.89754
254.241	9.81749
253.591	9.78562
252.94	9.67412
252.29	9.62614
251.64	9.61778
250.99	9.76056
250.339	9.7203
249.688	9.68037
249.038	9.74366
248.387	9.76795
247.736	9.87186
247.086	10.0549
246.435	10.1426
245.785	10.2612
245.133	10.1742
244.482	10.1585
243.832	10.1826
243.18	10.214
242.529	10.2537
241.878	10.2451
241.227	10.1259
240.575	10.1497
239.924	10.1105
239.272	10.07
238.62	10.0622
237.97	10.0618
237.318	10.0388
236.667	10.1971
236.015	10.2455
235.363	10.4285
234.71	10.5238
234.06	10.5714
233.407	10.6435
232.755	10.7707
232.104	10.8982
231.451	10.9531
230.798	10.9376
230.147	11.0327
229.494	11.0961
228.842	11.0644
228.19	11.0724
227.537	11.1917
226.884	11.2793
226.233	11.3825
225.58	11.3831
224.927	11.4068
224.273	11.4541
223.622	11.5254
222.968	11.5972
222.315	11.8519
221.663	11.8518
221.01	11.8199
220.356	11.8833
219.702	11.8836
219.05	11.789
218.397	11.7732
217.743	11.7971
217.089	11.8689
216.437	11.6774
215.783	11.7333
215.129	11.8605
214.475	11.8055
213.822	11.8683
213.168	12.0592
212.514	12.1149
211.86	11.9639
211.207	12.0031
210.553	12.0675
209.898	12.1944
209.244	12.1391
208.591	12.2021
207.936	12.2338
207.282	12.1936
206.627	12.1703
205.974	12.1548
205.319	12.0752
204.664	12.2337
204.009	12.1773
203.354	12.1052
202.701	12.1054
202.046	12.2248
201.391	12.2728
200.735	12.4076
200.08	12.5664
199.426	12.5987
198.771	12.3359
198.116	12.2489
197.46	12.2645
196.805	12.1444
196.151	12.0574
195.495	12.0254
194.839	11.8263
194.184	11.7866
193.528	11.8183
192.874	11.9376
192.218	11.9612
191.562	11.9455
190.906	11.9303
190.25	11.9064
189.594	11.8183
188.939	11.8502
188.283	11.9137
187.627	11.9292
186.97	12.0089
186.314	11.9771
185.657	11.9457
185.001	12.0093
184.346	12.0802
183.689	12.1127
183.033	12.113
182.376	12.1209
181.719	12.0976
181.062	12.201
180.405	12.3442
179.75	12.4952
179.093	12.432
178.436	12.568
177.779	12.7185
177.122	12.8462
176.465	12.8614
175.807	13.0595
175.15	13.2019
174.494	13.4082
173.837	13.5585
173.179	13.9236
172.522	14.0268
171.864	14.2025
171.206	14.3369
170.549	14.3456
169.891	14.449
169.233	14.5134
168.575	14.5691
167.919	14.6013
167.261	14.4505
166.603	14.4657
165.945	14.5528
165.287	14.7354
164.628	14.9019
163.97	14.9181
163.312	14.8153
162.654	14.8071
161.995	14.9502
161.337	15.0778
160.678	15.1891
160.019	15.1818
159.361	15.3102
158.704	15.4456
158.045	15.6524
157.386	15.7789
156.727	15.779
156.068	15.6433
155.409	15.7782
154.75	15.7227
154.091	15.6106
153.432	15.4357
152.773	15.4593
152.114	15.3166
151.454	15.2696
150.795	15.437
150.136	15.684
149.476	15.6364
148.817	15.6452
148.157	15.9074
147.497	15.9946
146.838	15.9079
146.178	15.9784
145.518	16.0411
144.858	16.1998
144.198	16.1358
143.538	16.3745
142.878	16.7318
142.218	16.9069
141.558	17.177
140.898	17.518
140.238	17.7009
139.577	17.9957
138.917	18.2898
138.256	18.5925
137.596	18.8222
136.935	18.909
136.275	18.9576
135.614	19.0446
134.954	19.4657
134.293	19.7835
133.632	19.8235
132.971	19.8868
132.31	20.1008
131.649	20.3721
130.988	20.3805
130.327	20.8647
129.666	21.2537
129.005	21.2694
128.342	21.5886
127.681	22.033
127.019	22.1285
126.358	22.3351
125.696	22.5331
125.035	23.1606
124.373	23.1684
123.712	23.2004
123.05	23.4308
122.388	23.5503
121.726	23.7245
121.064	24.0104
120.403	24.2402
119.741	24.4224
119.078	24.3109
118.415	24.4785
117.753	24.6769
117.091	24.8273
116.428	24.7713
115.766	24.7481
115.104	24.7718
114.441	24.7792
113.779	24.7391
113.116	25.112
112.454	25.2467
111.789	25.1283
111.127	25.0651
110.464	25.1684
109.801	25.0567
109.138	25.2629
108.475	25.1524
107.812	24.8908
107.149	24.5017
106.485	24.1756
105.821	23.929
105.158	23.6741
104.495	23.3956
103.832	23.3554
103.168	22.8791
102.505	22.5771
101.84	22.4642
101.176	22.2573
100.513	22.1528
99.849	22.3752
99.1853	22.4472
98.5215	22.5262
97.8577	22.5264
97.1923	22.6372
96.5283	22.8202
95.8643	23.0675
95.2003	23.3772
94.5361	23.806
93.872	24.0673
93.2062	24.4174
92.542	24.8227
91.8776	25.1409
91.2132	25.4507
90.5488	25.7364
89.8828	26.1582
89.2182	26.3102
88.5536	26.445
87.8889	26.6834
87.2242	26.8182
86.5594	26.9767
85.893	27.3422
85.2281	27.701
84.5632	27.9399
83.8982	28.3999
83.2316	28.8446
82.5665	29.1149
81.9013	29.5046
81.2361	29.8858
80.5708	29.9895
79.9039	30.1567
79.2385	30.402
78.573	30.9015
77.9075	30.8619
77.2404	30.8943
76.5748	31.093
75.9091	30.8545
75.2434	30.8307
74.5776	31.0302
73.9102	30.9986
73.2443	30.8074
72.5783	30.649
71.9123	30.3398
71.2447	29.9817
70.5785	29.839
69.9123	29.7052
69.2461	29.4521
68.5783	29.0619
67.9119	28.8395
67.2455	28.4438
66.5775	27.9672
65.911	27.7525
65.2444	27.594
64.5777	27.2848
63.9095	27.2991
63.2427	26.9737
62.5759	26.9342
61.909	26.8307
61.2406	26.735
60.5736	26.5366
59.9066	26.5924
59.238	26.4902
58.5708	26.4026
57.9036	26.1092
57.2363	26.0454
56.5675	25.8866
55.9001	25.7601
55.2327	25.4661
54.5636	25.5297
53.8961	25.2676
53.2285	25.3385
52.5593	25.2431
51.8916	25.2437
51.2238	25.2194
50.5544	25.1474
49.8866	25.0118
49.2186	25.3776
48.5491	25.5608
47.881	25.6959
47.2129	25.8312
46.5432	25.8635
45.875	25.8391
45.2067	25.9911
44.5368	25.9601
43.8684	26.1516
43.2	26.0718
42.5299	25.8324
41.8613	25.65
41.1927	25.5547
40.5225	25.6981
39.8538	25.802
39.185	25.4596
38.5146	25.6343
37.8457	25.499
37.1752	25.5237
36.5062	25.6195
35.8371	25.6752
35.1664	25.595
34.4972	25.3871
33.828	25.3788
33.1571	25.6252
32.4878	25.5131
31.8168	25.4567
31.1473	25.2813
30.4778	25.249
29.8067	25.3999
29.137	25.3686
28.4673	25.4336
27.796	25.3851
27.1262	25.4171
26.4548	25.1634
25.7849	25.0766
25.1133	24.9572
24.4433	24.9966
23.7732	24.7663
23.1015	24.7578
22.4313	24.7963
21.7595	24.4697
21.0891	24.3977
20.4187	24.5481
19.7468	24.5479
19.0763	24.842
18.4042	24.4928
17.7335	24.4372
17.0613	24.508
16.3906	24.1742
15.7198	24.2779
15.0474	24.2133
14.3765	24.4664
13.7041	24.6958
13.033	24.7733
12.3604	25.202
11.6893	25.8677
11.0166	26.3771
10.3453	27.8216
9.67249	29.1964
9.00113	30.5095
8.32971	31.5539
7.65671	32.6894
6.98517	33.7822
6.31205	34.9249
5.6404	35.6526
4.96717	36.3486
4.29541	36.3616
3.62206	36.3679
2.95018	36.3695
2.27672	36.3695
1.60473	36.3653
0.931152	36.3611
0.259044	36.3526
-0.414646	36.3442
-1.08687	36.3359
-1.76067	36.3275
-2.43301	36.3097
-3.10693	36.2898
-3.77938	36.2727
-4.45342	36.2602
-5.12598	35.8774
-5.80013	35.1249
-6.47281	34.1832
-7.14708	33.3508
-7.81987	32.41
-8.49425	31.5156
-9.16716	30.4749
-9.84165	29.5012
-10.5147	28.1945
-11.1893	27.2018
-11.8624	26.7585
-12.5372	26.4572
-13.2104	25.9267
-13.8852	25.2275
-14.5601	24.7994
-15.2336	24.5147
-15.9086	24.1335
-16.5821	24.1343
-17.2572	24.2222
-17.9309	24.1513
-18.6061	23.9059
-19.2799	23.7545
-19.9553	24.0727
-20.6307	24.1191
-21.3046	24.1433
-21.9802	24.1517
-22.6542	24.1839
-23.3299	24.2078
-24.004	23.8425
-24.6798	24.1606
-25.3556	24.4235
-26.03	24.2417
-26.7059	24.0201
-27.3804	24.0048
-28.0564	24.0359
-28.731	23.9011
-29.4071	23.8619
-30.0834	24.1561
-30.7581	24.0206
-31.4345	23.9172
-32.1093	24.1941
-32.7858	24.497
-33.4623	24.6958
-34.1373	24.6482
-34.8139	24.5695
-35.4891	24.4897
-36.1658	24.4262
-36.8426	24.5448
-37.518	24.2986
-38.1949	24.0677
-38.8719	23.9955
-39.5474	23.6453
-40.2244	23.7794
-40.9001	24.0889
-41.5773	24.208
-42.2545	24.2556
-42.9303	23.9298
-43.6077	24.2086
-44.2851	24.3764
-44.9611	24.4947
-45.6386	24.7186
-46.3162	24.7114
-46.9924	24.5203
-47.6701	24.2737
-48.3463	24.3695
-49.0242	24.457
-49.7021	24.3617
-50.3785	24.3224
-51.0565	23.9885
-51.7346	24.0118
-52.4112	23.8614
-53.0894	23.9565
-53.7676	23.9964
-54.4444	23.9796
-55.1228	24.1151
-55.8012	23.9478
-56.4781	24.0666
-57.1567	24.2901
-57.8353	24.3934
-58.5139	24.3531
-59.1911	24.3211
-59.8698	24.4804
-60.5487	24.5206
-61.226	24.5122
-61.905	24.6319
-62.584	24.6556
-63.2615	24.5664
-63.9406	24.4392
-64.6198	24.6453
-65.2975	24.7729
-65.9768	24.9161
-66.6561	24.8597
-67.3355	24.9949
-68.0135	25.3521
-68.693	25.3438
-69.3726	25.662
-70.0507	25.661
-70.7304	25.7649
-71.4101	25.8835
-72.0899	25.7476
-72.7683	25.8907
-73.4482	26.0811
-74.1282	26.0171
-74.8082	26.184
-75.4868	26.1834
-76.167	26.064
-76.8472	25.7999
-77.5275	25.7126
-78.2063	25.7684
-78.8867	25.5379
-79.5671	25.4415
-80.2476	25.3774
-80.9267	25.4091
-81.6073	25.2193
-82.288	25.3705
-82.9687	25.3157
-83.648	24.934
-84.3289	24.7513
-85.0098	24.8225
-85.6908	24.3382
-86.3718	24.1148
-87.0514	23.5827
-87.7325	23.1608
-88.4137	22.7797
-89.095	22.5967
-89.7748	22.5421
-90.4562	22.2326
-91.1376	21.875
-91.8191	21.652
-92.5007	21.1278
-93.1808	20.7876
-93.8624	20.6526
-94.5442	20.4616
-95.226	20.1442
-95.9078	19.7623
-96.5882	19.8492
-97.2702	19.5871
-97.9522	19.4209
-98.6343	19.4056
-99.3165	19.5485
-99.9971	19.5088
-100.679	19.4927
-101.362	19.6193
-102.044	19.9449
-102.727	19.8264
-103.409	19.7948
-104.09	19.8901
-104.773	20.0096
-105.455	20.0566
-106.138	20.1442
-106.821	20.3117
-107.504	20.3288
-108.187	20.1539
-108.868	20.0104
-109.551	20.0983
-110.234	20.1293
-110.917	20.2006
-111.601	20.0736
-112.284	19.8827
-112.966	19.5729
-113.649	19.5722
-114.332	19.5092
-115.016	19.5575
-115.699	19.5574
-116.383	19.3836
-117.067	19.3046
-117.75	19.1943
-118.433	19.3297
-119.117	19.4638
-119.8	19.2653
-120.484	19.0431
-121.168	18.8843
-121.852	18.7722
-122.537	18.732
-123.221	18.3742
-123.905	18.1911
-124.588	18.0163
-125.272	17.6442
-125.957	17.3898
-126.641	17.2944
-127.326	17.2146
-128.01	16.9682
-128.695	16.7306
-129.38	16.6348
-130.065	16.3323
-130.749	16.1261
-131.434	16.0221
-132.119	16.0065
-132.803	15.8959
-133.488	15.5859
-134.173	15.3007
-134.858	15.1021
-135.543	14.9908
-136.229	14.9432
-136.914	14.5933
-137.6	14.3154
-138.285	13.9261
-138.971	13.6555
-139.656	13.504
-140.342	13.5281
-141.028	13.313
-141.713	13.2341
-142.399	13.1071
-143.085	13.0441
-143.771	13.02
-144.456	13.0992
-145.142	13.1387
-145.828	13.1946
-146.514	13.1787
-147.2	13.2502
-147.887	13.0509
-148.573	12.9316
-149.259	12.9706
-149.946	12.8118
-150.633	12.7724
-151.319	12.5824
-152.006	12.336
-152.693	12.2009
-153.379	12.2244
-154.066	12.3438
-154.753	12.3443
-155.44	12.2811
-156.127	12.3935
-156.814	12.2978
-157.501	12.3849
-158.189	12.4964
-158.876	12.4878
-159.563	12.2261
-160.251	12.1146
-160.938	12.1548
-161.625	12.083
-162.313	12.0746
-163.001	11.9552
-163.688	11.8762
-164.376	11.797
-165.064	11.7968
-165.752	11.9395
-166.44	12.0028
-167.128	11.827
-167.816	11.8272
-168.505	11.6118
-169.193	11.7867
-169.882	11.6826
-170.57	11.5151
-171.258	11.3402
-171.947	11.229
-172.635	11.0943
-173.324	11.1978
-174.012	10.9835
-174.701	11.0637
-175.39	10.9605
-176.078	10.9448
-176.767	11.0804
-177.456	10.9776
-178.145	10.8187
-178.834	10.6756
-179.523	10.6359
-180.212	10.6036
-180.903	10.4758
-181.592	10.4366
-182.281	10.334
-182.971	10.2385
-183.66	10.3094
-184.35	10.3332
-185.039	10.452
-185.729	10.3408
-186.418	10.3655
-187.108	10.2946
-187.798	10.1192
-188.489	10.0702
-189.179	9.91948
-189.869	9.83304
-190.559	9.84101
-191.249	9.82578
-191.939	9.66705
-192.629	9.54734
-193.32	9.49897
-194.01	9.57084
-194.702	9.77028
-195.392	9.86582
-196.083	9.75419
-196.773	9.73815
-197.464	9.63428
-198.154	9.82489
-198.845	9.95982
-199.536	9.99205
-200.228	9.8166
-200.919	9.70526
-201.61	9.62542
-202.301	9.70448
-202.992	9.70485
-203.683	9.54605
-204.375	9.50606
-205.067	9.54582
-205.759	9.61705
-206.45	9.69685
-207.141	9.68077
-207.833	9.71315
-208.525	9.7373
-209.218	9.62636
-209.909	9.74553
-210.601	9.65766
-211.293	9.5702
-211.985	9.57826
-212.677	9.61828
-213.37	9.57037
-214.062	9.55385
-214.754	9.50637
-215.446	9.66461
-216.139	9.64116
-216.831	9.63374
-217.525	9.64939
-218.217	9.4981
-218.91	9.41828
-219.602	9.45829
-220.295	9.45036
-220.989	9.59289
-221.682	9.48225
-222.374	9.50571
-223.067	9.57709
-223.76	9.54591
-224.454	9.59383
-225.147	9.66543
-225.841	9.56197
-226.534	9.46668
-227.228	9.23628
-227.922	9.30777
-228.615	9.09324
-229.308	8.91045
-230.002	8.73541
-230.697	8.66406
-231.39	8.5765
-232.084	8.656
-232.777	8.67217
-233.473	8.70399
-234.166	8.65586
-234.86	8.7509
-235.554	8.82262
-236.25	8.83855
-236.944	8.94174
-237.638	8.94161
-238.332	8.86997
-239.028	8.86999
-239.722	8.79095
-240.416	8.73556
-241.111	8.81558
-241.807	8.70363
-242.501	8.77524
-243.196	8.71126
-243.89	8.71126
-244.586	8.7192
-245.281	8.62314
-245.976	8.67824
-246.672	8.67041
-247.367	8.75741
-248.062	8.89294
-248.757	8.90113
-249.454	8.88571
-250.149	8.77459
-250.844	8.73475
-251.541	8.82248
-252.237	8.77508
-252.932	8.78276
-253.627	8.66385
-254.324	8.49696
-255.02	8.48028
-255.716	8.47992
-256.413	8.47993
-257.109	8.37665
-257.804	8.16267
-258.502	8.21767
-259.198	8.16187
-259.894	8.02697
-260.591	8.17772
-261.288	8.09074
-261.984	8.09877
-262.68	8.20231
-263.378	8.21873
-264.074	8.36108
-264.771	8.25795
-265.469	8.27425
-266.165	8.41746
-266.862	8.34614
-267.56	8.34617
-268.257	8.27475
-268.955	8.20301
-269.652	8.21044
-270.349	8.36167
-271.047	8.40172
-271.744	8.29874
-272.442	8.1951
-273.14	8.03613
-273.837	8.10777
-274.535	7.94885
-275.234	7.85305
-275.931	8.00478
-276.628	7.82183
-277.328	7.7976
-278.025	7.90053
-278.724	7.91638
-279.422	7.97963
-280.12	7.90762
-280.819	8.1063
-281.517	8.28123
-282.215	8.03454
-282.915	8.12184
-283.613	8.09029
-284.312	8.0901
-285.01	8.03454
-285.709	8.12996
-286.409	8.01136
-287.107	7.89274
-287.807	7.8452
-288.505	7.98758
-289.204	7.98732
-289.904	7.83678
-290.603	7.77332
-291.303	7.74961
-292.002	7.60696
-292.702	7.75755
-293.401	7.78886
-294.1	7.67747
-294.801	7.61472
-295.5	7.40817
-296.201	7.535
-296.9	7.4476
-297.601	7.36795
-298.3	7.55836
-298.999	7.36757
-299.7	7.43946
-300.4	7.5825
-301.101	7.48682
-301.801	7.55832
-302.502	7.65429
-303.202	7.74169
-303.901	7.86873
-304.603	7.61472
-305.303	7.66216
-306.004	7.50308
-306.704	7.41552
-307.406	7.43961
-308.106	7.50332
-308.808	7.41517
-309.508	7.34388
-310.21	7.21709
-310.911	7.368
-311.613	7.40773
-312.313	7.47932
-313.016	7.51125
-313.716	7.57486
-314.417	7.4396
-315.119	7.4636
-315.82	7.43948
-316.523	7.52691
-317.224	7.46363
-317.926	7.55139
-318.627	7.63865
-319.33	7.496
-320.031	7.4799
-320.734	7.5752
-321.436	7.46428
-322.139	7.52724
-322.84	7.55111
-323.543	7.54246
-324.245	7.46313
-324.948	7.42361
-325.65	7.39916
-326.353	7.29596
-327.055	7.24839
-327.758	7.31153
-328.462	7.25638
-329.164	7.24631
-329.868	7.16896
-330.57	7.22388
-331.273	7.21305
-331.976	7.20553
-332.68	7.20547
-333.382	7.21622
-334.086	7.16865
-334.789	7.2167
-335.493	7.28851
-336.195	7.20896
-336.9	7.31198
-337.604	7.32816
-338.307	7.35214
-339.011	7.36804
-339.714	7.35195
-340.419	7.47932
-341.122	7.40721
-341.826	7.34374
-342.53	7.40731
-343.234	7.29645
-343.939	7.40784
-344.643	7.34439
-345.348	7.30469
-346.051	7.20126
-346.756	7.16168
-347.46	7.22691
-348.165	7.21758
-348.87	7.24933
-349.574	7.28089
-350.28	7.249
-350.984	7.21715
-351.689	7.3761
-352.395	7.4395
-353.099	7.36801
-353.805	7.48724
-354.509	7.49536
-355.215	7.50311
-355.921	7.54282
-356.625	7.59832
-357.331	7.55867
-358.036	7.41583
-358.742	7.45631
-359.448	7.47132
-360.153	7.43969
-360.859	7.44755
-361.564	7.3446
-362.27	7.28091
-362.977	7.21742
-363.682	7.20141
-364.389	7.28057
-365.095	7.17624
-365.801	7.21941
-366.508	7.22541
-367.213	7.20702
-367.92	7.21728
-368.627	7.21657
-369.332	7.21362
-370.04	7.21582
-370.747	7.20166
-371.452	7.24607
-372.16	7.16065
-372.867	7.4386
-373.573	7.55752
-374.281	7.62876
-374.988	7.54162
-375.694	7.57597
-376.402	7.58801
-377.11	7.55159
-377.816	7.60571
-378.524	7.44664
-379.232	7.29559
-379.938	7.35963
-380.647	7.28073
-381.355	7.33665
-382.061	7.30478
-382.77	7.29662
-383.478	7.13708
-384.185	7.24048
-384.893	7.29565
-385.602	7.35959
-386.309	7.20834
-387.017	7.23214
-387.726	7.12865
-388.433	7.12905
-389.142	7.21691
-389.851	7.28106
-390.56	7.33677
-391.267	7.26569
-391.977	7.18614
-392.686	7.14629
-393.393	7.06673
-394.103	7.0503
-394.812	7.05738
-395.521	7.07291
-396.229	7.08066
-396.939	7.04083
-397.648	7.05706
-398.356	7.02474
-399.066	7.04102
-399.776	7.12103
-400.486	7.04161
-401.194	7.16103
-401.904	7.15325
-402.614	7.05753
-403.324	7.16934
-404.033	7.10511
-404.743	7.13754
-405.453	7.34406
-406.163	7.22485
-406.872	7.28102
-407.583	7.20947
-408.293	7.24105
-409.004	7.23326
-409.713	7.12943
-410.423	7.2566
-411.134	7.08184
-411.845	6.91499
-412.554	7.08979
-413.265	7.11344
-413.976	7.16103
-414.687	7.1052
-415.397	7.21631
-416.108	7.25619
-416.819	7.20068
-417.531	7.34341
-418.242	7.39893
-418.952	7.32695
-419.663	7.35092
-420.375	7.31943
-421.087	7.2561
-421.798	7.20021
-422.508	7.17608
-423.22	7.2237
-423.932	7.17595
-424.644	7.15989
-425.356	7.16814
-426.067	7.07237
-426.779	7.04827
-427.491	7.08799
-428.203	7.07259
-428.916	6.97749
-429.626	6.9299
-430.339	7.00135
-431.051	7.01752
-431.764	6.93784
-432.477	7.04133
-433.188	6.97003
-433.9	6.97038
-434.613	6.938
-435.326	6.98562
-436.039	6.97767
-436.752	7.04168
-437.464	6.97795
-438.177	7.04958
-438.89	7.01038
-439.603	7.03371
-440.316	7.04118
-441.03	7.04926
-441.743	7.07322
-442.455	7.12089
-443.169	7.03323
-443.882	7.19207
-444.596	7.16053
-445.31	7.1842
-446.024	7.21629
-446.738	7.28013
-447.45	7.2568
-448.164	7.28854
-448.878	7.30487
-449.592	7.39218
-450.306	7.24882
-451.021	7.20913
-451.735	7.20101
-452.449	7.19244
-453.162	7.24016
-453.877	7.30357
-454.591	7.35925
-455.306	7.37463
-456.021	7.2718
-456.735	7.28786
-457.45	7.27197
-458.165	7.27971
-458.88	7.20078
-459.594	7.1692
-460.309	7.15349
-461.024	6.98647
-461.739	6.87565
-462.454	6.85914
-463.17	6.80358
-463.885	7.00991
-464.6	7.04166
-465.316	7.12088
-466.032	7.11299
-466.747	7.22402
-467.461	7.34291
-468.177	7.38254
-468.893	7.45437
-469.609	7.54187
-470.325	7.4466
-471.041	7.36757
-471.757	7.24822
-472.473	7.22423
-473.189	7.19278
-473.906	7.17707
-474.622	7.04962
-475.338	6.91452
-476.055	6.95403
-476.771	6.93024
-477.488	7.08108
-478.203	7.15259
-478.92	7.19205
-479.637	7.08856
-480.353	7.05666
-481.07	7.17642
-481.787	7.37501
-482.504	7.27993
-483.221	7.31152
-483.939	7.24023
-484.656	7.23263
-485.373	7.10565
-486.09	7.06614
-486.808	7.12169
-487.525	7.09789
-488.243	6.93818
-488.96	6.94596
-489.678	6.89039
-490.396	6.85814
-491.114	6.84226
-491.832	6.91353
-492.549	6.98448
-493.267	6.8894
-493.985	6.96843
-494.704	7.15177
-495.422	7.11988
-496.14	7.0645
-496.858	7.01705
-497.577	7.04896
-498.295	7.13657
-499.014	7.1526
-499.732	7.10453
-500.451	6.97771
-501.169	6.87451
-501.888	6.93038
-502.607	6.93041
-503.326	6.97803
-504.045	6.95438
-504.764	6.8434
-505.483	6.81116
-506.202	6.92293
-506.921	7.05785
-507.64	7.05024
-508.36	7.05816
-509.079	7.12151
-509.799	7.1377
-510.518	7.17739
-511.238	7.13789
-511.957	7.13857
-512.677	7.07447
-513.397	7.02681
-514.118	7.08183
-514.838	7.04231
-515.558	6.97881
-516.278	7.0185
-516.998	7.00245
-517.718	7.05785
-518.438	7.19275
-519.159	7.09122
-519.879	7.18468
-520.599	7.01836
-521.32	7.05787
-522.04	7.14535
-522.761	7.08137
-523.482	7.05726
-524.202	7.16037
-524.923	7.12068
-525.646	7.12114
-526.367	7.1381
-527.088	7.15023
-527.809	7.13649
-528.53	7.14161
-529.251	7.14278
-529.972	7.14164
-530.693	7.12918
-531.415	7.1457
-532.136	7.07417
-532.858	7.12981
-533.581	7.08994
-534.302	7.08168
-535.024	7.0658
-535.746	7.12135
-536.468	7.11324
-537.189	7.12962
-537.911	7.14533
-538.633	7.12148
-539.355	7.04173
-540.079	7.08134
-540.801	7.00196
-541.524	6.99404
-542.246	6.96991
-542.968	6.92245
-543.691	6.93072
-544.413	6.91466
-545.136	7.0339
-545.86	7.01024
-546.583	7.01028
-547.305	7.11294
-548.028	7.13689
-548.751	7.0867
-549.474	7.11217
-550.197	7.11192
-550.922	7.1036
-551.645	7.10607
-552.368	7.10143
-553.091	7.0966
-553.815	7.08898
-554.538	7.0807
-555.263	7.0647
-555.987	7.11248
-556.71	7.09706
-557.434	6.93757
-558.158	6.93824
-558.882	6.85055
-559.607	6.81075
-560.331	6.7713
-561.055	6.80308
-561.779	6.66071
-562.503	6.65217
-563.227	6.6968
-563.953	6.72387
-564.677	6.64419
-565.402	6.75563
-566.126	6.86688
-566.851	6.86701
-567.577	6.80379
-568.301	6.86658
-569.026	6.85116
-569.751	7.01019
-570.476	7.04209
-571.202	7.11357
-571.927	7.04214
-572.652	7.05008
-573.377	7.01802
-574.102	7.08149
-574.829	7.13722
-575.554	7.09105
-576.28	7.08927
-577.005	7.12925
-577.732	7.11343
-578.458	7.11324
-579.183	7.13706
-579.909	7.11347
-580.635	7.07314
-581.362	7.0734
-582.088	7.06531
-582.814	7.07062
-583.54	7.06977
-584.267	7.06857
-584.993	7.06965
-585.72	7.06933
-586.446	7.06918
-587.174	7.06939
-587.9	7.0693
-588.626	7.06929
-589.353	7.06933
-590.081	7.06827
-590.808	7.069
-591.534	7.06517
-592.261	7.07295
-592.99	7.04893
-593.716	6.96958
-594.443	6.89847
-595.17	6.96235
-595.899	6.9383
-596.626	6.93865
-597.353	6.89103
-598.081	6.86728
-598.81	6.86739
-599.537	6.89119
-600.264	6.90666
-600.994	7.00964
-601.721	7.10515
-602.449	7.11323
-603.176	7.09735
-603.906	7.03307
-604.634	7.0331
-605.362	7.11263
-606.091	7.08116
-606.819	7.0096
-607.547	7.05751
-608.277	7.00965
-609.005	7.00166
-609.734	7.04924
-610.462	7.05806
-611.192	7.04967
-611.921	7.06596
-612.649	7.07344
-613.379	7.11292
-614.108	7.0734
-614.837	7.07337
-615.567	7.08118
-616.296	7.00198
-617.025	7.08187
-617.756	7.08977
-618.485	7.08167
-619.214	7.12185
-619.945	7.09453
-620.674	7.12944
-621.403	7.04992
-622.134	7.05801
-622.864	7.07912
-623.593	7.06235
-624.324	7.08216
-625.054	7.09321
-625.784	7.12915
-626.515	7.11327
-627.245	7.12118
-627.975	7.10335
-628.707	7.08593
-629.437	7.04979
-630.167	7.04208
-630.899	6.97849
-631.629	6.94693
-632.361	7.01038
-633.091	6.97915
-633.822	6.93169
-634.554	7.07458
-635.284	7.00322
-636.015	7.05235
-636.747	7.12217
-637.478	7.13011
-638.21	7.10154
-638.941	7.11794
-639.672	7.11653
-640.405	7.11201
-641.136	7.11549
-641.867	7.11468
-642.6	7.11406
-643.331	7.11474
-644.064	7.10059
-644.796	7.06558
-645.527	7.0589
-646.26	6.9396
-646.992	6.95559
-647.725	6.93101
-648.457	6.91498
-649.189	6.98617
-649.922	6.92294
-650.654	6.95454
-651.388	6.86738
-652.12	6.86739
-652.854	6.89889
-653.586	6.85933
-654.318	6.78037
-655.052	6.81368
-655.784	6.78985
-656.518	6.71614
-657.251	6.7797
-657.985	6.88319
-658.718	6.87545
-659.451	6.86767
-660.185	6.87516
-660.918	7.00194
-661.652	7.09751
-662.385	7.02599
-663.12	7.02596
-663.853	6.93849
-664.586	6.99391
-665.321	6.93006
-666.054	6.96203
-666.789	7.07389
-667.523	7.0583
-668.258	7.12169
-668.992	7.08604
-669.727	7.09027
-670.46	7.07984
-671.196	7.0109
-671.93	7.09029
-672.665	7.07069
-673.399	7.10631
-674.133	7.06613
-674.869	6.97882
-675.603	7.01053
-676.339	7.01024
-677.073	7.03419
-677.809	6.99452
-678.544	7.06631
-679.28	6.97024
-680.014	7.01802
-680.751	6.97866
-681.485	6.94665
-682.222	6.8988
-682.956	6.93849
-683.693	6.94611
-684.428	7.06513
-685.164	7.04507
-685.9	7.1164
-686.636	7.07553
-687.372	7.04507
