686.972	7.95678
686.36	7.95649
685.747	7.95706
685.135	7.95591
684.523	7.95821
683.912	7.95361
683.299	7.96282
682.687	7.9444
682.074	8.00869
681.461	7.86171
680.849	7.82653
680.236	7.80694
679.623	7.79546
679.01	7.78776
678.398	7.80202
677.786	7.81599
677.173	7.8256
676.56	7.83046
675.947	7.82344
675.334	7.81005
674.721	7.81687
674.108	7.84976
673.494	7.89863
672.881	7.93253
672.268	7.94193
671.654	7.91818
671.041	7.89172
670.427	7.89266
669.815	7.91292
669.201	7.9319
668.588	7.93175
667.974	7.93285
667.36	7.92605
666.746	7.9225
666.133	7.92225
665.519	7.92959
664.905	7.94499
664.291	7.96046
663.677	7.96286
663.063	7.94819
662.448	7.92011
661.834	7.9079
661.22	7.90555
660.606	7.90976
659.991	7.9117
659.377	7.90892
658.762	7.90465
658.148	7.90633
657.533	7.91603
656.919	7.92134
656.304	7.93044
655.689	7.94322
655.075	7.95126
654.46	7.94871
653.845	7.93718
653.23	7.9165
652.615	7.89757
652	7.88394
651.385	7.8775
650.77	7.87695
650.155	7.87672
649.539	7.86627
648.924	7.84566
648.309	7.82354
647.693	7.80633
647.078	7.79262
646.463	7.78368
645.847	7.77345
645.232	7.76118
644.616	7.7483
643.999	7.73427
643.383	7.71981
642.767	7.7012
642.152	7.67121
641.536	7.63277
640.92	7.61057
640.304	7.60634
639.688	7.62342
639.072	7.6368
638.456	7.65031
637.84	7.65804
637.223	7.66387
636.607	7.66703
635.991	7.67406
635.373	7.69257
634.757	7.72207
634.14	7.7362
633.524	7.72051
632.907	7.65959
632.29	7.60748
631.674	7.59065
631.057	7.60734
630.44	7.64433
629.822	7.65655
629.205	7.66968
628.588	7.69884
627.971	7.73025
627.354	7.74844
626.737	7.74336
626.12	7.73803
625.503	7.75126
624.884	7.75761
624.267	7.76772
623.65	7.777
623.032	7.82271
622.415	7.86042
621.798	7.86181
621.18	7.83862
620.561	7.81806
619.943	7.82993
619.326	7.8612
618.708	7.87094
618.09	7.87678
617.472	7.88825
616.853	7.87193
616.235	7.8242
615.617	7.76204
614.999	7.70527
614.381	7.69291
613.763	7.7272
613.143	7.80397
612.525	7.88088
611.907	7.93554
611.289	7.94744
610.67	7.91389
610.051	7.90799
609.432	7.9341
608.814	7.98188
608.195	8.03557
607.576	8.04592
606.956	8.01306
606.338	7.9441
605.719	7.89047
605.1	7.87146
604.481	7.88192
603.861	7.90373
603.242	7.89477
602.623	7.86203
602.004	7.82267
601.383	7.80954
600.764	7.83925
600.145	7.8892
599.525	7.92896
598.905	7.94784
598.285	7.94002
597.666	7.90474
597.046	7.8504
596.425	7.8067
595.806	7.82408
595.186	7.90663
594.567	7.97171
593.945	8.00231
593.326	8.00474
592.706	7.99807
592.086	7.97517
591.465	7.94483
590.845	7.93865
590.225	7.95808
589.603	7.99397
588.983	7.99183
588.363	7.93691
587.742	7.87515
587.121	7.81621
586.5	7.76336
585.88	7.74596
585.258	7.78381
584.638	7.86536
584.017	7.95618
583.395	8.01843
582.774	8.04692
582.154	8.05304
581.532	8.04679
580.911	8.04304
580.29	8.05333
579.668	8.07975
579.047	8.09402
578.426	8.06176
577.805	7.97951
577.182	7.86147
576.561	7.78566
575.938	7.74805
575.317	7.74028
574.696	7.7429
574.073	7.7518
573.452	7.75724
572.83	7.75216
572.207	7.73438
571.586	7.72679
570.964	7.74251
570.341	7.78684
569.719	7.81715
569.098	7.82992
568.474	7.81518
567.853	7.7967
567.229	7.78268
566.607	7.77504
565.985	7.77612
565.362	7.78214
564.74	7.78982
564.117	7.79271
563.494	7.78141
562.872	7.76603
562.248	7.76114
561.625	7.79159
561.003	7.84781
560.379	7.90981
559.757	7.9587
559.133	7.98004
558.51	7.97438
557.886	7.95836
557.263	7.93925
556.64	7.92893
556.016	7.93734
555.393	7.96131
554.769	7.98244
554.146	7.97366
553.521	7.94215
552.898	7.90246
552.275	7.88105
551.651	7.88968
551.027	7.9198
550.403	7.96795
549.779	7.98837
549.155	7.95278
548.531	7.85541
547.906	7.93219
547.283	7.91346
546.659	7.90035
546.034	7.91533
545.41	7.90971
544.785	7.90846
544.161	7.8822
543.536	7.8822
542.912	7.93562
542.287	7.98488
541.663	8.00831
541.037	8.03186
540.413	8.05536
539.788	8.0962
539.163	8.14322
538.538	8.19034
537.914	8.13855
537.288	8.13855
536.663	8.19255
536.037	8.23183
535.413	8.27103
534.787	8.21545
534.162	8.21545
533.536	8.21545
532.911	8.15328
532.285	8.16948
531.66	8.15441
531.034	8.21982
530.409	8.20626
529.783	8.15518
529.158	8.19375
528.531	8.18507
527.905	8.16047
527.28	8.16253
526.653	8.1079
526.028	8.16546
525.401	8.18887
524.776	8.14764
524.149	8.14756
523.523	8.0998
522.896	8.13602
522.271	8.17751
521.644	8.19141
521.016	8.20225
520.391	8.2147
519.763	8.23011
519.138	8.22803
518.51	8.22342
517.884	8.21843
517.257	8.22218
516.63	8.22601
516.003	8.23651
515.376	8.25642
514.75	8.28253
514.122	8.2936
513.494	8.28989
512.868	8.27326
512.24	8.26511
511.614	8.26029
510.986	8.25365
510.358	8.23789
509.731	8.21499
509.103	8.19274
508.476	8.17838
507.848	8.16886
507.22	8.15223
506.593	8.1132
505.965	8.05273
505.336	7.98341
504.709	7.93511
504.081	7.93218
503.452	7.97487
502.825	8.03548
502.196	8.08006
501.569	8.09109
500.94	8.08099
500.311	8.06607
499.684	8.06384
499.055	8.07894
498.426	8.10053
497.798	8.11785
497.169	8.11802
496.54	8.10026
495.912	8.06684
495.283	8.03756
494.654	8.02364
494.026	8.0224
493.397	8.03367
492.767	8.04706
492.139	8.05016
491.51	8.05705
490.88	8.08205
490.25	8.1143
489.622	8.13458
488.992	8.14098
488.363	8.1415
487.734	8.13577
487.104	8.12476
486.474	8.10634
485.846	8.08801
485.216	8.08135
484.586	8.07584
483.955	8.05158
483.327	8.01334
482.696	7.9828
482.066	7.97863
481.437	7.99444
480.807	8.02323
480.176	8.05708
479.546	8.09175
478.917	8.12967
478.286	8.16615
477.655	8.20241
477.025	8.23863
476.395	8.27881
475.764	8.31383
475.133	8.33665
474.502	8.34833
473.873	8.35808
473.242	8.3611
472.611	8.3599
471.98	8.33853
471.35	8.30618
470.719	8.26566
470.087	8.21908
469.456	8.16862
468.825	8.12195
468.195	8.09087
467.563	8.064
466.931	8.03141
466.3	7.99543
465.67	7.95995
465.038	7.94727
464.406	7.9569
463.774	7.98465
463.142	8.0206
462.512	8.06028
461.88	8.09991
461.248	8.1349
460.616	8.16212
459.984	8.18071
459.352	8.19209
458.721	8.21407
458.088	8.24314
457.456	8.27299
456.824	8.29299
456.191	8.30423
455.56	8.306
454.928	8.30431
454.295	8.28863
453.662	8.26141
453.03	8.23099
452.397	8.21968
451.766	8.21419
451.133	8.21172
450.5	8.20393
449.867	8.18838
449.234	8.16158
448.601	8.13293
447.968	8.11507
447.336	8.12662
446.703	8.14205
446.069	8.15894
445.436	8.15666
444.803	8.15547
444.169	8.17423
443.536	8.22761
442.902	8.30571
442.27	8.38103
441.636	8.43395
441.003	8.43881
440.369	8.39899
439.735	8.36793
439.101	8.36667
438.467	8.40073
437.833	8.42053
437.199	8.40496
436.565	8.34387
435.933	8.27403
435.298	8.24061
434.664	8.25181
434.03	8.28732
433.396	8.32595
432.761	8.35397
432.127	8.36378
431.492	8.35804
430.858	8.35668
430.223	8.35514
429.589	8.35755
428.954	8.34334
428.319	8.31486
427.686	8.29201
427.051	8.30834
426.416	8.36363
425.781	8.40661
425.146	8.42518
424.511	8.43296
423.876	8.43395
423.241	8.43133
422.605	8.43371
421.97	8.45489
421.335	8.48055
420.699	8.49224
420.064	8.47309
419.429	8.42884
418.793	8.41014
418.157	8.42846
417.522	8.46479
416.886	8.51088
416.25	8.5435
415.615	8.55046
414.979	8.52502
414.343	8.50098
413.707	8.47976
413.071	8.48083
412.435	8.50066
411.799	8.52016
411.163	8.50232
410.526	8.43753
409.89	8.38332
409.254	8.37408
408.617	8.41179
407.981	8.47081
407.344	8.50958
406.708	8.52869
406.071	8.53839
405.435	8.54806
404.798	8.56886
404.161	8.60901
403.524	8.66565
402.888	8.69235
402.251	8.69087
401.614	8.65865
400.977	8.62292
400.34	8.59355
399.703	8.57505
399.065	8.55857
398.428	8.5427
397.791	8.52713
397.152	8.52242
396.515	8.52958
395.877	8.54093
395.24	8.54437
394.602	8.54298
393.965	8.53936
393.327	8.52912
392.689	8.50655
392.052	8.46663
391.414	8.42304
390.776	8.40183
390.138	8.41008
389.5	8.44423
388.861	8.49588
388.223	8.53655
387.585	8.55632
386.946	8.5509
386.308	8.54828
385.67	8.56435
385.032	8.5978
384.393	8.63083
383.755	8.62016
383.116	8.55799
382.476	8.45281
381.838	8.35367
381.199	8.30177
380.56	8.30683
379.922	8.33697
379.283	8.36473
378.644	8.36952
378.005	8.3617
377.365	8.35114
376.726	8.38418
376.086	8.46242
375.447	8.56451
374.808	8.63807
374.169	8.66055
373.53	8.63083
372.889	8.59195
372.25	8.55593
371.61	8.53654
370.971	8.53426
370.331	8.55011
369.691	8.54298
369.05	8.49716
368.411	8.44058
367.771	8.40017
367.131	8.39016
366.491	8.41681
365.851	8.46624
365.21	8.52582
364.57	8.58442
363.93	8.62891
363.29	8.65192
362.649	8.66707
362.008	8.69259
361.367	8.72517
360.727	8.75908
360.087	8.79315
359.446	8.82567
358.804	8.84722
358.164	8.85361
357.523	8.83505
356.883	8.82905
356.242	8.83575
355.6	8.85476
354.959	8.87837
354.318	8.89837
353.677	8.90453
353.035	8.89802
352.394	8.87632
351.752	8.85761
351.111	8.84413
350.469	8.83694
349.827	8.80617
349.186	8.77411
348.545	8.72928
347.902	8.66983
347.26	8.61111
346.619	8.56993
345.977	8.55892
345.334	8.57222
344.693	8.57324
344.051	8.56285
343.409	8.54618
342.766	8.53516
342.124	8.51418
341.482	8.49738
340.84	8.49515
340.197	8.5006
339.554	8.51191
338.912	8.51667
338.269	8.51704
337.626	8.53472
336.984	8.5677
336.342	8.62272
335.698	8.68239
335.055	8.73442
334.413	8.77163
333.769	8.79111
333.126	8.78981
332.483	8.76492
331.839	8.71641
331.196	8.95603
330.554	8.93183
329.911	8.90758
329.266	8.90758
328.623	8.90758
327.98	8.88194
327.336	8.84188
326.693	8.83068
326.049	8.81347
325.405	8.78919
324.761	8.86878
324.118	8.95829
323.473	9.0194
322.829	9.04572
322.184	9.05124
321.541	9.0635
320.897	9.08033
320.252	9.09042
319.608	8.98448
318.964	8.98448
318.319	8.98448
317.675	8.98448
317.031	8.98448
316.386	9.11265
315.742	9.11265
315.098	9.11265
314.452	9.11265
313.808	9.11265
313.162	9.11265
312.518	9.09855
311.873	9.03709
311.227	9.10589
310.583	9.16056
309.937	9.19664
309.292	9.22206
308.647	9.23639
308.001	9.24169
307.357	9.24786
306.71	9.26201
306.065	9.27519
305.42	9.29303
304.774	9.31345
304.129	9.33674
303.482	9.35672
302.837	9.36829
302.192	9.36162
301.545	9.33463
300.9	9.29339
300.253	9.25489
299.608	9.23266
298.961	9.20889
298.315	9.17687
297.67	9.13083
297.023	9.19288
296.377	9.18488
295.73	9.18888
295.084	9.18888
294.437	9.18755
293.791	9.63136
293.143	9.63136
292.497	9.63136
291.85	9.63136
291.204	9.54833
290.557	9.50018
289.91	9.5123
289.263	9.52663
288.616	9.6198
287.969	9.68678
287.321	9.7423
286.675	9.71528
286.027	9.76932
285.38	9.79714
284.732	9.82456
284.085	9.87055
283.437	9.92368
282.79	9.97736
282.142	10.0296
281.495	10.0863
280.847	10.1486
280.199	10.2047
279.551	10.2565
278.904	10.3044
278.255	10.3745
277.608	10.4436
276.959	10.4742
276.312	10.4741
275.663	10.4509
275.015	10.4206
274.366	10.4061
273.719	10.4047
273.07	10.4148
272.422	10.422
271.773	10.4266
271.124	10.4218
270.476	10.4072
269.826	10.3848
269.178	10.3681
268.529	10.3883
267.881	10.4552
267.231	10.5275
266.583	10.5646
265.933	10.5732
265.284	10.5803
264.635	10.6097
263.985	10.6629
263.337	10.7408
262.687	10.8359
262.038	10.9215
261.388	10.9477
260.74	10.9126
260.09	10.8529
259.439	10.8298
258.79	10.8412
258.14	10.8718
257.491	10.8603
256.841	10.8136
256.19	10.7588
255.541	10.7222
254.89	10.716
254.241	10.7453
253.591	10.7927
252.94	10.8208
252.29	10.8092
251.64	10.7825
250.99	10.7748
250.339	10.8286
249.688	10.9374
249.038	11.0457
248.387	11.1177
247.736	11.1505
247.086	11.1587
246.435	11.1764
245.785	11.2222
245.133	11.2892
244.482	11.3449
243.832	11.3799
243.18	11.4297
242.529	11.4977
241.878	11.557
241.227	11.6084
240.575	11.6624
239.924	11.7187
239.272	11.7696
238.62	11.8109
237.97	11.8551
237.318	11.9095
236.667	11.9613
236.015	11.9754
235.363	11.9475
234.71	11.9355
234.06	11.9358
233.407	11.9505
232.755	11.9727
232.104	11.9967
231.451	12.0236
230.798	12.0512
230.147	12.075
229.494	12.1022
228.842	12.1327
228.19	12.1691
227.537	12.2029
226.884	12.2431
226.233	12.2814
225.58	12.3177
224.927	12.3362
224.273	12.3421
223.622	12.3303
222.968	12.349
222.315	12.3894
221.663	12.4481
221.01	12.5009
220.356	12.5311
219.702	12.5441
219.05	12.559
218.397	12.5944
217.743	12.663
217.089	12.7505
216.437	12.8422
215.783	12.9013
215.129	12.9328
214.475	12.939
213.822	12.9412
213.168	12.9484
212.514	12.9601
211.86	12.9614
211.207	12.9561
210.553	12.9438
209.898	12.9343
209.244	12.9249
208.591	12.8925
207.936	12.8039
207.282	12.7214
206.627	12.656
205.974	12.6161
205.319	12.6081
204.664	12.6329
204.009	12.6645
203.354	12.6576
202.701	12.6187
202.046	12.5724
201.391	12.5721
200.735	12.6477
200.08	12.738
199.426	12.7843
198.771	12.7842
198.116	12.7331
197.46	12.7048
196.805	12.7068
196.151	12.7802
195.495	12.8774
194.839	12.9406
194.184	12.9259
193.528	12.868
192.874	12.7926
192.218	12.7694
191.562	12.8142
190.906	12.9217
190.25	13.0045
189.594	13.0328
188.939	12.9964
188.283	12.9375
187.627	12.9174
186.97	12.9534
186.314	13.02
185.657	13.1062
185.001	13.2133
184.346	13.3236
183.689	13.3469
183.033	13.3239
182.376	13.3483
181.719	13.4317
181.062	13.5686
180.405	13.7396
179.75	13.9227
179.093	14.0897
178.436	14.2182
177.779	14.3004
177.122	14.3557
176.465	14.4984
175.807	14.7023
175.15	14.9097
174.494	15.1071
173.837	15.2869
173.179	15.4277
172.522	15.5286
171.864	15.6105
171.206	15.7088
170.549	15.8166
169.891	15.9307
169.233	16.0545
168.575	16.1871
167.919	16.2646
167.261	16.2807
166.603	16.2393
165.945	16.2157
165.287	16.2261
164.628	16.257
163.97	16.246
163.312	16.2235
162.654	16.2229
161.995	16.2201
161.337	16.2089
160.678	16.2101
160.019	16.2098
159.361	16.2168
158.704	16.2158
158.045	16.2375
157.386	16.3256
156.727	16.5037
156.068	16.665
155.409	16.7167
154.75	16.6134
154.091	16.5134
153.432	16.4545
152.773	16.4665
152.114	16.537
151.454	16.6251
150.795	16.6867
150.136	16.6774
149.476	16.6056
148.817	16.5525
148.157	16.5786
147.497	16.7391
146.838	16.8849
146.178	17.0109
145.518	17.1015
144.858	17.1727
144.198	17.2387
143.538	17.3215
142.878	17.43
142.218	17.5654
141.558	17.6975
140.898	17.8048
140.238	17.8899
139.577	17.9869
138.917	18.1199
138.256	18.3205
137.596	18.5812
136.935	18.871
136.275	19.1464
135.614	19.4046
134.954	19.6457
134.293	19.9279
133.632	20.2576
132.971	20.6199
132.31	20.9326
131.649	21.1712
130.988	21.3345
130.327	21.4547
129.666	21.5677
129.005	21.7073
128.342	21.8701
127.681	22.0479
127.019	22.1977
126.358	22.3138
125.696	22.3956
125.035	22.4741
124.373	22.5189
123.712	22.5138
123.05	22.4726
122.388	22.4019
121.726	22.3077
121.064	22.1982
120.403	22.0737
119.741	21.9414
119.078	21.8121
118.415	21.6908
117.753	21.5815
117.091	21.5023
116.428	21.4514
115.766	21.3823
115.104	21.2881
114.441	21.1711
113.779	21.0407
113.116	20.9256
112.454	20.8267
111.789	20.7279
111.127	20.5971
110.464	20.4185
109.801	20.2256
109.138	20.0522
108.475	19.8929
107.812	19.7236
107.149	19.5103
106.485	19.2573
105.821	18.9978
105.158	18.7394
104.495	18.4942
103.832	18.2562
103.168	18.0483
102.505	17.8637
101.84	17.7065
101.176	17.5755
100.513	17.4822
99.849	17.4597
99.1853	17.5005
98.5215	17.5944
97.8577	17.7415
97.1923	17.9499
96.5283	18.2244
95.8643	18.5511
95.2003	18.9286
94.5361	19.3215
93.872	19.721
93.2062	20.0749
92.542	20.3428
91.8776	20.5392
91.2132	20.7206
90.5488	20.8939
89.8828	21.0497
89.2182	21.1712
88.5536	21.2824
87.8889	21.3803
87.2242	21.4802
86.5594	21.6024
85.893	21.8066
85.2281	22.118
84.5632	22.5164
83.8982	22.9023
83.2316	23.2462
82.5665	23.5115
81.9013	23.7273
81.2361	23.8454
80.5708	23.9856
79.9039	24.1614
79.2385	24.4091
78.573	24.5894
77.9075	24.6591
77.2404	24.6489
76.5748	24.6183
75.9091	24.5906
75.2434	24.6125
74.5776	24.6543
73.9102	24.7721
73.2443	24.8629
72.5783	24.8996
71.9123	24.8392
71.2447	24.791
70.5785	24.7895
69.9123	24.8009
69.2461	24.7771
68.5783	24.7194
67.9119	24.6251
67.2455	24.5539
66.5775	24.4962
65.911	24.4405
65.2444	24.395
64.5777	24.3844
63.9095	24.4353
63.2427	24.5162
62.5759	24.577
61.909	24.5867
61.2406	24.5345
60.5736	24.4861
59.9066	24.4678
59.238	24.4816
58.5708	24.4942
57.9036	24.4906
57.2363	24.4517
56.5675	24.3996
55.9001	24.3829
55.2327	24.4425
54.5636	24.5643
53.8961	24.7456
53.2285	24.9154
52.5593	25.0476
51.8916	25.1498
51.2238	25.2549
50.5544	25.372
49.8866	25.4494
49.2186	25.4711
48.5491	25.4327
47.881	25.3787
47.2129	25.3757
46.5432	25.4549
45.875	25.5352
45.2067	25.5884
44.5368	25.5957
43.8684	25.5598
43.2	25.4745
42.5299	25.3922
41.8613	25.3237
41.1927	25.3314
40.5225	25.3777
39.8538	25.4137
39.185	25.3705
38.5146	25.3003
37.8457	25.2101
37.1752	25.0986
36.5062	24.9762
35.8371	24.8753
35.1664	24.8094
34.4972	24.768
33.828	24.685
33.1571	24.5686
32.4878	24.428
31.8168	24.2954
31.1473	24.1875
30.4778	24.1092
29.8067	24.0666
29.137	24.0315
28.4673	23.988
27.796	23.9124
27.1262	23.7793
26.4548	23.5725
25.7849	23.2575
25.1133	22.9615
24.4433	22.7059
23.7732	22.5015
23.1015	22.2711
22.4313	21.9931
21.7595	21.6666
21.0891	21.3042
20.4187	20.9386
19.7468	20.6272
19.0763	20.4124
18.4042	20.3347
17.7335	20.262
17.0613	20.1618
16.3906	19.974
15.7198	19.7616
15.0474	19.553
14.3765	19.4089
13.7041	19.3122
13.033	19.2575
12.3604	19.2315
11.6893	19.2799
11.0166	19.5836
10.3453	20.0195
9.67249	20.4907
9.00113	21.1471
8.32971	22.1011
7.65671	23.4582
6.98517	25.0936
6.31205	26.7489
5.6404	28.3814
4.96717	29.9527
4.29541	31.4198
3.62206	32.594
2.95018	33.6055
2.27672	34.5832
1.60473	35.4249
0.931152	36.0512
0.259044	36.3364
-0.414646	36.3101
-1.08687	36.1539
-1.76067	35.2802
-2.43301	33.8289
-3.10693	32.3171
-3.77938	30.8432
-4.45342	29.3365
-5.12598	27.8033
-5.80013	26.236
-6.47281	24.6595
-7.14708	23.0915
-7.81987	21.5612
-8.49425	20.121
-9.16716	19.3757
-9.84165	19.2003
-10.5147	19.0491
-11.1893	18.8411
-11.8624	18.7007
-12.5372	18.647
-13.2104	18.6937
-13.8852	18.7962
-14.5601	18.8902
-15.2336	18.9857
-15.9086	19.1031
-16.5821	19.284
-17.2572	19.5465
-17.9309	19.8866
-18.6061	20.2812
-19.2799	20.6679
-19.9553	21.0187
-20.6307	21.31
-21.3046	21.5425
-21.9802	21.7407
-22.6542	21.9475
-23.3299	22.2299
-24.004	22.5326
-24.6798	22.8003
-25.3556	22.995
-26.03	23.1251
-26.7059	23.205
-27.3804	23.276
-28.0564	23.361
-28.731	23.4856
-29.4071	23.6413
-30.0834	23.7874
-30.7581	23.8528
-31.4345	23.8709
-32.1093	23.8945
-32.7858	23.9536
-33.4623	24.0331
-34.1373	24.0887
-34.8139	24.0504
-35.4891	23.9917
-36.1658	23.9121
-36.8426	23.8443
-37.518	23.7599
-38.1949	23.6513
-38.8719	23.5038
-39.5474	23.3816
-40.2244	23.3099
-40.9001	23.3095
-41.5773	23.3213
-42.2545	23.376
-42.9303	23.3803
-43.6077	23.3844
-44.2851	23.3983
-44.9611	23.4527
-45.6386	23.5322
-46.3162	23.6214
-46.9924	23.6466
-47.6701	23.5815
-48.3463	23.4235
-49.0242	23.266
-49.7021	23.1222
-50.3785	23.0438
-51.0565	22.9869
-51.7346	22.9462
-52.4112	22.8613
-53.0894	22.7582
-53.7676	22.6539
-54.4444	22.5953
-55.1228	22.5927
-55.8012	22.6436
-56.4781	22.6987
-57.1567	22.7376
-57.8353	22.7128
-58.5139	22.6191
-59.1911	22.4696
-59.8698	22.3303
-60.5487	22.2152
-61.226	22.0943
-61.905	21.9318
-62.584	21.7256
-63.2615	21.5405
-63.9406	21.4314
-64.6198	21.3989
-65.2975	21.3736
-65.9768	21.3265
-66.6561	21.2355
-67.3355	21.1571
-68.0135	21.0922
-68.693	21.0645
-69.3726	21.0636
-70.0507	21.0756
-70.7304	21.0461
-71.4101	20.9545
-72.0899	20.8035
-72.7683	20.6627
-73.4482	20.5498
-74.1282	20.4702
-74.8082	20.3644
-75.4868	20.2257
-76.167	20.0572
-76.8472	19.8787
-77.5275	19.722
-78.2063	19.5899
-78.8867	19.4853
-79.5671	19.397
-80.2476	19.2878
-80.9267	19.1537
-81.6073	18.9968
-82.288	18.8598
-82.9687	18.749
-83.648	18.661
-84.3289	18.5535
-85.0098	18.4044
-85.6908	18.208
-86.3718	17.966
-87.0514	17.7013
-87.7325	17.4599
-88.4137	17.2679
-89.095	17.1364
-89.7748	17.0042
-90.4562	16.826
-91.1376	16.5977
-91.8191	16.3391
-92.5007	16.0585
-93.1808	15.7725
-93.8624	15.4986
-94.5442	15.2457
-95.226	15.0191
-95.9078	14.8089
-96.5882	14.6047
-97.2702	14.4302
-97.9522	14.2972
-98.6343	14.1993
-99.3165	14.1503
-99.9971	14.1544
-100.679	14.2157
-101.362	14.3329
-102.044	14.4941
-102.727	14.6707
-103.409	14.8486
-104.09	15.0151
-104.773	15.1527
-105.455	15.278
-106.138	15.4076
-106.821	15.5412
-107.504	15.681
-108.187	15.8105
-108.868	15.9118
-109.551	15.9799
-110.234	16.024
-110.917	16.0453
-111.601	16.0631
-112.284	16.0965
-112.966	16.1479
-113.649	16.2056
-114.332	16.2442
-115.016	16.2313
-115.699	16.1782
-116.383	16.191
-117.067	16.2195
-117.75	16.2333
-118.433	16.2202
-119.117	16.1793
-119.8	16.1804
-120.484	16.1775
-121.168	16.177
-121.852	16.185
-122.537	16.2155
-123.221	16.2559
-123.905	16.2037
-124.588	16.1136
-125.272	16.0308
-125.957	15.9771
-126.641	15.9391
-127.326	15.8409
-128.01	15.7308
-128.695	15.6031
-129.38	15.4707
-130.065	15.3341
-130.749	15.2012
-131.434	15.0777
-132.119	14.9631
-132.803	14.8324
-133.488	14.6819
-134.173	14.5118
-134.858	14.3315
-135.543	14.1358
-136.229	13.937
-136.914	13.7445
-137.6	13.5814
-138.285	13.448
-138.971	13.3162
-139.656	13.1953
-140.342	13.0784
-141.028	12.9625
-141.713	12.8655
-142.399	12.7799
-143.085	12.7211
-143.771	12.6963
-144.456	12.7015
-145.142	12.7069
-145.828	12.6685
-146.514	12.6213
-147.2	12.5779
-147.887	12.5634
-148.573	12.5758
-149.259	12.5789
-149.946	12.5506
-150.633	12.4964
-151.319	12.4655
-152.006	12.4504
-152.693	12.4541
-153.379	12.4617
-154.066	12.453
-154.753	12.4098
-155.44	12.3702
-156.127	12.3387
-156.814	12.3373
-157.501	12.3704
-158.189	12.4217
-158.876	12.4257
-159.563	12.3904
-160.251	12.307
-160.938	12.222
-161.625	12.1519
-162.313	12.1153
-163.001	12.1056
-163.688	12.1025
-164.376	12.0549
-165.064	12.0189
-165.752	12.0084
-166.44	12.0169
-167.128	12.022
-167.816	12.0091
-168.505	11.9794
-169.193	11.9325
-169.882	11.8665
-170.57	11.7688
-171.258	11.6651
-171.947	11.6064
-172.635	11.5297
-173.324	11.4315
-174.012	11.3193
-174.701	11.2137
-175.39	11.1367
-176.078	11.0846
-176.767	11.0292
-177.456	10.9497
-178.145	10.8331
-178.834	10.7176
-179.523	10.6287
-180.212	10.5872
-180.903	10.5594
-181.592	10.5356
-182.281	10.4967
-182.971	10.4323
-183.66	10.3408
-184.35	10.2681
-185.039	10.2517
-185.729	10.2832
-186.418	10.3043
-187.108	10.2921
-187.798	10.2472
-188.489	10.1902
-189.179	10.1324
-189.869	10.0812
-190.559	10.0477
-191.249	10.0383
-191.939	10.0309
-192.629	9.99948
-193.32	9.95879
-194.01	9.93189
-194.702	9.91757
-195.392	9.89448
-196.083	9.86732
-196.773	9.83849
-197.464	9.82225
-198.154	9.83086
-198.845	9.87286
-199.536	9.91966
-200.228	9.93882
-200.919	9.90222
-201.61	9.88903
-202.301	9.91843
-202.992	9.99988
-203.683	10.0534
-204.375	10.0747
-205.067	10.0564
-205.759	10.0401
-206.45	10.0343
-207.141	10.0657
-207.833	10.1339
-208.525	10.2355
-209.218	10.2815
-209.909	10.2513
-210.601	10.1643
-211.293	10.1012
-211.985	10.0753
-212.677	10.0912
-213.37	10.1057
-214.062	10.09
-214.754	10.0245
-215.446	9.93642
-216.139	9.8577
-216.831	9.80704
-217.525	9.77376
-218.217	9.73972
-218.91	9.7057
-219.602	9.66932
-220.295	9.63812
-220.989	9.60197
-221.682	9.55721
-222.374	9.53181
-223.067	9.52267
-223.76	9.5267
-224.454	9.52394
-225.147	9.51919
-225.841	9.50555
-226.534	9.47662
-227.228	9.43523
-227.922	9.41279
-228.615	9.41844
-229.308	9.47621
-230.002	9.52449
-230.697	9.55724
-231.39	9.55917
-232.084	9.54772
-232.777	9.53034
-233.473	9.52239
-234.166	9.52545
-234.86	9.53392
-235.554	9.50707
-236.25	9.44558
-236.944	9.36513
-237.638	9.31713
-238.332	9.29931
-239.028	9.2871
-239.722	9.26043
-240.416	9.21268
-241.111	9.16449
-241.807	9.13927
-242.501	9.14071
-243.196	9.16059
-243.89	9.17727
-244.586	9.14644
-245.281	9.05733
-245.976	8.92009
-246.672	8.79742
-247.367	8.7164
-248.062	8.68922
-248.757	8.69409
-249.454	8.69831
-250.149	8.68579
-250.844	8.64338
-251.541	8.57816
-252.237	8.5148
-252.932	8.49425
-253.627	8.51475
-254.324	8.54587
-255.02	8.55798
-255.716	8.55225
-256.413	8.52776
-257.109	8.49494
-257.804	8.45202
-258.502	8.40777
-259.198	8.38025
-259.894	8.39979
-260.591	8.43389
-261.288	8.48277
-261.984	8.52907
-262.68	8.57219
-263.378	8.59333
-264.074	8.57053
-264.771	8.54512
-265.469	8.54271
-266.165	8.57364
-266.862	8.60203
-267.56	8.61168
-268.257	8.60277
-268.955	8.58612
-269.652	8.57102
-270.349	8.55497
-271.047	8.52719
-271.744	8.51009
-272.442	8.47234
-273.14	8.43224
-273.837	8.39937
-274.535	8.40146
-275.234	8.4067
-275.931	8.40626
-276.628	8.38656
-277.328	8.34309
-278.025	8.28618
-278.724	8.24223
-279.422	8.25033
-280.12	8.30809
-280.819	8.37078
-281.517	8.41353
-282.215	8.43064
-282.915	8.43508
-283.613	8.43211
-284.312	8.42285
-285.01	8.41265
-285.709	8.40212
-286.409	8.39033
-287.107	8.34218
-287.807	8.27259
-288.505	8.20517
-289.204	8.15973
-289.904	8.12794
-290.603	8.08834
-291.303	8.0503
-292.002	8.01515
-292.702	7.99688
-293.401	7.99547
-294.1	8.00848
-294.801	8.03171
-295.5	8.04498
-296.201	8.03416
-296.9	7.99425
-297.601	7.93776
-298.3	7.898
-298.999	7.87441
-299.7	7.86912
-300.4	7.86389
-301.101	7.85455
-301.801	7.84423
-302.502	7.83965
-303.202	7.83977
-303.901	7.84288
-304.603	7.84382
-305.303	7.85504
-306.004	7.88628
-306.704	7.92478
-307.406	7.94218
-308.106	7.9466
-308.808	7.94791
-309.508	7.955
-310.21	7.95934
-310.911	7.95989
-311.613	7.96492
-312.313	7.98582
-313.016	8.01348
-313.716	8.0278
-314.417	8.02007
-315.119	8.01399
-315.82	8.00825
-316.523	7.99848
-317.224	7.97445
-317.926	7.94514
-318.627	7.92987
-319.33	7.925
-320.031	7.91862
-320.734	7.88557
-321.436	7.83078
-322.139	7.77704
-322.84	7.74626
-323.543	7.73799
-324.245	7.74901
-324.948	7.75724
-325.65	7.74864
-326.353	7.71579
-327.055	7.70946
-327.758	7.73462
-328.462	7.80688
-329.164	7.8715
-329.868	7.90636
-330.57	7.89129
-331.273	7.85723
-331.976	7.83672
-332.68	7.85972
-333.382	7.93628
-334.086	8.00082
-334.789	8.00709
-335.493	7.95876
-336.195	7.88633
-336.9	7.82092
-337.604	7.78195
-338.307	7.76345
-339.011	7.75622
-339.714	7.75257
-340.419	7.72483
-341.122	7.64257
-341.826	7.60348
-342.53	7.6025
-343.234	7.62699
-343.939	7.64195
-344.643	7.62574
-345.348	7.58555
-346.051	7.56942
-346.756	7.56863
-347.46	7.56278
-348.165	7.55493
-348.87	7.56851
-349.574	7.55805
-350.28	7.5291
-350.984	7.49019
-351.689	7.45352
-352.395	7.46322
-353.099	7.50852
-353.805	7.54578
-354.509	7.55988
-355.215	7.54747
-355.921	7.5254
-356.625	7.5182
-357.331	7.52804
-358.036	7.54192
-358.742	7.54923
-359.448	7.55154
-360.153	7.54722
-360.859	7.54788
-361.564	7.54771
-362.27	7.55087
-362.977	7.56139
-363.682	7.59174
-364.389	7.62458
-365.095	7.65144
-365.801	7.65427
-366.508	7.64396
-367.213	7.63173
-367.92	7.64435
-368.627	7.66535
-369.332	7.67783
-370.04	7.67367
-370.747	7.65822
-371.452	7.68052
-372.16	7.75978
-372.867	7.79442
-373.573	7.78485
-374.281	7.73951
-374.988	7.4448
-375.694	7.4448
-376.402	7.4448
-377.11	7.4448
-377.816	7.4448
-378.524	7.46255
-379.232	7.45926
-379.938	7.5158
-380.647	7.42837
-381.355	7.3994
-382.061	7.42133
-382.77	7.40837
-383.478	7.37831
-384.185	7.33816
-384.893	7.31006
-385.602	7.39515
-386.309	7.39515
-387.017	7.39515
-387.726	7.49769
-388.433	7.49769
-389.142	7.60022
-389.851	7.60022
-390.56	7.62586
-391.267	7.62586
-391.977	7.60022
-392.686	7.44642
-393.393	7.52332
-394.103	7.52332
-394.812	7.52332
-395.521	7.45172
-396.229	7.51773
-396.939	7.57411
-397.648	7.62434
-398.356	7.57459
-399.066	7.54896
-399.776	7.54896
-400.486	7.54896
-401.194	7.54896
-401.904	7.54896
-402.614	7.54896
-403.324	7.54896
-404.033	7.52332
-404.743	7.52332
-405.453	7.52332
-406.163	7.52332
-406.872	7.52332
-407.583	7.49769
-408.293	7.48555
-409.004	7.48443
-409.713	7.44642
-410.423	7.44642
-411.134	7.44642
-411.845	7.44642
-412.554	7.44642
-413.265	7.44642
-413.976	7.44642
-414.687	7.44642
-415.397	7.52332
-416.108	7.52332
-416.819	7.52332
-417.531	7.52332
-418.242	7.52332
-418.952	7.51655
-419.663	7.46751
-420.375	7.42078
-421.087	7.41391
-421.798	7.42078
-422.508	7.42078
-423.22	7.56427
-423.932	7.53746
-424.644	7.54896
-425.356	7.57459
-426.067	7.57459
-426.779	7.55843
-427.491	7.45471
-428.203	7.44642
-428.916	7.44642
-429.626	7.44642
-430.339	7.44642
-431.051	7.48091
-431.764	7.56282
-432.477	7.62109
-433.188	7.55494
-433.9	7.57962
-434.613	7.58522
-435.326	7.57326
-436.039	7.57275
-436.752	7.54826
-437.464	7.5529
-438.177	7.49769
-438.89	7.49769
-439.603	7.49769
-440.316	7.49769
-441.03	7.39846
-441.743	7.43311
-442.455	7.47144
-443.169	7.51624
-443.882	7.5797
-444.596	7.52246
-445.31	7.53947
-446.024	7.54721
-446.738	7.53638
-447.45	7.54102
-448.164	7.54154
-448.878	7.53965
-449.592	7.54073
-450.306	7.60022
-451.021	7.60022
-451.735	7.60022
-452.449	7.60022
-453.162	7.60022
-453.877	7.60022
-454.591	7.67176
-455.306	7.5909
-456.021	7.53064
-456.735	7.51413
-457.45	7.54631
-458.165	7.6038
-458.88	7.64072
-459.594	7.64274
-460.309	7.61331
-461.024	7.56922
-461.739	7.54359
-462.454	7.56107
-463.17	7.57743
-463.885	7.57482
-464.6	7.53863
-465.316	7.47285
-466.032	7.3985
-466.747	7.34028
-467.461	7.31021
-468.177	7.31346
-468.893	7.34841
-469.609	7.39016
-470.325	7.42149
-471.041	7.42954
-471.757	7.4062
-472.473	7.36447
-473.189	7.33423
-473.906	7.33554
-474.622	7.36416
-475.338	7.39821
-476.055	7.40372
-476.771	7.37834
-477.488	7.33796
-478.203	7.29855
-478.92	7.26953
-479.637	7.26017
-480.353	7.27458
-481.07	7.2899
-481.787	7.29883
-482.504	7.39636
-483.221	7.39893
-483.939	7.4015
-484.656	7.40408
-485.373	7.40665
-486.09	7.40922
-486.808	7.39515
-487.525	7.39515
-488.243	7.41694
-488.96	7.41951
-489.678	7.42209
-490.396	7.49769
-491.114	7.52332
-491.832	7.52332
-492.549	7.52332
-493.267	7.52332
-493.985	7.52332
-494.704	7.52332
-495.422	7.44269
-496.14	7.44526
-496.858	7.44642
-497.577	7.44642
-498.295	7.44642
-499.014	7.49769
-499.732	7.49769
-500.451	7.49769
-501.169	7.49769
-501.888	7.49769
-502.607	7.49769
-503.326	7.49769
-504.045	7.42078
-504.764	7.63334
-505.483	7.61335
-506.202	7.58649
-506.921	7.51685
-507.64	7.44117
-508.36	7.3604
-509.079	7.43948
-509.799	7.41368
-510.518	7.40452
-511.238	7.41923
-511.957	7.41248
-512.677	7.41208
-513.397	7.41459
-514.118	7.41305
-514.838	7.41324
-515.558	7.41363
-516.278	7.40358
-516.998	7.40429
-517.718	7.3744
-518.438	7.41662
-519.159	7.44819
-519.879	7.47603
-520.599	7.51052
-521.32	7.54845
-522.04	7.58077
-522.761	7.59994
-523.482	7.59397
-524.202	7.54807
-524.923	7.47292
-525.646	7.38412
-526.367	7.46837
-527.088	7.4418
-527.809	7.43143
-528.53	7.4472
-529.251	7.44015
-529.972	7.43959
-530.693	7.44231
-531.415	7.41453
-532.136	7.39356
-532.858	7.33607
-533.581	7.33531
-534.302	7.34999
-535.024	7.35164
-535.746	7.335
-536.468	7.4018
-537.189	7.45371
-537.911	7.47924
-538.633	7.47955
-539.355	7.47441
-540.079	7.47551
-540.801	7.51003
-541.524	7.56822
-542.246	7.63522
-542.968	7.64728
-543.691	7.62368
-544.413	7.60573
-545.136	7.62218
-545.86	7.64705
-546.583	7.66938
-547.305	7.67325
-548.028	7.66547
-548.751	7.6489
-549.474	7.6409
-550.197	7.64806
-550.922	7.67147
-551.645	7.6988
-552.368	7.69742
-553.091	7.68223
-553.815	7.64895
-554.538	7.59895
-555.263	7.53955
-555.987	7.50659
-556.71	7.49586
-557.434	7.50982
-558.158	7.52439
-558.882	7.53182
-559.607	7.52175
-560.331	7.49075
-561.055	7.46242
-561.779	7.46405
-562.503	7.49576
-563.227	7.54044
-563.953	7.55943
-564.677	7.54715
-565.402	7.50211
-566.126	7.44911
-566.851	7.40522
-567.577	7.38152
-568.301	7.38863
-569.026	7.41016
-569.751	7.43615
-570.476	7.44764
-571.202	7.44891
-571.927	7.43746
-572.652	7.42382
-573.377	7.41082
-574.102	7.40046
-574.829	7.39127
-575.554	7.38244
-576.28	7.3601
-577.005	7.31961
-577.732	7.26494
-578.458	7.23207
-579.183	7.22754
-579.909	7.24346
-580.635	7.25024
-581.362	7.24687
-582.088	7.2365
-582.814	7.23718
-583.54	7.25029
-584.267	7.27877
-584.993	7.31194
-585.72	7.33399
-586.446	7.32329
-587.174	7.27713
-587.9	7.23248
-588.626	7.21634
-589.353	7.23218
-590.081	7.27458
-590.808	7.31566
-591.534	7.34125
-592.261	7.3297
-592.99	7.28684
-593.716	7.23369
-594.443	7.21083
-595.17	7.22009
-595.899	7.23848
-596.626	7.25562
-597.353	7.26855
-598.081	7.28026
-598.81	7.27899
-599.537	7.25304
-600.264	7.23173
-600.994	7.24482
-601.721	7.28896
-602.449	7.32803
-603.176	7.34899
-603.906	7.34529
-604.634	7.31972
-605.362	7.26784
-606.091	7.20509
-606.819	7.1648
-607.547	7.16444
-608.277	7.18856
-609.005	7.21123
-609.734	7.22666
-610.462	7.22987
-611.192	7.22931
-611.921	7.23261
-612.649	7.25943
-613.379	7.30977
-614.108	7.35907
-614.837	7.39826
-615.567	7.44445
-616.296	7.40059
-617.025	7.41443
-617.756	7.41983
-618.485	7.36952
-619.214	7.36952
-619.945	7.39515
-620.674	7.36952
-621.403	7.38356
-622.134	7.41109
-622.864	7.43856
-623.593	7.46603
-624.324	7.49357
-625.054	7.36952
-625.784	7.36952
-626.515	7.42374
-627.245	7.42078
-627.975	7.42078
-628.707	7.42078
-629.437	7.42078
-630.167	7.41482
-630.899	7.41266
-631.629	7.40775
-632.361	7.40616
-633.091	7.39029
-633.822	7.42883
-634.554	7.40843
-635.284	7.41924
-636.015	7.44676
-636.747	7.44229
-637.478	7.39259
-638.21	7.35703
-638.941	7.33882
-639.672	7.33851
-640.405	7.34123
-641.136	7.30943
-641.867	7.25046
-642.6	7.21324
-643.331	7.20421
-644.064	7.22007
-644.796	7.26092
-645.527	7.39515
-646.26	7.39515
-646.992	7.39515
-647.725	7.39515
-648.457	7.39515
-649.189	7.39515
-649.922	7.39515
-650.654	7.4331
-651.388	7.40548
-652.12	7.35227
-652.854	7.31825
-653.586	7.31825
-654.318	7.29261
-655.052	7.29261
-655.784	7.29261
-656.518	7.29261
-657.251	7.29261
-657.985	7.29261
-658.718	7.39515
-659.451	7.49174
-660.185	7.62586
-660.918	7.48237
-661.652	7.44642
-662.385	7.44642
-663.12	7.44642
-663.853	7.44642
-664.586	7.44642
-665.321	7.44642
-666.054	7.37028
-666.789	7.32341
-667.523	7.28666
-668.258	7.26305
-668.992	7.25685
-669.727	7.25923
-670.46	7.2607
-671.196	7.25656
-671.93	7.24586
-672.665	7.24101
-673.399	7.24075
-674.133	7.25667
-674.869	7.28269
-675.603	7.31115
-676.339	7.3102
-677.073	7.28108
-677.809	7.23347
-678.544	7.19615
-679.28	7.18461
-680.014	7.20363
-680.751	7.2269
-681.485	7.25134
-682.222	7.26002
-682.956	7.28281
-683.693	7.32451
-684.428	7.37161
-685.164	7.44683
-685.9	7.53159
-686.636	7.60139
-687.372	7.67362
