686.972	8.06667
686.36	8.06667
685.747	8.06667
685.135	7.97893
684.523	8.02767
683.912	7.80344
683.299	8.22261
682.687	7.83768
682.074	7.7094
681.461	7.79486
680.849	7.72648
680.236	7.67522
679.623	7.7265
679.01	7.80343
678.398	7.7863
677.786	7.73519
677.173	7.68384
676.56	7.68381
675.947	7.59829
675.334	7.57266
674.721	7.54701
674.108	7.51284
673.494	7.4359
672.881	7.41027
672.268	7.5812
671.654	7.5983
671.041	7.63252
670.427	7.62401
669.815	7.6068
669.201	7.66659
668.588	7.76921
667.974	7.79487
667.36	7.76926
666.746	7.6325
666.133	7.67522
665.519	7.61538
664.905	7.63247
664.291	7.59831
663.677	7.42737
663.063	7.41881
662.448	7.45298
661.834	7.5641
661.22	7.65811
660.606	7.50426
659.991	7.48717
659.377	7.53843
658.762	7.68374
658.148	7.77778
657.533	7.76069
656.919	7.69232
656.304	7.72649
655.689	7.66665
655.075	7.76068
654.46	7.92307
653.845	7.87178
653.23	7.95723
652.615	8.00852
652	8.02562
651.385	8.11966
650.77	8.0171
650.155	7.99149
649.539	7.93167
648.924	7.718
648.309	7.74362
647.693	7.64104
647.078	7.5812
646.463	7.54702
645.847	7.50423
645.232	7.50424
644.616	7.58111
643.999	7.67526
643.383	7.72649
642.767	7.77779
642.152	7.81196
641.536	7.83759
640.92	7.92306
640.304	7.88034
639.688	7.99145
639.072	8.00854
638.456	7.99999
637.84	8.03421
637.223	7.99146
636.607	7.95725
635.991	7.87189
635.373	7.81192
634.757	7.73497
634.14	7.66664
633.524	7.51283
632.907	7.40174
632.29	7.3932
631.674	7.39314
631.057	7.34181
630.44	7.37603
629.822	7.41033
629.205	7.51285
628.588	7.55558
627.971	7.64103
627.354	7.61541
626.737	7.60688
626.12	7.53849
625.503	7.64954
624.884	7.68375
624.267	7.68378
623.65	7.69232
623.032	7.6581
622.415	7.65807
621.798	7.81193
621.18	7.77782
620.561	7.81192
619.943	7.82908
619.326	7.82906
618.708	7.7436
618.09	7.76069
617.472	7.74361
616.853	7.70081
616.235	7.78635
615.617	7.78633
614.999	7.75216
614.381	7.60684
613.763	7.62394
613.143	7.66664
612.525	7.64102
611.907	7.62394
611.289	7.64963
610.67	7.54694
610.051	7.64107
609.432	7.72652
608.814	7.83758
608.195	7.77775
607.576	7.80339
606.956	7.87183
606.338	7.97437
605.719	7.93462
605.1	7.97223
604.481	8.05129
603.861	7.99145
603.242	7.99145
602.623	8.0114
602.004	8.00605
601.383	8.00776
600.764	8.02991
600.145	7.99998
599.525	8.05985
598.905	8.0427
598.285	8.07692
597.666	7.95728
597.046	7.93176
596.425	7.67518
595.806	7.58974
595.186	7.63253
594.567	7.61544
593.945	7.53843
593.326	7.54701
592.706	7.4701
592.086	7.37599
591.465	7.50429
590.845	7.57264
590.225	7.64952
589.603	7.57264
588.983	7.48718
588.363	7.52139
587.742	7.51287
587.121	7.47861
586.5	7.52992
585.88	7.62383
585.258	7.64109
584.638	7.51279
584.017	7.65804
583.395	7.76071
582.774	7.73504
582.154	7.73508
581.532	7.80337
580.911	7.79489
580.29	7.57267
579.668	7.55556
579.047	7.66667
578.426	7.63248
577.805	7.52138
577.182	7.49573
576.561	7.56411
575.938	7.50425
575.317	7.39316
574.696	7.52993
574.073	7.52992
573.452	7.5299
572.83	7.59816
572.207	7.63251
571.586	7.76921
570.964	7.8716
570.341	7.87183
569.719	8
569.098	7.99996
568.474	7.88032
567.853	7.85478
567.229	7.85468
566.607	7.91453
565.985	7.88892
565.362	7.73507
564.74	7.88886
564.117	7.82899
563.494	7.73505
562.872	7.77785
562.248	7.71784
561.625	7.69233
561.003	7.5728
560.379	7.55556
559.757	7.45309
559.133	7.38462
558.51	7.3675
557.886	7.3761
557.263	7.48717
556.64	7.53843
556.016	7.48717
555.393	7.52138
554.769	7.52139
554.146	7.64102
553.521	7.5983
552.898	7.49574
552.275	7.50438
551.651	7.38461
551.027	7.3932
550.403	7.39316
549.779	7.49572
549.155	7.47011
548.531	7.40167
547.906	7.41887
547.283	7.50427
546.659	7.54697
546.034	7.64103
545.41	7.58978
544.785	7.64103
544.161	7.61535
543.536	7.65814
542.912	7.73499
542.287	7.69231
541.663	7.88883
541.037	7.95729
540.413	8.03408
539.788	8.08548
539.163	8.03418
538.538	8.06837
537.914	8.06268
537.288	8.05412
536.663	8.05071
536.037	8.05126
535.413	8.01712
534.787	7.97436
534.162	7.97439
533.536	8.01708
532.911	7.91462
532.285	7.87181
531.66	7.78632
531.034	7.77777
530.409	7.71806
529.783	7.70086
529.158	7.62399
528.531	7.64103
527.905	7.59829
527.28	7.64105
526.653	7.51285
526.028	7.55553
525.401	7.52991
524.776	7.74356
524.149	7.7949
523.523	7.95712
522.896	7.85892
522.271	7.94009
521.644	7.92406
521.016	7.92065
520.391	7.94009
519.763	7.94009
519.138	7.94869
518.51	7.94186
517.884	7.96587
517.257	7.91454
516.63	7.92297
516.003	7.90607
515.376	7.82906
514.75	7.9401
514.122	7.97433
513.494	7.88898
512.868	7.95722
512.24	7.93676
511.614	7.9231
510.986	7.94016
510.358	7.90883
509.731	7.90654
509.103	7.86324
508.476	7.89737
507.848	7.90597
507.22	7.98293
506.593	7.91446
505.965	7.93676
505.336	7.97437
504.709	7.90609
504.081	7.97436
503.452	7.95387
502.825	7.94872
502.196	7.96581
501.569	7.79494
500.94	7.96579
500.311	7.83765
499.684	7.87178
499.055	7.89744
498.426	7.88206
497.798	7.91453
497.169	7.88889
496.54	7.88034
495.912	8.00862
495.283	7.82051
494.654	7.94874
494.026	7.92596
493.397	7.8984
492.767	7.92437
492.139	7.91624
491.51	7.913
490.88	7.91787
490.25	7.91571
489.622	7.94577
488.992	7.95397
488.363	8.03651
487.734	7.9656
487.104	7.97723
486.474	7.91453
485.846	7.96581
485.216	7.96581
484.586	8
483.955	7.95299
483.327	7.92307
482.696	7.95726
482.066	7.93161
481.437	7.82054
480.807	7.8291
480.176	7.80342
479.546	7.73501
478.917	7.6924
478.286	7.57268
477.655	7.62393
477.025	7.58977
476.395	7.67516
475.764	7.79481
475.133	7.95726
474.502	7.87093
473.873	7.94234
473.242	7.98511
472.611	8.00864
471.98	8.00864
471.35	8.00864
470.719	8.00864
470.087	8.00864
469.456	8.00864
468.825	8.00864
468.195	8.00864
467.563	8.00864
466.931	8.01933
466.3	8.022
465.67	8.05137
465.038	8.0309
464.406	8.03475
463.774	8.03901
463.142	8.02619
462.512	8.06835
461.88	8.00009
461.248	7.95729
460.616	7.98291
459.984	8.02564
459.352	8.05133
458.721	8.13659
458.088	8.12815
457.456	8.11107
456.824	8.12822
456.191	8.12392
455.56	8.12393
454.928	8.12822
454.295	8.12822
453.662	8.12822
453.03	8.12822
452.397	8.12822
451.766	8.12822
451.133	8.1325
450.5	8.12394
449.867	8.14534
449.234	8.08544
448.601	7.8888
447.968	7.82896
447.336	7.75221
446.703	7.65817
446.069	7.68372
445.436	7.6923
444.803	7.7265
444.169	7.76924
443.536	7.73507
442.902	7.82905
442.27	7.79491
441.636	7.95718
441.003	7.99998
440.369	7.95723
439.735	7.8889
439.101	7.90598
438.467	7.88034
437.833	7.77775
437.199	7.88886
436.565	7.91446
435.933	7.73502
435.298	7.69231
434.664	7.65809
434.03	7.81196
433.396	7.79485
432.761	7.85468
432.127	7.91454
431.492	7.88888
430.858	7.86324
430.223	7.91453
429.589	8.02565
428.954	8.14532
428.319	8.19666
427.686	8.17081
427.051	8.25627
426.416	8.34185
425.781	8.30768
425.146	8.42735
424.511	8.38871
423.876	8.41367
423.241	8.40492
422.605	8.41879
421.97	8.37608
421.335	8.37606
420.699	8.45299
420.064	8.42736
419.429	8.45299
418.793	8.44658
418.157	8.45298
417.522	8.41582
416.886	8.36753
416.25	8.35901
415.615	8.31626
414.979	8.29916
414.343	8.40172
413.707	8.32479
413.071	8.3504
412.435	8.33332
411.799	8.2222
411.163	8.35042
410.526	8.47864
409.89	8.35042
409.254	8.39316
408.617	8.43376
407.981	8.42254
407.344	8.51281
406.708	8.45637
406.071	8.48683
405.435	8.47924
404.798	8.55559
404.161	8.38462
403.524	8.39316
402.888	8.47008
402.251	8.48718
401.614	8.56409
400.977	8.41026
400.34	8.29062
399.703	8.35044
399.065	8.38466
398.428	8.32488
397.791	8.23944
397.152	8.14526
396.515	8.16238
395.877	8.0513
395.24	8.28205
394.602	8.47861
393.965	8.54696
393.327	8.53841
392.689	8.59826
392.052	8.56121
391.414	8.56596
390.776	8.57515
390.138	8.5559
389.5	8.51716
388.861	8.52129
388.223	8.3675
387.585	8.30767
386.946	8.35043
386.308	8.29061
385.67	8.35043
385.032	8.29916
384.393	8.26494
383.755	8.11111
383.116	8.2564
382.476	8.36757
381.838	8.41881
381.199	8.32479
380.56	8.36752
379.922	8.34185
379.283	8.41877
378.644	8.46147
378.005	8.58977
377.365	8.61541
376.726	8.45301
376.086	8.45299
375.447	8.54702
374.808	8.63246
374.169	8.56412
373.53	8.52996
372.889	8.44441
372.25	8.47008
371.61	8.29915
370.971	8.2992
370.331	8.2651
369.691	8.28212
369.05	8.07691
368.411	8.15385
367.771	8.15384
367.131	8.27346
366.491	8.29043
365.851	8.46987
365.21	8.61549
364.57	8.58975
363.93	8.58972
363.29	8.65816
362.649	8.70088
362.008	8.82051
361.367	8.78633
360.727	8.71795
360.087	8.58122
359.446	8.62384
358.804	8.66663
358.164	8.64957
357.523	8.69233
356.883	8.57272
356.242	8.49574
355.6	8.50429
354.959	8.57265
354.318	8.70084
353.677	8.57259
353.035	8.75218
352.394	8.78632
351.752	8.78629
351.111	8.82909
350.469	8.77265
349.827	8.70086
349.186	8.76072
348.545	8.70945
347.902	8.74355
347.26	8.54701
346.619	8.46155
345.977	8.44448
345.334	8.49572
344.693	8.46154
344.051	8.66667
343.409	8.60675
342.766	8.69237
342.124	8.65812
341.482	8.82046
340.84	8.85466
340.197	8.88033
339.554	8.82563
338.912	8.77785
338.269	8.79483
337.626	8.8547
336.984	8.84611
336.342	8.88886
335.698	8.81198
335.055	8.8376
334.413	8.84616
333.769	8.82906
333.126	8.84786
332.483	8.94021
331.839	8.78628
331.196	8.8718
330.554	8.82905
329.911	8.74366
329.266	8.72649
328.623	8.81197
327.98	8.89739
327.336	8.78634
326.693	8.86323
326.049	8.97434
325.405	8.90605
324.761	8.96577
324.118	9.10255
323.473	9.16239
322.829	9.05298
322.184	8.97434
321.541	9.05983
320.897	9.08548
320.252	8.97432
319.608	8.94872
318.964	9.03417
318.319	9.07695
317.675	9.06835
317.031	8.93156
316.386	9.27355
315.742	9.29911
315.098	9.25628
314.452	9.27631
313.808	9.30835
313.162	9.32546
312.518	9.30338
311.873	9.38467
311.227	9.37793
310.583	9.35044
309.937	9.42736
309.292	9.45299
308.647	9.30768
308.001	9.36753
307.357	9.29912
306.71	9.34188
306.065	9.40172
305.42	9.52139
304.774	9.46154
304.129	9.36751
303.482	9.39321
302.837	9.5299
302.192	9.49563
301.545	9.50427
300.9	9.56411
300.253	9.4957
299.608	9.47863
298.961	9.41022
298.315	9.46156
297.67	9.41032
297.023	9.4188
296.377	9.25645
295.73	9.24784
295.084	9.20515
294.437	9.2735
293.791	9.23074
293.143	9.3419
292.497	9.38457
291.85	9.46163
291.204	9.40167
290.557	9.65795
289.91	9.70085
289.263	9.78627
288.616	9.83762
287.969	9.8547
287.321	9.70938
286.675	9.75217
286.027	9.75214
285.38	9.81198
284.732	9.58973
284.085	9.63254
283.437	9.53845
282.79	9.60679
282.142	9.82911
281.495	10.0597
280.847	10.0684
280.199	10.0255
279.551	10.0513
278.904	10.2308
278.255	10.3504
277.608	10.2748
276.959	10.4666
276.312	10.5896
275.663	10.5641
275.015	10.5897
274.366	10.5949
273.719	10.624
273.07	10.6069
272.422	10.5795
271.773	10.5385
271.124	10.453
270.476	10.5384
269.826	10.5812
269.178	10.7178
268.529	10.718
267.881	10.8034
267.231	10.6923
266.583	10.7521
265.933	10.7493
265.284	10.8718
264.635	10.8581
263.985	10.9145
263.337	10.8717
262.687	10.8718
262.038	10.9658
261.388	11.0171
260.74	10.9317
260.09	10.812
259.439	10.658
258.79	10.5385
258.14	10.547
257.491	10.3676
256.841	10.5128
256.19	10.3248
255.541	10.3504
254.89	10.3761
254.241	10.4871
253.591	10.7179
252.94	10.8121
252.29	10.829
251.64	10.8547
250.99	10.7777
250.339	10.8804
249.688	10.9915
249.038	10.9658
248.387	11.1197
247.736	10.9231
247.086	11.0084
246.435	11.0684
245.785	11.2392
245.133	11.3333
244.482	11.5129
243.832	11.4785
243.18	11.5983
242.529	11.4274
241.878	11.419
241.227	11.3419
240.575	11.3589
239.924	11.248
239.272	11.265
238.62	11.1368
237.97	11.2478
237.318	11.2137
236.667	11.2136
236.015	11.359
235.363	11.4615
234.71	11.5214
234.06	11.8119
233.407	11.7692
232.755	11.8804
232.104	12.0339
231.451	12.094
230.798	12.3334
230.147	12.4871
229.494	12.5043
228.842	12.5641
228.19	12.5298
227.537	12.641
226.884	12.7094
226.233	12.4274
225.58	12.6325
224.927	12.5385
224.273	12.4529
223.622	12.4872
222.968	12.4786
222.315	12.3504
221.663	12.2223
221.01	12.2222
220.356	12.5128
219.702	12.3761
219.05	12.3504
218.397	12.3675
217.743	12.4615
217.089	12.4701
216.437	12.6153
215.783	12.8718
215.129	13.0427
214.475	12.9232
213.822	12.9742
213.168	12.98
212.514	12.9591
211.86	13.2337
211.207	13.1926
210.553	13.2163
209.898	13.3181
209.244	13.3463
208.591	13.3323
207.936	13.4821
207.282	13.4833
206.627	13.4801
205.974	13.5024
205.319	13.5154
204.664	13.5641
204.009	13.547
203.354	13.4957
202.701	13.3249
202.046	13.2222
201.391	13.2478
200.735	13.2906
200.08	13.2565
199.426	13.4871
198.771	13.4103
198.116	13.4701
197.46	13.3419
196.805	13.4273
196.151	13.3933
195.495	13.4103
194.839	13.453
194.184	13.359
193.528	13.1196
192.874	13.1967
192.218	13.1282
191.562	13.2222
190.906	13.1966
190.25	13.2735
189.594	13.265
188.939	13.222
188.283	13.299
187.627	13.4444
186.97	13.5983
186.314	13.6752
185.657	13.7949
185.001	14.0172
184.346	13.923
183.689	13.8461
183.033	13.8035
182.376	13.9829
181.719	14.1026
181.062	14.1624
180.405	14.342
179.75	14.3075
179.093	14.3416
178.436	14.6066
177.779	14.7521
177.122	15.0256
176.465	15.171
175.807	15.3334
175.15	15.4275
174.494	15.393
173.837	15.6494
173.179	15.6922
172.522	15.6154
171.864	15.906
171.206	16.0513
170.549	16.1367
169.891	16.1368
169.233	16.2223
168.575	16.1367
167.919	16.1623
167.261	16.2308
166.603	16.5214
165.945	16.5897
165.287	16.5384
164.628	16.5811
163.97	16.6923
163.312	16.6239
162.654	16.9145
161.995	17
161.337	17.1453
160.678	17.0171
160.019	16.906
159.361	16.9572
158.704	16.812
158.045	16.8376
157.386	17.0769
156.727	17.1453
156.068	17.1025
155.409	17.0769
154.75	17.2991
154.091	17.2478
153.432	17.3077
152.773	17.3761
152.114	17.4359
151.454	17.4701
150.795	17.4786
150.136	17.6068
149.476	17.6495
148.817	17.6153
148.157	17.8461
147.497	17.9487
146.838	18.0769
146.178	18.2051
145.518	18.1538
144.858	18.094
144.198	18.0342
143.538	18.094
142.878	18.4017
142.218	18.4786
141.558	18.5982
140.898	18.8803
140.238	19.0341
139.577	19.2649
138.917	19.4273
138.256	19.7692
137.596	20.0769
136.935	20.0769
136.275	20.2222
135.614	20.4444
134.954	20.5384
134.293	20.8375
133.632	20.9999
132.971	21.2906
132.31	21.5982
131.649	21.547
130.988	21.8375
130.327	22.2135
129.666	22.393
129.005	22.692
128.342	22.855
127.681	23.1882
127.019	23.3761
126.358	23.3846
125.696	23.829
125.035	23.9914
124.373	24.0598
123.712	24.282
123.05	24.2735
122.388	24.2564
121.726	24.2564
121.064	24.265
120.403	24.2224
119.741	24.043
119.078	23.966
118.415	24.0342
117.753	23.9316
117.091	23.7949
116.428	23.6325
115.766	23.4103
115.104	23.3932
114.441	23.2565
113.779	23.3164
113.116	23.248
112.454	22.8719
111.789	22.7008
111.127	22.564
110.464	22.2222
109.801	22.0598
109.138	21.9147
108.475	21.7353
107.812	21.4703
107.149	21.2565
106.485	21.1709
105.821	20.8205
105.158	20.5726
104.495	20.5129
103.832	20.026
103.168	19.6586
102.505	19.4109
101.84	19.1536
101.176	18.9572
100.513	18.6752
99.849	18.7692
99.1853	18.8203
98.5215	18.8373
97.8577	19.3244
97.1923	19.6242
96.5283	19.7693
95.8643	19.8974
95.2003	20.0256
94.5361	20.4955
93.872	20.7517
93.2062	20.9746
92.542	21.1881
91.8776	21.2051
91.2132	21.4271
90.5488	21.6408
89.8828	22.1882
89.2182	22.6583
88.5536	22.7179
87.8889	22.9314
87.2242	23.1876
86.5594	23.4697
85.893	23.8633
85.2281	24.1709
84.5632	24.6239
83.8982	24.6152
83.2316	24.6925
82.5665	25.0428
81.9013	25.0683
81.2361	25.1538
80.5708	25.3931
79.9039	25.7693
79.2385	25.8974
78.573	26.1195
77.9075	26.4014
77.2404	26.513
76.5748	26.5727
75.9091	26.8974
75.2434	27.1709
74.5776	27.2224
73.9102	27.1538
73.2443	27.1111
72.5783	27.0855
71.9123	27.1196
71.2447	27.0427
70.5785	27.0684
69.9123	27.1709
69.2461	27.2904
68.5783	27.3163
67.9119	27.2222
67.2455	27.1197
66.5775	26.9657
65.911	26.906
65.2444	26.8207
64.5777	26.8293
63.9095	26.7094
63.2427	26.4786
62.5759	26.4102
61.909	26.5468
61.2406	26.5983
60.5736	26.5812
59.9066	26.8033
59.238	27.0685
58.5708	27.0598
57.9036	27.0683
57.2363	27.1452
56.5675	27.2393
55.9001	27.2649
55.2327	27.2906
54.5636	27.5897
53.8961	27.4102
53.2285	27.2906
52.5593	27.1111
51.8916	27.0086
51.2238	27.0002
50.5544	26.9657
49.8866	26.9658
49.2186	27.0769
48.5491	26.8633
47.881	26.9914
47.2129	27.1963
46.5432	27.4274
45.875	27.6666
45.2067	27.8118
44.5368	27.906
43.8684	27.8547
43.2	27.8035
42.5299	27.8632
41.8613	27.6496
41.1927	27.5301
40.5225	27.47
39.8538	27.3334
39.185	27.1454
38.5146	27.1282
37.8457	27.1367
37.1752	27.2565
36.5062	27.1368
35.8371	27.0856
35.1664	27.0683
34.4972	27.2478
33.828	27.0513
33.1571	26.8376
32.4878	26.6156
31.8168	26.2989
31.1473	26.0513
30.4778	26.1369
29.8067	26.0939
29.137	26.1709
28.4673	25.658
27.796	25.6838
27.1262	25.6411
26.4548	25.7436
25.7849	25.5813
25.1133	25.4613
24.4433	25.0941
23.7732	24.8637
23.1015	24.4273
22.4313	24.4104
21.7595	24.2563
21.0891	24.1453
20.4187	23.6412
19.7468	23.4359
19.0763	23.1968
18.4042	22.8289
17.7335	22.5045
17.0613	22.2134
16.3906	21.8463
15.7198	21.5387
15.0474	21.1624
14.3765	20.966
13.7041	20.7948
13.033	20.4787
12.3604	20.4359
11.6893	20.3933
11.0166	20.4957
10.3453	20.6922
9.67249	20.9833
9.00113	21.5468
8.32971	21.9649
7.65671	22.3675
6.98517	23.751
6.31205	25.5886
5.6404	27.3374
4.96717	28.9019
4.29541	30.4413
3.62206	31.7642
2.95018	33.0176
2.27672	34.4155
1.60473	35.8111
0.931152	36.2586
0.259044	36.2545
-0.414646	36.2503
-1.08687	36.2391
-1.76067	36.235
-2.43301	34.889
-3.10693	33.4193
-3.77938	31.8965
-4.45342	30.0198
-5.12598	28.1648
-5.80013	26.467
-6.47281	24.6629
-7.14708	22.9471
-7.81987	21.1627
-8.49425	20.829
-9.16716	20.735
-9.84165	20.5043
-10.5147	20.7178
-11.1893	20.8376
-11.8624	20.8119
-12.5372	20.7265
-13.2104	20.6583
-13.8852	20.7607
-14.5601	20.6495
-15.2336	20.6325
-15.9086	20.7864
-16.5821	20.9314
-17.2572	21.2821
-17.9309	21.444
-18.6061	21.9316
-19.2799	22.1791
-19.9553	22.4016
-20.6307	22.8377
-21.3046	23.0341
-21.9802	23.3078
-22.6542	23.487
-23.3299	23.5641
-24.004	23.9313
-24.6798	24.205
-25.3556	24.4446
-26.03	24.846
-26.7059	25.0087
-27.3804	25.0853
-28.0564	25.1709
-28.731	25.3162
-29.4071	25.5128
-30.0834	25.453
-30.7581	25.5469
-31.4345	25.7436
-32.1093	25.5554
-32.7858	25.641
-33.4623	25.8633
-34.1373	26.0427
-34.8139	26.2735
-35.4891	26.1367
-36.1658	26.1026
-36.8426	25.9059
-37.518	25.8035
-38.1949	25.906
-38.8719	26.171
-39.5474	26.0854
-40.2244	26.0599
-40.9001	25.7434
-41.5773	25.7521
-42.2545	25.8461
-42.9303	25.872
-43.6077	25.7779
-44.2851	25.6067
-44.9611	25.3334
-45.6386	25.453
-46.3162	25.3591
-46.9924	25.4529
-47.6701	25.3675
-48.3463	25.3589
-49.0242	25.265
-49.7021	25.4615
-50.3785	25.4788
-51.0565	25.3932
-51.7346	25.2137
-52.4112	25.0684
-53.0894	25.0598
-53.7676	25.0256
-54.4444	24.7353
-55.1228	24.7522
-55.8012	24.7607
-56.4781	24.8632
-57.1567	24.7777
-57.8353	24.7179
-58.5139	24.6752
-59.1911	24.5213
-59.8698	24.7008
-60.5487	24.8119
-61.226	24.5132
-61.905	24.1881
-62.584	24.1025
-63.2615	24.0343
-63.9406	23.9829
-64.6198	24.1624
-65.2975	24.299
-65.9768	24.1793
-66.6561	24.2137
-67.3355	24.3162
-68.0135	24.4445
-68.693	24.1966
-69.3726	24.1538
-70.0507	24.0688
-70.7304	23.7437
-71.4101	23.5727
-72.0899	23.3675
-72.7683	23.2565
-73.4482	23.2992
-74.1282	23.0342
-74.8082	22.9743
-75.4868	22.9317
-76.167	22.6753
-76.8472	22.6496
-77.5275	22.6325
-78.2063	22.3592
-78.8867	22.1112
-79.5671	21.6923
-80.2476	21.5554
-80.9267	21.4191
-81.6073	21.1881
-82.288	21.2222
-82.9687	20.923
-83.648	20.3335
-84.3289	20.2566
-85.0098	20.0941
-85.6908	19.9657
-86.3718	19.8203
-87.0514	19.7011
-87.7325	19.5556
-88.4137	19.2308
-89.095	19.1624
-89.7748	19.0429
-90.4562	18.9147
-91.1376	18.624
-91.8191	18.3503
-92.5007	18.0681
-93.1808	17.5989
-93.8624	17.2311
-94.5442	16.9659
-95.226	16.6153
-95.9078	16.3588
-96.5882	16.0515
-97.2702	15.8036
-97.9522	15.7266
-98.6343	15.5983
-99.3165	15.5726
-99.9971	15.5214
-100.679	15.4786
-101.362	15.5127
-102.044	15.7008
-102.727	15.8976
-103.409	16.2481
-104.09	16.5039
-104.773	16.7432
-105.455	17.2475
-106.138	17.4871
-106.821	17.7864
-107.504	18.0257
-108.187	18.1454
-108.868	18.2137
-109.551	18.1796
-110.234	18.3163
-110.917	18.4957
-111.601	18.2137
-112.284	18.2308
-112.966	18.1197
-113.649	17.9744
-114.332	18.0855
-115.016	18.2307
-115.699	18.265
-116.383	18.3504
-117.067	18.1112
-117.75	18.1453
-118.433	18.0855
-119.117	18.2735
-119.8	18.3761
-120.484	18.4359
-121.168	18.4359
-121.852	18.4957
-122.537	18.3248
-123.221	18.2906
-123.905	18.376
-124.588	18.3165
-125.272	18.2138
-125.957	18.0686
-126.641	17.8292
-127.326	17.6923
-128.01	17.5812
-128.695	17.6239
-129.38	17.6581
-130.065	17.5214
-130.749	17.5983
-131.434	17.3675
-132.119	17.3931
-132.803	17.1969
-133.488	16.9661
-134.173	16.6328
-134.858	16.2224
-135.543	15.9488
-136.229	15.513
-136.914	15.3419
-137.6	14.983
-138.285	14.5471
-138.971	14.3761
-139.656	14.0342
-140.342	13.889
-141.028	13.8633
-141.713	13.7521
-142.399	13.9658
-143.085	13.7095
-143.771	13.795
-144.456	13.7863
-145.142	13.923
-145.828	14.0427
-146.514	13.9915
-147.2	13.8547
-147.887	13.8291
-148.573	13.5983
-149.259	13.6239
-149.946	13.6838
-150.633	13.7692
-151.319	13.6495
-152.006	13.735
-152.693	13.7009
-153.379	13.7692
-154.066	13.5385
-154.753	13.6838
-155.44	13.624
-156.127	13.453
-156.814	13.4017
-157.501	13.3333
-158.189	13.188
-158.876	13.2564
-159.563	13.2137
-160.251	13.5128
-160.938	13.3846
-161.625	13.2649
-162.313	13.3932
-163.001	13.4017
-163.688	13.4359
-164.376	13.4615
-165.064	13.4872
-165.752	13.4701
-166.44	13.3675
-167.128	13.3675
-167.816	13.3676
-168.505	13.2991
-169.193	13.282
-169.882	13.1538
-170.57	13.1624
-171.258	13.1111
-171.947	12.9488
-172.635	12.8376
-173.324	12.812
-174.012	12.7094
-174.701	12.6496
-175.39	12.5043
-176.078	12.4188
-176.767	12.2479
-177.456	12.1111
-178.145	12.0855
-178.834	11.9488
-179.523	11.8121
-180.212	11.7096
-180.903	11.5384
-181.592	11.4786
-182.281	11.3333
-182.971	11.1624
-183.66	11.1111
-184.35	11.0257
-185.039	11.0427
-185.729	11.0342
-186.418	10.906
-187.108	10.8206
-187.798	10.6924
-188.489	10.6324
-189.179	10.7436
-189.869	10.6581
-190.559	10.6496
-191.249	10.5214
-191.939	10.4957
-192.629	10.5897
-193.32	10.5897
-194.01	10.5642
-194.702	10.7436
-195.392	10.5727
-196.083	10.6154
-196.773	10.5214
-197.464	10.5556
-198.154	10.4872
-198.845	10.2822
-199.536	10.4701
-200.228	10.3418
-200.919	10.2906
-201.61	10.2991
-202.301	10.265
-202.992	10.2052
-203.683	10.3076
-204.375	10.3502
-205.067	10.7266
-205.759	10.4531
-206.45	10.5983
-207.141	10.547
-207.833	10.436
-208.525	10.436
-209.218	10.5127
-209.909	10.376
-210.601	10.3248
-211.293	10.1452
-211.985	10.2051
-212.677	10.1624
-213.37	10.1111
-214.062	10.2393
-214.754	10.2137
-215.446	10.2564
-216.139	10.3077
-216.831	10.188
-217.525	10.171
-218.217	10.1795
-218.91	10.2906
-219.602	10.4017
-220.295	10.2479
-220.989	10.1538
-221.682	10.094
-222.374	9.99147
-223.067	10.077
-223.76	10.077
-224.454	10.094
-225.147	10.0427
-225.841	9.94863
-226.534	10.0939
-227.228	10.1795
-227.922	10.074
-228.615	10.1158
-229.308	10.1231
-230.002	10.1043
-230.697	10.1043
-231.39	10.1043
-232.084	10.1016
-232.777	10.101
-233.473	9.82061
-234.166	9.82919
-234.86	9.77573
-235.554	9.83777
-236.25	9.61533
-236.944	9.60684
-237.638	9.50439
-238.332	9.19669
-239.028	9.35897
-239.722	9.24786
-240.416	9.27348
-241.111	9.40163
-241.807	9.29917
-242.501	9.26496
-243.196	9.26493
-243.89	9.45297
-244.586	9.49571
-245.281	9.34188
-245.976	9.46152
-246.672	9.47866
-247.367	9.31624
-248.062	9.42734
-248.757	9.50433
-249.454	9.33331
-250.149	9.20516
-250.844	9.14542
-251.541	9.0426
-252.237	8.93163
-252.932	8.83764
-253.627	8.94019
-254.324	8.79488
-255.02	8.65811
-255.716	8.76921
-256.413	8.78634
-257.109	8.76069
-257.804	8.76931
-258.502	8.83761
-259.198	8.77779
-259.894	8.64956
-260.591	8.71796
-261.288	8.87179
-261.984	8.8632
-262.68	8.88022
-263.378	8.86325
-264.074	8.88036
-264.771	8.77778
-265.469	8.78629
-266.165	8.8462
-266.862	8.82061
-267.56	8.77778
-268.257	8.76918
-268.955	8.70945
-269.652	8.75214
-270.349	8.85464
-271.047	8.87181
-271.744	8.95726
-272.442	8.94016
-273.14	8.92307
-273.837	8.86326
-274.535	8.84616
-275.234	8.89743
-275.931	8.87184
-276.628	8.76929
-277.328	8.72648
-278.025	8.65815
-278.724	8.58971
-279.422	8.67521
-280.12	8.68376
-280.819	8.64103
-281.517	8.61536
-282.215	8.70078
-282.915	8.70086
-283.613	8.71794
-284.312	8.59823
-285.01	8.58978
-285.709	8.48729
-286.409	8.3504
-287.107	8.31634
-287.807	8.26489
-288.505	8.11967
-289.204	8.1538
-289.904	8.06838
-290.603	8.10258
-291.303	8.07691
-292.002	8.06836
-292.702	7.99137
-293.401	7.93166
-294.1	7.88045
-294.801	7.92308
-295.5	7.78633
-296.201	7.77778
-296.9	7.76924
-297.601	7.80344
-298.3	7.74357
-298.999	7.87177
-299.7	7.94872
-300.4	7.91453
-301.101	7.76921
-301.801	7.77781
-302.502	7.906
-303.202	7.94017
-303.901	7.8974
-304.603	7.80342
-305.303	7.83761
-306.004	7.83763
-306.704	7.88884
-307.406	7.95726
-308.106	8.05984
-308.808	8.03421
-309.508	7.98286
-310.21	7.91453
-310.911	7.94026
-311.613	8.05128
-312.313	7.99145
-313.016	7.96581
-313.716	8.06838
-314.417	8.0085
-315.119	7.99145
-315.82	8.09389
-316.523	8.15385
-317.224	8.28208
-317.926	8.07692
-318.627	8.05133
-319.33	8.10255
-320.031	8.10259
-320.734	7.98289
-321.436	7.87186
-322.139	7.84615
-322.84	7.88889
-323.543	7.82052
-324.245	7.74365
-324.948	7.8376
-325.65	7.79487
-326.353	7.70085
-327.055	7.76072
-327.758	7.84616
-328.462	7.89749
-329.164	7.83756
-329.868	7.82909
-330.57	7.9402
-331.273	7.77776
-331.976	7.78636
-332.68	7.85469
-333.382	7.81205
-334.086	7.82051
-334.789	7.75206
-335.493	7.84615
-336.195	7.86313
-336.9	7.90596
-337.604	7.94015
-338.307	7.99145
-339.011	8.02567
-339.714	7.98576
-340.419	8.00499
-341.122	7.99475
-341.826	8.01709
-342.53	7.94026
-343.234	7.91455
-343.939	7.93152
-344.643	7.89749
-345.348	7.7008
-346.051	7.61549
-346.756	7.52137
-347.46	7.41032
-348.165	7.46154
-348.87	7.47006
-349.574	7.53842
-350.28	7.54702
-350.984	7.47852
-351.689	7.5641
-352.395	7.52136
-353.099	7.61534
-353.805	7.7265
-354.509	7.70936
-355.215	7.79487
-355.921	7.66669
-356.625	7.71791
-357.331	7.71795
-358.036	7.72653
-358.742	7.73508
-359.448	7.64953
-360.153	7.62397
-360.859	7.57264
-361.564	7.60678
-362.27	7.64956
-362.977	7.63251
-363.682	7.61535
-364.389	7.59829
-365.095	7.6239
-365.801	7.67522
-366.508	7.7094
-367.213	7.77777
-367.92	7.72647
-368.627	7.73507
-369.332	7.58122
-370.04	7.51285
-370.747	7.55551
-371.452	7.6411
-372.16	7.61539
-372.867	7.65815
-373.573	7.60676
-374.281	7.64099
-374.988	7.72659
-375.694	7.90585
-376.402	8.05982
-377.11	8.01708
-377.816	7.9744
-378.524	7.84619
-379.232	7.84613
-379.938	7.86334
-380.647	7.83763
-381.355	7.76923
-382.061	7.7521
-382.77	7.78629
-383.478	7.75215
-384.185	7.69232
-384.893	7.82908
-385.602	7.79487
-386.309	7.81199
-387.017	7.78633
-387.726	7.72649
-388.433	7.69234
-389.142	7.58973
-389.851	7.64103
-390.56	7.76922
-391.267	7.73504
-391.977	7.72649
-392.686	7.66667
-393.393	7.67518
-394.103	7.65813
-394.812	7.75214
-395.521	7.72647
-396.229	7.718
-396.939	7.72649
-397.648	7.7265
-398.356	7.72642
-399.066	7.75213
-399.776	7.81196
-400.486	8.02569
-401.194	7.98277
-401.904	7.94014
-402.614	7.98286
-403.324	7.96859
-404.033	7.96386
-404.743	7.97177
-405.453	7.96538
-406.163	7.95628
-406.872	7.95729
-407.583	7.92309
-408.293	7.89744
-409.004	7.85469
-409.713	7.91454
-410.423	7.88892
-411.134	7.75214
-411.845	7.82905
-412.554	7.79488
-413.265	7.67525
-413.976	7.7265
-414.687	7.72649
-415.397	7.65821
-416.108	7.58121
-416.819	7.63248
-417.531	7.63248
-418.242	7.72657
-418.952	7.57264
-419.663	7.64963
-420.375	7.62393
-421.087	7.50427
-421.798	7.58115
-422.508	7.52149
-423.22	7.48722
-423.932	7.41028
-424.644	7.29061
-425.356	7.46155
-426.067	7.40173
-426.779	7.23934
-427.491	7.38462
-428.203	7.36753
-428.916	7.47012
-429.626	7.4273
-430.339	7.57262
-431.051	7.55553
-431.764	7.50429
-432.477	7.60688
-433.188	7.64113
-433.9	7.48729
-434.613	7.52996
-435.326	7.5641
-436.039	7.65813
-436.752	7.54703
-437.464	7.51278
-438.177	7.50426
-438.89	7.43588
-439.603	7.52137
-440.316	7.55553
-441.03	7.45293
-441.743	7.39314
-442.455	7.26497
-443.169	7.41874
-443.882	7.35895
-444.596	7.45297
-445.31	7.37607
-446.024	7.41028
-446.738	7.51286
-447.45	7.68366
-448.164	7.61534
-448.878	7.67523
-449.592	7.57262
-450.306	7.56411
-451.021	7.48717
-451.735	7.69229
-452.449	7.59824
-453.162	7.53853
-453.877	7.37607
-454.591	7.52132
-455.306	7.49571
-456.021	7.47862
-456.735	7.51282
-457.45	7.42733
-458.165	7.43592
-458.88	7.34183
-459.594	7.40174
-460.309	7.53846
-461.024	7.33332
-461.739	7.43586
-462.454	7.41879
-463.17	7.48716
-463.885	7.60684
-464.6	7.41026
-465.316	7.47861
-466.032	7.43586
-466.747	7.37608
-467.461	7.44452
-468.177	7.35898
-468.893	7.4017
-469.609	7.42731
-470.325	7.41022
-471.041	7.52989
-471.757	7.64956
-472.473	7.6752
-473.189	7.61538
-473.906	7.61539
-474.622	7.58977
-475.338	7.47009
-476.055	7.46152
-476.771	7.39312
-477.488	7.34183
-478.203	7.28207
-478.92	7.25637
-479.637	7.24784
-480.353	7.30766
-481.07	7.26495
-481.787	7.30771
-482.504	7.33332
-483.221	7.32479
-483.939	7.24788
-484.656	7.20515
-485.373	7.1795
-486.09	7.2735
-486.808	7.2393
-487.525	7.31623
-488.243	7.34188
-488.96	7.30766
-489.678	7.42732
-490.396	7.51281
-491.114	7.49574
-491.832	7.55556
-492.549	7.43591
-493.267	7.547
-493.985	7.50427
-494.704	7.54701
-495.422	7.5641
-496.14	7.52135
-496.858	7.52136
-497.577	7.56411
-498.295	7.50428
-499.014	7.5214
-499.732	7.39317
-500.451	7.3761
-501.169	7.37609
-501.888	7.39315
-502.607	7.40169
-503.326	7.41023
-504.045	7.51279
-504.764	7.52134
-505.483	7.42736
-506.202	7.33337
-506.921	7.43593
-507.64	7.52992
-508.36	7.37608
-509.079	7.3077
-509.799	7.31624
-510.518	7.28202
-511.238	7.32471
-511.957	7.48712
-512.677	7.58122
-513.397	7.5641
-514.118	7.48725
-514.838	7.47862
-515.558	7.5299
-516.278	7.51282
-516.998	7.42737
-517.718	7.38463
-518.438	7.29916
-519.159	7.30771
-519.879	7.25642
-520.599	7.22221
-521.32	7.28206
-522.04	7.31623
-522.761	7.35039
-523.482	7.39312
-524.202	7.34185
-524.923	7.39317
-525.646	7.41881
-526.367	7.52994
-527.088	7.58121
-527.809	7.50998
-528.53	7.55485
-529.251	7.55999
-529.972	7.59829
-530.693	7.55562
-531.415	7.35919
-532.136	7.28234
-532.858	7.18827
-533.581	7.14523
-534.302	7.04274
-535.024	6.99146
-535.746	6.90598
-536.468	6.98287
-537.189	7.0854
-537.911	7.36746
-538.633	7.47855
-539.355	7.39315
-540.079	7.33333
-540.801	7.35044
-541.524	7.35042
-542.246	7.38462
-542.968	7.44446
-543.691	7.44446
-544.413	7.22227
-545.136	7.27339
-545.86	7.40176
-546.583	7.43591
-547.305	7.32478
-548.028	7.40172
-548.751	7.3932
-549.474	7.41874
-550.197	7.39309
-550.922	7.52988
-551.645	7.43591
-552.368	7.34188
-553.091	7.36751
-553.815	7.42742
-554.538	7.4274
-555.263	7.47862
-555.987	7.37608
-556.71	7.30769
-557.434	7.3077
-558.158	7.23935
-558.882	7.37606
-559.607	7.35044
-560.331	7.37606
-561.055	7.34188
-561.779	7.22222
-562.503	7.1795
-563.227	7.2394
-563.953	7.24784
-564.677	7.2222
-565.402	7.1453
-566.126	7.1282
-566.851	7.094
-567.577	7.23086
-568.301	7.31626
-569.026	7.4615
-569.751	7.4273
-570.476	7.3504
-571.202	7.37602
-571.927	7.37606
-572.652	7.43591
-573.377	7.49579
-574.102	7.41876
-574.829	7.45302
-575.554	7.31624
-576.28	7.3504
-577.005	7.3761
-577.732	7.47861
-578.458	7.47008
-579.183	7.38463
-579.909	7.3761
-580.635	7.33333
-581.362	7.24787
-582.088	7.2735
-582.814	7.17953
-583.54	7.08564
-584.267	7.01706
-584.993	7.00855
-585.72	7.01712
-586.446	7.03416
-587.174	6.94874
-587.9	7.03418
-588.626	7.05975
-589.353	7.23063
-590.081	7.38465
-590.808	7.47008
-591.534	7.47859
-592.261	7.52988
-592.99	7.44444
-593.716	7.49999
-594.443	7.5
-595.17	7.54706
-595.899	7.47861
-596.626	7.35043
-597.353	7.27354
-598.081	7.2821
-598.81	7.31624
-599.537	7.36753
-600.264	7.31621
-600.994	7.37615
-601.721	7.39316
-602.449	7.47857
-603.176	7.41596
-603.906	7.42923
-604.634	7.45913
-605.362	7.45428
-606.091	7.51278
-606.819	7.46302
-607.547	7.4103
-608.277	7.47861
-609.005	7.37607
-609.734	7.41027
-610.462	7.3505
-611.192	7.34189
-611.921	7.33332
-612.649	7.51279
-613.379	7.44448
-614.108	7.51282
-614.837	7.49566
-615.567	7.49629
-616.296	7.51282
-617.025	7.51565
-617.756	7.52232
-618.485	7.51693
-619.214	7.5183
-619.945	7.51918
-620.674	7.51814
-621.403	7.51854
-622.134	7.51122
-622.864	7.48055
-623.593	7.4361
-624.324	7.41876
-625.054	7.27349
-625.784	7.27356
-626.515	7.15386
-627.245	7.22223
-627.975	7.11116
-628.707	7.10256
-629.437	7.15386
-630.167	7.2223
-630.899	7.23933
-631.629	7.26484
-632.361	7.2821
-633.091	7.24786
-633.822	7.23931
-634.554	7.30767
-635.284	7.31626
-636.015	7.248
-636.747	7.24785
-637.478	7.09406
-638.21	7.02566
-638.941	7.13675
-639.672	7.2136
-640.405	7.27354
-641.136	7.17949
-641.867	7.09403
-642.6	7.23932
-643.331	7.23931
-644.064	7.24782
-644.796	7.1966
-645.527	7.05993
-646.26	7.08548
-646.992	7.11103
-647.725	7.29067
-648.457	7.35042
-649.189	7.30758
-649.922	7.17949
-650.654	7.16245
-651.388	7.19655
-652.12	7.27358
-652.854	7.25637
-653.586	7.13677
-654.318	7.1025
-655.052	7.09402
-655.784	7.06827
-656.518	7.1453
-657.251	7.28204
-657.985	7.34191
-658.718	7.42733
-659.451	7.44428
-660.185	7.41026
-660.918	7.3419
-661.652	7.22217
-662.385	7.23083
-663.12	7.29051
-663.853	7.23079
-664.586	7.22224
-665.321	7.08547
-666.054	7.10241
-666.789	7.20515
-667.523	7.21361
-668.258	7.36752
-668.992	7.3419
-669.727	7.38462
-670.46	7.41024
-671.196	7.34189
-671.93	7.41882
-672.665	7.39319
-673.399	7.41879
-674.133	7.50421
-674.869	7.47009
-675.603	7.48721
-676.339	7.47009
-677.073	7.39318
-677.809	7.41879
-678.544	7.43594
-679.28	7.39316
-680.014	7.37608
-680.751	7.33334
-681.485	7.41876
-682.222	7.43591
-682.956	7.39313
-683.693	7.45299
-684.428	7.49573
-685.164	7.48535
-685.9	7.4945
-686.636	7.47982
-687.372	7.41538
