4.498670000000000186e+02 -4.779156551733039771e-01
4.492339999999999804e+02 -5.571255903756596739e-01
4.486009999999999991e+02 -5.931259193471554170e-01
4.479680000000000177e+02 -4.852072293500800382e-01
4.473360000000000127e+02 -4.960218499355943944e-01
4.467029999999999745e+02 -5.140768582970451916e-01
4.460690000000000168e+02 -4.493422261264900519e-01
4.454359999999999786e+02 -4.889342256818149379e-01
4.448029999999999973e+02 -4.997375758066236462e-01
4.441689999999999827e+02 -4.673958770462211532e-01
4.435360000000000014e+02 -4.278742253801720019e-01
4.429019999999999868e+02 -3.523827983196339275e-01
4.422699999999999818e+02 -4.207642250735705858e-01
4.416360000000000241e+02 -3.632778329511071047e-01
4.410029999999999859e+02 -3.669109849010209201e-01
4.403690000000000282e+02 -4.100724164821948903e-01
4.397350000000000136e+02 -4.100990925551746824e-01
4.391009999999999991e+02 -4.209011692332821908e-01
4.384669999999999845e+02 -5.036071116545057791e-01
4.378330000000000268e+02 -4.784930896372902032e-01
4.371990000000000123e+02 -5.072552886316118448e-01
4.365649999999999977e+02 -4.821370864466147932e-01
4.359329999999999927e+02 -5.647897117838944769e-01
4.352980000000000018e+02 -6.151106984409784317e-01
4.346639999999999873e+02 -6.187141957427356731e-01
4.340299999999999727e+02 -6.079639203011997228e-01
4.333960000000000150e+02 -6.079832714377310099e-01
4.327610000000000241e+02 -5.146201506128595948e-01
4.321270000000000095e+02 -5.469766577085608539e-01
4.314920000000000186e+02 -6.008669908177658447e-01
4.308580000000000041e+02 -6.260225609838476757e-01
4.302230000000000132e+02 -6.008990943195757772e-01
4.295889999999999986e+02 -5.614261862426266347e-01
4.289540000000000077e+02 -6.117321692109344289e-01
4.283190000000000168e+02 -5.794284433961347514e-01
4.276859999999999786e+02 -5.794034735944457726e-01
4.270509999999999877e+02 -6.189367930766553894e-01
4.264159999999999968e+02 -6.584407824346486526e-01
4.257810000000000059e+02 -6.189894643977683630e-01
4.251460000000000150e+02 -5.903014491857551116e-01
4.245110000000000241e+02 -5.365092617157127819e-01
4.238759999999999764e+02 -5.329541838709651591e-01
4.232409999999999854e+02 -5.006764431508037294e-01
4.226050000000000182e+02 -5.437508414033371817e-01
4.219700000000000273e+02 -5.365936116434462111e-01
4.213349999999999795e+02 -5.258585716556154477e-01
4.206990000000000123e+02 -4.756826901832664767e-01
4.200640000000000214e+02 -4.721262442152800998e-01
4.194289999999999736e+02 -4.291416365716080872e-01
4.187930000000000064e+02 -5.116350977634358532e-01
4.181569999999999823e+02 -5.295884689885661523e-01
4.175219999999999914e+02 -5.080962211938004902e-01
4.168860000000000241e+02 -4.292749015081605557e-01
4.162500000000000000e+02 -3.898792683364694089e-01
4.156150000000000091e+02 -3.827395136134546516e-01
4.149789999999999850e+02 -3.684486160527706278e-01
4.143430000000000177e+02 -3.541599405361188779e-01
4.137069999999999936e+02 -4.043659334189381171e-01
4.130710000000000264e+02 -3.291568461418266089e-01
4.124350000000000023e+02 -2.933700917029713473e-01
4.117989999999999782e+02 -2.647461766999467114e-01
4.111630000000000109e+02 -2.862934586213315979e-01
4.105260000000000105e+02 -3.078220102528890223e-01
4.098899999999999864e+02 -2.899564405574059922e-01
4.092540000000000191e+02 -3.687760085789196784e-01
4.086170000000000186e+02 -3.616596739273851280e-01
4.079809999999999945e+02 -3.294707429970444856e-01
4.073439999999999941e+02 -3.509953918419381758e-01
4.067080000000000268e+02 -3.725166488882156735e-01
4.060710000000000264e+02 -3.152898524086069632e-01
4.054350000000000023e+02 -3.940785643946278505e-01
4.047980000000000018e+02 -3.833687269139228193e-01
4.041610000000000014e+02 -3.977225337719539344e-01
4.035240000000000009e+02 -3.619618103415775945e-01
4.028879999999999768e+02 -4.371438319853829246e-01
4.022509999999999764e+02 -4.014088077609661576e-01
4.016139999999999759e+02 -4.801464791231295770e-01
4.009769999999999754e+02 -4.730205153797704121e-01
4.003399999999999750e+02 -5.553410610752128607e-01
3.997029999999999745e+02 -4.909747209724042993e-01
3.990649999999999977e+02 -5.124729675658463712e-01
3.984279999999999973e+02 -5.804181914303663259e-01
3.977909999999999968e+02 -5.983065256017446876e-01
3.971519999999999868e+02 -6.055642108979515381e-01
3.965149999999999864e+02 -6.591675207036040707e-01
3.958770000000000095e+02 -6.305942579349429478e-01
3.952400000000000091e+02 -7.092527966861799094e-01
3.946019999999999754e+02 -6.520646817922366445e-01
3.939649999999999750e+02 -7.128588520572369802e-01
3.933269999999999982e+02 -7.200192674873754362e-01
3.926890000000000214e+02 -6.378323364487158420e-01
3.920520000000000209e+02 -6.521375181795425746e-01
3.914139999999999873e+02 -5.878444621396371472e-01
3.907760000000000105e+02 -5.843233433734893456e-01
3.901379999999999768e+02 -4.914844918650075334e-01
3.895000000000000000e+02 -4.093090111697749722e-01
3.888609999999999900e+02 -4.521369929883810035e-01
3.882230000000000132e+02 -4.414832254931685962e-01
3.875849999999999795e+02 -3.986607019732515411e-01
3.869460000000000264e+02 -3.594165993755591426e-01
3.863079999999999927e+02 -3.130281642747180237e-01
3.856700000000000159e+02 -2.845101297409460273e-01
3.850319999999999823e+02 -2.524257769259324879e-01
3.843929999999999723e+02 -3.096095693759325362e-01
3.837549999999999955e+02 -2.739734910285793745e-01
3.831159999999999854e+02 -2.918231044755000836e-01
3.824759999999999991e+02 -2.990534743240849114e-01
3.818380000000000223e+02 -3.204985063566023751e-01
3.811990000000000123e+02 -4.097457995031379419e-01
3.805600000000000023e+02 -3.598020863362773047e-01
3.799220000000000255e+02 -3.812527474318677667e-01
3.792830000000000155e+02 -4.348223109015231791e-01
3.786440000000000055e+02 -3.991912456131635478e-01
3.780049999999999955e+02 -4.349509389305747376e-01
3.773650000000000091e+02 -4.206222854021706703e-01
3.767259999999999991e+02 -2.886799251633220820e-01
3.760860000000000127e+02 -2.994410458131259167e-01
3.754470000000000027e+02 -1.818108180121849049e-01
3.748079999999999927e+02 -1.890354149262981620e-01
3.741689999999999827e+02 -1.534588304348892818e-01
3.735299999999999727e+02 -1.142682102055188054e-01
3.728890000000000100e+02 -1.035615075814769748e-01
3.722500000000000000e+02 -1.607026563854921930e-01
3.716100000000000136e+02 -6.806272136884672364e-02
3.709710000000000036e+02 -1.322807375064164459e-01
3.703310000000000173e+02 -1.607683255052134719e-01
3.696909999999999741e+02 -1.822541702861816271e-01
3.690500000000000114e+02 -1.645197700570334431e-01
3.684110000000000014e+02 -2.002019761613422766e-01
3.677710000000000150e+02 -2.145147470982861071e-01
3.671309999999999718e+02 -2.430769987630542195e-01
3.664909999999999854e+02 -1.504738491373894815e-01
3.658509999999999991e+02 -2.040040354061353201e-01
3.652099999999999795e+02 -2.040176109220538381e-01
3.645699999999999932e+02 -1.221788573042240644e-01
3.639300000000000068e+02 -1.364757169332161402e-01
3.632900000000000205e+02 -1.436863071731593333e-01
3.626490000000000009e+02 -1.259614656872948268e-01
3.620079999999999814e+02 -1.437692993802475172e-01
3.613670000000000186e+02 -1.545150571717111010e-01
3.607269999999999754e+02 -2.043818045148962925e-01
3.600869999999999891e+02 -1.830671695678371957e-01
3.594460000000000264e+02 -2.471312838661949840e-01
3.588039999999999736e+02 -2.935811785011640529e-01
3.581639999999999873e+02 -3.113749329865964643e-01
3.575230000000000246e+02 -3.541075639486768178e-01
3.568829999999999814e+02 -2.901654708909632285e-01
3.562420000000000186e+02 -3.079861057170041327e-01
3.556000000000000227e+02 -2.973027810318512598e-01
3.549590000000000032e+02 -2.689024294642973212e-01
3.543179999999999836e+02 -3.258660077847514991e-01
3.536770000000000209e+02 -3.080851476314254711e-01
3.530350000000000250e+02 -2.263631469317568534e-01
3.523940000000000055e+02 -2.050750407101259443e-01
3.517520000000000095e+02 -2.051273139962835890e-01
3.511109999999999900e+02 -3.296501532703487447e-01
3.504689999999999941e+02 -2.834469123235430210e-01
3.498269999999999982e+02 -2.657241550788700390e-01
3.491859999999999786e+02 -2.764366009929332124e-01
3.485450000000000159e+02 -2.871089649018976342e-01
3.479019999999999868e+02 -2.978872584885213781e-01
3.472599999999999909e+02 -3.334354423167384951e-01
3.466190000000000282e+02 -3.405929189370739962e-01
3.459769999999999754e+02 -3.548565201439729533e-01
3.453340000000000032e+02 -3.086886074810872849e-01
3.446929999999999836e+02 -2.803161084085776800e-01
3.440509999999999877e+02 -3.016943048353066814e-01
3.434089999999999918e+02 -3.088515868673004094e-01
3.427660000000000196e+02 -3.444021833738463156e-01
3.421240000000000236e+02 -2.698384408539558077e-01
3.414820000000000277e+02 -2.521353515400400758e-01
3.408399999999999750e+02 -2.557737207867695206e-01
3.401970000000000027e+02 -2.238168622798324403e-01
3.395539999999999736e+02 -2.167817604944457521e-01
3.389119999999999777e+02 -2.346163315921981907e-01
3.382690000000000055e+02 -2.168466272299174324e-01
3.376259999999999764e+02 -1.281891728300019739e-01
3.369839999999999804e+02 -7.145405172249852388e-02
3.363419999999999845e+02 -1.034382662747606041e-01
3.356979999999999791e+02 -1.496597167734760037e-01
3.350550000000000068e+02 -1.603554238836024659e-01
3.344130000000000109e+02 -1.923095283044172765e-01
3.337690000000000055e+02 -1.817723862161063630e-01
3.331259999999999764e+02 -1.640720988149240167e-01
3.324830000000000041e+02 -6.838838352201259685e-02
3.318389999999999986e+02 -1.109205572581123400e-01
3.311960000000000264e+02 -5.074999927282297651e-02
3.305539999999999736e+02 -7.565768966290631337e-02
3.299110000000000014e+02 -2.608548851389447254e-02
3.292660000000000196e+02 5.793498596484925045e-03
3.286229999999999905e+02 5.536643173911715010e-02
3.279800000000000182e+02 4.114850705907580064e-02
3.273360000000000127e+02 1.618953761112018608e-02
3.266929999999999836e+02 -6.537888798858648709e-02
3.260489999999999782e+02 -7.961443520901123616e-02
3.254049999999999727e+02 -9.740748994627590474e-02
3.247610000000000241e+02 -5.493116123906505166e-02
3.241179999999999950e+02 -8.333967696524990920e-02
3.234730000000000132e+02 -6.215614045793160791e-02
3.228290000000000077e+02 -5.870790713243401182e-02
3.221840000000000259e+02 8.606271390746433880e-03
3.215409999999999968e+02 1.557575531485888565e-02
3.208969999999999914e+02 8.983564696569878993e-02
3.202520000000000095e+02 1.323490764859623914e-01
3.196080000000000041e+02 1.286886466711780752e-01
3.189639999999999986e+02 1.604755045539346670e-01
3.183190000000000168e+02 2.064376623903018126e-01
3.176750000000000114e+02 1.426279336514409968e-01
3.170310000000000059e+02 3.997965004216463836e-02
3.163860000000000241e+02 3.976900436454888776e-02
3.157420000000000186e+02 1.852386041182274568e-02
3.150980000000000132e+02 -3.463805466029201696e-02
3.144519999999999982e+02 -4.890944164734034594e-02
3.138079999999999927e+02 -7.373512596353792858e-02
3.131619999999999777e+02 -8.795519619188352234e-02
3.125179999999999723e+02 -1.092731971791959245e-01
3.118729999999999905e+02 -9.875703667778845674e-02
3.112269999999999754e+02 2.859325618072461328e-02
3.105830000000000268e+02 -2.455470407298199209e-02
3.099370000000000118e+02 -4.586356408932967810e-02
3.092919999999999732e+02 -3.528728625301169597e-02
3.086469999999999914e+02 -5.657646650872394378e-02
3.080009999999999764e+02 1.762940673967283711e-02
3.073570000000000277e+02 5.994959991179771297e-02
3.067099999999999795e+02 7.410313706907334375e-02
3.060649999999999977e+02 5.983782124488812304e-02
3.054200000000000159e+02 5.618154155747079326e-02
3.047740000000000009e+02 5.262498281067384820e-02
3.041290000000000191e+02 4.906146181079584778e-02
3.034820000000000277e+02 1.479057408504264037e-01
3.028369999999999891e+02 2.114280326623224626e-01
3.021920000000000073e+02 2.607194334870949204e-01
3.015450000000000159e+02 2.289223801993042207e-01
3.008999999999999773e+02 1.581318423785299521e-01
3.002529999999999859e+02 2.605592682100917878e-01
2.996080000000000041e+02 5.432372964412007788e-01
2.989610000000000127e+02 4.186812662953487418e-01
2.983149999999999977e+02 6.454394569268631088e-01
2.976700000000000159e+02 5.301751292640428659e-01
2.970230000000000246e+02 5.460189376039686904e-01
2.963770000000000095e+02 3.791568065144992894e-01
2.957300000000000182e+02 3.262214139336049867e-01
2.950840000000000032e+02 4.031167848389170527e-01
2.944370000000000118e+02 2.206841334050959336e-01
2.937909999999999968e+02 2.974923035750777212e-01
2.931429999999999723e+02 7.088358190253318813e-01
2.924970000000000141e+02 6.983766414599001937e-01
2.918500000000000227e+02 5.682882506010661361e-01
2.912040000000000077e+02 5.240299370873459095e-01
2.905570000000000164e+02 6.498944705626282792e-01
2.899100000000000250e+02 8.096003308471457771e-01
2.892629999999999768e+02 1.044204369509285080e+00
2.886159999999999854e+02 1.185147381615325290e+00
2.879689999999999941e+02 1.283068634265932983e+00
2.873210000000000264e+02 1.296531133645198119e+00
2.866750000000000114e+02 1.259536184298370110e+00
2.860269999999999868e+02 1.440132392839587050e+00
2.853799999999999955e+02 1.503032496583687205e+00
2.847320000000000277e+02 1.465812389682212835e+00
2.840849999999999795e+02 1.636069176680328807e+00
2.834370000000000118e+02 1.714617348398288499e+00
2.827900000000000205e+02 1.883260655417812401e+00
2.821419999999999959e+02 2.026642081683227570e+00
2.814950000000000045e+02 2.094983945293294791e+00
2.808469999999999800e+02 2.253521872037566709e+00
2.801990000000000123e+02 2.116878717807872512e+00
2.795509999999999877e+02 2.029749764705774062e+00
2.789039999999999964e+02 2.081491531744224854e+00
2.782549999999999955e+02 2.083880114047909071e+00
2.776080000000000041e+02 2.094561620013132064e+00
2.769590000000000032e+02 2.040570368466573026e+00
2.763120000000000118e+02 2.123519767021409432e+00
2.756630000000000109e+02 2.053807657296693456e+00
2.750149999999999864e+02 2.128109954232016765e+00
2.743659999999999854e+02 2.473788132205112511e+00
2.737189999999999941e+02 2.737649193638613809e+00
2.730699999999999932e+02 2.809888511183867621e+00
2.724220000000000255e+02 2.746771436067501959e+00
2.717730000000000246e+02 2.644702769128391306e+00
2.711240000000000236e+02 2.566617744032887227e+00
2.704759999999999991e+02 2.434110461842077910e+00
2.698260000000000218e+02 2.513640111361552076e+00
2.691779999999999973e+02 2.663125728898530387e+00
2.685289999999999964e+02 2.445447497952082383e+00
2.678809999999999718e+02 2.391935873655198996e+00
2.672309999999999945e+02 2.323587730512386873e+00
2.665830000000000268e+02 2.417586819797091557e+00
2.659329999999999927e+02 2.719389409051782280e+00
2.652839999999999918e+02 2.850450793647743009e+00
2.646349999999999909e+02 3.057303562276381115e+00
2.639850000000000136e+02 2.934219107988015551e+00
2.633369999999999891e+02 2.880162010644597093e+00
2.626870000000000118e+02 3.009217368479984778e+00
2.620380000000000109e+02 2.902392881796851842e+00
2.613879999999999768e+02 3.098426762900063025e+00
2.607400000000000091e+02 2.999532236087859349e+00
2.600899999999999750e+02 2.787829175846347596e+00
2.594390000000000214e+02 2.907557785854111287e+00
2.587900000000000205e+02 2.816972833485992922e+00
2.581399999999999864e+02 2.831446437475875211e+00
2.574909999999999854e+02 2.793732199546365980e+00
2.568410000000000082e+02 3.015856154579021453e+00
2.561899999999999977e+02 3.185059501055702569e+00
2.555409999999999968e+02 3.094748631901749647e+00
2.548899999999999864e+02 3.203728420682587785e+00
2.542410000000000139e+02 3.202071985836889567e+00
2.535910000000000082e+02 3.039133031465087065e+00
2.529399999999999977e+02 3.044922354003519516e+00
2.522899999999999920e+02 3.116506763203548580e+00
2.516399999999999864e+02 3.274317151035928131e+00
2.509900000000000091e+02 3.054992320668309169e+00
2.503389999999999986e+02 3.074987410571841107e+00
2.496879999999999882e+02 3.188531266404980968e+00
2.490380000000000109e+02 3.214927314069409459e+00
2.483870000000000005e+02 3.370285511707730830e+00
2.477359999999999900e+02 3.510220183876611610e+00
2.470860000000000127e+02 3.450210615594932584e+00
2.464350000000000023e+02 3.610300557714421377e+00
2.457849999999999966e+02 3.387568638891305550e+00
2.451330000000000098e+02 3.511611853648210602e+00
2.444819999999999993e+02 3.416828956322723432e+00
2.438319999999999936e+02 3.336791928254896344e+00
2.431800000000000068e+02 3.277821986337498661e+00
2.425289999999999964e+02 3.268082645446225065e+00
2.418779999999999859e+02 3.466672934837699227e+00
2.412270000000000039e+02 3.601938925676693160e+00
2.405749999999999886e+02 3.480744768794083566e+00
2.399240000000000066e+02 3.704318869752247334e+00
2.392719999999999914e+02 3.693329334301780786e+00
2.386200000000000045e+02 3.798580064850861859e+00
2.379699999999999989e+02 3.773429758293301628e+00
2.373180000000000121e+02 3.925321681550615338e+00
2.366670000000000016e+02 3.913576847177211437e+00
2.360149999999999864e+02 3.908248591252662330e+00
2.353629999999999995e+02 4.017828666398216342e+00
2.347100000000000080e+02 4.227457667614038961e+00
2.340600000000000023e+02 4.194282021383668457e+00
2.334070000000000107e+02 4.168106359795631377e+00
2.327549999999999955e+02 4.388574479004824447e+00
2.321040000000000134e+02 4.554271797461526994e+00
2.314509999999999934e+02 4.520436540046894436e+00
2.307980000000000018e+02 4.677960531292653990e+00
2.301469999999999914e+02 4.663456794273779238e+00
2.294939999999999998e+02 4.583297185733862911e+00
2.288420000000000130e+02 4.457796196031120317e+00
2.281899999999999977e+02 4.672017001969805960e+00
2.275370000000000061e+02 4.832851085145426495e+00
2.268839999999999861e+02 4.921491123284634561e+00
2.262330000000000041e+02 5.067166073186288422e+00
2.255800000000000125e+02 5.257275290556743919e+00
2.249269999999999925e+02 5.247117933211325358e+00
2.242729999999999961e+02 5.281824923357172352e+00
2.236220000000000141e+02 5.430655832333774136e+00
2.229679999999999893e+02 5.470684533910600500e+00
2.223149999999999977e+02 5.522705831208650551e+00
2.216630000000000109e+02 5.423104678244076382e+00
2.210099999999999909e+02 5.310949468760203906e+00
2.203559999999999945e+02 5.193282624500928257e+00
2.197019999999999982e+02 5.138989047257656040e+00
2.190500000000000114e+02 5.165970322036712581e+00
2.183969999999999914e+02 5.161495979540964285e+00
2.177429999999999950e+02 5.138451875945432512e+00
2.170889999999999986e+02 5.177232007663246982e+00
2.164370000000000118e+02 5.067825907365309135e+00
2.157829999999999870e+02 5.161657295110201993e+00
2.151289999999999907e+02 5.095568141295256481e+00
2.144749999999999943e+02 5.261574811769871296e+00
2.138220000000000027e+02 5.262347761489305498e+00
2.131680000000000064e+02 5.275017377102024341e+00
2.125140000000000100e+02 5.311746469210761212e+00
2.118600000000000136e+02 5.203751527100395791e+00
2.112069999999999936e+02 5.330167052385126780e+00
2.105529999999999973e+02 5.276308958048449682e+00
2.098979999999999961e+02 5.228720583894694407e+00
2.092439999999999998e+02 5.139571674181352634e+00
2.085910000000000082e+02 5.128120229662699536e+00
2.079360000000000070e+02 5.104740523419458498e+00
2.072820000000000107e+02 5.069633562261057769e+00
2.066270000000000095e+02 4.929270715126532032e+00
2.059739999999999895e+02 5.029051290570800248e+00
2.053189999999999884e+02 5.005762381604887068e+00
2.046639999999999873e+02 4.936330238704962348e+00
2.040089999999999861e+02 4.942242965822012835e+00
2.033540000000000134e+02 4.930724409535295116e+00
2.027009999999999934e+02 4.753091943271305908e+00
2.020459999999999923e+02 4.690609027322018676e+00
2.013909999999999911e+02 4.560175304087428216e+00
2.007350000000000136e+02 4.680250436800128533e+00
2.000800000000000125e+02 4.624096092660759716e+00
1.994259999999999877e+02 4.500570667155080251e+00
1.987709999999999866e+02 4.490113304179135234e+00
1.981160000000000139e+02 4.440583017750214800e+00
1.974600000000000080e+02 4.513764817379506411e+00
1.968050000000000068e+02 4.391923829265947710e+00
1.961510000000000105e+02 4.359721450866676840e+00
1.954950000000000045e+02 4.481780509605179930e+00
1.948389999999999986e+02 4.361015038138038591e+00
1.941839999999999975e+02 4.290366702540611143e+00
1.935279999999999916e+02 4.334664154377469103e+00
1.928739999999999952e+02 4.394788224827573586e+00
1.922179999999999893e+02 4.367848978457445241e+00
1.915620000000000118e+02 4.502807323370319637e+00
1.909060000000000059e+02 4.690556210576335872e+00
1.902500000000000000e+02 4.764325185564952214e+00
1.895939999999999941e+02 4.666449936297468959e+00
1.889389999999999930e+02 4.803070086502766678e+00
1.882829999999999870e+02 4.901676604732778664e+00
1.876270000000000095e+02 5.009909897036330051e+00
1.869699999999999989e+02 4.970085990626488481e+00
1.863139999999999930e+02 4.951278418335253839e+00
1.856570000000000107e+02 4.838438504402314599e+00
1.850010000000000048e+02 4.757680674852753810e+00
1.843460000000000036e+02 4.832713712559176145e+00
1.836889999999999930e+02 4.943209475437766898e+00
1.830329999999999870e+02 5.047427208249635200e+00
1.823760000000000048e+02 5.099695285493043073e+00
1.817189999999999941e+02 5.049405560101305923e+00
1.810620000000000118e+02 5.344826054170294327e+00
1.804050000000000011e+02 5.561836947127089203e+00
1.797500000000000000e+02 5.645644331611310740e+00
1.790929999999999893e+02 5.824454592143536225e+00
1.784360000000000070e+02 5.826568554061637428e+00
1.777789999999999964e+02 5.898231011644772259e+00
1.771220000000000141e+02 5.924352572453887689e+00
1.764650000000000034e+02 5.955218531404037563e+00
1.758069999999999879e+02 6.005193561963735327e+00
1.751500000000000057e+02 5.937063110305367708e+00
1.744939999999999998e+02 5.996028859923898224e+00
1.738369999999999891e+02 6.142141147622740327e+00
1.731790000000000020e+02 6.228672075246996620e+00
1.725219999999999914e+02 6.343324610269367447e+00
1.718640000000000043e+02 6.490442650212229658e+00
1.712059999999999889e+02 6.602565657669213550e+00
1.705490000000000066e+02 6.689929655199668979e+00
1.698909999999999911e+02 6.733469464932506199e+00
1.692330000000000041e+02 6.700880848499668474e+00
1.685749999999999886e+02 6.658889472658738207e+00
1.679190000000000111e+02 6.743686305708047612e+00
1.672609999999999957e+02 6.701430435095273808e+00
1.666030000000000086e+02 6.849890026975478108e+00
1.659449999999999932e+02 6.723804825809594377e+00
1.652870000000000061e+02 6.561714334031596429e+00
1.646279999999999859e+02 6.570467599060785702e+00
1.639699999999999989e+02 6.656662395053340120e+00
1.633120000000000118e+02 6.792031813306247834e+00
1.626539999999999964e+02 6.803658941970891050e+00
1.619950000000000045e+02 6.702045386270008898e+00
1.613369999999999891e+02 6.668558201462863266e+00
1.606779999999999973e+02 6.554500179006796934e+00
1.600190000000000055e+02 6.561446138277616136e+00
1.593609999999999900e+02 6.612580847762655090e+00
1.587040000000000077e+02 6.618923591871597623e+00
1.580449999999999875e+02 6.664280962490185090e+00
1.573859999999999957e+02 6.625911034215430817e+00
1.567270000000000039e+02 6.674770423402360819e+00
1.560680000000000121e+02 6.636292482420053318e+00
1.554089999999999918e+02 6.645376652027702669e+00
1.547500000000000000e+02 6.675572955705376899e+00
1.540910000000000082e+02 6.636849592217819449e+00
1.534319999999999879e+02 6.640724444573694818e+00
1.527729999999999961e+02 6.640092341533630815e+00
1.521140000000000043e+02 6.584322865772336719e+00
1.514540000000000077e+02 6.575037082597431137e+00
1.507949999999999875e+02 6.565528774128393863e+00
1.501359999999999957e+02 6.813889578171874462e+00
1.494759999999999991e+02 6.894063619685329769e+00
1.488170000000000073e+02 6.923642735368955137e+00
1.481570000000000107e+02 7.084001428677414225e+00
1.474970000000000141e+02 7.071019818165634518e+00
1.468379999999999939e+02 7.155397507592986983e+00
1.461779999999999973e+02 7.198240187800898582e+00
1.455180000000000007e+02 7.332923986956512152e+00
1.448580000000000041e+02 7.373891521782987901e+00
1.441980000000000075e+02 7.206679049323557962e+00
1.435380000000000109e+02 7.290861779159669709e+00
1.428779999999999859e+02 7.338326460036718402e+00
1.422179999999999893e+02 7.455814508568693100e+00
1.415579999999999927e+02 7.493579499701472635e+00
1.408979999999999961e+02 7.511126290860420163e+00
1.402379999999999995e+02 7.520373452183020113e+00
1.395769999999999982e+02 7.513721612608581069e+00
1.389170000000000016e+02 7.621974164666586837e+00
1.382560000000000002e+02 7.850702999690660100e+00
1.375960000000000036e+02 7.981948202258527303e+00
1.369350000000000023e+02 8.088826076346567362e+00
1.362750000000000057e+02 8.126592657949544218e+00
1.356140000000000043e+02 8.253315387014579230e+00
1.349540000000000077e+02 8.367150209151297702e+00
1.342930000000000064e+02 8.583002519130063845e+00
1.336320000000000050e+02 8.792457278799524545e+00
1.329710000000000036e+02 8.918765983309409506e+00
1.323100000000000023e+02 8.995928030052537494e+00
1.316490000000000009e+02 9.213101717860196160e+00
1.309879999999999995e+02 9.279724379675688084e+00
1.303269999999999982e+02 9.320132906082880808e+00
1.296659999999999968e+02 9.527168125429234635e+00
1.290049999999999955e+02 9.610948302010385191e+00
1.283420000000000130e+02 9.622572855006167103e+00
1.276809999999999974e+02 9.658252691342321228e+00
1.270190000000000055e+02 9.787084288731776383e+00
1.263580000000000041e+02 9.681541082582336699e+00
1.256959999999999980e+02 9.541918763912399015e+00
1.250349999999999966e+02 9.575019946473936727e+00
1.243730000000000047e+02 9.566263643584219878e+00
1.237120000000000033e+02 9.519647961024054084e+00
1.230499999999999972e+02 9.540499436774824815e+00
1.223880000000000052e+02 9.516818513880902941e+00
1.217259999999999991e+02 9.336011827901216975e+00
1.210639999999999930e+02 9.113521877287034556e+00
1.204030000000000058e+02 9.097710997024423207e+00
1.197409999999999997e+02 9.028917418133659112e+00
1.190780000000000030e+02 8.780879567184289414e+00
1.184150000000000063e+02 8.706690601472235613e+00
1.177530000000000001e+02 8.568738798464638151e+00
1.170909999999999940e+02 8.383722984045013149e+00
1.164279999999999973e+02 8.203415797765869044e+00
1.157660000000000053e+02 8.122996112787973289e+00
1.151039999999999992e+02 8.014555455572013543e+00
1.144410000000000025e+02 7.841156143300105796e+00
1.137789999999999964e+02 7.678570189698406878e+00
1.131159999999999997e+02 7.638065084782143188e+00
1.124539999999999935e+02 7.548334726613425971e+00
1.117890000000000015e+02 7.449647973220024255e+00
1.111269999999999953e+02 7.424860162301917477e+00
1.104639999999999986e+02 7.312212269125338615e+00
1.098010000000000019e+02 7.215437420115857314e+00
1.091380000000000052e+02 7.095527292247121309e+00
1.084749999999999943e+02 7.038712023922649053e+00
1.078119999999999976e+02 6.811606270957140552e+00
1.071490000000000009e+02 6.677476590752257302e+00
1.064849999999999994e+02 6.358072157308894745e+00
1.058209999999999980e+02 6.088994989518145218e+00
1.051580000000000013e+02 5.754219105629218234e+00
1.044950000000000045e+02 5.645331975318719664e+00
1.038319999999999936e+02 5.390402525337646189e+00
1.031680000000000064e+02 5.166298265683491486e+00
1.025049999999999955e+02 4.958702413624273220e+00
1.018400000000000034e+02 4.872403873175357170e+00
1.011760000000000019e+02 4.726489455684490082e+00
1.005130000000000052e+02 4.765332009186656670e+00
9.984900000000000375e+01 4.759716290410731965e+00
9.918529999999999802e+01 4.729532730175059818e+00
9.852150000000000318e+01 4.680413596441002078e+00
9.785769999999999413e+01 4.815009098615299798e+00
9.719230000000000302e+01 4.979282124099916551e+00
9.652830000000000155e+01 5.132624056941831547e+00
9.586430000000000007e+01 5.251926028868971308e+00
9.520029999999999859e+01 5.412982369612841183e+00
9.453610000000000468e+01 5.645521866893184360e+00
9.387199999999999989e+01 5.874130234793732086e+00
9.320619999999999550e+01 6.020999462192688334e+00
9.254200000000000159e+01 6.189629048820494361e+00
9.187760000000000105e+01 6.200776177574087278e+00
9.121320000000000050e+01 6.258070722439509126e+00
9.054879999999999995e+01 6.257396165556327716e+00
8.988280000000000314e+01 6.389952208424158009e+00
8.921819999999999595e+01 6.403777983265467100e+00
8.855360000000000298e+01 6.356756589967850424e+00
8.788890000000000668e+01 6.304938847502082666e+00
8.722419999999999618e+01 6.423076928381587614e+00
8.655939999999999657e+01 6.512752237108238695e+00
8.589300000000000068e+01 6.644699135780093080e+00
8.522809999999999775e+01 6.681281937131759108e+00
8.456319999999999482e+01 6.769020842156882267e+00
8.389820000000000277e+01 6.750231800023825279e+00
8.323160000000000025e+01 6.809612502244992704e+00
8.256650000000000489e+01 6.822461165923067838e+00
8.190130000000000621e+01 6.896178603522571393e+00
8.123609999999999332e+01 6.910666965761667058e+00
8.057080000000000553e+01 6.808755863986037049e+00
7.990389999999999304e+01 6.823974775021449446e+00
7.923850000000000193e+01 6.878532918530041229e+00
7.857299999999999329e+01 6.954492245786841664e+00
7.790749999999999886e+01 6.996589519327653939e+00
7.724039999999999395e+01 7.001642403965985473e+00
7.657479999999999620e+01 7.044629376409751842e+00
7.590909999999999513e+01 6.959003219211577829e+00
7.524339999999999407e+01 7.001483124064782793e+00
7.457760000000000389e+01 6.997962885657980969e+00
7.391020000000000323e+01 6.865811203616256186e+00
7.324429999999999552e+01 6.808057958021513478e+00
7.257829999999999870e+01 6.658493176786266510e+00
7.191230000000000189e+01 6.560836411210991592e+00
7.124469999999999459e+01 6.528768551346563420e+00
7.057850000000000534e+01 6.448947396656985909e+00
6.991230000000000189e+01 6.474675493981671970e+00
6.924609999999999843e+01 6.357220992943884319e+00
6.857829999999999870e+01 6.321960676568509463e+00
6.791190000000000282e+01 6.271620126462869038e+00
6.724550000000000693e+01 6.186742405358464758e+00
6.657750000000000057e+01 6.137927083689044494e+00
6.591100000000000136e+01 6.027149697373258341e+00
6.524439999999999884e+01 5.980364521308306536e+00
6.457769999999999300e+01 5.896913505056263993e+00
6.390950000000000131e+01 5.791440987638666549e+00
6.324269999999999925e+01 5.739664043568384777e+00
6.257589999999999719e+01 5.719499739216209910e+00
6.190899999999999892e+01 5.686873878613346811e+00
6.124060000000000059e+01 5.632259835452420482e+00
6.057359999999999900e+01 5.590482624412606683e+00
5.990659999999999741e+01 5.553147864665696432e+00
5.923799999999999955e+01 5.421456496867920194e+00
5.857079999999999842e+01 5.280672626088662724e+00
5.790359999999999729e+01 5.242372850557935671e+00
5.723629999999999995e+01 5.157629456892060205e+00
5.656750000000000256e+01 5.033934837191286427e+00
5.590010000000000190e+01 4.991154303006008597e+00
5.523270000000000124e+01 4.908090255317892669e+00
5.456360000000000099e+01 4.854667253948428574e+00
5.389609999999999701e+01 4.822720982317612481e+00
5.322849999999999682e+01 4.829884054629128620e+00
5.255930000000000035e+01 4.863334600865992563e+00
5.189159999999999684e+01 4.755971688426869015e+00
5.122379999999999711e+01 4.729018859994802426e+00
5.055440000000000111e+01 4.686208377239549527e+00
4.988660000000000139e+01 4.611087515019750782e+00
4.921860000000000213e+01 4.531122107322422821e+00
4.854910000000000281e+01 4.459177416011510964e+00
4.788100000000000023e+01 4.433641432374057167e+00
4.721289999999999765e+01 4.374355336679246697e+00
4.654319999999999879e+01 4.285154761750371577e+00
4.587500000000000000e+01 4.242024293186051231e+00
4.520669999999999789e+01 4.124973536531479468e+00
4.453679999999999950e+01 4.060375165345114112e+00
4.386840000000000117e+01 4.004213653667362927e+00
4.320000000000000284e+01 3.993861826196016374e+00
4.252989999999999782e+01 3.910460470715463099e+00
4.186129999999999995e+01 3.816829734745205371e+00
4.119270000000000209e+01 3.692465238858949839e+00
4.052250000000000085e+01 3.620623136116347673e+00
3.985379999999999967e+01 3.570528819335939907e+00
3.918500000000000227e+01 3.538816779011856983e+00
3.851460000000000150e+01 3.477314962387482389e+00
3.784570000000000078e+01 3.407957291306820569e+00
3.717519999999999669e+01 3.318088596985903305e+00
3.650619999999999976e+01 3.239096185484964696e+00
3.583709999999999951e+01 3.191231663979679389e+00
3.516640000000000299e+01 3.139061048436548429e+00
3.449719999999999942e+01 3.056577713300277388e+00
3.382800000000000296e+01 2.997369346418997882e+00
3.315709999999999980e+01 2.908996901775221300e+00
3.248780000000000001e+01 2.791045448180211164e+00
3.181680000000000064e+01 2.716614041256604661e+00
3.114730000000000132e+01 2.661227444083448912e+00
3.047779999999999845e+01 2.622678551037747496e+00
2.980669999999999931e+01 2.505083686638398532e+00
2.913700000000000045e+01 2.445076838448544621e+00
2.846730000000000160e+01 2.394266266123434406e+00
2.779599999999999937e+01 2.296005605028675678e+00
2.712620000000000076e+01 2.225023908287055985e+00
2.645479999999999876e+01 2.163055269519451596e+00
2.578490000000000038e+01 2.088000032183798371e+00
2.511329999999999885e+01 1.989921229966216787e+00
2.444330000000000069e+01 1.889225441849097908e+00
2.377319999999999922e+01 1.832586352205050284e+00
2.310150000000000148e+01 1.727238786144475347e+00
2.243130000000000024e+01 1.645950545069370108e+00
2.175949999999999918e+01 1.566325821905272919e+00
2.108909999999999840e+01 1.480990589818328207e+00
2.041870000000000118e+01 1.411493144911807995e+00
1.974680000000000035e+01 1.314681728620696877e+00
1.907629999999999981e+01 1.242591687682411461e+00
1.840419999999999945e+01 1.177116668190469007e+00
1.773349999999999937e+01 1.101243109341806470e+00
1.706129999999999924e+01 1.053351056559668431e+00
1.639059999999999917e+01 9.806318290944184835e-01
1.571979999999999933e+01 9.232953080713952598e-01
1.504739999999999966e+01 8.783965799720152567e-01
1.437650000000000006e+01 8.261504632065389542e-01
1.370410000000000039e+01 7.887344984601935005e-01
1.303299999999999947e+01 7.348406768568862546e-01
1.236040000000000028e+01 6.892481760330602114e-01
1.168929999999999936e+01 6.430583916840095782e-01
1.101660000000000039e+01 6.122464294841367671e-01
1.034529999999999994e+01 6.049186921734084343e-01
9.672489999999999810e+00 5.883006141740165784e-01
9.001129999999999853e+00 5.709080855457779879e-01
8.329710000000000392e+00 5.462793340523667274e-01
7.656710000000000349e+00 5.357813169101086626e-01
6.985170000000000101e+00 5.642325838953869965e-01
6.312050000000000161e+00 5.806703259849618215e-01
5.640399999999999636e+00 5.846498274070002221e-01
4.967170000000000307e+00 5.644161997867064295e-01
4.295410000000000394e+00 5.248303627930350768e-01
3.622059999999999835e+00 4.735122939097444195e-01
2.950180000000000025e+00 4.092686966777004942e-01
2.276720000000000077e+00 3.362812578127938878e-01
1.604729999999999990e+00 2.477144001370936710e-01
9.311519999999999797e-01 1.446774432092212404e-01
2.590439999999999965e-01 4.025040407282687999e-02
