4.498670000000000186e+02 -2.196863534825706787e-01
4.492339999999999804e+02 -2.619237789188280652e-01
4.486009999999999991e+02 -2.811393454063889630e-01
4.479680000000000177e+02 -2.237971850398107476e-01
4.473360000000000127e+02 -2.296227596336435917e-01
4.467029999999999745e+02 -2.392919287635786041e-01
4.460690000000000168e+02 -2.049727271704143705e-01
4.454359999999999786e+02 -2.260809902791489634e-01
4.448029999999999973e+02 -2.318911986401380743e-01
4.441689999999999827e+02 -2.148030591702744796e-01
4.435360000000000014e+02 -1.939195002651087629e-01
4.429019999999999868e+02 -1.539801073722224523e-01
4.422699999999999818e+02 -1.903267543871869361e-01
4.416360000000000241e+02 -1.599588824425584033e-01
4.410029999999999859e+02 -1.619840531708144904e-01
4.403690000000000282e+02 -1.849346388415611386e-01
4.397350000000000136e+02 -1.850404157065625721e-01
4.391009999999999991e+02 -1.908464265038288532e-01
4.384669999999999845e+02 -2.346708773848942553e-01
4.378330000000000268e+02 -2.214683236472702321e-01
4.371990000000000123e+02 -2.367438610659332587e-01
4.365649999999999977e+02 -2.235485989627721271e-01
4.359329999999999927e+02 -2.672649264905916366e-01
4.352980000000000018e+02 -2.938838148678307727e-01
4.346639999999999873e+02 -2.958349272841298561e-01
4.340299999999999727e+02 -2.902147447378859990e-01
4.333960000000000150e+02 -2.902763941729301633e-01
4.327610000000000241e+02 -2.411285455415652923e-01
4.321270000000000095e+02 -2.582432764608790787e-01
4.314920000000000186e+02 -2.866837728186694689e-01
4.308580000000000041e+02 -2.999774839473448029e-01
4.302230000000000132e+02 -2.868065872904417279e-01
4.295889999999999986e+02 -2.660987982146973407e-01
4.289540000000000077e+02 -2.926079460978560087e-01
4.283190000000000168e+02 -2.756818523985313796e-01
4.276859999999999786e+02 -2.757259616291618531e-01
4.270509999999999877e+02 -2.965435950419084143e-01
4.264159999999999968e+02 -3.173296865255477162e-01
4.257810000000000059e+02 -2.966699361966146364e-01
4.251460000000000150e+02 -2.816718707676475475e-01
4.245110000000000241e+02 -2.535230452953374236e-01
4.238759999999999764e+02 -2.517260072554375894e-01
4.232409999999999854e+02 -2.348824518660741489e-01
4.226050000000000182e+02 -2.575142418010887835e-01
4.219700000000000273e+02 -2.538322099938663534e-01
4.213349999999999795e+02 -2.482808704632107066e-01
4.206990000000000123e+02 -2.221030216760394305e-01
4.200640000000000214e+02 -2.203221116162537296e-01
4.194289999999999736e+02 -1.979344062098790380e-01
4.187930000000000064e+02 -2.411234474066988598e-01
4.181569999999999823e+02 -2.505714128580754929e-01
4.175219999999999914e+02 -2.394187769415898337e-01
4.168860000000000241e+02 -1.983573478499543741e-01
4.162500000000000000e+02 -1.778948191004147972e-01
4.156150000000000091e+02 -1.742681062224201716e-01
4.149789999999999850e+02 -1.669169855765333943e-01
4.143430000000000177e+02 -1.595728919766341569e-01
4.137069999999999936e+02 -1.858257352992933042e-01
4.130710000000000264e+02 -1.467631776053832104e-01
4.124350000000000023e+02 -1.282478302268501014e-01
4.117989999999999782e+02 -1.134734219368376817e-01
4.111630000000000109e+02 -1.248005165592209753e-01
4.105260000000000105e+02 -1.361092254123817957e-01
4.098899999999999864e+02 -1.269395887608275597e-01
4.092540000000000191e+02 -1.679954313338249405e-01
4.086170000000000186e+02 -1.644017353566709083e-01
4.079809999999999945e+02 -1.477984344594078236e-01
4.073439999999999941e+02 -1.590742001704761321e-01
4.067080000000000268e+02 -1.703392103681268255e-01
4.060710000000000264e+02 -1.407747900912014738e-01
4.054350000000000023e+02 -1.817123746366637038e-01
4.047980000000000018e+02 -1.762610119271895426e-01
4.041610000000000014e+02 -1.837908917575258594e-01
4.035240000000000009e+02 -1.653781324561168775e-01
4.028879999999999768e+02 -2.043754861334143302e-01
4.022509999999999764e+02 -1.859826258584369452e-01
4.016139999999999759e+02 -2.267791432126657625e-01
4.009769999999999754e+02 -2.231752249574245894e-01
4.003399999999999750e+02 -2.657752533674652140e-01
3.997029999999999745e+02 -2.326047272139115663e-01
3.990649999999999977e+02 -2.437763403677961904e-01
3.984279999999999973e+02 -2.789011420437008670e-01
3.977909999999999968e+02 -2.881837657861002766e-01
3.971519999999999868e+02 -2.919791840381782411e-01
3.965149999999999864e+02 -3.196526594932559973e-01
3.958770000000000095e+02 -3.049766962864698394e-01
3.952400000000000091e+02 -3.455231953597881489e-01
3.946019999999999754e+02 -3.161215744976250686e-01
3.939649999999999750e+02 -3.474407196033784118e-01
3.933269999999999982e+02 -3.511534550623874873e-01
3.926890000000000214e+02 -3.089344006904151674e-01
3.920520000000000209e+02 -3.163308795744227964e-01
3.914139999999999873e+02 -2.833506630013453154e-01
3.907760000000000105e+02 -2.815990868577179507e-01
3.901379999999999768e+02 -2.340090515502789015e-01
3.895000000000000000e+02 -1.919278326439744220e-01
3.888609999999999900e+02 -2.139837293422786058e-01
3.882230000000000132e+02 -2.086068766918032780e-01
3.875849999999999795e+02 -1.867512571191458637e-01
3.869460000000000264e+02 -1.667463241524923534e-01
3.863079999999999927e+02 -1.430996756902746525e-01
3.856700000000000159e+02 -1.286178587203942736e-01
3.850319999999999823e+02 -1.123234073602863425e-01
3.843929999999999723e+02 -1.416909223677343399e-01
3.837549999999999955e+02 -1.235890813175645198e-01
3.831159999999999854e+02 -1.328307049624639080e-01
3.824759999999999991e+02 -1.366414253363387732e-01
3.818380000000000223e+02 -1.477059022887987627e-01
3.811990000000000123e+02 -1.933631863509888138e-01
3.805600000000000023e+02 -1.679790721628455774e-01
3.799220000000000255e+02 -1.790205846587319405e-01
3.792830000000000155e+02 -2.064246745879101397e-01
3.786440000000000055e+02 -1.883587120284798966e-01
3.780049999999999955e+02 -2.066664492744891835e-01
3.773650000000000091e+02 -1.994601674809277636e-01
3.767259999999999991e+02 -1.324083929472660848e-01
3.760860000000000127e+02 -1.380008912257911780e-01
3.754470000000000027e+02 -7.830615257678041896e-02
3.748079999999999927e+02 -8.211869373036051467e-02
3.741689999999999827e+02 -6.418304943018837694e-02
3.735299999999999727e+02 -4.442678878729255931e-02
3.728890000000000100e+02 -3.914676393269667098e-02
3.722500000000000000e+02 -6.829869193634274804e-02
3.716100000000000136e+02 -2.145493418117044859e-02
3.709710000000000036e+02 -5.417861779943222711e-02
3.703310000000000173e+02 -6.876748199419396856e-02
3.696909999999999741e+02 -7.979745199448728954e-02
3.690500000000000114e+02 -7.095792785525573132e-02
3.684110000000000014e+02 -8.916396791763459007e-02
3.677710000000000150e+02 -9.654299430318596942e-02
3.671309999999999718e+02 -1.111230313989358121e-01
3.664909999999999854e+02 -6.443468524251499963e-02
3.658509999999999991e+02 -9.163381421265937021e-02
3.652099999999999795e+02 -9.177723659701192416e-02
3.645699999999999932e+02 -5.059011226782261783e-02
3.639300000000000068e+02 -5.795953698912853502e-02
3.632900000000000205e+02 -6.174785155609768816e-02
3.626490000000000009e+02 -5.295811678244982668e-02
3.620079999999999814e+02 -6.208801179688844263e-02
3.613670000000000186e+02 -6.765193944403752324e-02
3.607269999999999754e+02 -9.291604194867336686e-02
3.600869999999999891e+02 -8.232085023618856967e-02
3.594460000000000264e+02 -1.147036870725165469e-01
3.588039999999999736e+02 -1.381989279974513152e-01
3.581639999999999873e+02 -1.472645010808267818e-01
3.575230000000000246e+02 -1.688583778508447319e-01
3.568829999999999814e+02 -1.368364682413854561e-01
3.562420000000000186e+02 -1.459053529746488498e-01
3.556000000000000227e+02 -1.406572950782722931e-01
3.549590000000000032e+02 -1.265228133242084496e-01
3.543179999999999836e+02 -1.552194469238580288e-01
3.536770000000000209e+02 -1.464154782817713718e-01
3.530350000000000250e+02 -1.055723451337871044e-01
3.523940000000000055e+02 -9.503946150784220448e-02
3.517520000000000095e+02 -9.520239816155129375e-02
3.511109999999999900e+02 -1.576708830469178424e-01
3.504689999999999941e+02 -1.346635196426778092e-01
3.498269999999999982e+02 -1.259199324828273459e-01
3.491859999999999786e+02 -1.313994634750296209e-01
3.485450000000000159e+02 -1.368545074757106517e-01
3.479019999999999868e+02 -1.423583912366977455e-01
3.472599999999999909e+02 -1.602255579938844376e-01
3.466190000000000282e+02 -1.639077604757580020e-01
3.459769999999999754e+02 -1.711323779675174572e-01
3.453340000000000032e+02 -1.482147346836902857e-01
3.446929999999999836e+02 -1.341866688785500750e-01
3.440509999999999877e+02 -1.449599536799331401e-01
3.434089999999999918e+02 -1.486414219431654860e-01
3.427660000000000196e+02 -1.664557736146779487e-01
3.421240000000000236e+02 -1.294573796941154709e-01
3.414820000000000277e+02 -1.207746186531452048e-01
3.408399999999999750e+02 -1.227107910913035616e-01
3.401970000000000027e+02 -1.069542183059823959e-01
3.395539999999999736e+02 -1.035923452753315099e-01
3.389119999999999777e+02 -1.125834601985014616e-01
3.382690000000000055e+02 -1.038937420472775264e-01
3.376259999999999764e+02 -6.003837331312489312e-02
3.369839999999999804e+02 -3.205241340903486336e-02
3.363419999999999845e+02 -4.807387122716128003e-02
3.356979999999999791e+02 -7.113774167602987530e-02
3.350550000000000068e+02 -7.658458643657839460e-02
3.344130000000000109e+02 -9.255249838416668151e-02
3.337690000000000055e+02 -8.747751212056642522e-02
3.331259999999999764e+02 -7.886301148045959941e-02
3.324830000000000041e+02 -3.169266914522261835e-02
3.318389999999999986e+02 -5.288227500566444750e-02
3.311960000000000264e+02 -2.330976131654444172e-02
3.305539999999999736e+02 -3.578042043145085449e-02
3.299110000000000014e+02 -1.147256303408483724e-02
3.292660000000000196e+02 4.083084387056290510e-03
3.286229999999999905e+02 2.835342813119595684e-02
3.279800000000000182e+02 2.115159768594376821e-02
3.273360000000000127e+02 8.661920571582826245e-03
3.266929999999999836e+02 -3.170396623218590948e-02
3.260489999999999782e+02 -3.888052545540332527e-02
3.254049999999999727e+02 -4.780212611825040980e-02
3.247610000000000241e+02 -2.706430344045546166e-02
3.241179999999999950e+02 -4.120385903343365408e-02
3.234730000000000132e+02 -3.095400152745397815e-02
3.228290000000000077e+02 -2.942722604825698252e-02
3.221840000000000259e+02 3.465635937583533277e-03
3.215409999999999968e+02 6.705104062646072283e-03
3.208969999999999914e+02 4.296285969307939157e-02
3.202520000000000095e+02 6.361678876965470852e-02
3.196080000000000041e+02 6.161361310400703672e-02
3.189639999999999986e+02 7.698472029477188006e-02
3.183190000000000168e+02 9.928647693096270821e-02
3.176750000000000114e+02 6.781605718273941985e-02
3.170310000000000059e+02 1.736207782336179895e-02
3.163860000000000241e+02 1.706964092386276111e-02
3.157420000000000186e+02 6.490641597033997012e-03
3.150980000000000132e+02 -1.968165956489820179e-02
3.144519999999999982e+02 -2.682906581648020206e-02
3.138079999999999927e+02 -3.912487695253558107e-02
3.131619999999999777e+02 -4.623300547642683611e-02
3.125179999999999723e+02 -5.679844008256651477e-02
3.118729999999999905e+02 -5.182681429602287171e-02
3.112269999999999754e+02 1.010590158319996101e-02
3.105830000000000268e+02 -1.598349096402806868e-02
3.099370000000000118e+02 -2.654041952085012257e-02
3.092919999999999732e+02 -2.156174456613590973e-02
3.086469999999999914e+02 -3.209761154420354146e-02
3.080009999999999764e+02 3.836025333659509595e-03
3.073570000000000277e+02 2.423248963767887787e-02
3.067099999999999795e+02 3.091827801072960513e-02
3.060649999999999977e+02 2.379014749282259977e-02
3.054200000000000159e+02 2.182064874481220995e-02
3.047740000000000009e+02 1.990079471714628623e-02
3.041290000000000191e+02 1.797935034480963035e-02
3.034820000000000277e+02 6.573183515717861969e-02
3.028369999999999891e+02 9.631775398311426262e-02
3.021920000000000073e+02 1.199802000481493547e-01
3.015450000000000159e+02 1.043403286061438395e-01
3.008999999999999773e+02 6.983359110261339042e-02
3.002529999999999859e+02 1.191930627279192967e-01
2.996080000000000041e+02 2.442090455747195077e-01
2.989610000000000127e+02 1.836793492982161657e-01
2.983149999999999977e+02 2.923808667610742207e-01
2.976700000000000159e+02 2.363602387149285611e-01
2.970230000000000246e+02 2.434687782470893735e-01
2.963770000000000095e+02 1.627062961933203045e-01
2.957300000000000182e+02 1.367811502956709502e-01
2.950840000000000032e+02 1.732648461040091348e-01
2.944370000000000118e+02 8.516474429895480591e-02
2.937909999999999968e+02 1.216005211718630408e-01
2.931429999999999723e+02 3.185379175508769034e-01
2.924970000000000141e+02 3.129842820330892006e-01
2.918500000000000227e+02 2.500801889170095049e-01
2.912040000000000077e+02 2.283667411468562891e-01
2.905570000000000164e+02 2.881668247462044752e-01
2.899100000000000250e+02 3.641197888865261856e-01
2.892629999999999768e+02 4.758543546011583247e-01
2.886159999999999854e+02 5.426850763215650408e-01
2.879689999999999941e+02 5.888860945679608161e-01
2.873210000000000264e+02 5.946777212919082123e-01
2.866750000000000114e+02 5.763609183590364671e-01
2.860269999999999868e+02 6.619712979911928086e-01
2.853799999999999955e+02 6.913271866141177391e-01
2.847320000000000277e+02 6.728869508872765692e-01
2.840849999999999795e+02 7.534157586639019799e-01
2.834370000000000118e+02 7.901552509548240844e-01
2.827900000000000205e+02 8.697951536725665456e-01
2.821419999999999959e+02 9.373328761900565631e-01
2.814950000000000045e+02 9.690886549468502587e-01
2.808469999999999800e+02 1.043737844769987877e+00
2.801990000000000123e+02 9.779172549064171216e-01
2.795509999999999877e+02 9.356976824121248093e-01
2.789039999999999964e+02 9.595143503517438166e-01
2.782549999999999955e+02 9.598648545097516749e-01
2.776080000000000041e+02 9.641563939741695233e-01
2.769590000000000032e+02 9.377492197042388566e-01
2.763120000000000118e+02 9.763327118314060193e-01
2.756630000000000109e+02 9.424917593318135056e-01
2.750149999999999864e+02 9.769418546908638090e-01
2.743659999999999854e+02 1.139927845830112751e+00
2.737189999999999941e+02 1.264028359164502957e+00
2.730699999999999932e+02 1.297315319742687878e+00
2.724220000000000255e+02 1.266534756107884352e+00
2.717730000000000246e+02 1.217360755900988689e+00
2.711240000000000236e+02 1.179569051682655800e+00
2.704759999999999991e+02 1.116099661035424795e+00
2.698260000000000218e+02 1.152826416505418283e+00
2.691779999999999973e+02 1.222548194537977473e+00
2.685289999999999964e+02 1.118958692516115683e+00
2.678809999999999718e+02 1.092892955839253277e+00
2.672309999999999945e+02 1.059854916181479201e+00
2.665830000000000268e+02 1.103352037749469883e+00
2.659329999999999927e+02 1.244686748664389553e+00
2.652839999999999918e+02 1.305512188470592694e+00
2.646349999999999909e+02 1.401950805659534671e+00
2.639850000000000136e+02 1.343107625433313634e+00
2.633369999999999891e+02 1.316775645934861183e+00
2.626870000000000118e+02 1.376520200981570463e+00
2.620380000000000109e+02 1.325410784632137462e+00
2.613879999999999768e+02 1.416548565743138255e+00
2.607400000000000091e+02 1.369192649091092839e+00
2.600899999999999750e+02 1.268958339874914021e+00
2.594390000000000214e+02 1.324221413876947917e+00
2.587900000000000205e+02 1.280867865664670813e+00
2.581399999999999864e+02 1.286770397668848265e+00
2.574909999999999854e+02 1.268232634441140094e+00
2.568410000000000082e+02 1.371328666678611086e+00
2.561899999999999977e+02 1.449572924964331211e+00
2.555409999999999968e+02 1.406394866662788123e+00
2.548899999999999864e+02 1.456405451432754905e+00
2.542410000000000139e+02 1.454685305687243746e+00
2.535910000000000082e+02 1.377648996989930819e+00
2.529399999999999977e+02 1.379441120939271848e+00
2.522899999999999920e+02 1.411932012719831819e+00
2.516399999999999864e+02 1.484606513849290099e+00
2.509900000000000091e+02 1.381417193266603949e+00
2.503389999999999986e+02 1.389828053106667127e+00
2.496879999999999882e+02 1.441799881930391436e+00
2.490380000000000109e+02 1.453159105493471381e+00
2.483870000000000005e+02 1.524513160000473322e+00
2.477359999999999900e+02 1.588630106975591927e+00
2.470860000000000127e+02 1.559742996286253458e+00
2.464350000000000023e+02 1.633153027538472246e+00
2.457849999999999966e+02 1.528698280905888440e+00
2.451330000000000098e+02 1.585322106212377458e+00
2.444819999999999993e+02 1.540356577071766209e+00
2.438319999999999936e+02 1.502274019155119378e+00
2.431800000000000068e+02 1.473991201172806020e+00
2.425289999999999964e+02 1.468549642177699122e+00
2.418779999999999859e+02 1.559607060110134835e+00
2.412270000000000039e+02 1.621265509800945637e+00
2.405749999999999886e+02 1.564190297697215071e+00
2.399240000000000066e+02 1.666638126163797251e+00
2.392719999999999914e+02 1.660546962624690703e+00
2.386200000000000045e+02 1.708178514918885726e+00
2.379699999999999989e+02 1.695538308550694984e+00
2.373180000000000121e+02 1.764645878115339572e+00
2.366670000000000016e+02 1.758178212587177658e+00
2.360149999999999864e+02 1.754675676250991412e+00
2.353629999999999995e+02 1.804155971212741960e+00
2.347100000000000080e+02 1.899696368760126042e+00
2.340600000000000023e+02 1.883312743109453180e+00
2.334070000000000107e+02 1.870163053756302540e+00
2.327549999999999955e+02 1.970533796071812782e+00
2.321040000000000134e+02 2.045620732067644276e+00
2.314509999999999934e+02 2.028895474221731110e+00
2.307980000000000018e+02 2.100128221795325878e+00
2.301469999999999914e+02 2.092278648745748093e+00
2.294939999999999998e+02 2.054288527351197491e+00
2.288420000000000130e+02 1.995527997516991947e+00
2.281899999999999977e+02 2.092657541938513166e+00
2.275370000000000061e+02 2.165218367674799804e+00
2.268839999999999861e+02 2.204627150695213977e+00
2.262330000000000041e+02 2.270130309292698545e+00
2.255800000000000125e+02 2.355914474098598443e+00
2.249269999999999925e+02 2.349967876047258653e+00
2.242729999999999961e+02 2.364548214708436014e+00
2.236220000000000141e+02 2.431301971092160397e+00
2.229679999999999893e+02 2.448264539580340848e+00
2.223149999999999977e+02 2.470692314821620439e+00
2.216630000000000109e+02 2.423873417914550910e+00
2.210099999999999909e+02 2.371367538250317875e+00
2.203559999999999945e+02 2.316395277241216188e+00
2.197019999999999982e+02 2.290370008672810709e+00
2.190500000000000114e+02 2.301413415470969337e+00
2.183969999999999914e+02 2.298116727436663176e+00
2.177429999999999950e+02 2.286367073525836346e+00
2.170889999999999986e+02 2.302765150174705955e+00
2.164370000000000118e+02 2.251745271837066742e+00
2.157829999999999870e+02 2.293176032651243368e+00
2.151289999999999907e+02 2.261891943593268284e+00
2.144749999999999943e+02 2.336065938443113943e+00
2.138220000000000027e+02 2.335152079079680920e+00
2.131680000000000064e+02 2.339636874739734917e+00
2.125140000000000100e+02 2.355031755614222622e+00
2.118600000000000136e+02 2.304796446915573505e+00
2.112069999999999936e+02 2.360840719728150017e+00
2.105529999999999973e+02 2.335173592999345793e+00
2.098979999999999961e+02 2.312368153885850930e+00
2.092439999999999998e+02 2.270779197725693699e+00
2.085910000000000082e+02 2.264376639048590434e+00
2.079360000000000070e+02 2.252584323883006334e+00
2.072820000000000107e+02 2.235506314239555259e+00
2.066270000000000095e+02 2.170900881944533900e+00
2.059739999999999895e+02 2.214779090474436885e+00
2.053189999999999884e+02 2.203076874609899871e+00
2.046639999999999873e+02 2.170573892472178024e+00
2.040089999999999861e+02 2.172070477215809259e+00
2.033540000000000134e+02 2.165711679427398728e+00
2.027009999999999934e+02 2.084544589273171322e+00
2.020459999999999923e+02 2.055291285155798509e+00
2.013909999999999911e+02 1.995490184397066269e+00
2.007350000000000136e+02 2.048415479921344762e+00
2.000800000000000125e+02 2.022068794629917843e+00
1.994259999999999877e+02 1.965477245828588293e+00
1.987709999999999866e+02 1.959720560891289098e+00
1.981160000000000139e+02 1.936430017201257181e+00
1.974600000000000080e+02 1.968221814640350509e+00
1.968050000000000068e+02 1.912521089167849020e+00
1.961510000000000105e+02 1.897058410288382735e+00
1.954950000000000045e+02 1.950726543206580565e+00
1.948389999999999986e+02 1.895596754981887955e+00
1.941839999999999975e+02 1.862956115283068925e+00
1.935279999999999916e+02 1.881774935761236334e+00
1.928739999999999952e+02 1.907657672528159987e+00
1.922179999999999893e+02 1.894597099530655138e+00
1.915620000000000118e+02 1.953882263607126468e+00
1.909060000000000059e+02 2.036686112433530482e+00
1.902500000000000000e+02 2.068536769122375052e+00
1.895939999999999941e+02 2.023781132191515120e+00
1.889389999999999930e+02 2.083637877830092133e+00
1.882829999999999870e+02 2.126493578641156734e+00
1.876270000000000095e+02 2.173597838965385165e+00
1.869699999999999989e+02 2.154728881822771225e+00
1.863139999999999930e+02 2.145234380510333327e+00
1.856570000000000107e+02 2.093917514495025056e+00
1.850010000000000048e+02 2.056917570927509153e+00
1.843460000000000036e+02 2.089193490244754425e+00
1.836889999999999930e+02 2.137189062943315232e+00
1.830329999999999870e+02 2.182353642424050832e+00
1.823760000000000048e+02 2.204419413287288965e+00
1.817189999999999941e+02 2.180973041761758324e+00
1.810620000000000118e+02 2.310823666193759784e+00
1.804050000000000011e+02 2.405803138911808414e+00
1.797500000000000000e+02 2.441695693814334156e+00
1.790929999999999893e+02 2.519610055334309706e+00
1.784360000000000070e+02 2.519261237347385496e+00
1.777789999999999964e+02 2.549674085476898888e+00
1.771220000000000141e+02 2.559925769980026189e+00
1.764650000000000034e+02 2.572264655441292902e+00
1.758069999999999879e+02 2.593029824496572822e+00
1.751500000000000057e+02 2.561641881016557321e+00
1.744939999999999998e+02 2.586364429549444122e+00
1.738369999999999891e+02 2.649493956795581084e+00
1.731790000000000020e+02 2.686297928677646940e+00
1.725219999999999914e+02 2.735458703634413347e+00
1.718640000000000043e+02 2.798866967048518450e+00
1.712059999999999889e+02 2.846811171781157501e+00
1.705490000000000066e+02 2.883819192761762906e+00
1.698909999999999911e+02 2.901519179096174739e+00
1.692330000000000041e+02 2.885743488160080084e+00
1.685749999999999886e+02 2.865853191576234860e+00
1.679190000000000111e+02 2.901657421499620693e+00
1.672609999999999957e+02 2.881663853761887939e+00
1.666030000000000086e+02 2.945348136878268352e+00
1.659449999999999932e+02 2.888599979272036489e+00
1.652870000000000061e+02 2.816129434666848397e+00
1.646279999999999859e+02 2.818559424462271590e+00
1.639699999999999989e+02 2.854893363451143529e+00
1.633120000000000118e+02 2.912710314190499528e+00
1.626539999999999964e+02 2.916350475148999255e+00
1.619950000000000045e+02 2.870481954686897819e+00
1.613369999999999891e+02 2.854428209076236733e+00
1.606779999999999973e+02 2.803201394219807518e+00
1.600190000000000055e+02 2.804844978294982027e+00
1.593609999999999900e+02 2.825769094191449504e+00
1.587040000000000077e+02 2.827142463051570243e+00
1.580449999999999875e+02 2.845516124279045211e+00
1.573859999999999957e+02 2.827396214814604125e+00
1.567270000000000039e+02 2.847277877093282061e+00
1.560680000000000121e+02 2.829129174120337264e+00
1.554089999999999918e+02 2.831689023134009719e+00
1.547500000000000000e+02 2.843426480008893531e+00
1.540910000000000082e+02 2.825201708378142662e+00
1.534319999999999879e+02 2.825498859683376107e+00
1.527729999999999961e+02 2.823839643890913020e+00
1.521140000000000043e+02 2.798256392727642705e+00
1.514540000000000077e+02 2.792858145804899550e+00
1.507949999999999875e+02 2.787371493314513060e+00
1.501359999999999957e+02 2.893624850901264089e+00
1.494759999999999991e+02 2.926932844949359680e+00
1.488170000000000073e+02 2.938309701938397023e+00
1.481570000000000107e+02 3.006256008462025786e+00
1.474970000000000141e+02 2.999176360183791967e+00
1.468379999999999939e+02 3.034187650450778317e+00
1.461779999999999973e+02 3.051218973891435038e+00
1.455180000000000007e+02 3.107890594654205696e+00
1.448580000000000041e+02 3.124060220968124302e+00
1.441980000000000075e+02 3.050412208044730455e+00
1.435380000000000109e+02 3.085227725801877430e+00
1.428779999999999859e+02 3.104185929947957501e+00
1.422179999999999893e+02 3.153286555694242210e+00
1.415579999999999927e+02 3.168017255697314738e+00
1.408979999999999961e+02 3.174033976925231038e+00
1.402379999999999995e+02 3.176475674396948001e+00
1.395769999999999982e+02 3.172078645957459475e+00
1.389170000000000016e+02 3.217057721146643789e+00
1.382560000000000002e+02 3.313727042826329683e+00
1.375960000000000036e+02 3.368460461216609581e+00
1.369350000000000023e+02 3.412683344924772655e+00
1.362750000000000057e+02 3.427230383005240189e+00
1.356140000000000043e+02 3.479885523618717169e+00
1.349540000000000077e+02 3.526970148444723119e+00
1.342930000000000064e+02 3.617684256665404607e+00
1.336320000000000050e+02 3.705570013580545830e+00
1.329710000000000036e+02 3.757804554539142750e+00
1.323100000000000023e+02 3.788976384896626914e+00
1.316490000000000009e+02 3.879943056534326473e+00
1.309879999999999995e+02 3.906521558218194468e+00
1.303269999999999982e+02 3.921883654870791602e+00
1.296659999999999968e+02 4.008321548355996633e+00
1.290049999999999955e+02 4.042112468407297321e+00
1.283420000000000130e+02 4.045109411044157888e+00
1.276809999999999974e+02 4.058356980557026539e+00
1.270190000000000055e+02 4.111251405616065391e+00
1.263580000000000041e+02 4.064351377273615284e+00
1.256959999999999980e+02 4.002999802425487808e+00
1.250349999999999966e+02 4.015145886810630671e+00
1.243730000000000047e+02 4.009490307372169049e+00
1.237120000000000033e+02 3.987763907145476239e+00
1.230499999999999972e+02 3.994696632909453538e+00
1.223880000000000052e+02 3.982727885823802882e+00
1.217259999999999991e+02 3.904138509503465748e+00
1.210639999999999930e+02 3.807960985726684289e+00
1.204030000000000058e+02 3.799442101169513641e+00
1.197409999999999997e+02 3.768494835068216808e+00
1.190780000000000030e+02 3.661717619718001249e+00
1.184150000000000063e+02 3.628587104776463068e+00
1.177530000000000001e+02 3.568535113418468629e+00
1.170909999999999940e+02 3.488656482549186144e+00
1.164279999999999973e+02 3.410845548941578986e+00
1.157660000000000053e+02 3.375283134914234484e+00
1.151039999999999992e+02 3.327934449681264173e+00
1.144410000000000025e+02 3.253238140697918279e+00
1.137789999999999964e+02 3.183178410316549023e+00
1.131159999999999997e+02 3.164618759812941384e+00
1.124539999999999935e+02 3.125353570884935372e+00
1.117890000000000015e+02 3.082353024581130807e+00
1.111269999999999953e+02 3.070488150142773875e+00
1.104639999999999986e+02 3.021695326624221689e+00
1.098010000000000019e+02 2.979622882804003670e+00
1.091380000000000052e+02 2.927877330231900554e+00
1.084749999999999943e+02 2.902671183935577659e+00
1.078119999999999976e+02 2.806043595365392829e+00
1.071490000000000009e+02 2.748505017452041788e+00
1.064849999999999994e+02 2.613369065540993130e+00
1.058209999999999980e+02 2.499455532171672711e+00
1.051580000000000013e+02 2.358152895800934790e+00
1.044950000000000045e+02 2.311528261565534148e+00
1.038319999999999936e+02 2.203866344674543232e+00
1.031680000000000064e+02 2.109201240124520371e+00
1.025049999999999955e+02 2.021533731543714296e+00
1.018400000000000034e+02 1.984612316139077182e+00
1.011760000000000019e+02 1.922846632724499738e+00
1.005130000000000052e+02 1.938227772218416245e+00
9.984900000000000375e+01 1.935054416550667122e+00
9.918529999999999802e+01 1.921646613179563312e+00
9.852150000000000318e+01 1.900365851784319604e+00
9.785769999999999413e+01 1.955596432570321896e+00
9.719230000000000302e+01 2.023118738444737108e+00
9.652830000000000155e+01 2.086027829755272567e+00
9.586430000000000007e+01 2.134722678761418191e+00
9.520029999999999859e+01 2.200716513130419827e+00
9.453610000000000468e+01 2.296327580341837926e+00
9.387199999999999989e+01 2.390209271244223110e+00
9.320619999999999550e+01 2.450083394812496262e+00
9.254200000000000159e+01 2.518921327496415952e+00
9.187760000000000105e+01 2.522426287441337234e+00
9.121320000000000050e+01 2.545042451214876600e+00
9.054879999999999995e+01 2.543637951460330004e+00
8.988280000000000314e+01 2.597359130632795221e+00
8.921819999999999595e+01 2.601926839976364203e+00
8.855360000000000298e+01 2.581340323169287743e+00
8.788890000000000668e+01 2.558794343556152207e+00
8.722419999999999618e+01 2.606448321115656608e+00
8.655939999999999657e+01 2.642307044299957663e+00
8.589300000000000068e+01 2.695562389233079781e+00
8.522809999999999775e+01 2.709450794363360782e+00
8.456319999999999482e+01 2.744404153655386924e+00
8.389820000000000277e+01 2.735450078712306166e+00
8.323160000000000025e+01 2.758679096050852042e+00
8.256650000000000489e+01 2.762743981660032766e+00
8.190130000000000621e+01 2.791833586760533947e+00
8.123609999999999332e+01 2.796552030337920769e+00
8.057080000000000553e+01 2.753454130593946836e+00
7.990389999999999304e+01 2.758485915776847985e+00
7.923850000000000193e+01 2.779657851100276300e+00
7.857299999999999329e+01 2.809585052964105767e+00
7.790749999999999886e+01 2.825601640507401591e+00
7.724039999999999395e+01 2.826422684457208234e+00
7.657479999999999620e+01 2.842779148949662105e+00
7.590909999999999513e+01 2.806483631696572001e+00
7.524339999999999407e+01 2.822627173782413124e+00
7.457760000000000389e+01 2.819948329344535765e+00
7.391020000000000323e+01 2.764710125418658571e+00
7.324429999999999552e+01 2.739917305410409121e+00
7.257829999999999870e+01 2.677675556397230761e+00
7.191230000000000189e+01 2.636676635380157396e+00
7.124469999999999459e+01 2.622462767050142141e+00
7.057850000000000534e+01 2.588805934944382159e+00
6.991230000000000189e+01 2.598177636603314689e+00
6.924609999999999843e+01 2.549249933465422391e+00
6.857829999999999870e+01 2.533816061363266314e+00
6.791190000000000282e+01 2.512268833467046658e+00
6.724550000000000693e+01 2.476707208320406028e+00
6.657750000000000057e+01 2.455831713785022519e+00
6.591100000000000136e+01 2.409823018492371016e+00
6.524439999999999884e+01 2.389832746405189834e+00
6.457769999999999300e+01 2.354992682171625606e+00
6.390950000000000131e+01 2.311261067933271018e+00
6.324269999999999925e+01 2.289334642973745115e+00
6.257589999999999719e+01 2.280234148476144806e+00
6.190899999999999892e+01 2.266100419665364019e+00
6.124060000000000059e+01 2.243085803156927405e+00
6.057359999999999900e+01 2.225288608510589849e+00
5.990659999999999741e+01 2.209306486534917013e+00
5.923799999999999955e+01 2.155231309756299396e+00
5.857079999999999842e+01 2.097546144798105860e+00
5.790359999999999729e+01 2.081270848440575971e+00
5.723629999999999995e+01 2.046285989335594468e+00
5.656750000000000256e+01 1.995639483643558920e+00
5.590010000000000190e+01 1.977642543675486975e+00
5.523270000000000124e+01 1.943448026701990461e+00
5.456360000000000099e+01 1.921216194660995580e+00
5.389609999999999701e+01 1.907648152033674771e+00
5.322849999999999682e+01 1.909815612417800956e+00
5.255930000000000035e+01 1.922540793723708896e+00
5.189159999999999684e+01 1.878715827363964141e+00
5.122379999999999711e+01 1.867207715213405228e+00
5.055440000000000111e+01 1.849351138892772584e+00
4.988660000000000139e+01 1.818564083596505565e+00
4.921860000000000213e+01 1.785869983089665158e+00
4.854910000000000281e+01 1.756422599574865684e+00
4.788100000000000023e+01 1.745583539284223384e+00
4.721289999999999765e+01 1.721256773794682449e+00
4.654319999999999879e+01 1.684996136592287419e+00
4.587500000000000000e+01 1.667186024080937967e+00
4.520669999999999789e+01 1.619874576459323867e+00
4.453679999999999950e+01 1.593550765532300240e+00
4.386840000000000117e+01 1.570623613470597091e+00
4.320000000000000284e+01 1.565988049377683877e+00
4.252989999999999782e+01 1.532246411359655225e+00
4.186129999999999995e+01 1.494469260883277029e+00
4.119270000000000209e+01 1.444499590344795692e+00
4.052250000000000085e+01 1.415481199659274880e+00
3.985379999999999967e+01 1.395144592722029397e+00
3.918500000000000227e+01 1.382137148473672417e+00
3.851460000000000150e+01 1.357311053203884788e+00
3.784570000000000078e+01 1.329395272438103737e+00
3.717519999999999669e+01 1.293371636615245901e+00
3.650619999999999976e+01 1.261702575346480559e+00
3.583709999999999951e+01 1.242407261666752305e+00
3.516640000000000299e+01 1.221427780517355899e+00
3.449719999999999942e+01 1.188471355730340795e+00
3.382800000000000296e+01 1.164762596976513187e+00
3.315709999999999980e+01 1.129545879629673788e+00
3.248780000000000001e+01 1.082677216492253347e+00
3.181680000000000064e+01 1.053054304275117925e+00
3.114730000000000132e+01 1.030985756609185344e+00
3.047779999999999845e+01 1.015587797638039858e+00
2.980669999999999931e+01 9.690294572715990595e-01
2.913700000000000045e+01 9.452260701299000090e-01
2.846730000000000160e+01 9.250736463410076382e-01
2.779599999999999937e+01 8.862592484892127809e-01
2.712620000000000076e+01 8.582254328164390378e-01
2.645479999999999876e+01 8.337691248182736992e-01
2.578490000000000038e+01 8.041964692211405197e-01
2.511329999999999885e+01 7.656110824226499689e-01
2.444330000000000069e+01 7.260419647112538177e-01
2.377319999999999922e+01 7.038102089490422264e-01
2.310150000000000148e+01 6.624969032870621222e-01
2.243130000000000024e+01 6.306635777548890154e-01
2.175949999999999918e+01 5.995189653443085964e-01
2.108909999999999840e+01 5.661737109599450646e-01
2.041870000000000118e+01 5.390662365101731579e-01
1.974680000000000035e+01 5.013050246743746552e-01
1.907629999999999981e+01 4.732529601605868774e-01
1.840419999999999945e+01 4.478190610142687156e-01
1.773349999999999937e+01 4.183533485372873950e-01
1.706129999999999924e+01 3.998451812051601606e-01
1.639059999999999917e+01 3.716727941596749130e-01
1.571979999999999933e+01 3.495315495406220996e-01
1.504739999999999966e+01 3.322644237570222536e-01
1.437650000000000006e+01 3.121560196365724127e-01
1.370410000000000039e+01 2.978455344784508019e-01
1.303299999999999947e+01 2.771413422401531323e-01
1.236040000000000028e+01 2.596906918634489525e-01
1.168929999999999936e+01 2.420286125589225790e-01
1.101660000000000039e+01 2.303619983355454648e-01
1.034529999999999994e+01 2.278266045378383176e-01
9.672489999999999810e+00 2.216922091175906329e-01
9.001129999999999853e+00 2.152657185023089115e-01
8.329710000000000392e+00 2.060439463773129920e-01
7.656710000000000349e+00 2.023088951104057842e-01
6.985170000000000101e+00 2.136582398857800047e-01
6.312050000000000161e+00 2.203495959184989528e-01
5.640399999999999636e+00 2.222172170900849897e-01
4.967170000000000307e+00 2.147273786163258480e-01
4.295410000000000394e+00 1.997718278240621648e-01
3.622059999999999835e+00 1.803063930827512873e-01
2.950180000000000025e+00 1.558765734483870680e-01
2.276720000000000077e+00 1.281049646852516211e-01
1.604729999999999990e+00 9.436084133606514879e-02
9.311519999999999797e-01 5.508336829359863906e-02
2.590439999999999965e-01 1.531568161043892450e-02
