4.498670000000000186e+02 -2.009137081380298617e-01
4.492339999999999804e+02 -2.406512761403988565e-01
4.486009999999999991e+02 -2.587327005027268423e-01
4.479680000000000177e+02 -2.048181937559137578e-01
4.473360000000000127e+02 -2.103087405529925069e-01
4.467029999999999745e+02 -2.194125362738948148e-01
4.460690000000000168e+02 -1.871576455689332452e-01
4.454359999999999786e+02 -2.070160074715334253e-01
4.448029999999999973e+02 -2.124905414215948196e-01
4.441689999999999827e+02 -1.964399127791788546e-01
4.435360000000000014e+02 -1.768240017941094533e-01
4.429019999999999868e+02 -1.393007398116614115e-01
4.422699999999999818e+02 -1.734768188083736506e-01
4.416360000000000241e+02 -1.449537009143345712e-01
4.410029999999999859e+02 -1.468735723394782589e-01
4.403690000000000282e+02 -1.684550887828820676e-01
4.397350000000000136e+02 -1.685697797048788527e-01
4.391009999999999991e+02 -1.740397708513284625e-01
4.384669999999999845e+02 -2.152244529787753768e-01
4.378330000000000268e+02 -2.028346543058127116e-01
4.371990000000000123e+02 -2.171958943821160615e-01
4.365649999999999977e+02 -2.048145310853634882e-01
4.359329999999999927e+02 -2.458842806158793581e-01
4.352980000000000018e+02 -2.708922160906395149e-01
4.346639999999999873e+02 -2.727327500946915007e-01
4.340299999999999727e+02 -2.674638018790911898e-01
4.333960000000000150e+02 -2.675303029602491556e-01
4.327610000000000241e+02 -2.213968346513769392e-01
4.321270000000000095e+02 -2.374755798183186828e-01
4.314920000000000186e+02 -2.641837727060287744e-01
4.308580000000000041e+02 -2.766707638617059151e-01
4.302230000000000132e+02 -2.643168143666445591e-01
4.295889999999999986e+02 -2.448910618350323976e-01
4.289540000000000077e+02 -2.697788982968573057e-01
4.283190000000000168e+02 -2.539041916881750183e-01
4.276859999999999786e+02 -2.539551918470384084e-01
4.270509999999999877e+02 -2.734971336915061335e-01
4.264159999999999968e+02 -2.930067688998436726e-01
4.257810000000000059e+02 -2.736322507196082832e-01
4.251460000000000150e+02 -2.595714491020060244e-01
4.245110000000000241e+02 -2.331772667834384194e-01
4.238759999999999764e+02 -2.315029119360398069e-01
4.232409999999999854e+02 -2.157172114943873842e-01
4.226050000000000182e+02 -2.369536708539310699e-01
4.219700000000000273e+02 -2.335118140030830181e-01
4.213349999999999795e+02 -2.283176621997254629e-01
4.206990000000000123e+02 -2.037848339010072951e-01
4.200640000000000214e+02 -2.021284320606184792e-01
4.194289999999999736e+02 -1.811540409744562818e-01
4.187930000000000064e+02 -2.216544822659346492e-01
4.181569999999999823e+02 -2.305224665581449839e-01
4.175219999999999914e+02 -2.200808505536113180e-01
4.168860000000000241e+02 -1.816100829005851403e-01
4.162500000000000000e+02 -1.624487869454011302e-01
4.156150000000000091e+02 -1.590665617785297914e-01
4.149789999999999850e+02 -1.521950659036332143e-01
4.143430000000000177e+02 -1.453311440454955472e-01
4.137069999999999936e+02 -1.699442615504098975e-01
4.130710000000000264e+02 -1.333660370796481698e-01
4.124350000000000023e+02 -1.160404109530691619e-01
4.117989999999999782e+02 -1.022213036995551771e-01
4.111630000000000109e+02 -1.128510077353371832e-01
4.105260000000000105e+02 -1.234620263690941466e-01
4.098899999999999864e+02 -1.148941145018188004e-01
4.092540000000000191e+02 -1.533588550239749493e-01
4.086170000000000186e+02 -1.500110610387755949e-01
4.079809999999999945e+02 -1.344832139341539112e-01
4.073439999999999941e+02 -1.450581380419825039e-01
4.067080000000000268e+02 -1.556214659215721108e-01
4.060710000000000264e+02 -1.279641185315548713e-01
4.054350000000000023e+02 -1.663007998412877053e-01
4.047980000000000018e+02 -1.612149543767732174e-01
4.041610000000000014e+02 -1.682785856823587334e-01
4.035240000000000009e+02 -1.510640787369318949e-01
4.028879999999999768e+02 -1.875725854355324573e-01
4.022509999999999764e+02 -1.703778167281636557e-01
4.016139999999999759e+02 -2.085630072225673204e-01
4.009769999999999754e+02 -2.052047368686188700e-01
4.003399999999999750e+02 -2.450690277085184055e-01
3.997029999999999745e+02 -2.140521721541281674e-01
3.990649999999999977e+02 -2.245142426635714783e-01
3.984279999999999973e+02 -2.573772215025661447e-01
3.977909999999999968e+02 -2.660680638142076671e-01
3.971519999999999868e+02 -2.696264671433497573e-01
3.965149999999999864e+02 -2.955116254762127914e-01
3.958770000000000095e+02 -2.817968704728592289e-01
3.952400000000000091e+02 -3.197126125255430606e-01
3.946019999999999754e+02 -2.922318195179360312e-01
3.939649999999999750e+02 -3.215157130726337686e-01
3.933269999999999982e+02 -3.249912532045192148e-01
3.926890000000000214e+02 -2.855363655948062185e-01
3.920520000000000209e+02 -2.924567721759785965e-01
3.914139999999999873e+02 -2.616438313169151542e-01
3.907760000000000105e+02 -2.600166986068168651e-01
3.901379999999999768e+02 -2.155596921500180507e-01
3.895000000000000000e+02 -1.762561329210500793e-01
3.888609999999999900e+02 -1.968774295442024813e-01
3.882230000000000132e+02 -1.918689779096212911e-01
3.875849999999999795e+02 -1.714685345706740971e-01
3.869460000000000264e+02 -1.527997339580743352e-01
3.863079999999999927e+02 -1.307324725523405506e-01
3.856700000000000159e+02 -1.172274206499698823e-01
3.850319999999999823e+02 -1.020317113921832552e-01
3.843929999999999723e+02 -1.294751762871533263e-01
3.837549999999999955e+02 -1.125933241193176060e-01
3.831159999999999854e+02 -1.212422053221441920e-01
3.824759999999999991e+02 -1.248198731349506319e-01
3.818380000000000223e+02 -1.351681488954657451e-01
3.811990000000000123e+02 -1.778039714759463152e-01
3.805600000000000023e+02 -1.541281260103264106e-01
3.799220000000000255e+02 -1.644505290978806600e-01
3.792830000000000155e+02 -1.900409022004518333e-01
3.786440000000000055e+02 -1.731982343147207004e-01
3.780049999999999955e+02 -1.902967614025155019e-01
3.773650000000000091e+02 -1.835885674184049299e-01
3.767259999999999991e+02 -1.210506011060188403e-01
3.760860000000000127e+02 -1.262879198287809590e-01
3.754470000000000027e+02 -7.062612929531919548e-02
3.748079999999999927e+02 -7.420627862472317648e-02
3.741689999999999827e+02 -5.750279352616310957e-02
3.735299999999999727e+02 -3.910400033800126574e-02
3.728890000000000100e+02 -3.420709661528864576e-02
3.722500000000000000e+02 -6.141605544817069218e-02
3.716100000000000136e+02 -1.776611181513182425e-02
3.709710000000000036e+02 -4.830214047874387129e-02
3.703310000000000173e+02 -6.192810789259939330e-02
3.696909999999999741e+02 -7.223464001687401881e-02
3.690500000000000114e+02 -6.401988078995152209e-02
3.684110000000000014e+02 -8.101280198437088576e-02
3.677710000000000150e+02 -8.791318447683782455e-02
3.671309999999999718e+02 -1.015228692255960574e-01
3.664909999999999854e+02 -5.804133013391271634e-02
3.658509999999999991e+02 -8.340868969824499768e-02
3.652099999999999795e+02 -8.356588702909945043e-02
3.645699999999999932e+02 -4.522051937797344490e-02
3.639300000000000068e+02 -5.211166523331400846e-02
3.632900000000000205e+02 -5.566621746011485294e-02
3.626490000000000009e+02 -4.750557195343657613e-02
3.620079999999999814e+02 -5.603458482058304435e-02
3.613670000000000186e+02 -6.124161628340857311e-02
3.607269999999999754e+02 -8.479161137187202213e-02
3.600869999999999891e+02 -7.495026852347758117e-02
3.594460000000000264e+02 -1.051232583010243693e-01
3.588039999999999736e+02 -1.270179003857309641e-01
3.581639999999999873e+02 -1.354771015942396462e-01
3.575230000000000246e+02 -1.555962705030577153e-01
3.568829999999999814e+02 -1.258111287197901662e-01
3.562420000000000186e+02 -1.342716368225377876e-01
3.556000000000000227e+02 -1.294079034728614630e-01
3.549590000000000032e+02 -1.162760676793715420e-01
3.543179999999999836e+02 -1.429976666722266032e-01
3.536770000000000209e+02 -1.348261370146908167e-01
3.530350000000000250e+02 -9.685032230993062541e-02
3.523940000000000055e+02 -8.707541266045198958e-02
3.517520000000000095e+02 -8.725071097062525594e-02
3.511109999999999900e+02 -1.453744724704062463e-01
3.504689999999999941e+02 -1.239969296446126745e-01
3.498269999999999982e+02 -1.158869761849548041e-01
3.491859999999999786e+02 -1.210036732849931185e-01
3.485450000000000159e+02 -1.260968247303049239e-01
3.479019999999999868e+02 -1.312346710099320246e-01
3.472599999999999909e+02 -1.478650352103479670e-01
3.466190000000000282e+02 -1.513069848168315246e-01
3.459769999999999754e+02 -1.580410785713940169e-01
3.453340000000000032e+02 -1.367594574612110425e-01
3.446929999999999836e+02 -1.237425989898601753e-01
3.440509999999999877e+02 -1.337749946788054367e-01
3.434089999999999918e+02 -1.372161354237499409e-01
3.427660000000000196e+02 -1.537879882092533512e-01
3.421240000000000236e+02 -1.194333786012085064e-01
3.414820000000000277e+02 -1.113887951394727516e-01
3.408399999999999750e+02 -1.132094762761906570e-01
3.401970000000000027e+02 -9.859634895615515537e-02
3.395539999999999736e+02 -9.549722712644392875e-02
3.389119999999999777e+02 -1.038706074071961694e-01
3.382690000000000055e+02 -9.582410500870125469e-02
3.376259999999999764e+02 -5.512628224717602832e-02
3.369839999999999804e+02 -2.916906192147677990e-02
3.363419999999999845e+02 -4.407203186822156171e-02
3.356979999999999791e+02 -6.551033080073465076e-02
3.350550000000000068e+02 -7.059233179691520865e-02
3.344130000000000109e+02 -8.543883188497436443e-02
3.337690000000000055e+02 -8.075326675726407499e-02
3.331259999999999764e+02 -7.278369065387535475e-02
3.324830000000000041e+02 -2.903765100025662571e-02
3.318389999999999986e+02 -4.872797160564928953e-02
3.311960000000000264e+02 -2.131812745166283829e-02
3.305539999999999736e+02 -3.291710380595946894e-02
3.299110000000000014e+02 -1.039671475916942311e-02
3.292660000000000196e+02 4.001606265907398097e-03
3.286229999999999905e+02 2.648057383027979661e-02
3.279800000000000182e+02 1.976778095229736465e-02
3.273360000000000127e+02 8.152291736185313109e-03
3.266929999999999836e+02 -2.931028245055466996e-02
3.260489999999999782e+02 -3.599367089471477987e-02
3.254049999999999727e+02 -4.429388394342087532e-02
3.247610000000000241e+02 -2.509692799219548354e-02
3.241179999999999950e+02 -3.823361750324461017e-02
3.234730000000000132e+02 -2.876167574811666627e-02
3.228290000000000077e+02 -2.737604539759169731e-02
3.221840000000000259e+02 3.077901969998741993e-03
3.215409999999999968e+02 6.047839717126690662e-03
3.208969999999999914e+02 3.961205635225695243e-02
3.202520000000000095e+02 5.871336254168257884e-02
3.196080000000000041e+02 5.682086301160765851e-02
3.189639999999999986e+02 7.102377356928851748e-02
3.183190000000000168e+02 9.164415083344407131e-02
3.176750000000000114e+02 6.245600553706254221e-02
3.170310000000000059e+02 1.569094810591592504e-02
3.163860000000000241e+02 1.538678539813437274e-02
3.157420000000000186e+02 5.557344696536736794e-03
3.150980000000000132e+02 -1.870872692398994896e-02
3.144519999999999982e+02 -2.535679262159928893e-02
3.138079999999999927e+02 -3.676995168791674651e-02
3.131619999999999777e+02 -4.337913912656010673e-02
3.125179999999999723e+02 -5.318733062329711325e-02
3.118729999999999905e+02 -4.861374691806946702e-02
3.112269999999999754e+02 8.674672156708140847e-03
3.105830000000000268e+02 -1.550119643791342261e-02
3.099370000000000118e+02 -2.530077958676119065e-02
3.092919999999999732e+02 -2.072457715172404402e-02
3.086469999999999914e+02 -3.050263530392627320e-02
3.080009999999999764e+02 2.709156145419167050e-03
3.073570000000000277e+02 2.154349305234137812e-02
3.067099999999999795e+02 2.769306277684935313e-02
3.060649999999999977e+02 2.106579259538615689e-02
3.054200000000000159e+02 1.921019028693965458e-02
3.047740000000000009e+02 1.740071921316849179e-02
3.041290000000000191e+02 1.559010052978621053e-02
3.034820000000000277e+02 5.970567187078940075e-02
3.028369999999999891e+02 8.794396089192663135e-02
3.021920000000000073e+02 1.097774893822422992e-01
3.015450000000000159e+02 9.527933376642561125e-02
3.008999999999999773e+02 6.334613425734519909e-02
3.002529999999999859e+02 1.089243099801228132e-01
2.996080000000000041e+02 2.223614404968997926e-01
2.989610000000000127e+02 1.663829979499693579e-01
2.983149999999999977e+02 2.666488807074418599e-01
2.976700000000000159e+02 2.148393907969974037e-01
2.970230000000000246e+02 2.213097715125678933e-01
2.963770000000000095e+02 1.466772228805849065e-01
2.957300000000000182e+02 1.226663052169701257e-01
2.950840000000000032e+02 1.562516247256658941e-01
2.944370000000000118e+02 7.487341691851609471e-02
2.937909999999999968e+02 1.084134848747823482e-01
2.931429999999999723e+02 2.900237117114070617e-01
2.924970000000000141e+02 2.848052167352720931e-01
2.918500000000000227e+02 2.266862202624721212e-01
2.912040000000000077e+02 2.065695596137936130e-01
2.905570000000000164e+02 2.616339035586289774e-01
2.899100000000000250e+02 3.315852640465500878e-01
2.892629999999999768e+02 4.345197495021801415e-01
2.886159999999999854e+02 4.960341390661045513e-01
2.879689999999999941e+02 5.385186667552485096e-01
2.873210000000000264e+02 5.437435214450482279e-01
2.866750000000000114e+02 5.267449562682313680e-01
2.860269999999999868e+02 6.055411364368312732e-01
2.853799999999999955e+02 6.324777771129296289e-01
2.847320000000000277e+02 6.153626905950219106e-01
2.840849999999999795e+02 6.894495524826211863e-01
2.834370000000000118e+02 7.231760418927519751e-01
2.827900000000000205e+02 7.964225914467852885e-01
2.821419999999999959e+02 8.585075310847173347e-01
2.814950000000000045e+02 8.876210274034862513e-01
2.808469999999999800e+02 9.562383315439416664e-01
2.801990000000000123e+02 8.954696521443635815e-01
2.795509999999999877e+02 8.564466225585469772e-01
2.789039999999999964e+02 8.782405293474564445e-01
2.782549999999999955e+02 8.784234421719265828e-01
2.776080000000000041e+02 8.822354978437152440e-01
2.769590000000000032e+02 8.577849670908898050e-01
2.763120000000000118e+02 8.931656630965940646e-01
2.756630000000000109e+02 8.618764234864547680e-01
2.750149999999999864e+02 8.934466536632177380e-01
2.743659999999999854e+02 1.043302872949116944e+00
2.737189999999999941e+02 1.157350723044155316e+00
2.730699999999999932e+02 1.187817436501715118e+00
2.724220000000000255e+02 1.159333402235256605e+00
2.717730000000000246e+02 1.113932698440594837e+00
2.711240000000000236e+02 1.079010687775682431e+00
2.704759999999999991e+02 1.020476368479841467e+00
2.698260000000000218e+02 1.054106399374636238e+00
2.691779999999999973e+02 1.118075475636966187e+00
2.685289999999999964e+02 1.022659880317376313e+00
2.678809999999999718e+02 9.985444490852887212e-01
2.672309999999999945e+02 9.680225519042847671e-01
2.665830000000000268e+02 1.007868424732232038e+00
2.659329999999999927e+02 1.137645148604706780e+00
2.652839999999999918e+02 1.193397279920182852e+00
2.646349999999999909e+02 1.281871858479653570e+00
2.639850000000000136e+02 1.227624311728810813e+00
2.633369999999999891e+02 1.203262733465239487e+00
2.626870000000000118e+02 1.257997053239183094e+00
2.620380000000000109e+02 1.210872408118285559e+00
2.613879999999999768e+02 1.294437651763030273e+00
2.607400000000000091e+02 1.250766816464667919e+00
2.600899999999999750e+02 1.158532887535196787e+00
2.594390000000000214e+02 1.209131945711333422e+00
2.587900000000000205e+02 1.169156263079621283e+00
2.581399999999999864e+02 1.174418931427985369e+00
2.574909999999999854e+02 1.157239882952265875e+00
2.568410000000000082e+02 1.251739046489292351e+00
2.561899999999999977e+02 1.323406391962217654e+00
2.555409999999999968e+02 1.283600529397007861e+00
2.548899999999999864e+02 1.329337608508387447e+00
2.542410000000000139e+02 1.327588825686100593e+00
2.535910000000000082e+02 1.256721250924846434e+00
2.529399999999999977e+02 1.258202162162598947e+00
2.522899999999999920e+02 1.287851111187894970e+00
2.516399999999999864e+02 1.354362409525998068e+00
2.509900000000000091e+02 1.259526037541287780e+00
2.503389999999999986e+02 1.267078522604265123e+00
2.496879999999999882e+02 1.314585219745942668e+00
2.490380000000000109e+02 1.324836224164636755e+00
2.483870000000000005e+02 1.390104441998329055e+00
2.477359999999999900e+02 1.448724890161171563e+00
2.470860000000000127e+02 1.422059966763352445e+00
2.464350000000000023e+02 1.489187531897530281e+00
2.457849999999999966e+02 1.393248722329071709e+00
2.451330000000000098e+02 1.444979871915980096e+00
2.444819999999999993e+02 1.403588477838219717e+00
2.438319999999999936e+02 1.368513174039760250e+00
2.431800000000000068e+02 1.342424418530225649e+00
2.425289999999999964e+02 1.337270800253880232e+00
2.418779999999999859e+02 1.420534476468435781e+00
2.412270000000000039e+02 1.476849284421329900e+00
2.405749999999999886e+02 1.424385102260659508e+00
2.399240000000000066e+02 1.518052493187316054e+00
2.392719999999999914e+02 1.512291182606142481e+00
2.386200000000000045e+02 1.555731700278662810e+00
2.379699999999999989e+02 1.543971781281710420e+00
2.373180000000000121e+02 1.607066657196953630e+00
2.366670000000000016e+02 1.600955776265390762e+00
2.360149999999999864e+02 1.597560477105099075e+00
2.353629999999999995e+02 1.642666922267386642e+00
2.347100000000000080e+02 1.729924993998669169e+00
2.340600000000000023e+02 1.714730792544220783e+00
2.334070000000000107e+02 1.702498212887291418e+00
2.327549999999999955e+02 1.794147963348961872e+00
2.321040000000000134e+02 1.862647039546320826e+00
2.314509999999999934e+02 1.847133552073442875e+00
2.307980000000000018e+02 1.912089069454966372e+00
2.301469999999999914e+02 1.904693861918520748e+00
2.294939999999999998e+02 1.869731344704179898e+00
2.288420000000000130e+02 1.815779755763640591e+00
2.281899999999999977e+02 1.904397680250675906e+00
2.275370000000000061e+02 1.970533464011965163e+00
2.268839999999999861e+02 2.006345728349173907e+00
2.262330000000000041e+02 2.066008633633873881e+00
2.255800000000000125e+02 2.144199900516372992e+00
2.249269999999999925e+02 2.138528987001340642e+00
2.242729999999999961e+02 2.151620159166518054e+00
2.236220000000000141e+02 2.212391264790526613e+00
2.229679999999999893e+02 2.227650420081429772e+00
2.223149999999999977e+02 2.247900990254458442e+00
2.216630000000000109e+02 2.204881651108619334e+00
2.210099999999999909e+02 2.156674700241979714e+00
2.203559999999999945e+02 2.106223546011702474e+00
2.197019999999999982e+02 2.082221780523834553e+00
2.190500000000000114e+02 2.092080278267604232e+00
2.183969999999999914e+02 2.088841140224968473e+00
2.177429999999999950e+02 2.077883755928565002e+00
2.170889999999999986e+02 2.092628806026728405e+00
2.164370000000000118e+02 2.045821933383749069e+00
2.157829999999999870e+02 2.083419346990570631e+00
2.151289999999999907e+02 2.054636411566224119e+00
2.144749999999999943e+02 2.122111271612535432e+00
2.138220000000000027e+02 2.121047306814286770e+00
2.131680000000000064e+02 2.124909827892708769e+00
2.125140000000000100e+02 2.138726701111112405e+00
2.118600000000000136e+02 2.092662558233826076e+00
2.112069999999999936e+02 2.143564114791012276e+00
2.105529999999999973e+02 2.119919429068301220e+00
2.098979999999999961e+02 2.098889188158344243e+00
2.092439999999999998e+02 2.060732491267421196e+00
2.085910000000000082e+02 2.054671190081474030e+00
2.079360000000000070e+02 2.043695897035771925e+00
2.072820000000000107e+02 2.027903905072610424e+00
2.066270000000000095e+02 1.968785150591117139e+00
2.059739999999999895e+02 2.008570985873542547e+00
2.053189999999999884e+02 1.997687079121307052e+00
2.046639999999999873e+02 1.967847258518453435e+00
2.040089999999999861e+02 1.968998128902210709e+00
2.033540000000000134e+02 1.962990805701564367e+00
2.027009999999999934e+02 1.888823339058553152e+00
2.020459999999999923e+02 1.861966658271550390e+00
2.013909999999999911e+02 1.807286741147589693e+00
2.007350000000000136e+02 1.855299286320347463e+00
2.000800000000000125e+02 1.831101461653324547e+00
1.994259999999999877e+02 1.779364056077608724e+00
1.987709999999999866e+02 1.773928508835089346e+00
1.981160000000000139e+02 1.752528767783391173e+00
1.974600000000000080e+02 1.781283426032386874e+00
1.968050000000000068e+02 1.730382083956103711e+00
1.961510000000000105e+02 1.716119187838718085e+00
1.954950000000000045e+02 1.764781568876452766e+00
1.948389999999999986e+02 1.714416412795781497e+00
1.941839999999999975e+02 1.684527132246370185e+00
1.935279999999999916e+02 1.701468459414962497e+00
1.928739999999999952e+02 1.724834418780425427e+00
1.922179999999999893e+02 1.712766348734316768e+00
1.915620000000000118e+02 1.766511953122708478e+00
1.909060000000000059e+02 1.841639703510530968e+00
1.902500000000000000e+02 1.870411245611007134e+00
1.895939999999999941e+02 1.829510771187283558e+00
1.889389999999999930e+02 1.883745247426465319e+00
1.882829999999999870e+02 1.922511176248197895e+00
1.876270000000000095e+02 1.965132368668279117e+00
1.869699999999999989e+02 1.947771594620161473e+00
1.863139999999999930e+02 1.938935816559856251e+00
1.856570000000000107e+02 1.892090009845630361e+00
1.850010000000000048e+02 1.858264962519979857e+00
1.843460000000000036e+02 1.887398415166314347e+00
1.836889999999999930e+02 1.930808958966846456e+00
1.830329999999999870e+02 1.971639517890413140e+00
1.823760000000000048e+02 1.991478103103286657e+00
1.817189999999999941e+02 1.969971967949990077e+00
1.810620000000000118e+02 2.087704260850190785e+00
1.804050000000000011e+02 2.173744636887449566e+00
1.797500000000000000e+02 2.206113084563428917e+00
1.790929999999999893e+02 2.276630354866906458e+00
1.784360000000000070e+02 2.276078231303344079e+00
1.777789999999999964e+02 2.303452409937507550e+00
1.771220000000000141e+02 2.312520505969087647e+00
1.764650000000000034e+02 2.323481423513825916e+00
1.758069999999999879e+02 2.342087277436327941e+00
1.751500000000000057e+02 2.313363053408520553e+00
1.744939999999999998e+02 2.335558135910378752e+00
1.738369999999999891e+02 2.392594661366952202e+00
1.731790000000000020e+02 2.425737356808454592e+00
1.725219999999999914e+02 2.470082959221284735e+00
1.718640000000000043e+02 2.527342254328994287e+00
1.712059999999999889e+02 2.570565644596148225e+00
1.705490000000000066e+02 2.603863724654575496e+00
1.698909999999999911e+02 2.619647497957606763e+00
1.692330000000000041e+02 2.605077403748599973e+00
1.685749999999999886e+02 2.586780197132847015e+00
1.679190000000000111e+02 2.618973280748036370e+00
1.672609999999999957e+02 2.600585027235700064e+00
1.666030000000000086e+02 2.658037394787042373e+00
1.659449999999999932e+02 2.606342037068413831e+00
1.652870000000000061e+02 2.540410849640277746e+00
1.646279999999999859e+02 2.542354256566827342e+00
1.639699999999999989e+02 2.575012550937672451e+00
1.633120000000000118e+02 2.627124720075851183e+00
1.626539999999999964e+02 2.630155868548857079e+00
1.619950000000000045e+02 2.588348037883989150e+00
1.613369999999999891e+02 2.573548533434756092e+00
1.606779999999999973e+02 2.526903234547113186e+00
1.600190000000000055e+02 2.528135760641394558e+00
1.593609999999999900e+02 2.546823229823753643e+00
1.587040000000000077e+02 2.547810012221797482e+00
1.580449999999999875e+02 2.564183229109331386e+00
1.573859999999999957e+02 2.547525689559876128e+00
1.567270000000000039e+02 2.565260604406188971e+00
1.560680000000000121e+02 2.548580581740825135e+00
1.554089999999999918e+02 2.550640191649365729e+00
1.547500000000000000e+02 2.561002170224164765e+00
1.540910000000000082e+02 2.544259304007179257e+00
1.534319999999999879e+02 2.544272655587357157e+00
1.527729999999999961e+02 2.542516856475778297e+00
1.521140000000000043e+02 2.519127195480304060e+00
1.514540000000000077e+02 2.513993402172425728e+00
1.507949999999999875e+02 2.508781270931240925e+00
1.501359999999999957e+02 2.604585528175050069e+00
1.494759999999999991e+02 2.634432751960430252e+00
1.488170000000000073e+02 2.644452317098608063e+00
1.481570000000000107e+02 2.705593889092745563e+00
1.474970000000000141e+02 2.698925824888646297e+00
1.468379999999999939e+02 2.730291355132965503e+00
1.461779999999999973e+02 2.745405912722846065e+00
1.455180000000000007e+02 2.796327593589643890e+00
1.448580000000000041e+02 2.810654258584524445e+00
1.441980000000000075e+02 2.743855706211716594e+00
1.435380000000000109e+02 2.775024168993526885e+00
1.428779999999999859e+02 2.791867155915111365e+00
1.422179999999999893e+02 2.835922819291823771e+00
1.415579999999999927e+02 2.848939724847459498e+00
1.408979999999999961e+02 2.854087752077215878e+00
1.402379999999999995e+02 2.856007922973350599e+00
1.395769999999999982e+02 2.851755174194298803e+00
1.389170000000000016e+02 2.892063292023622445e+00
1.382560000000000002e+02 2.979005817380726562e+00
1.375960000000000036e+02 3.028093786355832151e+00
1.369350000000000023e+02 3.067689014447805729e+00
1.362750000000000057e+02 3.080506764148394083e+00
1.356140000000000043e+02 3.127694408206442400e+00
1.349540000000000077e+02 3.169848894940266337e+00
1.342930000000000064e+02 3.251339236843225233e+00
1.336320000000000050e+02 3.330262473027918890e+00
1.329710000000000036e+02 3.377025958610918810e+00
1.323100000000000023e+02 3.404791463096920268e+00
1.316490000000000009e+02 3.486451735393214069e+00
1.309879999999999995e+02 3.510060199849055262e+00
1.303269999999999982e+02 3.523555224271768260e+00
1.296659999999999968e+02 3.601096887359749310e+00
1.290049999999999955e+02 3.631185050773567013e+00
1.283420000000000130e+02 3.633521976394069597e+00
1.276809999999999974e+02 3.645093965829913518e+00
1.270190000000000055e+02 3.692375585573900221e+00
1.263580000000000041e+02 3.649765951809984532e+00
1.256959999999999980e+02 3.594150025554283534e+00
1.250349999999999966e+02 3.604729746822536107e+00
1.243730000000000047e+02 3.599278380104617536e+00
1.237120000000000033e+02 3.579360314715934077e+00
1.230499999999999972e+02 3.585244909935398461e+00
1.223880000000000052e+02 3.574115042580145563e+00
1.217259999999999991e+02 3.503028335576091834e+00
1.210639999999999930e+02 3.416128819715788190e+00
1.204030000000000058e+02 3.408125294805854910e+00
1.197409999999999997e+02 3.379943637935040268e+00
1.190780000000000030e+02 3.283548517726459615e+00
1.184150000000000063e+02 3.253421758280892639e+00
1.177530000000000001e+02 3.199087671290079538e+00
1.170909999999999940e+02 3.126934163240575160e+00
1.164279999999999973e+02 3.056654958547484036e+00
1.157660000000000053e+02 3.024379226739492665e+00
1.151039999999999992e+02 2.981513886981062011e+00
1.144410000000000025e+02 2.914072763769710583e+00
1.137789999999999964e+02 2.850814202657038443e+00
1.131159999999999997e+02 2.833855767614767984e+00
1.124539999999999935e+02 2.798293866483845260e+00
1.117890000000000015e+02 2.759381933945822762e+00
1.111269999999999953e+02 2.748454681352572315e+00
1.104639999999999986e+02 2.704353739423591030e+00
1.098010000000000019e+02 2.666299255795241852e+00
1.091380000000000052e+02 2.619564668838201271e+00
1.084749999999999943e+02 2.596675391271518141e+00
1.078119999999999976e+02 2.509654115188313828e+00
1.071490000000000009e+02 2.457750135860949925e+00
1.064849999999999994e+02 2.336188918909694934e+00
1.058209999999999980e+02 2.233705752341849315e+00
1.051580000000000013e+02 2.106659969365281437e+00
1.044950000000000045e+02 2.064617754796521432e+00
1.038319999999999936e+02 1.967808017879504989e+00
1.031680000000000064e+02 1.882681529993292857e+00
1.025049999999999955e+02 1.803852350648703862e+00
1.018400000000000034e+02 1.770566328916174603e+00
1.011760000000000019e+02 1.715001549877205766e+00
1.005130000000000052e+02 1.728645933203566631e+00
9.984900000000000375e+01 1.725646771630988452e+00
9.918529999999999802e+01 1.713470792108799046e+00
9.852150000000000318e+01 1.694238325966018976e+00
9.785769999999999413e+01 1.743607346571736549e+00
9.719230000000000302e+01 1.803984644048903796e+00
9.652830000000000155e+01 1.860214311403201926e+00
9.586430000000000007e+01 1.903692250159632504e+00
9.520029999999999859e+01 1.962663872549287092e+00
9.453610000000000468e+01 2.048162140206554405e+00
9.387199999999999989e+01 2.132092615382080947e+00
9.320619999999999550e+01 2.185537856522713707e+00
9.254200000000000159e+01 2.247001783124793484e+00
9.187760000000000105e+01 2.249934720566416413e+00
9.121320000000000050e+01 2.269982983275807609e+00
9.054879999999999995e+01 2.268516828935450480e+00
8.988280000000000314e+01 2.316409782999581335e+00
8.921819999999999595e+01 2.320286119804644276e+00
8.855360000000000298e+01 2.301643850832891580e+00
8.788890000000000668e+01 2.281251923533752723e+00
8.722419999999999618e+01 2.323693644692095717e+00
8.655939999999999657e+01 2.355570647064193057e+00
8.589300000000000068e+01 2.403006901351974811e+00
8.522809999999999775e+01 2.415211616702410691e+00
8.456319999999999482e+01 2.446258715761554736e+00
8.389820000000000277e+01 2.438023559977260835e+00
8.323160000000000025e+01 2.458574769076645961e+00
8.256650000000000489e+01 2.461983446255743946e+00
8.190130000000000621e+01 2.487768977137446935e+00
8.123609999999999332e+01 2.491758400860065059e+00
8.057080000000000553e+01 2.452998515153407499e+00
7.990389999999999304e+01 2.457270811500179786e+00
7.923850000000000193e+01 2.475969235929999623e+00
7.857299999999999329e+01 2.502488443693175579e+00
7.790749999999999886e+01 2.516571164266801386e+00
7.724039999999999395e+01 2.517072853793353104e+00
7.657479999999999620e+01 2.531454843504386432e+00
7.590909999999999513e+01 2.498798548665113195e+00
7.524339999999999407e+01 2.512989541203824562e+00
7.457760000000000389e+01 2.510366796124980926e+00
7.391020000000000323e+01 2.460807424527124532e+00
7.324429999999999552e+01 2.438445276293969677e+00
7.257829999999999870e+01 2.382652866737660524e+00
7.191230000000000189e+01 2.345837146353973779e+00
7.124469999999999459e+01 2.332938423945912998e+00
7.057850000000000534e+01 2.302689846801309947e+00
6.991230000000000189e+01 2.310848117336034235e+00
6.924609999999999843e+01 2.266982559977881007e+00
6.857829999999999870e+01 2.253010708145990915e+00
6.791190000000000282e+01 2.233588726747496533e+00
6.724550000000000693e+01 2.201670074220519524e+00
6.657750000000000057e+01 2.182857323177202602e+00
6.591100000000000136e+01 2.141634953857788570e+00
6.524439999999999884e+01 2.123623401970746283e+00
6.457769999999999300e+01 2.092375612664130191e+00
6.390950000000000131e+01 2.053207628246425553e+00
6.324269999999999925e+01 2.033486811366949532e+00
6.257589999999999719e+01 2.025202771222383458e+00
6.190899999999999892e+01 2.012435064672563279e+00
6.124060000000000059e+01 1.991756118508259732e+00
6.057359999999999900e+01 1.975731295006402100e+00
5.990659999999999741e+01 1.961327431060503335e+00
5.923799999999999955e+01 1.912992506402970694e+00
5.857079999999999842e+01 1.861453615779867121e+00
5.790359999999999729e+01 1.846807174278460861e+00
5.723629999999999995e+01 1.815503037291473998e+00
5.656750000000000256e+01 1.770260507918043347e+00
5.590010000000000190e+01 1.754097326429240766e+00
5.523270000000000124e+01 1.723518722227175948e+00
5.456360000000000099e+01 1.703595180984619928e+00
5.389609999999999701e+01 1.691387666418438407e+00
5.322849999999999682e+01 1.693186419538469378e+00
5.255930000000000035e+01 1.704379110716301327e+00
5.189159999999999684e+01 1.665256575729691324e+00
5.122379999999999711e+01 1.654892579169540356e+00
5.055440000000000111e+01 1.638883930806452671e+00
4.988660000000000139e+01 1.611379085219253771e+00
4.921860000000000213e+01 1.582184834921902983e+00
4.854910000000000281e+01 1.555884286143691675e+00
4.788100000000000023e+01 1.546134947167535190e+00
4.721289999999999765e+01 1.524397594350286100e+00
4.654319999999999879e+01 1.492057301722591101e+00
4.587500000000000000e+01 1.476123677831055803e+00
4.520669999999999789e+01 1.433976413477309642e+00
4.453679999999999950e+01 1.410488302226333257e+00
4.386840000000000117e+01 1.390024003248061080e+00
4.320000000000000284e+01 1.385814685250930101e+00
4.252989999999999782e+01 1.355752018521572344e+00
4.186129999999999995e+01 1.322112537724307257e+00
4.119270000000000209e+01 1.277653235837491463e+00
4.052250000000000085e+01 1.251808540340163312e+00
3.985379999999999967e+01 1.233678619382370556e+00
3.918500000000000227e+01 1.222059805602604410e+00
3.851460000000000150e+01 1.199952829114365960e+00
3.784570000000000078e+01 1.175109164742425882e+00
3.717519999999999669e+01 1.143076045935740748e+00
3.650619999999999976e+01 1.114914893759954895e+00
3.583709999999999951e+01 1.097739261539959266e+00
3.516640000000000299e+01 1.079073723213651359e+00
3.449719999999999942e+01 1.049788865459195364e+00
3.382800000000000296e+01 1.028713326669370209e+00
3.315709999999999980e+01 9.974372049053181755e-01
3.248780000000000001e+01 9.558366063792977929e-01
3.181680000000000064e+01 9.295366458925252706e-01
3.114730000000000132e+01 9.099404291209656215e-01
3.047779999999999845e+01 8.962621330270993392e-01
2.980669999999999931e+01 8.549691686284102143e-01
2.913700000000000045e+01 8.338521589793562727e-01
2.846730000000000160e+01 8.159756310622762188e-01
2.779599999999999937e+01 7.815688972732544038e-01
2.712620000000000076e+01 7.567212350572024571e-01
2.645479999999999876e+01 7.350487271414055668e-01
2.578490000000000038e+01 7.088501546604701886e-01
2.511329999999999885e+01 6.746764826197364506e-01
2.444330000000000069e+01 6.396401456578941769e-01
2.377319999999999922e+01 6.199627084107897090e-01
2.310150000000000148e+01 5.833977565730775749e-01
2.243130000000000024e+01 5.552332600643600236e-01
2.175949999999999918e+01 5.276854076201982213e-01
2.108909999999999840e+01 4.981969156574612145e-01
2.041870000000000118e+01 4.742353754665094012e-01
1.974680000000000035e+01 4.408539704991090158e-01
1.907629999999999981e+01 4.160700517443756685e-01
1.840419999999999945e+01 3.936083961419138966e-01
1.773349999999999937e+01 3.675864776884733010e-01
1.706129999999999924e+01 3.512614392569924915e-01
1.639059999999999917e+01 3.263951479239821096e-01
1.571979999999999933e+01 3.068674983300373471e-01
1.504739999999999966e+01 2.916538763079128405e-01
1.437650000000000006e+01 2.739327154805247799e-01
1.370410000000000039e+01 2.613406072807442082e-01
1.303299999999999947e+01 2.431016353858468093e-01
1.236040000000000028e+01 2.277424166618565449e-01
1.168929999999999936e+01 2.122003564487577876e-01
1.101660000000000039e+01 2.019589431994113782e-01
1.034529999999999994e+01 1.997857633253316278e-01
9.672489999999999810e+00 1.944351145550398674e-01
9.001129999999999853e+00 1.888280913470437306e-01
8.329710000000000392e+00 1.807546990235605056e-01
7.656710000000000349e+00 1.775278725776355815e-01
6.985170000000000101e+00 1.876179791653148632e-01
6.312050000000000161e+00 1.935948803822190034e-01
5.640399999999999636e+00 1.953134582235439287e-01
4.967170000000000307e+00 1.887748263921510961e-01
4.295410000000000394e+00 1.756507956972652995e-01
3.622059999999999835e+00 1.585517926801242039e-01
2.950180000000000025e+00 1.370779927906808915e-01
2.276720000000000077e+00 1.126624909235614813e-01
1.604729999999999990e+00 8.298593292660076670e-02
9.311519999999999797e-01 4.843787465184912905e-02
2.590439999999999965e-01 1.346619787234912789e-02
