4.498670000000000186e+02 -1.462155764685112991e-01
4.492339999999999804e+02 -1.792804395400771633e-01
4.486009999999999991e+02 -1.943369966432423879e-01
4.479680000000000177e+02 -1.495977069841290807e-01
4.473360000000000127e+02 -1.542015083057453884e-01
4.467029999999999745e+02 -1.618015169905529516e-01
4.460690000000000168e+02 -1.350822435068999572e-01
4.454359999999999786e+02 -1.516038956401295212e-01
4.448029999999999973e+02 -1.561887794880384150e-01
4.441689999999999827e+02 -1.429276623016588199e-01
4.435360000000000014e+02 -1.267198007764490375e-01
4.429019999999999868e+02 -9.568607841881995868e-02
4.422699999999999818e+02 -1.240535320439348221e-01
4.416360000000000241e+02 -1.004910822449362195e-01
4.410029999999999859e+02 -1.021411682230449758e-01
4.403690000000000282e+02 -1.200601097519742033e-01
4.397350000000000136e+02 -1.202103568028115299e-01
4.391009999999999991e+02 -1.247893675056070406e-01
4.384669999999999845e+02 -1.588924605875037532e-01
4.378330000000000268e+02 -1.486963507466537160e-01
4.371990000000000123e+02 -1.606092974675295271e-01
4.365649999999999977e+02 -1.504259092630468586e-01
4.359329999999999927e+02 -1.843856540824681534e-01
4.352980000000000018e+02 -2.050662019752275689e-01
4.346639999999999873e+02 -2.066154076449412402e-01
4.340299999999999727e+02 -2.022984115377517433e-01
4.333960000000000150e+02 -2.023844851912427467e-01
4.327610000000000241e+02 -1.643787856725053842e-01
4.321270000000000095e+02 -1.776744876312691124e-01
4.314920000000000186e+02 -1.997208752784824237e-01
4.308580000000000041e+02 -2.100391758426685684e-01
4.302230000000000132e+02 -1.998948758360231392e-01
4.295889999999999986e+02 -1.839349455483859641e-01
4.289540000000000077e+02 -2.044546371266889873e-01
4.283190000000000168e+02 -1.914248273334897832e-01
4.276859999999999786e+02 -1.915016545972283435e-01
4.270509999999999877e+02 -2.076047564500356213e-01
4.264159999999999968e+02 -2.236714528133661450e-01
4.257810000000000059e+02 -2.077760297585299343e-01
4.251460000000000150e+02 -1.962555466518557945e-01
4.245110000000000241e+02 -1.746137771401116978e-01
4.238759999999999764e+02 -1.732796543377077836e-01
4.232409999999999854e+02 -1.603650384806935281e-01
4.226050000000000182e+02 -1.778337623792569655e-01
4.219700000000000273e+02 -1.750503668663281331e-01
4.213349999999999795e+02 -1.708319732178866790e-01
4.206990000000000123e+02 -1.507645410049940626e-01
4.200640000000000214e+02 -1.494554503497634024e-01
4.194289999999999736e+02 -1.323222912712852806e-01
4.187930000000000064e+02 -1.655433768641314252e-01
4.181569999999999823e+02 -1.728471910135869205e-01
4.175219999999999914e+02 -1.643432007707463227e-01
4.168860000000000241e+02 -1.329124761545742994e-01
4.162500000000000000e+02 -1.172947933032180423e-01
4.156150000000000091e+02 -1.145885571099715117e-01
4.149789999999999850e+02 -1.090321488500853586e-01
4.143430000000000177e+02 -1.034855397189115289e-01
4.137069999999999936e+02 -1.236550703552778130e-01
4.130710000000000264e+02 -9.384262558389291908e-02
4.124350000000000023e+02 -7.976601632581997725e-02
4.117989999999999782e+02 -6.856009154615869128e-02
4.111630000000000109e+02 -7.730747216109160047e-02
4.105260000000000105e+02 -8.603427503203764370e-02
4.098899999999999864e+02 -7.911876073329091041e-02
4.092540000000000191e+02 -1.105416804155315569e-01
4.086170000000000186e+02 -1.078763673938102075e-01
4.079809999999999945e+02 -9.529178560913129092e-02
4.073439999999999941e+02 -1.039700687220242170e-01
4.067080000000000268e+02 -1.126333451221315785e-01
4.060710000000000264e+02 -9.018949049350241665e-02
4.054350000000000023e+02 -1.214449017229705940e-01
4.047980000000000018e+02 -1.173684081344016916e-01
4.041610000000000014e+02 -1.231716180842645780e-01
4.035240000000000009e+02 -1.092405392505471640e-01
4.028879999999999768e+02 -1.389645790428221950e-01
4.022509999999999764e+02 -1.250536262447830838e-01
4.016139999999999759e+02 -1.561148366379246644e-01
4.009769999999999754e+02 -1.534377351029000969e-01
4.003399999999999750e+02 -1.858320443919405096e-01
3.997029999999999745e+02 -1.607130652536981896e-01
3.990649999999999977e+02 -1.692435114386998951e-01
3.984279999999999973e+02 -1.959260425858928567e-01
3.977909999999999968e+02 -2.030042081283435218e-01
3.971519999999999868e+02 -2.059203819213257236e-01
3.965149999999999864e+02 -2.269143284018946272e-01
3.958770000000000095e+02 -2.158379333325723404e-01
3.952400000000000091e+02 -2.465505997496742485e-01
3.946019999999999754e+02 -2.243386771780488953e-01
3.939649999999999750e+02 -2.480476835831265936e-01
3.933269999999999982e+02 -2.508764717954933277e-01
3.926890000000000214e+02 -2.190080744103090893e-01
3.920520000000000209e+02 -2.246277790441549849e-01
3.914139999999999873e+02 -1.997688906383479068e-01
3.907760000000000105e+02 -1.984903642282050962e-01
3.901379999999999768e+02 -1.626446724986837788e-01
3.895000000000000000e+02 -1.309809268394319659e-01
3.888609999999999900e+02 -1.476716779864591933e-01
3.882230000000000132e+02 -1.436861821892328195e-01
3.875849999999999795e+02 -1.272971448800085670e-01
3.869460000000000264e+02 -1.123145661450030974e-01
3.863079999999999927e+02 -9.460465649466962001e-02
3.856700000000000159e+02 -8.380114563146323636e-02
3.850319999999999823e+02 -7.164414822939096927e-02
3.843929999999999723e+02 -9.380597282869684861e-02
3.837549999999999955e+02 -8.029772268747631392e-02
3.831159999999999854e+02 -8.732872124099591571e-02
3.824759999999999991e+02 -9.027869056525356095e-02
3.818380000000000223e+02 -9.866726543654658066e-02
3.811990000000000123e+02 -1.329871351353827669e-01
3.805600000000000023e+02 -1.140333644024620341e-01
3.799220000000000255e+02 -1.223848909510801553e-01
3.792830000000000155e+02 -1.429832454911088568e-01
3.786440000000000055e+02 -1.295273803723935857e-01
3.780049999999999955e+02 -1.432994951704949504e-01
3.773650000000000091e+02 -1.379774241153790548e-01
3.767259999999999991e+02 -8.791778019692070290e-02
3.760860000000000127e+02 -9.218827342300545125e-02
3.754470000000000027e+02 -4.768566836504739559e-02
3.748079999999999927e+02 -5.064053874730195526e-02
3.741689999999999827e+02 -3.736085276975686931e-02
3.735299999999999727e+02 -2.273421816220960734e-02
3.728890000000000100e+02 -1.891603604613789624e-02
3.722500000000000000e+02 -4.076749497733533900e-02
3.716100000000000136e+02 -5.975366291548045439e-03
3.709710000000000036e+02 -3.047446978871076739e-02
3.703310000000000173e+02 -4.145213083080423466e-02
3.696909999999999741e+02 -4.977225305800098143e-02
3.690500000000000114e+02 -4.330568587523830892e-02
3.684110000000000014e+02 -5.695381513224365144e-02
3.677710000000000150e+02 -6.254382685671222575e-02
3.671309999999999718e+02 -7.347890352761901611e-02
3.664909999999999854e+02 -3.890773753124776579e-02
3.658509999999999991e+02 -5.921067984030944920e-02
3.652099999999999795e+02 -5.942257181107560293e-02
3.645699999999999932e+02 -2.898215898031886173e-02
3.639300000000000068e+02 -3.456375748912088319e-02
3.632900000000000205e+02 -3.748716357926473730e-02
3.626490000000000009e+02 -3.109213049410824992e-02
3.620079999999999814e+02 -3.796976749826430630e-02
3.613670000000000186e+02 -4.220270392960145944e-02
3.607269999999999754e+02 -6.100463173673587036e-02
3.600869999999999891e+02 -5.327608589180576892e-02
3.594460000000000264e+02 -7.731883690278396060e-02
3.588039999999999736e+02 -9.477525349357199258e-02
3.581639999999999873e+02 -1.015609425489515105e-01
3.575230000000000246e+02 -1.175884130187806464e-01
3.568829999999999814e+02 -9.404429166488167957e-02
3.562420000000000186e+02 -1.008244836734051297e-01
3.556000000000000227e+02 -9.704523365693551451e-02
3.549590000000000032e+02 -8.672147404914967717e-02
3.543179999999999836e+02 -1.079525011650485644e-01
3.536770000000000209e+02 -1.015575606443681056e-01
3.530350000000000250e+02 -7.159197285163895752e-02
3.523940000000000055e+02 -6.394718535516774605e-02
3.517520000000000095e+02 -6.417323001521937909e-02
3.511109999999999900e+02 -1.101872082978986034e-01
3.504689999999999941e+02 -9.337274880605167526e-02
3.498269999999999982e+02 -8.704642685692851045e-02
3.491859999999999786e+02 -9.116438363902285014e-02
3.485450000000000159e+02 -9.526089497495079939e-02
3.479019999999999868e+02 -9.939003404226781635e-02
3.472599999999999909e+02 -1.125771717112925285e-01
3.466190000000000282e+02 -1.153603771838807301e-01
3.459769999999999754e+02 -1.207354846354672107e-01
3.453340000000000032e+02 -1.040427897909912136e-01
3.446929999999999836e+02 -9.386885270196299036e-02
3.440509999999999877e+02 -1.018419902961437973e-01
3.434089999999999918e+02 -1.046240920895563919e-01
3.427660000000000196e+02 -1.177303973375020685e-01
3.421240000000000236e+02 -9.079314245022210295e-02
3.414820000000000277e+02 -8.455088934377652521e-02
3.408399999999999750e+02 -8.606285076758099506e-02
3.401970000000000027e+02 -7.466948707723763956e-02
3.395539999999999736e+02 -7.232260815792201925e-02
3.389119999999999777e+02 -7.897944006427495833e-02
3.382690000000000055e+02 -7.275243898344890825e-02
3.376259999999999764e+02 -4.092928445946031335e-02
3.369839999999999804e+02 -2.068323185677700682e-02
3.363419999999999845e+02 -3.246582413519960575e-02
3.356979999999999791e+02 -4.935849983413176378e-02
3.350550000000000068e+02 -5.343320407219265267e-02
3.344130000000000109e+02 -6.514660338844030507e-02
3.337690000000000055e+02 -6.157150252936599566e-02
3.331259999999999764e+02 -5.543095155828192677e-02
3.324830000000000041e+02 -2.132796500516026539e-02
3.318389999999999986e+02 -3.682184785001918481e-02
3.311960000000000264e+02 -1.551266073216323038e-02
3.305539999999999736e+02 -2.467904602334836106e-02
3.299110000000000014e+02 -7.207315404827885352e-03
3.292660000000000196e+02 3.913433986160341771e-03
3.286229999999999905e+02 2.132838075284754220e-02
3.279800000000000182e+02 1.597053265365777630e-02
3.273360000000000127e+02 6.795441258213130720e-03
3.266929999999999836e+02 -2.250899728990285453e-02
3.260489999999999782e+02 -2.782186885182619251e-02
3.254049999999999727e+02 -3.438948560813853694e-02
3.247610000000000241e+02 -1.955498436871566659e-02
3.241179999999999950e+02 -2.988304062551061513e-02
3.234730000000000132e+02 -2.262398944657373345e-02
3.228290000000000077e+02 -2.165574493226779529e-02
3.221840000000000259e+02 1.896511450957816258e-03
3.215409999999999968e+02 4.084866725239943985e-03
3.208969999999999914e+02 3.002356247282095270e-02
3.202520000000000095e+02 4.471760996892176765e-02
3.196080000000000041e+02 4.311397804202493633e-02
3.189639999999999986e+02 5.399281597243177355e-02
3.183190000000000168e+02 6.983736714698690617e-02
3.176750000000000114e+02 4.707476862353793257e-02
3.170310000000000059e+02 1.071521379659695627e-02
3.163860000000000241e+02 1.035642207062464903e-02
3.157420000000000186e+02 2.625726889935453556e-03
3.150980000000000132e+02 -1.626813229174395303e-02
3.144519999999999982e+02 -2.152280188508970404e-02
3.138079999999999927e+02 -3.045685317788154878e-02
3.131619999999999777e+02 -3.567215414301250220e-02
3.125179999999999723e+02 -4.335425698820422058e-02
3.118729999999999905e+02 -3.992590589118377720e-02
3.112269999999999754e+02 4.186605577331303785e-03
3.105830000000000268e+02 -1.458775562035408146e-02
3.099370000000000118e+02 -2.226047135507686070e-02
3.092919999999999732e+02 -1.884452208595949196e-02
3.086469999999999914e+02 -2.649309423305867828e-02
3.080009999999999764e+02 -1.020401430171458124e-03
3.073570000000000277e+02 1.336154888439189392e-02
3.067099999999999795e+02 1.796782530158014257e-02
3.060649999999999977e+02 1.274021307724260144e-02
3.054200000000000159e+02 1.118638035394481367e-02
3.047740000000000009e+02 9.668850079775359596e-03
3.041290000000000191e+02 8.151639360674090007e-03
3.034820000000000277e+02 4.191391772436670049e-02
3.028369999999999891e+02 6.345787513463568841e-02
3.021920000000000073e+02 8.006837226164859045e-02
3.015450000000000159e+02 6.878965901773176350e-02
3.008999999999999773e+02 4.414873264656654639e-02
3.002529999999999859e+02 7.894898151558826793e-02
2.996080000000000041e+02 1.581181891670752071e-01
2.989610000000000127e+02 1.150819026891383434e-01
2.983149999999999977e+02 1.912015104849564551e-01
2.976700000000000159e+02 1.513664042692968725e-01
2.970230000000000246e+02 1.559595849099144338e-01
2.963770000000000095e+02 9.879311168919298336e-02
2.957300000000000182e+02 8.020450637931074434e-02
2.950840000000000032e+02 1.054543600659506031e-01
2.944370000000000118e+02 4.324988484785300541e-02
2.937909999999999968e+02 6.846155373218633378e-02
2.931429999999999723e+02 2.061735656651507709e-01
2.924970000000000141e+02 2.018585784061810162e-01
2.918500000000000227e+02 1.573803055686317232e-01
2.912040000000000077e+02 1.417829646673095523e-01
2.905570000000000164e+02 1.832364678639628874e-01
2.899100000000000250e+02 2.359464225784371205e-01
2.892629999999999768e+02 3.136165479244800713e-01
2.886159999999999854e+02 3.598379507148802281e-01
2.879689999999999941e+02 3.916082828110857839e-01
2.873210000000000264e+02 3.951427680163727696e-01
2.866750000000000114e+02 3.818577251579436949e-01
2.860269999999999868e+02 4.410500440365723307e-01
2.853799999999999955e+02 4.609800729332861891e-01
2.847320000000000277e+02 4.475968590301551142e-01
2.840849999999999795e+02 5.031327170645771840e-01
2.834370000000000118e+02 5.281411176643470151e-01
2.827900000000000205e+02 5.829640413544211475e-01
2.821419999999999959e+02 6.293185252857340650e-01
2.814950000000000045e+02 6.507659582701100787e-01
2.808469999999999800e+02 7.019795270766469031e-01
2.801990000000000123e+02 6.556394613774504387e-01
2.795509999999999877e+02 6.257204421682961426e-01
2.789039999999999964e+02 6.416238009949674082e-01
2.782549999999999955e+02 6.412462282784571199e-01
2.776080000000000041e+02 6.436015798583972769e-01
2.769590000000000032e+02 6.246987193591102550e-01
2.763120000000000118e+02 6.507916341457349318e-01
2.756630000000000109e+02 6.267640039649365891e-01
2.750149999999999864e+02 6.499721910810958292e-01
2.743659999999999854e+02 7.619680311962302444e-01
2.737189999999999941e+02 8.469979589909218953e-01
2.730699999999999932e+02 8.692558777439601814e-01
2.724220000000000255e+02 8.472931293731975622e-01
2.717730000000000246e+02 8.126693703384707534e-01
2.711240000000000236e+02 7.859261338674917718e-01
2.704759999999999991e+02 7.415245250104289809e-01
2.698260000000000218e+02 7.661491864477060210e-01
2.691779999999999973e+02 8.134554457561453678e-01
2.685289999999999964e+02 7.415158422248129266e-01
2.678809999999999718e+02 7.229422885946253929e-01
2.672309999999999945e+02 6.995962334338559074e-01
2.665830000000000268e+02 7.288330475950753895e-01
2.659329999999999927e+02 8.251875750596694425e-01
2.652839999999999918e+02 8.662158918275398856e-01
2.646349999999999909e+02 9.316192401485288155e-01
2.639850000000000136e+02 8.905445538358260915e-01
2.633369999999999891e+02 8.717825390426299226e-01
2.626870000000000118e+02 9.119620854209192773e-01
2.620380000000000109e+02 8.762557149521496003e-01
2.613879999999999768e+02 9.378596140285616611e-01
2.607400000000000091e+02 9.047444981085688287e-01
2.600899999999999750e+02 8.355400472697417369e-01
2.594390000000000214e+02 8.725749914327783907e-01
2.587900000000000205e+02 8.422776600787031942e-01
2.581399999999999864e+02 8.456062814189492238e-01
2.574909999999999854e+02 8.322724673059309630e-01
2.568410000000000082e+02 9.018239380612533829e-01
2.561899999999999977e+02 9.543781431185742736e-01
2.555409999999999968e+02 9.242392803754033714e-01
2.548899999999999864e+02 9.575211929920820486e-01
2.542410000000000139e+02 9.555998506444682850e-01
2.535910000000000082e+02 9.025009868337114938e-01
2.529399999999999977e+02 9.029948643432207378e-01
2.522899999999999920e+02 9.243280105360864862e-01
2.516399999999999864e+02 9.729008694387858425e-01
2.509900000000000091e+02 9.021737875746910218e-01
2.503389999999999986e+02 9.071542314357960990e-01
2.496879999999999882e+02 9.416357585552040943e-01
2.490380000000000109e+02 9.485878031553347522e-01
2.483870000000000005e+02 9.961255597210633139e-01
2.477359999999999900e+02 1.038718531317971427e+00
2.470860000000000127e+02 1.018406230835767090e+00
2.464350000000000023e+02 1.067220002698957781e+00
2.457849999999999966e+02 9.958939769347895377e-01
2.451330000000000098e+02 1.033339441035653117e+00
2.444819999999999993e+02 1.002230083619688683e+00
2.438319999999999936e+02 9.757955178064640078e-01
2.431800000000000068e+02 9.559898400632020898e-01
2.425289999999999964e+02 9.515872582938622593e-01
2.418779999999999859e+02 1.012131839645081355e+00
2.412270000000000039e+02 1.052836918705469360e+00
2.405749999999999886e+02 1.013678281760776345e+00
2.399240000000000066e+02 1.081744704261154766e+00
2.392719999999999914e+02 1.076850308489573971e+00
2.386200000000000045e+02 1.108017591425200843e+00
2.379699999999999989e+02 1.098724339781937065e+00
2.373180000000000121e+02 1.144244164771512695e+00
2.366670000000000016e+02 1.139076535941111246e+00
2.360149999999999864e+02 1.135899268911546134e+00
2.353629999999999995e+02 1.168187969001426740e+00
2.347100000000000080e+02 1.231251860165576195e+00
2.340600000000000023e+02 1.219420617038051047e+00
2.334070000000000107e+02 1.209759536273606662e+00
2.327549999999999955e+02 1.275924339726746126e+00
2.321040000000000134e+02 1.325141463911615025e+00
2.314509999999999934e+02 1.313053215188495493e+00
2.307980000000000018e+02 1.359623090563479186e+00
2.301469999999999914e+02 1.353446688573146428e+00
2.294939999999999998e+02 1.327200877568996296e+00
2.288420000000000130e+02 1.287160445706880152e+00
2.281899999999999977e+02 1.350871354149475234e+00
2.275370000000000061e+02 1.398174659332086067e+00
2.268839999999999861e+02 1.423395299867798336e+00
2.262330000000000041e+02 1.465921286613979690e+00
2.255800000000000125e+02 1.521858723064917651e+00
2.249269999999999925e+02 1.516879282863116352e+00
2.242729999999999961e+02 1.525513738954456189e+00
2.236220000000000141e+02 1.568716337930804228e+00
2.229679999999999893e+02 1.578889579338412563e+00
2.223149999999999977e+02 1.592670399405988313e+00
2.216630000000000109e+02 1.560627773543729280e+00
2.210099999999999909e+02 1.524859450155324314e+00
2.203559999999999945e+02 1.487500071017960890e+00
2.197019999999999982e+02 1.469300089909534535e+00
2.190500000000000114e+02 1.475590837456704607e+00
2.183969999999999914e+02 1.472413144556193210e+00
2.177429999999999950e+02 1.463664479106284277e+00
2.170889999999999986e+02 1.473473019146608554e+00
2.164370000000000118e+02 1.438875250615498036e+00
2.157829999999999870e+02 1.465162732698833903e+00
2.151289999999999907e+02 1.443588292478737323e+00
2.144749999999999943e+02 1.491369486496989749e+00
2.138220000000000027e+02 1.489761081552404276e+00
2.131680000000000064e+02 1.491698133620962707e+00
2.125140000000000100e+02 1.500793259558734993e+00
2.118600000000000136e+02 1.466829478889316807e+00
2.112069999999999936e+02 1.502577634038688270e+00
2.105529999999999973e+02 1.484748141486880169e+00
2.098979999999999961e+02 1.468811431102144738e+00
2.092439999999999998e+02 1.440602300362942012e+00
2.085910000000000082e+02 1.435440556153450675e+00
2.079360000000000070e+02 1.426758740883898646e+00
2.072820000000000107e+02 1.414635404936956498e+00
2.066270000000000095e+02 1.371493571946575063e+00
2.059739999999999895e+02 1.399193680483068469e+00
2.053189999999999884e+02 1.390611920254493983e+00
2.046639999999999873e+02 1.368482785078090069e+00
2.040089999999999861e+02 1.368526674157038325e+00
2.033540000000000134e+02 1.363456639800976422e+00
2.027009999999999934e+02 1.309722216941795914e+00
2.020459999999999923e+02 1.289805224824023266e+00
2.013909999999999911e+02 1.250059241599260407e+00
2.007350000000000136e+02 1.283574463564389534e+00
2.000800000000000125e+02 1.265594965380545167e+00
1.994259999999999877e+02 1.228016958853547003e+00
1.987709999999999866e+02 1.223441235151031092e+00
1.981160000000000139e+02 1.207509554013999953e+00
1.974600000000000080e+02 1.227266869557265050e+00
1.968050000000000068e+02 1.190375761890438255e+00
1.961510000000000105e+02 1.179557054519577708e+00
1.954950000000000045e+02 1.213438941334838095e+00
1.948389999999999986e+02 1.176989616355939017e+00
1.941839999999999975e+02 1.155105965268500956e+00
1.935279999999999916e+02 1.166454620814507681e+00
1.928739999999999952e+02 1.182348352202243991e+00
1.922179999999999893e+02 1.173120363042821523e+00
1.915620000000000118e+02 1.210506109822854448e+00
1.909060000000000059e+02 1.262988585802545805e+00
1.902500000000000000e+02 1.282625753829554904e+00
1.895939999999999941e+02 1.252980888141506766e+00
1.889389999999999930e+02 1.290599983272127105e+00
1.882829999999999870e+02 1.317254249785848597e+00
1.876270000000000095e+02 1.346603862298398679e+00
1.869699999999999989e+02 1.333596769693396134e+00
1.863139999999999930e+02 1.326616707662799266e+00
1.856570000000000107e+02 1.292847895172250405e+00
1.850010000000000048e+02 1.268288640204806583e+00
1.843460000000000036e+02 1.288092793451120599e+00
1.836889999999999930e+02 1.317924310469860805e+00
1.830329999999999870e+02 1.345911959765054622e+00
1.823760000000000048e+02 1.359109541389033060e+00
1.817189999999999941e+02 1.343236519556199049e+00
1.810620000000000118e+02 1.425188037142400832e+00
1.804050000000000011e+02 1.484805761414409231e+00
1.797500000000000000e+02 1.506701885019657849e+00
1.790929999999999893e+02 1.555330179256559697e+00
1.784360000000000070e+02 1.554087592610528201e+00
1.777789999999999964e+02 1.572413318492139389e+00
1.771220000000000141e+02 1.577900431091814548e+00
1.764650000000000034e+02 1.584706817269000867e+00
1.758069999999999879e+02 1.596853243088684593e+00
1.751500000000000057e+02 1.575893761879946897e+00
1.744939999999999998e+02 1.590543313961382932e+00
1.738369999999999891e+02 1.629513828944695097e+00
1.731790000000000020e+02 1.651761241199013686e+00
1.725219999999999914e+02 1.681804426503265004e+00
1.718640000000000043e+02 1.720821668172714425e+00
1.712059999999999889e+02 1.750014408350413220e+00
1.705490000000000066e+02 1.772263176465475709e+00
1.698909999999999911e+02 1.782291124546293348e+00
1.692330000000000041e+02 1.771182369721702843e+00
1.685749999999999886e+02 1.757492273173685060e+00
1.679190000000000111e+02 1.778923713709533283e+00
1.672609999999999957e+02 1.765180222719332059e+00
1.666030000000000086e+02 1.804126040534561382e+00
1.659449999999999932e+02 1.767261997060001644e+00
1.652870000000000061e+02 1.720559045195056758e+00
1.646279999999999859e+02 1.720971914082901844e+00
1.639699999999999989e+02 1.742674183495421136e+00
1.633120000000000118e+02 1.777830070785628713e+00
1.626539999999999964e+02 1.778966507823922516e+00
1.619950000000000045e+02 1.749071048984439214e+00
1.613369999999999891e+02 1.737888555901671905e+00
1.606779999999999973e+02 1.704701790240772619e+00
1.600190000000000055e+02 1.704629617340093661e+00
1.593609999999999900e+02 1.716612441220065399e+00
1.587040000000000077e+02 1.716367089413787461e+00
1.580449999999999875e+02 1.726733058000788690e+00
1.573859999999999957e+02 1.714314517726458265e+00
1.567270000000000039e+02 1.725608748158172334e+00
1.560680000000000121e+02 1.713188281633064136e+00
1.554089999999999918e+02 1.713680612431510264e+00
1.547500000000000000e+02 1.719884350848528420e+00
1.540910000000000082e+02 1.707443221353982743e+00
1.534319999999999879e+02 1.706531239880309192e+00
1.527729999999999961e+02 1.704404921091449143e+00
1.521140000000000043e+02 1.687428437649505897e+00
1.514540000000000077e+02 1.682995203486780778e+00
1.507949999999999875e+02 1.678514307558530705e+00
1.501359999999999957e+02 1.743277882431626846e+00
1.494759999999999991e+02 1.762785774233866398e+00
1.488170000000000073e+02 1.768698141735195239e+00
1.481570000000000107e+02 1.809586706467095407e+00
1.474970000000000141e+02 1.804052177406780144e+00
1.468379999999999939e+02 1.824524267404910249e+00
1.461779999999999973e+02 1.833869633338074623e+00
1.455180000000000007e+02 1.867655630703557668e+00
1.448580000000000041e+02 1.876429477793337020e+00
1.441980000000000075e+02 1.829857190995312077e+00
1.435380000000000109e+02 1.850123355630686639e+00
1.428779999999999859e+02 1.860606372867551928e+00
1.422179999999999893e+02 1.889609655119593556e+00
1.415579999999999927e+02 1.897455257789847582e+00
1.408979999999999961e+02 1.899939208000126278e+00
1.402379999999999995e+02 1.900225633956842852e+00
1.395769999999999982e+02 1.896315365239188866e+00
1.389170000000000016e+02 1.922673997560575998e+00
1.382560000000000002e+02 1.980656185328841357e+00
1.375960000000000036e+02 2.012895578027049659e+00
1.369350000000000023e+02 2.038661302652799545e+00
1.362750000000000057e+02 2.046254096575051751e+00
1.356140000000000043e+02 2.077114726903934727e+00
1.349540000000000077e+02 2.104535712972362305e+00
1.342930000000000064e+02 2.158536627774096495e+00
1.336320000000000050e+02 2.210741735693479537e+00
1.329710000000000036e+02 2.241155397464686061e+00
1.323100000000000023e+02 2.258703330068381643e+00
1.316490000000000009e+02 2.312612652952397596e+00
1.309879999999999995e+02 2.327295851753105271e+00
1.303269999999999982e+02 2.335142713212782883e+00
1.296659999999999968e+02 2.386142641062597658e+00
1.290049999999999955e+02 2.405123102324554729e+00
1.283420000000000130e+02 2.405396507665323202e+00
1.276809999999999974e+02 2.411886159087009318e+00
1.270190000000000055e+02 2.442377777835818442e+00
1.263580000000000041e+02 2.412425741686191394e+00
1.256959999999999980e+02 2.373768630613821706e+00
1.250349999999999966e+02 2.379592677561307212e+00
1.243730000000000047e+02 2.374652105490478338e+00
1.237120000000000033e+02 2.360017870295007647e+00
1.230499999999999972e+02 2.362689480166310307e+00
1.223880000000000052e+02 2.353961413641109779e+00
1.217259999999999991e+02 2.305106962414877003e+00
1.210639999999999930e+02 2.245727734168101897e+00
1.204030000000000058e+02 2.239170801943345168e+00
1.197409999999999997e+02 2.219134379832051973e+00
1.190780000000000030e+02 2.153558765634190575e+00
1.184150000000000063e+02 2.132292353853958211e+00
1.177530000000000001e+02 2.094901685281985060e+00
1.170909999999999940e+02 2.045671734225664729e+00
1.164279999999999973e+02 1.997744719334156205e+00
1.157660000000000053e+02 1.975183936861788947e+00
1.151039999999999992e+02 1.945599848098634732e+00
1.144410000000000025e+02 1.899698774301606718e+00
1.137789999999999964e+02 1.856632216579986228e+00
1.131159999999999997e+02 1.844378884436725041e+00
1.124539999999999935e+02 1.819786238627784769e+00
1.117890000000000015e+02 1.792993799017924106e+00
1.111269999999999953e+02 1.784799698959352421e+00
1.104639999999999986e+02 1.754620602646719929e+00
1.098010000000000019e+02 1.728482371136467854e+00
1.091380000000000052e+02 1.696626198948440800e+00
1.084749999999999943e+02 1.680587929035061823e+00
1.078119999999999976e+02 1.622148938496275283e+00
1.071490000000000009e+02 1.586991850484051225e+00
1.064849999999999994e+02 1.505853685157821920e+00
1.058209999999999980e+02 1.437406643130221928e+00
1.051580000000000013e+02 1.352831178938851187e+00
1.044950000000000045e+02 1.324415882910427777e+00
1.038319999999999936e+02 1.259934340241102957e+00
1.031680000000000064e+02 1.203223579239504071e+00
1.025049999999999955e+02 1.150726109364115235e+00
1.018400000000000034e+02 1.128255553784810017e+00
1.011760000000000019e+02 1.091161928199142039e+00
1.005130000000000052e+02 1.099598791233947548e+00
9.984900000000000375e+01 1.097093430873396613e+00
9.918529999999999802e+01 1.088567641656605467e+00
9.852150000000000318e+01 1.075422775562274724e+00
9.785769999999999413e+01 1.107274889612883229e+00
9.719230000000000302e+01 1.146302586826866143e+00
9.652830000000000155e+01 1.182569760486827048e+00
9.586430000000000007e+01 1.210448409474963904e+00
9.520029999999999859e+01 1.248429813163299373e+00
9.453610000000000468e+01 1.303708721406950488e+00
9.387199999999999989e+01 1.357898554992431173e+00
9.320619999999999550e+01 1.392116514079300149e+00
9.254200000000000159e+01 1.431528949839267595e+00
9.187760000000000105e+01 1.432720147581338699e+00
9.121320000000000050e+01 1.445066409199123880e+00
9.054879999999999995e+01 1.443382950219062932e+00
8.988280000000000314e+01 1.473835301461748681e+00
8.921819999999999595e+01 1.475613189822185367e+00
8.855360000000000298e+01 1.462745871160086697e+00
8.788890000000000668e+01 1.448756926769949382e+00
8.722419999999999618e+01 1.475595436419342432e+00
8.655939999999999657e+01 1.495544329838460307e+00
8.589300000000000068e+01 1.525561409996406548e+00
8.522809999999999775e+01 1.532702606374273913e+00
8.456319999999999482e+01 1.552044293418560095e+00
8.389820000000000277e+01 1.545925291815808178e+00
8.323160000000000025e+01 1.558441552618744286e+00
8.256650000000000489e+01 1.559857263440748154e+00
8.190130000000000621e+01 1.575735478912607235e+00
8.123609999999999332e+01 1.577514427558972088e+00
8.057080000000000553e+01 1.551691853934820120e+00
7.990389999999999304e+01 1.553663978150413127e+00
7.923850000000000193e+01 1.564938045208610573e+00
7.857299999999999329e+01 1.581238535547832447e+00
7.790749999999999886e+01 1.589509729204974020e+00
7.724039999999999395e+01 1.589027564607196075e+00
7.657479999999999620e+01 1.597476663171438993e+00
7.590909999999999513e+01 1.575675759461533598e+00
7.524339999999999407e+01 1.584000157014334498e+00
7.457760000000000389e+01 1.581518471218874788e+00
7.391020000000000323e+01 1.548918813418151297e+00
7.324429999999999552e+01 1.533802711981778089e+00
7.257829999999999870e+01 1.497279156438557024e+00
7.191230000000000189e+01 1.472955524607465927e+00
7.124469999999999459e+01 1.463970227558264448e+00
7.057850000000000534e+01 1.443898372020269161e+00
6.991230000000000189e+01 1.448406687965162254e+00
6.924609999999999843e+01 1.419668981822434839e+00
6.857829999999999870e+01 1.410054195160302504e+00
6.791190000000000282e+01 1.396974939063843291e+00
6.724550000000000693e+01 1.375942110309681832e+00
6.657750000000000057e+01 1.363287438348518288e+00
6.591100000000000136e+01 1.336375691304454660e+00
6.524439999999999884e+01 1.324273294553658609e+00
6.457769999999999300e+01 1.303765360186353917e+00
6.390950000000000131e+01 1.278246251823472734e+00
6.324269999999999925e+01 1.265117400874090858e+00
6.257589999999999719e+01 1.259267817717236948e+00
6.190899999999999892e+01 1.250580499200414586e+00
6.124060000000000059e+01 1.236885728953676322e+00
6.057359999999999900e+01 1.226159647747141923e+00
5.990659999999999741e+01 1.216474232648069975e+00
5.923799999999999955e+01 1.185320618748720856e+00
5.857079999999999842e+01 1.152180713509358245e+00
5.790359999999999729e+01 1.142407825598972915e+00
5.723629999999999995e+01 1.122122616664317896e+00
5.656750000000000256e+01 1.093061010288021606e+00
5.590010000000000190e+01 1.082388170487900592e+00
5.523270000000000124e+01 1.062638246596088409e+00
5.456360000000000099e+01 1.049628181642262570e+00
5.389609999999999701e+01 1.041496324522912964e+00
5.322849999999999682e+01 1.042191827040870322e+00
5.255930000000000035e+01 1.048795551242534874e+00
5.189159999999999684e+01 1.023761033302497347e+00
5.122379999999999711e+01 1.016827010578980062e+00
5.055440000000000111e+01 1.006357416150359008e+00
4.988660000000000139e+01 9.886892854758420057e-01
4.921860000000000213e+01 9.699848469494486425e-01
4.854910000000000281e+01 9.531175486203962155e-01
4.788100000000000023e+01 9.466390007332289303e-01
4.721289999999999765e+01 9.326664766924366301e-01
4.654319999999999879e+01 9.120798351423705652e-01
4.587500000000000000e+01 9.017766299134967189e-01
4.520669999999999789e+01 8.751122098293668827e-01
4.453679999999999950e+01 8.601306359664842027e-01
4.386840000000000117e+01 8.470563806671184137e-01
4.320000000000000284e+01 8.441345313554305951e-01
4.252989999999999782e+01 8.251078681254013780e-01
4.186129999999999995e+01 8.038800362956388668e-01
4.119270000000000209e+01 7.759474789985072452e-01
4.052250000000000085e+01 7.596273968862802262e-01
3.985379999999999967e+01 7.481245158885583280e-01
3.918500000000000227e+01 7.406814135994276294e-01
3.851460000000000150e+01 7.267386901122131482e-01
3.784570000000000078e+01 7.111180498820283136e-01
3.717519999999999669e+01 6.910616829786292437e-01
3.650619999999999976e+01 6.734314323166332716e-01
3.583709999999999951e+01 6.626259923119338646e-01
3.516640000000000299e+01 6.509135944088758619e-01
3.449719999999999942e+01 6.326523454664952917e-01
3.382800000000000296e+01 6.194882990031768122e-01
3.315709999999999980e+01 6.000437725882983298e-01
3.248780000000000001e+01 5.742552616395794063e-01
3.181680000000000064e+01 5.579367004144186737e-01
3.114730000000000132e+01 5.457721781711617481e-01
3.047779999999999845e+01 5.372694299601600276e-01
2.980669999999999931e+01 5.117834731086965405e-01
2.913700000000000045e+01 4.987415545878851608e-01
2.846730000000000160e+01 4.877098317698252972e-01
2.779599999999999937e+01 4.665403504421776759e-01
2.712620000000000076e+01 4.512678581256711619e-01
2.645479999999999876e+01 4.379646033206504585e-01
2.578490000000000038e+01 4.219056908542221374e-01
2.511329999999999885e+01 4.009836910875629323e-01
2.444330000000000069e+01 3.795625710322785840e-01
2.377319999999999922e+01 3.675680630436819474e-01
2.310150000000000148e+01 3.452658342930856605e-01
2.243130000000000024e+01 3.281272604682108351e-01
2.175949999999999918e+01 3.113896848490040892e-01
2.108909999999999840e+01 2.934915283626075011e-01
2.041870000000000118e+01 2.789890136045795610e-01
1.974680000000000035e+01 2.587673262417773956e-01
1.907629999999999981e+01 2.438096267407194595e-01
1.840419999999999945e+01 2.302871429951661997e-01
1.773349999999999937e+01 2.146188059922650715e-01
1.706129999999999924e+01 2.048668816856390740e-01
1.639059999999999917e+01 1.899417133927970291e-01
1.571979999999999933e+01 1.782785489241759114e-01
1.504739999999999966e+01 1.692498827997759581e-01
1.437650000000000006e+01 1.587147098982099047e-01
1.370410000000000039e+01 1.513027658788641816e-01
1.303299999999999947e+01 1.404839504807680328e-01
1.236040000000000028e+01 1.314240184456908767e-01
1.168929999999999936e+01 1.222670394814531769e-01
1.101660000000000039e+01 1.163269588521502335e-01
1.034529999999999994e+01 1.152669837483782517e-01
9.672489999999999810e+00 1.122939311812450047e-01
9.001129999999999853e+00 1.091716361953055936e-01
8.329710000000000392e+00 1.045695185282273371e-01
7.656710000000000349e+00 1.028940849301868965e-01
6.985170000000000101e+00 1.092344706245106101e-01
6.312050000000000161e+00 1.130956973191928339e-01
5.640399999999999636e+00 1.143943977967214615e-01
4.967170000000000307e+00 1.107359310256837287e-01
4.295410000000000394e+00 1.031323250120396301e-01
3.622059999999999835e+00 9.315816211540692282e-02
2.950180000000000025e+00 8.057746118410528957e-02
2.276720000000000077e+00 6.625505458045315155e-02
1.604729999999999990e+00 4.880531175629848617e-02
9.311519999999999797e-01 2.846908182471110174e-02
2.590439999999999965e-01 7.908785466422409149e-03
