4.498670000000000186e+02 -4.394590452681988446e-01
4.492339999999999804e+02 -5.130421480646891741e-01
4.486009999999999991e+02 -5.464875228398451412e-01
4.479680000000000177e+02 -4.462608135636632611e-01
4.473360000000000127e+02 -4.563146414443504106e-01
4.467029999999999745e+02 -4.730923445588104959e-01
4.460690000000000168e+02 -4.129814982065667106e-01
4.454359999999999786e+02 -4.497605610564551770e-01
4.448029999999999973e+02 -4.598027399865745601e-01
4.441689999999999827e+02 -4.297784317861250147e-01
4.435360000000000014e+02 -3.930884115799832546e-01
4.429019999999999868e+02 -3.229995482740690149e-01
4.422699999999999818e+02 -3.865086203352445793e-01
4.416360000000000241e+02 -3.331420590094490985e-01
4.410029999999999859e+02 -3.365282510996089327e-01
4.403690000000000282e+02 -3.766154712227835488e-01
4.397350000000000136e+02 -3.766518506104192809e-01
4.391009999999999991e+02 -3.866924129146218636e-01
4.384669999999999845e+02 -4.634881142993630965e-01
4.378330000000000268e+02 -4.401820609611364898e-01
4.371990000000000123e+02 -4.668933176989017442e-01
4.365649999999999977e+02 -4.435845903182579764e-01
4.359329999999999927e+02 -5.203206658730346046e-01
4.352980000000000018e+02 -5.670399274297769354e-01
4.346639999999999873e+02 -5.703912019798594857e-01
4.340299999999999727e+02 -5.604188137453194329e-01
4.333960000000000150e+02 -5.604433014848124728e-01
4.327610000000000241e+02 -4.737930278010662466e-01
4.321270000000000095e+02 -5.038334602527074768e-01
4.314920000000000186e+02 -5.538581612119067854e-01
4.308580000000000041e+02 -5.772115602476939333e-01
4.302230000000000132e+02 -5.539013994869096402e-01
4.295889999999999986e+02 -5.172756725213534246e-01
4.289540000000000077e+02 -5.639680964670007457e-01
4.283190000000000168e+02 -5.339970668970155376e-01
4.276859999999999786e+02 -5.339811635861339001e-01
4.270509999999999877e+02 -5.706728682604641500e-01
4.264159999999999968e+02 -6.073353071411289328e-01
4.257810000000000059e+02 -5.707342805364482574e-01
4.251460000000000150e+02 -5.441221275438365979e-01
4.245110000000000241e+02 -4.942189941731675029e-01
4.238759999999999764e+02 -4.909289850768847052e-01
4.232409999999999854e+02 -4.609908292715514944e-01
4.226050000000000182e+02 -5.009626712563011175e-01
4.219700000000000273e+02 -4.943309375076148648e-01
4.213349999999999795e+02 -4.843804336354082252e-01
4.206990000000000123e+02 -4.378421557528787145e-01
4.200640000000000214e+02 -4.345530267103617783e-01
4.194289999999999736e+02 -3.946895508719910350e-01
4.187930000000000064e+02 -4.712216118996011560e-01
4.181569999999999823e+02 -4.878837613540545348e-01
4.175219999999999914e+02 -4.679573193355470728e-01
4.168860000000000241e+02 -3.948581317329261653e-01
4.162500000000000000e+02 -3.583301584213704483e-01
4.156150000000000091e+02 -3.517205256437326288e-01
4.149789999999999850e+02 -3.384790167325763544e-01
4.143430000000000177e+02 -3.252403178295564246e-01
4.137069999999999936e+02 -3.718140725134138624e-01
4.130710000000000264e+02 -3.020798046377967117e-01
4.124350000000000023e+02 -2.689072833439003496e-01
4.117989999999999782e+02 -2.423788194231057957e-01
4.111630000000000109e+02 -2.623748727147440230e-01
4.105260000000000105e+02 -2.823524578110120364e-01
4.098899999999999864e+02 -2.658013661900348046e-01
4.092540000000000191e+02 -3.388983369722180505e-01
4.086170000000000186e+02 -3.323130960351032281e-01
4.079809999999999945e+02 -3.024820401293423777e-01
4.073439999999999941e+02 -3.224520743553447311e-01
4.067080000000000268e+02 -3.424178182611984922e-01
4.060710000000000264e+02 -2.893770380104566664e-01
4.054350000000000023e+02 -3.624323699468853799e-01
4.047980000000000018e+02 -3.525163411981022676e-01
4.041610000000000014e+02 -3.658348048839541455e-01
4.035240000000000009e+02 -3.326978061813324894e-01
4.028879999999999768e+02 -4.024004546001925808e-01
4.022509999999999764e+02 -3.692881243204404473e-01
4.016139999999999759e+02 -4.422815163013513184e-01
4.009769999999999754e+02 -4.356867006384664287e-01
4.003399999999999750e+02 -5.119948261981717152e-01
3.997029999999999745e+02 -4.523472721982839118e-01
3.990649999999999977e+02 -4.722813006162729921e-01
3.984279999999999973e+02 -5.352594145918718738e-01
3.977909999999999968e+02 -5.518445178471294010e-01
3.971519999999999868e+02 -5.585771950359451621e-01
3.965149999999999864e+02 -6.082571066814536076e-01
3.958770000000000095e+02 -5.817848540957952785e-01
3.952400000000000091e+02 -6.546781825817497014e-01
3.946019999999999754e+02 -6.016915244580034461e-01
3.939649999999999750e+02 -6.580274443561678899e-01
3.933269999999999982e+02 -6.646658231851979570e-01
3.926890000000000214e+02 -5.885214240286406051e-01
3.920520000000000209e+02 -6.017810033959942739e-01
3.914139999999999873e+02 -5.422208857657018211e-01
3.907760000000000105e+02 -5.389659709063661097e-01
3.901379999999999768e+02 -4.529657166087444065e-01
3.895000000000000000e+02 -3.768488261216980661e-01
3.888609999999999900e+02 -4.165351091561105834e-01
3.882230000000000132e+02 -4.066769172010147870e-01
3.875849999999999795e+02 -3.670209912534325158e-01
3.869460000000000264e+02 -3.306819940799591850e-01
3.863079999999999927e+02 -2.877275565764977339e-01
3.856700000000000159e+02 -2.613277226954078269e-01
3.850319999999999823e+02 -2.316262574322728307e-01
3.843929999999999723e+02 -2.846048398280496272e-01
3.837549999999999955e+02 -2.516149770425661902e-01
3.831159999999999854e+02 -2.681615419782070742e-01
3.824759999999999991e+02 -2.748727065741656261e-01
3.818380000000000223e+02 -2.947472628394396388e-01
3.811990000000000123e+02 -3.774087678524075118e-01
3.805600000000000023e+02 -3.311718582626493323e-01
3.799220000000000255e+02 -3.510483176470771127e-01
3.792830000000000155e+02 -4.006647056282671704e-01
3.786440000000000055e+02 -3.676837777701847387e-01
3.780049999999999955e+02 -4.008064405146196663e-01
3.773650000000000091e+02 -3.875510598169329968e-01
3.767259999999999991e+02 -2.654025272204838526e-01
3.760860000000000127e+02 -2.753807785029386279e-01
3.754470000000000027e+02 -1.664927825841651110e-01
3.748079999999999927e+02 -1.731992439650292814e-01
3.741689999999999827e+02 -1.402819557242083182e-01
3.735299999999999727e+02 -1.040209547544520552e-01
3.728890000000000100e+02 -9.412969550276617525e-02
3.722500000000000000e+02 -1.470439475402739449e-01
3.716100000000000136e+02 -6.131071499072648923e-02
3.709710000000000036e+02 -1.207733692740222686e-01
3.703310000000000173e+02 -1.471607604515129397e-01
3.696909999999999741e+02 -1.670660495008400304e-01
3.690500000000000114e+02 -1.506702950639365879e-01
3.684110000000000014e+02 -1.837132444364539818e-01
3.677710000000000150e+02 -1.969771822247057269e-01
3.671309999999999718e+02 -2.234276887094496233e-01
3.664909999999999854e+02 -1.377461327202516017e-01
3.658509999999999991e+02 -1.873023312818917763e-01
3.652099999999999795e+02 -1.873324886808013234e-01
3.645699999999999932e+02 -1.116202972170933228e-01
3.639300000000000068e+02 -1.248693273638012968e-01
3.632900000000000205e+02 -1.315606730223021215e-01
3.626490000000000009e+02 -1.151795862600791809e-01
3.620079999999999814e+02 -1.316759249317668301e-01
3.613670000000000186e+02 -1.416373436121312057e-01
3.607269999999999754e+02 -1.877926058748556892e-01
3.600869999999999891e+02 -1.680906279418478144e-01
3.594460000000000264e+02 -2.273770207689287393e-01
3.588039999999999736e+02 -2.703648746319636809e-01
3.581639999999999873e+02 -2.868408211158977039e-01
3.575230000000000246e+02 -3.263857505518955038e-01
3.568829999999999814e+02 -2.672509019851584400e-01
3.562420000000000186e+02 -2.837504049664426597e-01
3.556000000000000227e+02 -2.738834534014817912e-01
3.549590000000000032e+02 -2.476296818572070180e-01
3.543179999999999836e+02 -3.003325656482308537e-01
3.536770000000000209e+02 -2.839014947079786522e-01
3.530350000000000250e+02 -2.083341760478035765e-01
3.523940000000000055e+02 -1.886630977694887523e-01
3.517520000000000095e+02 -1.887291217382649489e-01
3.511109999999999900e+02 -3.039041293481853923e-01
3.504689999999999941e+02 -2.611914544903123359e-01
3.498269999999999982e+02 -2.448181779727618412e-01
3.491859999999999786e+02 -2.547400978185043741e-01
3.485450000000000159e+02 -2.646243806255308417e-01
3.479019999999999868e+02 -2.746060870904130091e-01
3.472599999999999909e+02 -3.074901002508186876e-01
3.466190000000000282e+02 -3.141221260897454903e-01
3.459769999999999754e+02 -3.273239213890480892e-01
3.453340000000000032e+02 -2.846532600249770395e-01
3.446929999999999836e+02 -2.584372490552997448e-01
3.440509999999999877e+02 -2.782169129177546330e-01
3.434089999999999918e+02 -2.848486887396013412e-01
3.427660000000000196e+02 -3.177279538512238211e-01
3.421240000000000236e+02 -2.488144094997213340e-01
3.414820000000000277e+02 -2.324659587022223084e-01
3.408399999999999750e+02 -2.358455857495106445e-01
3.401970000000000027e+02 -2.063233317980865955e-01
3.395539999999999736e+02 -1.998380506196045792e-01
3.389119999999999777e+02 -2.163395471211611021e-01
3.382690000000000055e+02 -1.999329281785174883e-01
3.376259999999999764e+02 -1.180113465539052164e-01
3.369839999999999804e+02 -6.559696896422262391e-02
3.363419999999999845e+02 -9.517711509374371381e-02
3.356979999999999791e+02 -1.379127812563343269e-01
3.350550000000000068e+02 -1.478161369273235382e-01
3.344130000000000109e+02 -1.773634520958531358e-01
3.337690000000000055e+02 -1.676447247081881420e-01
3.331259999999999764e+02 -1.513075815082119968e-01
3.324830000000000041e+02 -6.291445826123798213e-02
3.318389999999999986e+02 -1.022347602765036889e-01
3.311960000000000264e+02 -4.666064654672097411e-02
3.305539999999999736e+02 -6.969541491378894449e-02
3.299110000000000014e+02 -2.391730840804995317e-02
3.292660000000000196e+02 5.511838892451881300e-03
3.286229999999999905e+02 5.128568716723669318e-02
3.279800000000000182e+02 3.812602873174220086e-02
3.273360000000000127e+02 1.504468257662638919e-02
3.266929999999999836e+02 -6.032871076661772136e-02
3.260489999999999782e+02 -7.350024174337010940e-02
3.254049999999999727e+02 -8.995708177386807503e-02
3.247610000000000241e+02 -5.074356611697017350e-02
3.241179999999999950e+02 -7.700504251497641839e-02
3.234730000000000132e+02 -5.746075532104655270e-02
3.228290000000000077e+02 -5.429781945532285992e-02
3.221840000000000259e+02 7.849346894841624511e-03
3.215409999999999968e+02 1.426219836165010246e-02
3.208969999999999914e+02 8.281812423639189902e-02
3.202520000000000095e+02 1.220525676361970957e-01
3.196080000000000041e+02 1.186451347707978554e-01
3.189639999999999986e+02 1.479709782927952633e-01
3.183190000000000168e+02 1.903845350942470205e-01
3.176750000000000114e+02 1.314349965448081692e-01
3.170310000000000059e+02 3.662746284094253735e-02
3.163860000000000241e+02 3.640824870630288146e-02
3.157420000000000186e+02 1.676807980083450111e-02
3.150980000000000132e+02 -3.233857648172822064e-02
3.144519999999999982e+02 -4.553718330757816624e-02
3.138079999999999927e+02 -6.847877836138471785e-02
3.131619999999999777e+02 -8.162816038865361445e-02
3.125179999999999723e+02 -1.013291925888487599e-01
3.118729999999999905e+02 -9.164208876661283920e-02
3.112269999999999754e+02 2.589402359749559679e-02
3.105830000000000268e+02 -2.318983694011600427e-02
3.099370000000000118e+02 -4.288191802777185924e-02
3.092919999999999732e+02 -3.314224703974244512e-02
3.086469999999999914e+02 -5.281467036734122100e-02
3.080009999999999764e+02 1.565240875722861968e-02
3.073570000000000277e+02 5.468705487147140776e-02
3.067099999999999795e+02 6.772402504755581365e-02
3.060649999999999977e+02 5.453309768418490577e-02
3.054200000000000159e+02 5.113352527869485797e-02
3.047740000000000009e+02 4.782613451364026158e-02
3.041290000000000191e+02 4.451254845818208850e-02
3.034820000000000277e+02 1.356978764383356406e-01
3.028369999999999891e+02 1.942847425371437842e-01
3.021920000000000073e+02 2.397370488531339605e-01
3.015450000000000159e+02 2.103672894077951439e-01
3.008999999999999773e+02 1.450216813224077805e-01
3.002529999999999859e+02 2.394962256252674004e-01
2.996080000000000041e+02 4.987609794899140470e-01
2.989610000000000127e+02 3.838074508318247702e-01
2.983149999999999977e+02 5.928871113711069452e-01
2.976700000000000159e+02 4.865080856551005084e-01
2.970230000000000246e+02 5.010525577523062823e-01
2.963770000000000095e+02 3.470974071121234461e-01
2.957300000000000182e+02 2.982165376850987037e-01
2.950840000000000032e+02 3.690671528433014936e-01
2.944370000000000118e+02 2.007720195432127208e-01
2.937909999999999968e+02 2.715413997798469814e-01
2.931429999999999723e+02 6.507827633414703383e-01
2.924970000000000141e+02 6.410677642873596760e-01
2.918500000000000227e+02 5.210496291161271776e-01
2.912040000000000077e+02 4.801761353443807501e-01
2.905570000000000164e+02 5.961572198846191162e-01
2.899100000000000250e+02 7.433320689578446494e-01
2.892629999999999768e+02 9.595496786238356668e-01
2.886159999999999854e+02 1.089407556718382297e+00
2.879689999999999941e+02 1.179596899252944642e+00
2.873210000000000264e+02 1.191922331878250807e+00
2.866750000000000114e+02 1.157734567411303983e+00
2.860269999999999868e+02 1.324123867174966218e+00
2.853799999999999955e+02 1.382014780023254286e+00
2.847320000000000277e+02 1.347617306127666170e+00
2.840849999999999795e+02 1.504456662329530792e+00
2.834370000000000118e+02 1.576760071735535673e+00
2.827900000000000205e+02 1.732096424770982690e+00
2.821419999999999959e+02 1.864141348717906377e+00
2.814950000000000045e+02 1.927022032617399017e+00
2.808469999999999800e+02 2.073021384302152992e+00
2.801990000000000123e+02 1.946988996074023426e+00
2.795509999999999877e+02 1.866592751050016430e+00
2.789039999999999964e+02 1.914169866083724525e+00
2.782549999999999955e+02 1.916266891747884671e+00
2.776080000000000041e+02 1.926005740084846485e+00
2.769590000000000032e+02 1.876153994745821452e+00
2.763120000000000118e+02 1.952480062234634994e+00
2.756630000000000109e+02 1.888146593517378236e+00
2.750149999999999864e+02 1.956501208969653405e+00
2.743659999999999854e+02 2.274868963009233802e+00
2.737189999999999941e+02 2.517842551740071766e+00
2.730699999999999932e+02 2.584271831383365470e+00
2.724220000000000255e+02 2.526005710070549970e+00
2.717730000000000246e+02 2.431861647798719606e+00
2.711240000000000236e+02 2.359816203808443813e+00
2.704759999999999991e+02 2.237645765105876539e+00
2.698260000000000218e+02 2.310789592660338787e+00
2.691779999999999973e+02 2.448363928147117452e+00
2.685289999999999964e+02 2.247756437586780898e+00
2.678809999999999718e+02 2.198361394777255562e+00
2.672309999999999945e+02 2.135305039871175925e+00
2.665830000000000268e+02 2.221768115386399955e+00
2.659329999999999927e+02 2.499598299540771063e+00
2.652839999999999918e+02 2.620176018352068148e+00
2.646349999999999909e+02 2.810540904574776011e+00
2.639850000000000136e+02 2.697072949376249529e+00
2.633369999999999891e+02 2.647174138323990178e+00
2.626870000000000118e+02 2.765886230718991978e+00
2.620380000000000109e+02 2.667402486559022012e+00
2.613879999999999768e+02 2.847776495073284675e+00
2.607400000000000091e+02 2.756598083699504542e+00
2.600899999999999750e+02 2.561564929734708063e+00
2.594390000000000214e+02 2.671675810430428122e+00
2.587900000000000205e+02 2.588161642474404278e+00
2.581399999999999864e+02 2.601368703585749120e+00
2.574909999999999854e+02 2.566533138011655613e+00
2.568410000000000082e+02 2.770890031537067699e+00
2.561899999999999977e+02 2.926520618482606917e+00
2.555409999999999968e+02 2.843264906397589886e+00
2.548899999999999864e+02 2.943451366252597623e+00
2.542410000000000139e+02 2.941800238094854691e+00
2.535910000000000082e+02 2.791705770866574454e+00
2.529399999999999977e+02 2.796912310799463341e+00
2.522899999999999920e+02 2.862672633865056770e+00
2.516399999999999864e+02 3.007783702886721588e+00
2.509900000000000091e+02 2.805815760278363769e+00
2.503389999999999986e+02 2.824095052312184162e+00
2.496879999999999882e+02 2.928459281778897694e+00
2.490380000000000109e+02 2.952624459360133180e+00
2.483870000000000005e+02 3.095454954858991581e+00
2.477359999999999900e+02 3.224085082905129962e+00
2.470860000000000127e+02 3.168736884397516107e+00
2.464350000000000023e+02 3.315901786143238272e+00
2.457849999999999966e+02 3.110841295318262922e+00
2.451330000000000098e+02 3.224835253208910846e+00
2.444819999999999993e+02 3.137503222622854526e+00
2.438319999999999936e+02 3.063742749976888113e+00
2.431800000000000068e+02 3.009367136807131082e+00
2.425289999999999964e+02 3.000283119401773391e+00
2.418779999999999859e+02 3.182838843416904595e+00
2.412270000000000039e+02 3.307134343668975962e+00
2.405749999999999886e+02 3.195523371755986108e+00
2.399240000000000066e+02 3.401036855648451152e+00
2.392719999999999914e+02 3.390793180712591504e+00
2.386200000000000045e+02 3.487461291041107803e+00
2.379699999999999989e+02 3.464192613603096937e+00
2.373180000000000121e+02 3.603748068711415176e+00
2.366670000000000016e+02 3.592805888575247852e+00
2.360149999999999864e+02 3.587765255591569336e+00
2.353629999999999995e+02 3.688394666577107017e+00
2.347100000000000080e+02 3.881019789022547073e+00
2.340600000000000023e+02 3.850364986846215309e+00
2.334070000000000107e+02 3.826148205987108586e+00
2.327549999999999955e+02 4.028718393760795102e+00
2.321040000000000134e+02 4.180917142765744110e+00
2.314509999999999934e+02 4.149650562190830172e+00
2.307980000000000018e+02 4.294321498456330488e+00
2.301469999999999914e+02 4.280827077991194329e+00
2.294939999999999998e+02 4.206973094675066527e+00
2.288420000000000130e+02 4.091441282947252844e+00
2.281899999999999977e+02 4.288217606809073601e+00
2.275370000000000061e+02 4.435905627393711192e+00
2.268839999999999861e+02 4.517221982762369414e+00
2.262330000000000041e+02 4.650960362868658216e+00
2.255800000000000125e+02 4.825532707641357000e+00
2.249269999999999925e+02 4.816021272243994567e+00
2.242729999999999961e+02 4.847745723414251806e+00
2.236220000000000141e+02 4.984358571452775166e+00
2.229679999999999893e+02 5.020967147327011659e+00
2.223149999999999977e+02 5.068595425996353931e+00
2.216630000000000109e+02 4.976880670789021188e+00
2.210099999999999909e+02 4.873634809613121455e+00
2.203559999999999945e+02 4.765330500939251479e+00
2.197019999999999982e+02 4.715267556601693499e+00
2.190500000000000114e+02 4.739890464201913289e+00
2.183969999999999914e+02 4.735608697605962369e+00
2.177429999999999950e+02 4.714264809543577961e+00
2.170889999999999986e+02 4.749726299579394073e+00
2.164370000000000118e+02 4.649037739352563925e+00
2.157829999999999870e+02 4.735077158460203606e+00
2.151289999999999907e+02 4.674190958598586576e+00
2.144749999999999943e+02 4.826530617848737492e+00
2.138220000000000027e+02 4.827069022184829805e+00
2.131680000000000064e+02 4.838535890112363624e+00
2.125140000000000100e+02 4.872103133983035406e+00
2.118600000000000136e+02 4.772730094824646940e+00
2.112069999999999936e+02 4.888678194791514997e+00
2.105529999999999973e+02 4.839036382432116312e+00
2.098979999999999961e+02 4.795156250186777491e+00
2.092439999999999998e+02 4.713108119033676324e+00
2.085910000000000082e+02 4.702424546600386890e+00
2.079360000000000070e+02 4.680786543841566782e+00
2.072820000000000107e+02 4.648380505068852919e+00
2.066270000000000095e+02 4.519316478196124365e+00
2.059739999999999895e+02 4.610786083399608160e+00
2.053189999999999884e+02 4.589237947174525267e+00
2.046639999999999873e+02 4.525320524242895104e+00
2.040089999999999861e+02 4.530590339613949524e+00
2.033540000000000134e+02 4.519854836293617950e+00
2.027009999999999934e+02 4.356601626645218772e+00
2.020459999999999923e+02 4.299080797736291260e+00
2.013909999999999911e+02 4.179178081438574388e+00
2.007350000000000136e+02 4.289268247048876326e+00
2.000800000000000125e+02 4.237565572909436362e+00
1.994259999999999877e+02 4.124018986821032406e+00
1.987709999999999866e+02 4.114274416162984949e+00
1.981160000000000139e+02 4.068663445529227651e+00
1.974600000000000080e+02 4.135696141073017529e+00
1.968050000000000068e+02 4.023713964919904740e+00
1.961510000000000105e+02 3.994015831664231797e+00
1.954950000000000045e+02 4.105906702218804050e+00
1.948389999999999986e+02 3.994923689500541553e+00
1.941839999999999975e+02 3.929944750439311907e+00
1.935279999999999916e+02 3.970461754051732406e+00
1.928739999999999952e+02 4.025501294868654156e+00
1.922179999999999893e+02 4.000639618116792029e+00
1.915620000000000118e+02 4.124347545226021872e+00
1.909060000000000059e+02 4.296490339411064951e+00
1.902500000000000000e+02 4.364033650993430768e+00
1.895939999999999941e+02 4.274075966018300754e+00
1.889389999999999930e+02 4.399285370832481945e+00
1.882829999999999870e+02 4.489608559888337069e+00
1.876270000000000095e+02 4.588758690170883447e+00
1.869699999999999989e+02 4.552065786717533591e+00
1.863139999999999930e+02 4.534656728250650914e+00
1.856570000000000107e+02 4.430983263149022022e+00
1.850010000000000048e+02 4.356748103311684162e+00
1.843460000000000036e+02 4.425431939139541804e+00
1.836889999999999930e+02 4.526641641126195381e+00
1.830329999999999870e+02 4.622086590519257854e+00
1.823760000000000048e+02 4.669874285817277482e+00
1.817189999999999941e+02 4.623590372027139850e+00
1.810620000000000118e+02 4.894394208684125225e+00
1.804050000000000011e+02 5.093266153015691522e+00
1.797500000000000000e+02 5.169959996508342925e+00
1.790929999999999893e+02 5.333776688308028646e+00
1.784360000000000070e+02 5.335538410777860285e+00
1.777789999999999964e+02 5.401079749205611513e+00
1.771220000000000141e+02 5.424855116135959499e+00
1.764650000000000034e+02 5.452979748381604708e+00
1.758069999999999879e+02 5.498624824261280963e+00
1.751500000000000057e+02 5.435972588718047227e+00
1.744939999999999998e+02 5.489859882388898882e+00
1.738369999999999891e+02 5.623646122012694093e+00
1.731790000000000020e+02 5.702796815291264032e+00
1.725219999999999914e+02 5.807725260087023500e+00
1.718640000000000043e+02 5.942410823922904761e+00
1.712059999999999889e+02 6.045005998761648236e+00
1.705490000000000066e+02 6.124897822759224120e+00
1.698909999999999911e+02 6.164610864587648287e+00
1.692330000000000041e+02 6.134537015611985389e+00
1.685749999999999886e+02 6.095846368264331794e+00
1.679190000000000111e+02 6.173374324305765271e+00
1.672609999999999957e+02 6.134442891482552618e+00
1.666030000000000086e+02 6.270314572524934071e+00
1.659449999999999932e+02 6.154551570608028044e+00
1.652870000000000061e+02 6.005797677108194677e+00
1.646279999999999859e+02 6.013625124143469058e+00
1.639699999999999989e+02 6.092422514698298208e+00
1.633120000000000118e+02 6.216278808191477268e+00
1.626539999999999964e+02 6.226733158360736375e+00
1.619950000000000045e+02 6.133419315079181366e+00
1.613369999999999891e+02 6.102537175360509103e+00
1.606779999999999973e+02 5.997831102357433330e+00
1.600190000000000055e+02 6.004002528958605645e+00
1.593609999999999900e+02 6.050660920339196558e+00
1.587040000000000077e+02 6.056278578242261013e+00
1.580449999999999875e+02 6.097639380573540713e+00
1.573859999999999957e+02 6.062292052619733695e+00
1.567270000000000039e+02 6.106858619389543108e+00
1.560680000000000121e+02 6.071414743531128977e+00
1.554089999999999918e+02 6.079542536608713021e+00
1.547500000000000000e+02 6.107009107139528936e+00
1.540910000000000082e+02 6.071344481017744599e+00
1.534319999999999879e+02 6.074700582638493884e+00
1.527729999999999961e+02 6.073928620313162163e+00
1.521140000000000043e+02 6.022656624554195481e+00
1.514540000000000077e+02 6.013960877580835529e+00
1.507949999999999875e+02 6.005062392658241599e+00
1.501359999999999957e+02 6.232323873899578537e+00
1.494759999999999991e+02 6.305548341589372718e+00
1.488170000000000073e+02 6.332436215377254207e+00
1.481570000000000107e+02 6.479079848238513684e+00
1.474970000000000141e+02 6.466987950245038697e+00
1.468379999999999939e+02 6.544045509953909878e+00
1.461779999999999973e+02 6.583067176704642698e+00
1.455180000000000007e+02 6.706176405190402257e+00
1.448580000000000041e+02 6.743473824315545428e+00
1.441980000000000075e+02 6.590171421844676303e+00
1.435380000000000109e+02 6.667034637520195872e+00
1.428779999999999859e+02 6.710278310262489221e+00
1.422179999999999893e+02 6.817622449207044077e+00
1.415579999999999927e+02 6.851979475368870531e+00
1.408979999999999961e+02 6.867826859363710845e+00
1.402379999999999995e+02 6.876076231937749306e+00
1.395769999999999982e+02 6.869772052938641238e+00
1.389170000000000016e+02 6.968641193094216035e+00
1.382560000000000002e+02 7.177772492040030983e+00
1.375960000000000036e+02 7.297669389027717557e+00
1.369350000000000023e+02 7.395256985819680828e+00
1.362750000000000057e+02 7.429589211861078013e+00
1.356140000000000043e+02 7.545327594456024300e+00
1.349540000000000077e+02 7.649264923985034770e+00
1.342930000000000064e+02 7.846550870918735932e+00
1.336320000000000050e+02 8.037969919217312409e+00
1.329710000000000036e+02 8.153295145987099701e+00
1.323100000000000023e+02 8.223643611814750898e+00
1.316490000000000009e+02 8.422094672912033175e+00
1.309879999999999995e+02 8.482787140042640672e+00
1.303269999999999982e+02 8.519492129286707183e+00
1.296659999999999968e+02 8.708638999378209178e+00
1.290049999999999955e+02 8.785013266915699504e+00
1.283420000000000130e+02 8.795372172882833794e+00
1.276809999999999974e+02 8.827737036920039415e+00
1.270190000000000055e+02 8.945311398828666327e+00
1.263580000000000041e+02 8.848488083262425974e+00
1.256959999999999980e+02 8.720498604194990122e+00
1.250349999999999966e+02 8.750503766751435819e+00
1.243730000000000047e+02 8.742222045564609800e+00
1.237120000000000033e+02 8.699314762652923250e+00
1.230499999999999972e+02 8.718114414704203341e+00
1.223880000000000052e+02 8.696185760557561650e+00
1.217259999999999991e+02 8.530563593246826670e+00
1.210639999999999930e+02 8.326833471520235008e+00
1.204030000000000058e+02 8.312117675919598270e+00
1.197409999999999997e+02 8.248953533442971775e+00
1.190780000000000030e+02 8.021891949872667738e+00
1.184150000000000063e+02 7.953808158925999017e+00
1.177530000000000001e+02 7.827428374078817974e+00
1.170909999999999940e+02 7.658025932012582082e+00
1.164279999999999973e+02 7.492939531199674263e+00
1.157660000000000053e+02 7.419186878006342134e+00
1.151039999999999992e+02 7.319821918892673196e+00
1.144410000000000025e+02 7.161078764708231681e+00
1.137789999999999964e+02 7.012231782008932157e+00
1.131159999999999997e+02 6.974992360755780219e+00
1.124539999999999935e+02 6.892759096966714516e+00
1.117890000000000015e+02 6.802343768206149832e+00
1.111269999999999953e+02 6.779482132975325648e+00
1.104639999999999986e+02 6.676316955191674118e+00
1.098010000000000019e+02 6.587666447682516413e+00
1.091380000000000052e+02 6.477877556711289841e+00
1.084749999999999943e+02 6.425759712140932223e+00
1.078119999999999976e+02 6.218019054569119852e+00
1.071490000000000009e+02 6.095259306121675102e+00
1.064849999999999994e+02 5.803198471563736582e+00
1.058209999999999980e+02 5.557146176218489053e+00
1.051580000000000013e+02 5.251077379072456530e+00
1.044950000000000045e+02 5.151431917166452656e+00
1.038319999999999936e+02 4.918353528372823469e+00
1.031680000000000064e+02 4.713454872998545930e+00
1.025049999999999955e+02 4.523653095919079270e+00
1.018400000000000034e+02 4.444682824322806702e+00
1.011760000000000019e+02 4.311254086460775348e+00
1.005130000000000052e+02 4.346620112525750201e+00
9.984900000000000375e+01 4.341370143534597048e+00
9.918529999999999802e+01 4.313678245114492604e+00
9.852150000000000318e+01 4.268691456079883650e+00
9.785769999999999413e+01 4.391518767949396107e+00
9.719230000000000302e+01 4.541445312968306780e+00
9.652830000000000155e+01 4.681378183689311356e+00
9.586430000000000007e+01 4.790211850088449630e+00
9.520029999999999859e+01 4.937173164873621012e+00
9.453610000000000468e+01 5.149408963763382197e+00
9.387199999999999989e+01 5.358040720428584258e+00
9.320619999999999550e+01 5.492012633317409964e+00
9.254200000000000159e+01 5.645847470868513795e+00
9.187760000000000105e+01 5.655865873913782593e+00
9.121320000000000050e+01 5.708022272631602334e+00
9.054879999999999995e+01 5.707244004570235063e+00
8.988280000000000314e+01 5.828113926472236805e+00
8.921819999999999595e+01 5.840571374683960926e+00
8.855360000000000298e+01 5.797474442964249519e+00
8.788890000000000668e+01 5.750001639704468204e+00
8.722419999999999618e+01 5.857692301350543751e+00
8.655939999999999657e+01 5.939391892526494132e+00
8.589300000000000068e+01 6.059674783559784395e+00
8.522809999999999775e+01 6.092896919758683083e+00
8.456319999999999482e+01 6.172813397372510558e+00
8.389820000000000277e+01 6.155487006793368465e+00
8.323160000000000025e+01 6.209511751099714871e+00
8.256650000000000489e+01 6.221062326999141412e+00
8.190130000000000621e+01 6.288167129648272180e+00
8.123609999999999332e+01 6.301211167275481806e+00
8.057080000000000553e+01 6.208024058384112642e+00
7.990389999999999304e+01 6.221736574726418390e+00
7.923850000000000193e+01 6.271348786086845983e+00
7.857299999999999329e+01 6.340487371643423131e+00
7.790749999999999886e+01 6.378721908009917563e+00
7.724039999999999395e+01 6.383151253509210754e+00
7.657479999999999620e+01 6.422193961124373018e+00
7.590909999999999513e+01 6.343884808809346687e+00
7.524339999999999407e+01 6.382463942853249250e+00
7.457760000000000389e+01 6.379071955162062935e+00
7.391020000000000323e+01 6.258325739306156876e+00
7.324429999999999552e+01 6.205461861842184845e+00
7.257829999999999870e+01 6.068845038763122979e+00
7.191230000000000189e+01 5.979590052933861699e+00
7.124469999999999459e+01 5.950171502881441477e+00
7.057850000000000534e+01 5.877196130257929418e+00
6.991230000000000189e+01 5.900502044462277773e+00
6.924609999999999843e+01 5.793207821130060609e+00
6.857829999999999870e+01 5.760888569066660914e+00
6.791190000000000282e+01 5.714818095360083561e+00
6.724550000000000693e+01 5.637252333847460051e+00
6.657750000000000057e+01 5.592580214774456770e+00
6.591100000000000136e+01 5.491404821045339446e+00
6.524439999999999884e+01 5.448592760019544734e+00
6.457769999999999300e+01 5.372348319605428912e+00
6.390950000000000131e+01 5.276028287368199621e+00
6.324269999999999925e+01 5.228676813865168249e+00
6.257589999999999719e+01 5.210153305035838400e+00
6.190899999999999892e+01 5.180269133942190685e+00
6.124060000000000059e+01 5.130339350283676048e+00
6.057359999999999900e+01 5.092116942294596882e+00
5.990659999999999741e+01 5.057947441986879511e+00
5.923799999999999955e+01 4.937760043347784844e+00
5.857079999999999842e+01 4.809292418132226743e+00
5.790359999999999729e+01 4.774256937282607360e+00
5.723629999999999995e+01 4.696888074188072970e+00
5.656750000000000256e+01 4.584019418890430408e+00
5.590010000000000190e+01 4.544911622488926994e+00
5.523270000000000124e+01 4.469089778615526143e+00
5.456360000000000099e+01 4.420288844093912317e+00
5.389609999999999701e+01 4.391065628135268462e+00
5.322849999999999682e+01 4.397487682860429459e+00
5.255930000000000035e+01 4.427866056169349029e+00
5.189159999999999684e+01 4.329918459132411357e+00
5.122379999999999711e+01 4.305253564084526197e+00
5.055440000000000111e+01 4.266140121645004335e+00
4.988660000000000139e+01 4.197588146172314794e+00
4.921860000000000213e+01 4.124626780945885862e+00
4.854910000000000281e+01 4.058978507635443655e+00
4.788100000000000023e+01 4.035619077575633540e+00
4.721289999999999765e+01 3.981512100050102365e+00
4.654319999999999879e+01 3.900155007274012320e+00
4.587500000000000000e+01 3.860775022648385235e+00
4.520669999999999789e+01 3.754056873226290225e+00
4.453679999999999950e+01 3.695128338045729155e+00
4.386840000000000117e+01 3.643889668454241892e+00
4.320000000000000284e+01 3.634382879263887034e+00
4.252989999999999782e+01 3.558338090536987686e+00
4.186129999999999995e+01 3.472981593837601633e+00
4.119270000000000209e+01 3.359638616170897762e+00
4.052250000000000085e+01 3.294139687909031444e+00
3.985379999999999967e+01 3.248452342559041472e+00
3.918500000000000227e+01 3.219509364361675452e+00
3.851460000000000150e+01 3.163439415308742397e+00
3.784570000000000078e+01 3.100219741164166098e+00
3.717519999999999669e+01 3.018326757379547587e+00
3.650619999999999976e+01 2.946343592250111332e+00
3.583709999999999951e+01 2.902709352757602890e+00
3.516640000000000299e+01 2.855157425405610461e+00
3.449719999999999942e+01 2.780009532823628060e+00
3.382800000000000296e+01 2.726058068135845058e+00
3.315709999999999980e+01 2.645558532365688276e+00
3.248780000000000001e+01 2.538136120950460928e+00
3.181680000000000064e+01 2.470340598869723792e+00
3.114730000000000132e+01 2.419887289225781668e+00
3.047779999999999845e+01 2.384765177281716664e+00
2.980669999999999931e+01 2.277692061433833182e+00
2.913700000000000045e+01 2.223045782950584304e+00
2.846730000000000160e+01 2.176774085513368373e+00
2.779599999999999937e+01 2.087317608068631536e+00
2.712620000000000076e+01 2.022695541036483746e+00
2.645479999999999876e+01 1.966281099269937993e+00
2.578490000000000038e+01 1.897960899204127028e+00
2.511329999999999885e+01 1.808692934910687500e+00
2.444330000000000069e+01 1.717049898744814396e+00
2.377319999999999922e+01 1.665504699658175491e+00
2.310150000000000148e+01 1.569640522791922121e+00
2.243130000000000024e+01 1.495675516607297473e+00
2.175949999999999918e+01 1.423229530345140992e+00
2.108909999999999840e+01 1.345593008277731428e+00
2.041870000000000118e+01 1.282371882862848755e+00
1.974680000000000035e+01 1.194305097131988624e+00
1.907629999999999981e+01 1.128735443617328693e+00
1.840419999999999945e+01 1.069188589209055573e+00
1.773349999999999937e+01 1.000186449054838889e+00
1.706129999999999924e+01 9.566435288389374403e-01
1.639059999999999917e+01 8.905199246763739751e-01
1.571979999999999933e+01 8.383934876356171628e-01
1.504739999999999966e+01 7.975841922027268049e-01
1.437650000000000006e+01 7.500951077918401877e-01
1.370410000000000039e+01 7.160979556526040346e-01
1.303299999999999947e+01 6.671169722402769953e-01
1.236040000000000028e+01 6.256894189555178842e-01
1.168929999999999936e+01 5.837217429979402183e-01
1.101660000000000039e+01 5.557418089859883503e-01
1.034529999999999994e+01 5.491196120719836760e-01
9.672489999999999810e+00 5.340502638049432482e-01
9.001129999999999853e+00 5.182779308967903065e-01
8.329710000000000392e+00 4.959273197942774547e-01
7.656710000000000349e+00 4.864267639834818913e-01
6.985170000000000101e+00 5.123397722159364065e-01
6.312050000000000161e+00 5.273290062838620340e-01
5.640399999999999636e+00 5.309911015729252837e-01
4.967170000000000307e+00 5.126410082635510790e-01
4.295410000000000394e+00 4.766997682376942214e-01
3.622059999999999835e+00 4.300963195717390497e-01
2.950180000000000025e+00 3.717468470021301208e-01
2.276720000000000077e+00 3.054538756272729416e-01
1.604729999999999990e+00 2.250048290173736198e-01
9.311519999999999797e-01 1.314097250320533650e-01
2.590439999999999965e-01 3.655789053119513909e-02
