4.498670000000000186e+02 -1.092181497141056223e-01
4.492339999999999804e+02 -1.391475883220583132e-01
4.486009999999999991e+02 -1.527876860726551933e-01
4.479680000000000177e+02 -1.124119600117099438e-01
4.473360000000000127e+02 -1.166142924065243780e-01
4.467029999999999745e+02 -1.235185157667295641e-01
4.460690000000000168e+02 -9.945177314413503056e-02
4.454359999999999786e+02 -1.144048695443113106e-01
4.448029999999999973e+02 -1.185846996044333523e-01
4.441689999999999827e+02 -1.066752092223443305e-01
4.435360000000000014e+02 -9.211828083317327720e-02
4.429019999999999868e+02 -6.421573015434062226e-02
4.422699999999999818e+02 -8.982409055469359194e-02
4.416360000000000241e+02 -6.866707987116746348e-02
4.410029999999999859e+02 -7.021372762995156669e-02
4.403690000000000282e+02 -8.639549071071661590e-02
4.397350000000000136e+02 -8.658681148306640596e-02
4.391009999999999991e+02 -9.075972740294471763e-02
4.384669999999999845e+02 -1.214636442406009653e-01
4.378330000000000268e+02 -1.123481965064261900e-01
4.371990000000000123e+02 -1.230952556288779087e-01
4.365649999999999977e+02 -1.139972070516007407e-01
4.359329999999999927e+02 -1.445231983876152371e-01
4.352980000000000018e+02 -1.631147557991368680e-01
4.346639999999999873e+02 -1.645352964701345400e-01
4.340299999999999727e+02 -1.606955873982909289e-01
4.333960000000000150e+02 -1.608048750233890822e-01
4.327610000000000241e+02 -1.267866654463349063e-01
4.321270000000000095e+02 -1.387387260974240477e-01
4.314920000000000186e+02 -1.585171233789542666e-01
4.308580000000000041e+02 -1.677851855341762066e-01
4.302230000000000132e+02 -1.587395620499665594e-01
4.295889999999999986e+02 -1.444991638338745110e-01
4.289540000000000077e+02 -1.628831758247599182e-01
4.283190000000000168e+02 -1.512704266298311451e-01
4.276859999999999786e+02 -1.513754244416193884e-01
4.270509999999999877e+02 -1.657933006019385591e-01
4.264159999999999968e+02 -1.801684185962865170e-01
4.257810000000000059e+02 -1.660091797521583701e-01
4.251460000000000150e+02 -1.557632222797500354e-01
4.245110000000000241e+02 -1.364987951709750735e-01
4.238759999999999764e+02 -1.353520175558252103e-01
4.232409999999999854e+02 -1.238864386936044948e-01
4.226050000000000182e+02 -1.394952224481968428e-01
4.219700000000000273e+02 -1.370584978379502661e-01
4.213349999999999795e+02 -1.333463504655463816e-01
4.206990000000000123e+02 -1.155343562562558268e-01
4.200640000000000214e+02 -1.144210519823243011e-01
4.194289999999999736e+02 -9.923862885558978886e-02
4.187930000000000064e+02 -1.288240421717413153e-01
4.181569999999999823e+02 -1.353601196342346102e-01
4.175219999999999914e+02 -1.278515214879887285e-01
4.168860000000000241e+02 -9.999391638063762078e-02
4.162500000000000000e+02 -8.619146073355291038e-02
4.156150000000000091e+02 -8.385398840020041877e-02
4.149789999999999850e+02 -7.899104905530690557e-02
4.143430000000000177e+02 -7.414073887819769282e-02
4.137069999999999936e+02 -9.208231254921678266e-02
4.130710000000000264e+02 -6.573665698735631224e-02
4.124350000000000023e+02 -5.334485746688091834e-02
4.117989999999999782e+02 -4.350376814402884262e-02
4.111630000000000109e+02 -5.132456095374762772e-02
4.105260000000000105e+02 -5.912146337350507319e-02
4.098899999999999864e+02 -5.308346333191141242e-02
4.092540000000000191e+02 -8.093117218226147935e-02
4.086170000000000186e+02 -7.864451375200670613e-02
4.079809999999999945e+02 -6.760076682758750510e-02
4.073439999999999941e+02 -7.533444491884022653e-02
4.067080000000000268e+02 -8.304888508524121971e-02
4.060710000000000264e+02 -6.332169008287091838e-02
4.054350000000000023e+02 -9.095310153463218028e-02
4.047980000000000018e+02 -8.742566038992877209e-02
4.041610000000000014e+02 -9.260450226904876070e-02
4.035240000000000009e+02 -8.040210041598949697e-02
4.028879999999999768e+02 -1.066352574250737095e-01
4.022509999999999764e+02 -9.445520100693161059e-02
4.016139999999999759e+02 -1.218379339523775196e-01
4.009769999999999754e+02 -1.195380629120545435e-01
4.003399999999999750e+02 -1.480600595046994983e-01
3.997029999999999745e+02 -1.260384695170185809e-01
3.990649999999999977e+02 -1.335811202887461913e-01
3.984279999999999973e+02 -1.570494587644618301e-01
3.977909999999999968e+02 -1.632991664601910475e-01
3.971519999999999868e+02 -1.658940404610922126e-01
3.965149999999999864e+02 -1.843335476297308928e-01
3.958770000000000095e+02 -1.746570384203325887e-01
3.952400000000000091e+02 -2.015898303245089174e-01
3.946019999999999754e+02 -1.821654035955563300e-01
3.939649999999999750e+02 -2.029435127713670184e-01
3.933269999999999982e+02 -2.054393048669884980e-01
3.926890000000000214e+02 -1.775948361947316811e-01
3.920520000000000209e+02 -1.825386807765736474e-01
3.914139999999999873e+02 -1.608516301283432481e-01
3.907760000000000105e+02 -1.597748342767764673e-01
3.901379999999999768e+02 -1.285263914636110560e-01
3.895000000000000000e+02 -1.009538311530136234e-01
3.888609999999999900e+02 -1.155762154473442271e-01
3.882230000000000132e+02 -1.121617675426163085e-01
3.875849999999999795e+02 -9.794260437091112381e-02
3.869460000000000264e+02 -8.496120609284507630e-02
3.863079999999999927e+02 -6.961694192920309110e-02
3.856700000000000159e+02 -6.029645560852997521e-02
3.850319999999999823e+02 -4.980718794645236369e-02
3.843929999999999723e+02 -6.916576712786168257e-02
3.837549999999999955e+02 -5.750815802282793765e-02
3.831159999999999854e+02 -6.370308398891710855e-02
3.824759999999999991e+02 -6.634944215779381427e-02
3.818380000000000223e+02 -7.371354520109943409e-02
3.811990000000000123e+02 -1.035666956658192195e-01
3.805600000000000023e+02 -8.719944018168809818e-02
3.799220000000000255e+02 -9.451290795233124875e-02
3.792830000000000155e+02 -1.124297331273574341e-01
3.786440000000000055e+02 -1.008422009695336130e-01
3.780049999999999955e+02 -1.128319946921804984e-01
3.773650000000000091e+02 -1.082922195259678477e-01
3.767259999999999991e+02 -6.507085474644325185e-02
3.760860000000000127e+02 -6.884893592560503706e-02
3.754470000000000027e+02 -3.048717152308408340e-02
3.748079999999999927e+02 -3.314220634532760723e-02
3.741689999999999827e+02 -2.178266203505777043e-02
3.735299999999999727e+02 -9.272048345175948336e-03
3.728890000000000100e+02 -6.094230961544100378e-03
3.722500000000000000e+02 -2.504441400854384714e-02
3.716100000000000136e+02 4.821437484463508838e-03
3.709710000000000036e+02 -1.639669829057821548e-02
3.703310000000000173e+02 -2.595754477309664132e-02
3.696909999999999741e+02 -3.322345179090382961e-02
3.690500000000000114e+02 -2.776837559112280140e-02
3.684110000000000014e+02 -3.960623450054573391e-02
3.677710000000000150e+02 -4.451099941093447643e-02
3.671309999999999718e+02 -5.400081163440212384e-02
3.664909999999999854e+02 -2.442780538315081351e-02
3.658509999999999991e+02 -4.195458879678343189e-02
3.652099999999999795e+02 -4.223924269778228657e-02
3.645699999999999932e+02 -1.625606849068117477e-02
3.639300000000000068e+02 -2.115295509387443706e-02
3.632900000000000205e+02 -2.376971291188029189e-02
3.626490000000000009e+02 -1.841072079317288002e-02
3.620079999999999814e+02 -2.440917708753631565e-02
3.613670000000000186e+02 -2.814127169680452623e-02
3.607269999999999754e+02 -4.431795203321037269e-02
3.600869999999999891e+02 -3.782196290581302245e-02
3.594460000000000264e+02 -5.845199447507187784e-02
3.588039999999999736e+02 -7.344275220257551196e-02
3.581639999999999873e+02 -7.931942922067286572e-02
3.575230000000000246e+02 -9.306719864625939698e-02
3.568829999999999814e+02 -7.309227086801486917e-02
3.562420000000000186e+02 -7.895661784190224908e-02
3.556000000000000227e+02 -7.582957627583397642e-02
3.549590000000000032e+02 -6.713951958370487083e-02
3.543179999999999836e+02 -8.528365017355632460e-02
3.536770000000000209e+02 -7.993649711250250256e-02
3.530350000000000250e+02 -5.457841158285486882e-02
3.523940000000000055e+02 -4.819244610390158168e-02
3.517520000000000095e+02 -4.849086033039537447e-02
3.511109999999999900e+02 -8.761307350177291453e-02
3.504689999999999941e+02 -7.345010285444139586e-02
3.498269999999999982e+02 -6.818595140046848635e-02
3.491859999999999786e+02 -7.176936394942323716e-02
3.485450000000000159e+02 -7.533119578760863466e-02
3.479019999999999868e+02 -7.891747902058979247e-02
3.472599999999999909e+02 -9.015621498404180478e-02
3.466190000000000282e+02 -9.259415597427567146e-02
3.459769999999999754e+02 -9.721834641934004595e-02
3.453340000000000032e+02 -8.321557312707919540e-02
3.446929999999999836e+02 -7.472592545902165262e-02
3.440509999999999877e+02 -8.154326243307796762e-02
3.434089999999999918e+02 -8.398006698453483465e-02
3.427660000000000196e+02 -9.510821196146654333e-02
3.421240000000000236e+02 -7.252402494433890512e-02
3.414820000000000277e+02 -6.737207150843732562e-02
3.408399999999999750e+02 -6.874487313121133147e-02
3.401970000000000027e+02 -5.927348444472807509e-02
3.395539999999999736e+02 -5.740967168837105006e-02
3.389119999999999777e+02 -6.310480108136129473e-02
3.382690000000000055e+02 -5.798696912108733392e-02
3.376259999999999764e+02 -3.141664085876855195e-02
3.369839999999999804e+02 -1.457641838257464628e-02
3.363419999999999845e+02 -2.457675015000712615e-02
3.356979999999999791e+02 -3.884357922535910945e-02
3.350550000000000068e+02 -4.237270473544407778e-02
3.344130000000000109e+02 -5.228404773794165239e-02
3.337690000000000055e+02 -4.941098434278720641e-02
3.331259999999999764e+02 -4.439913144682075541e-02
3.324830000000000041e+02 -1.605663271845780837e-02
3.318389999999999986e+02 -2.911584827137592146e-02
3.311960000000000264e+02 -1.148059953684482659e-02
3.305539999999999736e+02 -1.925630564196575967e-02
3.299110000000000014e+02 -4.843253267601516088e-03
3.292660000000000196e+02 4.267025757089815130e-03
3.286229999999999905e+02 1.860151001681153993e-02
3.279800000000000182e+02 1.398980474933730900e-02
3.273360000000000127e+02 6.211607288844456232e-03
3.266929999999999836e+02 -1.826992945094810250e-02
3.260489999999999782e+02 -2.281646661021666245e-02
3.254049999999999727e+02 -2.839864158880386902e-02
3.247610000000000241e+02 -1.623728959904488511e-02
3.241179999999999950e+02 -2.493220091951572903e-02
3.234730000000000132e+02 -1.905936126587923218e-02
3.228290000000000077e+02 -1.839812778338492660e-02
3.221840000000000259e+02 9.339086510817828923e-04
3.215409999999999968e+02 2.589753355401180901e-03
3.208969999999999914e+02 2.385585155008473901e-02
3.202520000000000095e+02 3.581521191179815045e-02
3.196080000000000041e+02 3.431741107616192998e-02
3.189639999999999986e+02 4.311009130759441144e-02
3.183190000000000168e+02 5.598187182439212650e-02
3.176750000000000114e+02 3.705258830871205333e-02
3.170310000000000059e+02 6.958440282689881684e-03
3.163860000000000241e+02 6.503174442891279661e-03
3.157420000000000186e+02 -9.887371364203367818e-06
3.150980000000000132e+02 -1.568337865342334103e-02
3.144519999999999982e+02 -2.014399286901091823e-02
3.138079999999999927e+02 -2.761711325320415078e-02
3.131619999999999777e+02 -3.203347837442188650e-02
3.125179999999999723e+02 -3.846522644351935138e-02
3.118729999999999905e+02 -3.579345521392859886e-02
3.112269999999999754e+02 1.613791583138790564e-04
3.105830000000000268e+02 -1.534981051767861371e-02
3.099370000000000118e+02 -2.177067583355016267e-02
3.092919999999999732e+02 -1.912836478018770103e-02
3.086469999999999914e+02 -2.551978534701901391e-02
3.080009999999999764e+02 -4.890618197758128671e-03
3.073570000000000277e+02 6.672404399338804915e-03
3.067099999999999795e+02 1.025655284924420485e-02
3.060649999999999977e+02 5.831119641764526129e-03
3.054200000000000159e+02 4.399359172515326932e-03
3.047740000000000009e+02 2.998110097414796726e-03
3.041290000000000191e+02 1.598604257080415980e-03
3.034820000000000277e+02 2.884288801118883860e-02
3.028369999999999891e+02 4.613794887960881441e-02
3.021920000000000073e+02 5.940944068891512719e-02
3.015450000000000159e+02 5.006374346704839384e-02
3.008999999999999773e+02 2.991020202145833196e-02
3.002529999999999859e+02 5.788280312187671361e-02
2.996080000000000041e+02 1.124728032528448246e-01
2.989610000000000127e+02 7.728750026444207444e-02
2.983149999999999977e+02 1.382404282692799025e-01
2.976700000000000159e+02 1.056665036075075115e-01
2.970230000000000246e+02 1.089150466151365126e-01
2.963770000000000095e+02 6.245619052161167223e-02
2.957300000000000182e+02 4.708610501920255237e-02
2.950840000000000032e+02 6.697093695133612967e-02
2.944370000000000118e+02 1.658904961726485536e-02
2.937909999999999968e+02 3.643759789417038569e-02
2.931429999999999723e+02 1.464892512999984298e-01
2.924970000000000141e+02 1.425563691920046505e-01
2.918500000000000227e+02 1.064596155668894872e-01
2.912040000000000077e+02 9.352974826269611075e-02
2.905570000000000164e+02 1.262487505576721791e-01
2.899100000000000250e+02 1.679194507113419554e-01
2.892629999999999768e+02 2.294682866226927520e-01
2.886159999999999854e+02 2.658297510079328796e-01
2.879689999999999941e+02 2.906138268339883979e-01
2.873210000000000264e+02 2.928568473399376648e-01
2.866750000000000114e+02 2.817019072411845459e-01
2.860269999999999868e+02 3.282461546257801621e-01
2.853799999999999955e+02 3.434978846163911914e-01
2.847320000000000277e+02 3.322500477271496666e-01
2.840849999999999795e+02 3.757548163117700457e-01
2.834370000000000118e+02 3.949681269268808803e-01
2.827900000000000205e+02 4.377991538681162975e-01
2.821419999999999959e+02 4.738556096508680926e-01
2.814950000000000045e+02 4.901359794054211960e-01
2.808469999999999800e+02 5.299460866474970944e-01
2.801990000000000123e+02 4.925553712061977452e-01
2.795509999999999877e+02 4.681941728300809680e-01
2.789039999999999964e+02 4.800507487573402177e-01
2.782549999999999955e+02 4.790409057902312306e-01
2.776080000000000041e+02 4.801887854832326830e-01
2.769590000000000032e+02 4.645835105122569919e-01
2.763120000000000118e+02 4.844270437613309443e-01
2.756630000000000109e+02 4.648087239942924609e-01
2.750149999999999864e+02 4.823523778873588519e-01
2.743659999999999854e+02 5.696121416053000486e-01
2.737189999999999941e+02 6.355763440926238683e-01
2.730699999999999932e+02 6.522033811933120040e-01
2.724220000000000255e+02 6.341477513037755420e-01
2.717730000000000246e+02 6.062015237440182558e-01
2.711240000000000236e+02 5.844635819166621449e-01
2.704759999999999991e+02 5.489507801119981600e-01
2.698260000000000218e+02 5.674233319089027061e-01
2.691779999999999973e+02 6.035779994297635342e-01
2.685289999999999964e+02 5.466437737650228224e-01
2.678809999999999718e+02 5.313995316790914858e-01
2.672309999999999945e+02 5.124580621268244318e-01
2.665830000000000268e+02 5.344755146778124022e-01
2.659329999999999927e+02 6.086562696631212521e-01
2.652839999999999918e+02 6.397252935531018148e-01
2.646349999999999909e+02 6.896726681295688444e-01
2.639850000000000136e+02 6.569202609119478842e-01
2.633369999999999891e+02 6.415200399249669783e-01
2.626870000000000118e+02 6.718024238371613777e-01
2.620380000000000109e+02 6.432945845058799517e-01
2.613879999999999768e+02 6.900963643758611932e-01
2.607400000000000091e+02 6.636207622342112922e-01
2.600899999999999750e+02 6.093137655498671590e-01
2.594390000000000214e+02 6.370679639213528977e-01
2.587900000000000205e+02 6.128657289221615123e-01
2.581399999999999864e+02 6.146048256099752027e-01
2.574909999999999854e+02 6.035152305162633235e-01
2.568410000000000082e+02 6.561911930623175460e-01
2.561899999999999977e+02 6.957164984343925385e-01
2.555409999999999968e+02 6.716802821240227539e-01
2.548899999999999864e+02 6.963391813710826383e-01
2.542410000000000139e+02 6.939713916819663098e-01
2.535910000000000082e+02 6.524030088394831006e-01
2.529399999999999977e+02 6.519184630186474205e-01
2.522899999999999920e+02 6.673712367933946066e-01
2.516399999999999864e+02 7.036109162667527617e-01
2.509900000000000091e+02 6.487082526714936792e-01
2.503389999999999986e+02 6.516459622475525570e-01
2.496879999999999882e+02 6.770627860486836402e-01
2.490380000000000109e+02 6.814721476210933160e-01
2.483870000000000005e+02 7.167532162995542411e-01
2.477359999999999900e+02 7.482140353533837107e-01
2.470860000000000127e+02 7.318376781068057779e-01
2.464350000000000023e+02 7.679509271469309173e-01
2.457849999999999966e+02 7.128974934405364339e-01
2.451330000000000098e+02 7.403474479306464406e-01
2.444819999999999993e+02 7.158523899199971119e-01
2.438319999999999936e+02 6.949352128650725380e-01
2.431800000000000068e+02 6.790594867951325053e-01
2.425289999999999964e+02 6.748416878708892730e-01
2.418779999999999859e+02 7.196272961907896892e-01
2.412270000000000039e+02 7.493794716987698390e-01
2.405749999999999886e+02 7.189309561974180918e-01
2.399240000000000066e+02 7.692169100583160501e-01
2.392719999999999914e+02 7.645606399883504434e-01
2.386200000000000045e+02 7.869978408380869928e-01
2.379699999999999989e+02 7.790326920246311015e-01
2.373180000000000121e+02 8.121758745844135374e-01
2.366670000000000016e+02 8.072883051474081251e-01
2.360149999999999864e+02 8.038958380791116909e-01
2.353629999999999995e+02 8.270292440093103270e-01
2.347100000000000080e+02 8.731110604449181523e-01
2.340600000000000023e+02 8.632067824836843206e-01
2.334070000000000107e+02 8.549319222445640465e-01
2.327549999999999955e+02 9.031710217281078146e-01
2.321040000000000134e+02 9.387060401228854989e-01
2.314509999999999934e+02 9.285739173801382806e-01
2.307980000000000018e+02 9.620464365595146061e-01
2.301469999999999914e+02 9.562996333028076501e-01
2.294939999999999998e+02 9.356713218701836476e-01
2.288420000000000130e+02 9.048577947596958548e-01
2.281899999999999977e+02 9.509134196943982431e-01
2.275370000000000061e+02 9.847436065999521926e-01
2.268839999999999861e+02 1.002189672243598340e+00
2.262330000000000041e+02 1.032381555142470875e+00
2.255800000000000125e+02 1.072403737086932818e+00
2.249269999999999925e+02 1.067456370917586383e+00
2.242729999999999961e+02 1.072536863231501547e+00
2.236220000000000141e+02 1.103037996523188013e+00
2.229679999999999893e+02 1.109200790560087135e+00
2.223149999999999977e+02 1.117999710158196214e+00
2.216630000000000109e+02 1.093170625888202796e+00
2.210099999999999909e+02 1.065653660313473639e+00
2.203559999999999945e+02 1.037019590215848108e+00
2.197019999999999982e+02 1.022450436031369314e+00
2.190500000000000114e+02 1.025805358205275741e+00
2.183969999999999914e+02 1.022237574637241853e+00
2.177429999999999950e+02 1.014609382836205276e+00
2.170889999999999986e+02 1.020513646197694246e+00
2.164370000000000118e+02 9.940857636513698026e-01
2.157829999999999870e+02 1.011976278758253578e+00
2.151289999999999907e+02 9.950600055236222818e-01
2.144749999999999943e+02 1.028508565337224345e+00
2.138220000000000027e+02 1.026081988310127535e+00
2.131680000000000064e+02 1.026223670013970413e+00
2.125140000000000100e+02 1.031542070438917991e+00
2.118600000000000136e+02 1.005720462464556597e+00
2.112069999999999936e+02 1.030293470366431929e+00
2.105529999999999973e+02 1.016159188108507694e+00
2.098979999999999961e+02 1.003412711766659804e+00
2.092439999999999998e+02 9.818546620053311136e-01
2.085910000000000082e+02 9.769170093923851272e-01
2.079360000000000070e+02 9.694536241169816604e-01
2.072820000000000107e+02 9.595341737567203433e-01
2.066270000000000095e+02 9.273863802961963554e-01
2.059739999999999895e+02 9.460559478222742014e-01
2.053189999999999884e+02 9.387158036460757637e-01
2.046639999999999873e+02 9.217026913040649028e-01
2.040089999999999861e+02 9.205581980957502353e-01
2.033540000000000134e+02 9.157650968844655015e-01
2.027009999999999934e+02 8.762977973694139333e-01
2.020459999999999923e+02 8.609844036838646408e-01
2.013909999999999911e+02 8.315966759139028497e-01
2.007350000000000136e+02 8.543209626322024741e-01
2.000800000000000125e+02 8.404468524419931308e-01
1.994259999999999877e+02 8.127047492119032768e-01
1.987709999999999866e+02 8.083930983617390043e-01
1.981160000000000139e+02 7.960533786995782624e-01
1.974600000000000080e+02 8.089622762394608202e-01
1.968050000000000068e+02 7.818449688670696673e-01
1.961510000000000105e+02 7.731746156887656651e-01
1.954950000000000045e+02 7.960135642743779716e-01
1.948389999999999986e+02 7.692998022829019567e-01
1.941839999999999975e+02 7.528837871344209454e-01
1.935279999999999916e+02 7.598401494526323408e-01
1.928739999999999952e+02 7.699718839005770255e-01
1.922179999999999893e+02 7.624706933004917753e-01
1.915620000000000118e+02 7.876175767338182698e-01
1.909060000000000059e+02 8.232660149613792999e-01
1.902500000000000000e+02 8.358905856193310502e-01
1.895939999999999941e+02 8.140961014517420491e-01
1.889389999999999930e+02 8.392353761213925400e-01
1.882829999999999870e+02 8.566814403949671863e-01
1.876270000000000095e+02 8.759619805595710851e-01
1.869699999999999989e+02 8.657682686979917275e-01
1.863139999999999930e+02 8.597793489843741366e-01
1.856570000000000107e+02 8.352288805836428631e-01
1.850010000000000048e+02 8.171096844165042228e-01
1.843460000000000036e+02 8.297165312717542651e-01
1.836889999999999930e+02 8.492182301272196421e-01
1.830329999999999870e+02 8.674035604473357974e-01
1.823760000000000048e+02 8.753482764923792292e-01
1.817189999999999941e+02 8.632545948663569169e-01
1.810620000000000118e+02 9.184733636941015966e-01
1.804050000000000011e+02 9.582206438850119357e-01
1.797500000000000000e+02 9.719917377147431203e-01
1.790929999999999893e+02 1.004050304854059883e+00
1.784360000000000070e+02 1.001885341454400224e+00
1.777789999999999964e+02 1.013106243688872921e+00
1.771220000000000141e+02 1.015527846598083483e+00
1.764650000000000034e+02 1.018841342513558956e+00
1.758069999999999879e+02 1.025782110661054736e+00
1.751500000000000057e+02 1.010167243256366421e+00
1.744939999999999998e+02 1.018802608087283179e+00
1.738369999999999891e+02 1.043932830439521675e+00
1.731790000000000020e+02 1.057653965572403321e+00
1.725219999999999914e+02 1.076625119191441105e+00
1.718640000000000043e+02 1.101620977759981246e+00
1.712059999999999889e+02 1.119913052653342955e+00
1.705490000000000066e+02 1.133472053116693523e+00
1.698909999999999911e+02 1.138750842630920079e+00
1.692330000000000041e+02 1.129774320141427202e+00
1.685749999999999886e+02 1.119078707047777677e+00
1.679190000000000111e+02 1.132014363729419992e+00
1.672609999999999957e+02 1.121298883918040001e+00
1.666030000000000086e+02 1.145933099874845373e+00
1.659449999999999932e+02 1.119736293026207363e+00
1.652870000000000061e+02 1.087017833281429535e+00
1.646279999999999859e+02 1.085849516661992142e+00
1.639699999999999989e+02 1.098888755546885365e+00
1.633120000000000118e+02 1.120859576678951752e+00
1.626539999999999964e+02 1.120128658991879522e+00
1.619950000000000045e+02 1.098762512035147632e+00
1.613369999999999891e+02 1.089873356659456949e+00
1.606779999999999973e+02 1.066406742069077707e+00
1.600190000000000055e+02 1.064929800049100761e+00
1.593609999999999900e+02 1.071431019621120972e+00
1.587040000000000077e+02 1.069835143293450752e+00
1.580449999999999875e+02 1.075238762555625893e+00
1.573859999999999957e+02 1.065607487366213357e+00
1.567270000000000039e+02 1.071607694541341971e+00
1.560680000000000121e+02 1.061997203198715045e+00
1.554089999999999918e+02 1.060887166663248227e+00
1.547500000000000000e+02 1.063522655620883439e+00
1.540910000000000082e+02 1.053935223912309205e+00
1.534319999999999879e+02 1.051911303484908800e+00
1.527729999999999961e+02 1.049095919568388435e+00
1.521140000000000043e+02 1.036593835662320995e+00
1.514540000000000077e+02 1.032293109677087539e+00
1.507949999999999875e+02 1.027971366835342515e+00
1.501359999999999957e+02 1.068671924004713780e+00
1.494759999999999991e+02 1.079881081591559155e+00
1.488170000000000073e+02 1.082244960301628200e+00
1.481570000000000107e+02 1.107247172026362136e+00
1.474970000000000141e+02 1.102157639920777976e+00
1.468379999999999939e+02 1.113878085590455980e+00
1.461779999999999973e+02 1.118384898989063903e+00
1.455180000000000007e+02 1.138622093989787531e+00
1.448580000000000041e+02 1.142710306409886245e+00
1.441980000000000075e+02 1.111221104248660607e+00
1.435380000000000109e+02 1.122702101593352930e+00
1.428779999999999859e+02 1.127879711768199344e+00
1.422179999999999893e+02 1.144893743038996714e+00
1.415579999999999927e+02 1.148335577600838375e+00
1.408979999999999961e+02 1.148342070358538525e+00
1.402379999999999995e+02 1.146943942399623051e+00
1.395769999999999982e+02 1.142871616152397518e+00
1.389170000000000016e+02 1.158053892107278715e+00
1.382560000000000002e+02 1.193268979693937748e+00
1.375960000000000036e+02 1.212064894049253549e+00
1.369350000000000023e+02 1.226704406944808534e+00
1.362750000000000057e+02 1.229810480232634617e+00
1.356140000000000043e+02 1.247596181646543734e+00
1.349540000000000077e+02 1.263162885172636418e+00
1.342930000000000064e+02 1.295421504738466068e+00
1.336320000000000050e+02 1.326458509759453008e+00
1.329710000000000036e+02 1.343718668957613493e+00
1.323100000000000023e+02 1.352856756643677327e+00
1.316490000000000009e+02 1.384741971295767815e+00
1.309879999999999995e+02 1.391997087725084459e+00
1.303269999999999982e+02 1.394956675595587781e+00
1.296659999999999968e+02 1.424822822661274468e+00
1.290049999999999955e+02 1.434654475881914415e+00
1.283420000000000130e+02 1.432809996524275986e+00
1.276809999999999974e+02 1.434833099443793669e+00
1.270190000000000055e+02 1.451732044893223161e+00
1.263580000000000041e+02 1.431137109483497927e+00
1.256959999999999980e+02 1.405206272292286895e+00
1.250349999999999966e+02 1.406824419262608705e+00
1.243730000000000047e+02 1.401789292864576542e+00
1.237120000000000033e+02 1.390794731937005757e+00
1.230499999999999972e+02 1.390468672198825750e+00
1.223880000000000052e+02 1.383135931668795005e+00
1.217259999999999991e+02 1.351205620305937938e+00
1.210639999999999930e+02 1.312914659892471692e+00
1.204030000000000058e+02 1.307039465497422448e+00
1.197409999999999997e+02 1.292940711166975953e+00
1.190780000000000030e+02 1.251101140928503996e+00
1.184150000000000063e+02 1.236362317443063130e+00
1.177530000000000001e+02 1.211858668125181060e+00
1.170909999999999940e+02 1.180232185701781455e+00
1.164279999999999973e+02 1.149480813807910229e+00
1.157660000000000053e+02 1.134176260721237561e+00
1.151039999999999992e+02 1.114666123667652053e+00
1.144410000000000025e+02 1.085355953985624566e+00
1.137789999999999964e+02 1.057839086928428429e+00
1.131159999999999997e+02 1.048945208346261593e+00
1.124539999999999935e+02 1.032659705182545018e+00
1.117890000000000015e+02 1.015092042353072932e+00
1.111269999999999953e+02 1.008725470276722769e+00
1.104639999999999986e+02 9.892167295306127928e-01
1.098010000000000019e+02 9.721773465809807613e-01
1.091380000000000052e+02 9.517743644017820914e-01
1.084749999999999943e+02 9.408525301369821126e-01
1.078119999999999976e+02 9.047394194299441805e-01
1.071490000000000009e+02 8.825599996570780981e-01
1.064849999999999994e+02 8.331743041003468742e-01
1.058209999999999980e+02 7.914504315053386696e-01
1.051580000000000013e+02 7.403165227324802755e-01
1.044950000000000045e+02 7.224900817634235528e-01
1.038319999999999936e+02 6.834567809343990996e-01
1.031680000000000064e+02 6.491130864057929051e-01
1.025049999999999955e+02 6.173504372488520797e-01
1.018400000000000034e+02 6.032999800272476065e-01
1.011760000000000019e+02 5.807261412016190283e-01
1.005130000000000052e+02 5.848554793332649826e-01
9.984900000000000375e+01 5.825794163144814020e-01
9.918529999999999802e+01 5.767993131394814066e-01
9.852150000000000318e+01 5.683469495935653537e-01
9.785769999999999413e+01 5.860788357125930048e-01
9.719230000000000302e+01 6.079179014871065601e-01
9.652830000000000155e+01 6.280900648965114241e-01
9.586430000000000007e+01 6.433445754865995125e-01
9.520029999999999859e+01 6.643868584226202412e-01
9.453610000000000468e+01 6.953390168129834903e-01
9.387199999999999989e+01 7.255654913524640648e-01
9.320619999999999550e+01 7.442089554723273492e-01
9.254200000000000159e+01 7.657764170945323690e-01
9.187760000000000105e+01 7.653665509198959160e-01
9.121320000000000050e+01 7.713397819208095418e-01
9.054879999999999995e+01 7.692765573294809700e-01
8.988280000000000314e+01 7.855465579282977506e-01
8.921819999999999595e+01 7.854346556382025835e-01
8.855360000000000298e+01 7.769941196071199485e-01
8.788890000000000668e+01 7.679420552702241887e-01
8.722419999999999618e+01 7.820569310549567721e-01
8.655939999999999657e+01 7.922258220777665949e-01
8.589300000000000068e+01 8.080449735194321637e-01
8.522809999999999775e+01 8.109112221568491874e-01
8.456319999999999482e+01 8.206361668784929453e-01
8.389820000000000277e+01 8.160139590727508718e-01
8.323160000000000025e+01 8.218610658005673919e-01
8.256650000000000489e+01 8.214696882055061433e-01
8.190130000000000621e+01 8.291678218571931769e-01
8.123609999999999332e+01 8.289643240065456276e-01
8.057080000000000553e+01 8.133696521005910895e-01
7.990389999999999304e+01 8.132933664208776836e-01
7.923850000000000193e+01 8.183872219479494392e-01
7.857299999999999329e+01 8.262505994188554803e-01
7.790749999999999886e+01 8.296386131258838281e-01
7.724039999999999395e+01 8.281702968857234115e-01
7.657479999999999620e+01 8.316376871704425078e-01
7.590909999999999513e+01 8.184208672801178697e-01
7.524339999999999407e+01 8.218201177388021472e-01
7.457760000000000389e+01 8.192707040859026346e-01
7.391020000000000323e+01 8.002113740091365557e-01
7.324429999999999552e+01 7.907872735913947793e-01
7.257829999999999870e+01 7.696952055670504000e-01
7.191230000000000189e+01 7.553283228956956252e-01
7.124469999999999459e+01 7.493592029082726258e-01
7.057850000000000534e+01 7.373839897693105216e-01
6.991230000000000189e+01 7.387883689307195301e-01
6.924609999999999843e+01 7.221742892599057884e-01
6.857829999999999870e+01 7.159562159173276097e-01
6.791190000000000282e+01 7.078898688881282153e-01
6.724550000000000693e+01 6.955632819646930809e-01
6.657750000000000057e+01 6.877837588146847869e-01
6.591100000000000136e+01 6.723746271696598997e-01
6.524439999999999884e+01 6.649583704285947361e-01
6.457769999999999300e+01 6.530678762165883500e-01
6.390950000000000131e+01 6.385385887838945784e-01
6.324269999999999925e+01 6.306698384841225025e-01
6.257589999999999719e+01 6.267037135017829996e-01
6.190899999999999892e+01 6.212425152545124618e-01
6.124060000000000059e+01 6.131413690604490263e-01
6.057359999999999900e+01 6.066422913127590411e-01
5.990659999999999741e+01 6.007158918352859533e-01
5.923799999999999955e+01 5.834786176998983942e-01
5.857079999999999842e+01 5.652575701186891566e-01
5.790359999999999729e+01 5.593889502612542364e-01
5.723629999999999995e+01 5.480229325493591874e-01
5.656750000000000256e+01 5.320973893077844963e-01
5.590010000000000190e+01 5.258484104657236147e-01
5.523270000000000124e+01 5.148829262458857192e-01
5.456360000000000099e+01 5.074680293600958292e-01
5.389609999999999701e+01 5.026193436651943403e-01
5.322849999999999682e+01 5.023721378607314270e-01
5.255930000000000035e+01 5.051870370245087338e-01
5.189159999999999684e+01 4.916245214395250640e-01
5.122379999999999711e+01 4.874593752925221457e-01
5.055440000000000111e+01 4.814859755026801302e-01
4.988660000000000139e+01 4.718323392166824393e-01
4.921860000000000213e+01 4.616822424842297323e-01
4.854910000000000281e+01 4.525107554629883011e-01
4.788100000000000023e+01 4.486908301770624607e-01
4.721289999999999765e+01 4.410581423194437356e-01
4.654319999999999879e+01 4.300814268180443434e-01
4.587500000000000000e+01 4.243802597472535743e-01
4.520669999999999789e+01 4.103909832053412865e-01
4.453679999999999950e+01 4.023767558493517305e-01
4.386840000000000117e+01 3.953596492383193994e-01
4.320000000000000284e+01 3.934977197283512917e-01
4.252989999999999782e+01 3.835241703368413302e-01
4.186129999999999995e+01 3.724826426130066759e-01
4.119270000000000209e+01 3.581167246803229065e-01
4.052250000000000085e+01 3.496269157219404344e-01
3.985379999999999967e+01 3.435816710634239102e-01
3.918500000000000227e+01 3.395883169096458043e-01
3.851460000000000150e+01 3.323715665971273547e-01
3.784570000000000078e+01 3.243498767901191182e-01
3.717519999999999669e+01 3.141575750986471127e-01
3.650619999999999976e+01 3.052089726034163952e-01
3.583709999999999951e+01 2.996723619390934679e-01
3.516640000000000299e+01 2.937108884286169785e-01
3.449719999999999942e+01 2.845480096133493064e-01
3.382800000000000296e+01 2.779293145948546484e-01
3.315709999999999980e+01 2.682554736437550158e-01
3.248780000000000001e+01 2.555139012570715740e-01
3.181680000000000064e+01 2.474541054957034580e-01
3.114730000000000132e+01 2.414553897033838714e-01
3.047779999999999845e+01 2.372659807298259926e-01
2.980669999999999931e+01 2.248404206296688301e-01
2.913700000000000045e+01 2.185030921106720370e-01
2.846730000000000160e+01 2.131666620119415378e-01
2.779599999999999937e+01 2.029553810592182317e-01
2.712620000000000076e+01 1.956310705924848847e-01
2.645479999999999876e+01 1.892866351197290686e-01
2.578490000000000038e+01 1.816465087165644032e-01
2.511329999999999885e+01 1.717086574079393080e-01
2.444330000000000069e+01 1.615744355798274245e-01
2.377319999999999922e+01 1.559850634258712898e-01
2.310150000000000148e+01 1.455096309087659523e-01
2.243130000000000024e+01 1.375349667560380462e-01
2.175949999999999918e+01 1.297866045934090717e-01
2.108909999999999840e+01 1.215227911798809207e-01
2.041870000000000118e+01 1.149011421044973807e-01
1.974680000000000035e+01 1.056123281889941451e-01
1.907629999999999981e+01 9.884278587194572641e-02
1.840419999999999945e+01 9.277966413044491656e-02
1.773349999999999937e+01 8.573828588596262013e-02
1.706129999999999924e+01 8.149904721755753256e-02
1.639059999999999917e+01 7.486449076509241185e-02
1.571979999999999933e+01 6.978154878891106028e-02
1.504739999999999966e+01 6.594988738602254597e-02
1.437650000000000006e+01 6.143817092476033803e-02
1.370410000000000039e+01 5.839693992444650039e-02
1.303299999999999947e+01 5.379705623441662088e-02
1.236040000000000028e+01 5.003292269781580565e-02
1.168929999999999936e+01 4.624326239412846623e-02
1.101660000000000039e+01 4.395274513140958600e-02
1.034529999999999994e+01 4.391269680177053991e-02
9.672489999999999810e+00 4.300329138479416086e-02
9.001129999999999853e+00 4.203326003572135233e-02
8.329710000000000392e+00 4.039784184036562115e-02
7.656710000000000349e+00 4.010567721787686862e-02
6.985170000000000101e+00 4.345512813251972001e-02
6.312050000000000161e+00 4.567404176093761703e-02
5.640399999999999636e+00 4.672970910904453157e-02
4.967170000000000307e+00 4.555201546004554458e-02
4.295410000000000394e+00 4.260824915132514074e-02
3.622059999999999835e+00 3.861872657089066713e-02
2.950180000000000025e+00 3.348225494185061435e-02
2.276720000000000077e+00 2.759515942775701836e-02
1.604729999999999990e+00 2.034194993527270109e-02
9.311519999999999797e-01 1.184120097142345521e-02
2.590439999999999965e-01 3.281143398727721233e-03
