4.498670000000000186e+02 -1.039283105239409977e-01
4.492339999999999804e+02 -1.336898439688537221e-01
4.486009999999999991e+02 -1.472549124798315234e-01
4.479680000000000177e+02 -1.071215630960071219e-01
4.473360000000000127e+02 -1.113049683693327074e-01
4.467029999999999745e+02 -1.181737888794150704e-01
4.460690000000000168e+02 -9.425774833215988524e-02
4.454359999999999786e+02 -1.091268152782061407e-01
4.448029999999999973e+02 -1.132872201068245155e-01
4.441689999999999827e+02 -1.014570871908308802e-01
4.435360000000000014e+02 -8.699704392332763270e-02
4.429019999999999868e+02 -5.927615728441498755e-02
4.422699999999999818e+02 -8.473189913975903709e-02
4.416360000000000241e+02 -6.371654013196217936e-02
4.410029999999999859e+02 -6.526182752065148862e-02
4.403690000000000282e+02 -8.134800589461438358e-02
4.397350000000000136e+02 -8.154591150024040336e-02
4.391009999999999991e+02 -8.569946047639703801e-02
4.384669999999999845e+02 -1.162092207203547778e-01
4.378330000000000268e+02 -1.071604627877609794e-01
4.371990000000000123e+02 -1.178426243427126430e-01
4.365649999999999977e+02 -1.088120453542890109e-01
4.359329999999999927e+02 -1.391382039888436339e-01
4.352980000000000018e+02 -1.576083673960561593e-01
4.346639999999999873e+02 -1.590236300902809208e-01
4.340299999999999727e+02 -1.552149252965390747e-01
4.333960000000000150e+02 -1.553281174906465667e-01
4.327610000000000241e+02 -1.215534047965959041e-01
4.321270000000000095e+02 -1.334274248988993050e-01
4.314920000000000186e+02 -1.530708621454596186e-01
4.308580000000000041e+02 -1.622773487660328640e-01
4.302230000000000132e+02 -1.533015709929253512e-01
4.295889999999999986e+02 -1.391698125089913529e-01
4.289540000000000077e+02 -1.574248000348702492e-01
4.283190000000000168e+02 -1.459026609390842166e-01
4.276859999999999786e+02 -1.460123582315101531e-01
4.270509999999999877e+02 -1.603277151524561406e-01
4.264159999999999968e+02 -1.745990988798754584e-01
4.257810000000000059e+02 -1.605515549728190605e-01
4.251460000000000150e+02 -1.503889199980386338e-01
4.245110000000000241e+02 -1.312785800748605680e-01
4.238759999999999764e+02 -1.301472907777178611e-01
4.232409999999999854e+02 -1.187781614471840885e-01
4.226050000000000182e+02 -1.342712593537304655e-01
4.219700000000000273e+02 -1.318604392851555340e-01
4.213349999999999795e+02 -1.281847324045141678e-01
4.206990000000000123e+02 -1.105233195622045972e-01
4.200640000000000214e+02 -1.094271574286621029e-01
4.194289999999999736e+02 -9.437712874655529438e-02
4.187930000000000064e+02 -1.237280244883603442e-01
4.181569999999999823e+02 -1.302173577261413473e-01
4.175219999999999914e+02 -1.227786648686306631e-01
4.168860000000000241e+02 -9.516328739455151564e-02
4.162500000000000000e+02 -8.148733552484727083e-02
4.156150000000000091e+02 -7.918017832127771660e-02
4.149789999999999850e+02 -7.436967275432396218e-02
4.143430000000000177e+02 -6.957237652620537616e-02
4.137069999999999936e+02 -8.736862972292591678e-02
4.130710000000000264e+02 -6.126501106069343061e-02
4.124350000000000023e+02 -4.899507302959610344e-02
4.117989999999999782e+02 -3.925477330786936170e-02
4.111630000000000109e+02 -4.701894101040141050e-02
4.105260000000000105e+02 -5.475852631270394788e-02
4.098899999999999864e+02 -4.878846704423314695e-02
4.092540000000000191e+02 -7.639361898290211728e-02
4.086170000000000186e+02 -7.413972572947513662e-02
4.079809999999999945e+02 -6.321077723521312253e-02
4.073439999999999941e+02 -7.088449167362839698e-02
4.067080000000000268e+02 -7.853816027565704849e-02
4.060710000000000264e+02 -5.901077967171544647e-02
4.054350000000000023e+02 -8.639014655791685260e-02
4.047980000000000018e+02 -8.290823108665720809e-02
4.041610000000000014e+02 -8.804836619137068610e-02
4.035240000000000009e+02 -7.597717154117489269e-02
4.028879999999999768e+02 -1.019634151601106486e-01
4.022509999999999764e+02 -8.991525533937752557e-02
4.016139999999999759e+02 -1.170349076006945432e-01
4.009769999999999754e+02 -1.147679270360032200e-01
4.003399999999999750e+02 -1.430095220401634837e-01
3.997029999999999745e+02 -1.212215480750189756e-01
3.990649999999999977e+02 -1.286958663247783075e-01
3.984279999999999973e+02 -1.519291046024237313e-01
3.977909999999999968e+02 -1.581206457222424921e-01
3.971519999999999868e+02 -1.606950501721797209e-01
3.965149999999999864e+02 -1.789452239764658947e-01
3.958770000000000095e+02 -1.693777428047490985e-01
3.952400000000000091e+02 -1.960260805083423596e-01
3.946019999999999754e+02 -1.768168766583742557e-01
3.939649999999999750e+02 -1.973731366597712422e-01
3.933269999999999982e+02 -1.998454384960529628e-01
3.926890000000000214e+02 -1.723142025865702087e-01
3.920520000000000209e+02 -1.772088695987456830e-01
3.914139999999999873e+02 -1.557721231459192612e-01
3.907760000000000105e+02 -1.547151954928413509e-01
3.901379999999999768e+02 -1.238320242779728242e-01
3.895000000000000000e+02 -9.658767773482218599e-02
3.888609999999999900e+02 -1.110532078544895773e-01
3.882230000000000132e+02 -1.076904109923995101e-01
3.875849999999999795e+02 -9.365084784203411838e-02
3.869460000000000264e+02 -8.083693178105025301e-02
3.863079999999999927e+02 -6.569073225058860710e-02
3.856700000000000159e+02 -5.649857671923455560e-02
3.850319999999999823e+02 -4.615358168767760838e-02
3.843929999999999723e+02 -6.529375635185824533e-02
3.837549999999999955e+02 -5.379613163655475039e-02
3.831159999999999854e+02 -5.993194954074509972e-02
3.824759999999999991e+02 -6.256254856710333212e-02
3.818380000000000223e+02 -6.985112311439575783e-02
3.811990000000000123e+02 -9.934250759379706364e-02
3.805600000000000023e+02 -8.319815399292140867e-02
3.799220000000000255e+02 -9.043311461651992733e-02
3.792830000000000155e+02 -1.081328177014531378e-01
3.786440000000000055e+02 -9.670991307041928997e-02
3.780049999999999955e+02 -1.085566946922687792e-01
3.773650000000000091e+02 -1.040906240849054087e-01
3.767259999999999991e+02 -6.145996410315968106e-02
3.760860000000000127e+02 -6.520574550604227304e-02
3.754470000000000027e+02 -2.738151521624793139e-02
3.748079999999999927e+02 -3.002250043048595995e-02
3.741689999999999827e+02 -1.884106014357100900e-02
3.735299999999999727e+02 -6.526935064863015334e-03
3.728890000000000100e+02 -3.418302467472211781e-03
3.722500000000000000e+02 -2.212768811641407929e-02
3.716100000000000136e+02 7.292094370814072857e-03
3.709710000000000036e+02 -1.365050515654273044e-02
3.703310000000000173e+02 -2.309894395481087992e-02
3.696909999999999741e+02 -3.028379195924971179e-02
3.690500000000000114e+02 -2.493163196771822077e-02
3.684110000000000014e+02 -3.661991213295681669e-02
3.677710000000000150e+02 -4.147524377564723586e-02
3.671309999999999718e+02 -5.084644864858836599e-02
3.664909999999999854e+02 -2.173889298711345619e-02
3.658509999999999991e+02 -3.902608613473046439e-02
3.652099999999999795e+02 -3.932993984126384457e-02
3.645699999999999932e+02 -1.376884483065371478e-02
3.639300000000000068e+02 -1.861683110308803846e-02
3.632900000000000205e+02 -2.121925335152305414e-02
3.626490000000000009e+02 -1.597058825087371847e-02
3.620079999999999814e+02 -2.190145341043636673e-02
3.613670000000000186e+02 -2.560081328197211237e-02
3.607269999999999754e+02 -4.154461494424277479e-02
3.600869999999999891e+02 -3.517812836129849408e-02
3.594460000000000264e+02 -5.549830700091243352e-02
3.588039999999999736e+02 -7.026686960978889562e-02
3.581639999999999873e+02 -7.606824132143902295e-02
3.575230000000000246e+02 -8.960861817124937678e-02
3.568829999999999814e+02 -6.998779744384955870e-02
3.562420000000000186e+02 -7.577544793802576395e-02
3.556000000000000227e+02 -7.272325345207766856e-02
3.549590000000000032e+02 -6.420419197580878867e-02
3.543179999999999836e+02 -8.205888861578061744e-02
3.536770000000000209e+02 -7.682598200291354540e-02
3.530350000000000250e+02 -5.193392872572419328e-02
3.523940000000000055e+02 -4.568617835015506556e-02
3.517520000000000095e+02 -4.600597985262372402e-02
3.511109999999999900e+02 -8.445503269209486685e-02
3.504689999999999941e+02 -7.056920777036884695e-02
3.498269999999999982e+02 -6.542455820450363002e-02
3.491859999999999786e+02 -6.896719214770652417e-02
3.485450000000000159e+02 -7.248785918306555054e-02
3.479019999999999868e+02 -7.603181058420024896e-02
3.472599999999999909e+02 -8.708428013913577237e-02
3.466190000000000282e+02 -8.949877352088655980e-02
3.459769999999999754e+02 -9.405755335663151806e-02
3.453340000000000032e+02 -8.034434838454879158e-02
3.446929999999999836e+02 -7.204214188362909055e-02
3.440509999999999877e+02 -7.875260370654027509e-02
3.434089999999999918e+02 -8.116637422811706637e-02
3.427660000000000196e+02 -9.209989404490026565e-02
3.421240000000000236e+02 -6.998658664641588256e-02
3.414820000000000277e+02 -6.496402043799001658e-02
3.408399999999999750e+02 -6.633660487202272527e-02
3.401970000000000027e+02 -5.708470434463275289e-02
3.395539999999999736e+02 -5.528803701400447634e-02
3.389119999999999777e+02 -6.089551064369613798e-02
3.382690000000000055e+02 -5.591268687288208916e-02
3.376259999999999764e+02 -2.992710859445948945e-02
3.369839999999999804e+02 -1.347532485922461887e-02
3.363419999999999845e+02 -2.330080261372052819e-02
3.356979999999999791e+02 -3.729894811071690630e-02
3.350550000000000068e+02 -4.078601730692602012e-02
3.344130000000000109e+02 -5.051611233496153264e-02
3.337690000000000055e+02 -4.773799264662526021e-02
3.331259999999999764e+02 -4.286922334673931578e-02
3.324830000000000041e+02 -1.518843193470309494e-02
3.318389999999999986e+02 -2.799515946026495672e-02
3.311960000000000264e+02 -1.079329230024908548e-02
3.305539999999999736e+02 -1.843304239323878546e-02
3.299110000000000014e+02 -4.387947968343075544e-03
3.292660000000000196e+02 4.470943781421932162e-03
3.286229999999999905e+02 1.842982048448216226e-02
3.279800000000000182e+02 1.387913640477622668e-02
3.273360000000000127e+02 6.237531587849065584e-03
3.266929999999999836e+02 -1.770963854934629045e-02
3.260489999999999782e+02 -2.218895303131251939e-02
3.254049999999999727e+02 -2.767772819355546199e-02
3.247610000000000241e+02 -1.585065219779313583e-02
3.241179999999999950e+02 -2.437600996617331206e-02
3.234730000000000132e+02 -1.868867300096704875e-02
3.228290000000000077e+02 -1.808638582475197154e-02
3.221840000000000259e+02 7.207402101138404849e-04
3.215409999999999968e+02 2.288171810523514926e-03
3.208969999999999914e+02 2.296880653339716805e-02
3.202520000000000095e+02 3.457144353502128453e-02
3.196080000000000041e+02 3.305754633602447923e-02
3.189639999999999986e+02 4.156818274212187303e-02
3.183190000000000168e+02 5.404778680452210216e-02
3.176750000000000114e+02 3.555564301172980946e-02
3.170310000000000059e+02 6.200743158949639788e-03
3.163860000000000241e+02 5.706579634175978910e-03
3.157420000000000186e+02 -6.829516763907639287e-04
3.150980000000000132e+02 -1.598308351315091969e-02
3.144519999999999982e+02 -2.036992547680674392e-02
3.138079999999999927e+02 -2.768503425236401583e-02
3.131619999999999777e+02 -3.202531902217775617e-02
3.125179999999999723e+02 -3.832326301836311289e-02
3.118729999999999905e+02 -3.577078208195291764e-02
3.112269999999999754e+02 -8.772433211485242133e-04
3.105830000000000268e+02 -1.599990512557400435e-02
3.099370000000000118e+02 -2.228693477178689264e-02
3.092919999999999732e+02 -1.977019468903262744e-02
3.086469999999999914e+02 -2.602575495971018449e-02
3.080009999999999764e+02 -6.050697687222161836e-03
3.073570000000000277e+02 5.116845169693629014e-03
3.067099999999999795e+02 8.537216424184035368e-03
3.060649999999999977e+02 4.186298035442514998e-03
3.054200000000000159e+02 2.740175742076245147e-03
3.047740000000000009e+02 1.323761526008410128e-03
3.041290000000000191e+02 -9.066921834097185773e-05
3.034820000000000277e+02 2.625420549231333167e-02
3.028369999999999891e+02 4.294663370637080702e-02
3.021920000000000073e+02 5.573312858190482277e-02
3.015450000000000159e+02 4.660960264020680421e-02
3.008999999999999773e+02 2.702606009294117317e-02
3.002529999999999859e+02 5.403531460070032377e-02
2.996080000000000041e+02 1.037804048888314179e-01
2.989610000000000127e+02 6.957453506018686229e-02
2.983149999999999977e+02 1.283737486122177307e-01
2.976700000000000159e+02 9.670313320887674591e-02
2.970230000000000246e+02 9.967862511405342629e-02
2.963770000000000095e+02 5.460989441039706266e-02
2.957300000000000182e+02 3.960303276330174455e-02
2.950840000000000032e+02 5.865987770318949190e-02
2.944370000000000118e+02 9.845955348664992696e-03
2.937909999999999968e+02 2.886442124932269912e-02
2.931429999999999723e+02 1.349391186489883321e-01
2.924970000000000141e+02 1.309643318295967973e-01
2.918500000000000227e+02 9.596155144570639450e-02
2.912040000000000077e+02 8.332070778073867590e-02
2.905570000000000164e+02 1.147000461540301636e-01
2.899100000000000250e+02 1.546901028179881732e-01
2.892629999999999768e+02 2.138128043026467084e-01
2.886159999999999854e+02 2.486362957391200779e-01
2.879689999999999941e+02 2.722887465728984768e-01
2.873210000000000264e+02 2.742228676145334609e-01
2.866750000000000114e+02 2.632590502358290174e-01
2.860269999999999868e+02 3.078227038605548804e-01
2.853799999999999955e+02 3.222560727906648714e-01
2.847320000000000277e+02 3.111941586566094320e-01
2.840849999999999795e+02 3.527789461189560494e-01
2.834370000000000118e+02 3.709895393725617385e-01
2.827900000000000205e+02 4.118814695187906216e-01
2.821419999999999959e+02 4.462392950833730110e-01
2.814950000000000045e+02 4.615845574826436537e-01
2.808469999999999800e+02 4.995062816628416114e-01
2.801990000000000123e+02 4.633147205719026496e-01
2.795509999999999877e+02 4.396442573501792017e-01
2.789039999999999964e+02 4.507230628063831901e-01
2.782549999999999955e+02 4.494562769986525930e-01
2.776080000000000041e+02 4.502576067063028264e-01
2.769590000000000032e+02 4.350036575095806990e-01
2.763120000000000118e+02 4.537132071466069005e-01
2.756630000000000109e+02 4.346219872023334152e-01
2.750149999999999864e+02 4.511139689459544022e-01
2.743659999999999854e+02 5.343035749324651640e-01
2.737189999999999941e+02 5.970658451324059035e-01
2.730699999999999932e+02 6.126039560181358867e-01
2.724220000000000255e+02 5.949758945097833873e-01
2.717730000000000246e+02 5.679057327426462187e-01
2.711240000000000236e+02 5.467826340894494930e-01
2.704759999999999991e+02 5.125186453230584638e-01
2.698260000000000218e+02 5.298095425489954824e-01
2.691779999999999973e+02 5.639603893302690407e-01
2.685289999999999964e+02 5.092855764765403803e-01
2.678809999999999718e+02 4.944026926265676081e-01
2.672309999999999945e+02 4.760032002143777530e-01
2.665830000000000268e+02 4.966447890953855082e-01
2.659329999999999927e+02 5.669546477467883872e-01
2.652839999999999918e+02 5.961611128386519187e-01
2.646349999999999909e+02 6.433119331580918754e-01
2.639850000000000136e+02 6.117394194873440050e-01
2.633369999999999891e+02 5.966930185172774070e-01
2.626870000000000118e+02 6.250858612260323799e-01
2.620380000000000109e+02 5.975833476792976606e-01
2.613879999999999768e+02 6.416419092430715176e-01
2.607400000000000091e+02 6.160796751435277940e-01
2.600899999999999750e+02 5.641152298506370011e-01
2.594390000000000214e+02 5.900531608202753686e-01
2.587900000000000205e+02 5.666897500618690575e-01
2.581399999999999864e+02 5.679367289793404439e-01
2.574909999999999854e+02 5.570230405862315326e-01
2.568410000000000082e+02 6.065208410050594301e-01
2.561899999999999977e+02 6.435217271481529222e-01
2.555409999999999968e+02 6.203281199402169710e-01
2.548899999999999864e+02 6.432212061095510247e-01
2.542410000000000139e+02 6.405338071447135295e-01
2.535910000000000082e+02 6.007883968996227120e-01
2.529399999999999977e+02 5.998939319748474164e-01
2.522899999999999920e+02 6.140507356606554890e-01
2.516399999999999864e+02 6.478166658893369512e-01
2.509900000000000091e+02 5.955427605437363381e-01
2.503389999999999986e+02 5.978688556572047119e-01
2.496879999999999882e+02 6.213835089359407426e-01
2.490380000000000109e+02 6.250775701998053657e-01
2.483870000000000005e+02 6.578441707184643494e-01
2.477359999999999900e+02 6.869806643073566033e-01
2.470860000000000127e+02 6.710690540592578746e-01
2.464350000000000023e+02 7.045420137078794998e-01
2.457849999999999966e+02 6.522663736071596663e-01
2.451330000000000098e+02 6.775678532375817298e-01
2.444819999999999993e+02 6.540507704382367837e-01
2.438319999999999936e+02 6.339128479604762001e-01
2.431800000000000068e+02 6.185205268297938597e-01
2.425289999999999964e+02 6.140750493729754123e-01
2.418779999999999859e+02 6.555694123267591378e-01
2.412270000000000039e+02 6.829329112365555288e-01
2.405749999999999886e+02 6.538855137358082770e-01
2.399240000000000066e+02 7.004357946477730579e-01
2.392719999999999914e+02 6.955321168502415219e-01
2.386200000000000045e+02 7.159643720877642004e-01
2.379699999999999989e+02 7.079594582440017492e-01
2.373180000000000121e+02 7.383569194980568184e-01
2.366670000000000016e+02 7.332132864371436742e-01
2.360149999999999864e+02 7.294653278591002321e-01
2.353629999999999995e+02 7.504557880341879983e-01
2.347100000000000080e+02 7.928089590503052397e-01
2.340600000000000023e+02 7.829578810609550965e-01
2.334070000000000107e+02 7.746275020718924598e-01
2.327549999999999955e+02 8.188932567160642773e-01
2.321040000000000134e+02 8.512907071622163313e-01
2.314509999999999934e+02 8.411960483225231489e-01
2.307980000000000018e+02 8.716167156647708358e-01
2.301469999999999914e+02 8.655859543811934564e-01
2.294939999999999998e+02 8.457459913406710772e-01
2.288420000000000130e+02 8.164794746498155176e-01
2.281899999999999977e+02 8.584883276792615314e-01
2.275370000000000061e+02 8.891171144091453149e-01
2.268839999999999861e+02 9.045366752207925076e-01
2.262330000000000041e+02 9.317269825230996005e-01
2.255800000000000125e+02 9.679659626587940879e-01
2.249269999999999925e+02 9.626002460913555270e-01
2.242729999999999961e+02 9.664947103247305549e-01
2.236220000000000141e+02 9.938433785493280270e-01
2.229679999999999893e+02 9.986997877676040414e-01
2.223149999999999977e+02 1.005975030034726991e+00
2.216630000000000109e+02 9.822588393615980795e-01
2.210099999999999909e+02 9.560910499668469065e-01
2.203559999999999945e+02 9.289219050348258566e-01
2.197019999999999982e+02 9.147131489847053487e-01
2.190500000000000114e+02 9.169877930564784840e-01
2.183969999999999914e+02 9.128959272118901680e-01
2.177429999999999950e+02 9.050765293988167759e-01
2.170889999999999986e+02 9.096699721980058273e-01
2.164370000000000118e+02 8.846271124013757037e-01
2.157829999999999870e+02 9.001916684415884884e-01
2.151289999999999907e+02 8.838784735584315211e-01
2.144749999999999943e+02 9.136361883663319805e-01
2.138220000000000027e+02 9.105654029684384643e-01
2.131680000000000064e+02 9.098363570828285063e-01
2.125140000000000100e+02 9.138254849900271370e-01
2.118600000000000136e+02 8.894083116278250767e-01
2.112069999999999936e+02 9.109386540487497408e-01
2.105529999999999973e+02 8.971870550440264047e-01
2.098979999999999961e+02 8.847103518073100581e-01
2.092439999999999998e+02 8.642359194024008540e-01
2.085910000000000082e+02 8.588857928655420082e-01
2.079360000000000070e+02 8.512417522050090835e-01
2.072820000000000107e+02 8.413762497092207582e-01
2.066270000000000095e+02 8.113706895573065125e-01
2.059739999999999895e+02 8.274317916750612012e-01
2.053189999999999884e+02 8.199207326303786791e-01
2.046639999999999873e+02 8.036680805984771636e-01
2.040089999999999861e+02 8.017725121710032044e-01
2.033540000000000134e+02 7.965794163907404801e-01
2.027009999999999934e+02 7.601118091537238941e-01
2.020459999999999923e+02 7.454654423553717102e-01
2.013909999999999911e+02 7.181613470763648088e-01
2.007350000000000136e+02 7.377882637489794337e-01
2.000800000000000125e+02 7.244716404347516514e-01
1.994259999999999877e+02 6.987140570947537599e-01
1.987709999999999866e+02 6.940234028356155882e-01
1.981160000000000139e+02 6.821348870175173440e-01
1.974600000000000080e+02 6.928831458799116216e-01
1.968050000000000068e+02 6.677740033964463251e-01
1.961510000000000105e+02 6.592041305369942261e-01
1.954950000000000045e+02 6.787999154815937963e-01
1.948389999999999986e+02 6.541099539482735370e-01
1.941839999999999975e+02 6.386457042908505466e-01
1.935279999999999916e+02 6.440329822879282684e-01
1.928739999999999952e+02 6.522342251918450406e-01
1.922179999999999893e+02 6.447248788258871377e-01
1.915620000000000118e+02 6.662404877161834937e-01
1.909060000000000059e+02 6.970341391178830337e-01
1.902500000000000000e+02 7.073379420448779875e-01
1.895939999999999941e+02 6.871106575645813397e-01
1.889389999999999930e+02 7.084723022489207711e-01
1.882829999999999870e+02 7.229789918581576158e-01
1.876270000000000095e+02 7.390710552537965716e-01
1.869699999999999989e+02 7.291022400046159868e-01
1.863139999999999930e+02 7.228554226866110710e-01
1.856570000000000107e+02 7.002586250176958682e-01
1.850010000000000048e+02 6.833619236677843656e-01
1.843460000000000036e+02 6.935094173805572693e-01
1.836889999999999930e+02 7.096816607770636276e-01
1.830329999999999870e+02 7.246591114701707026e-01
1.823760000000000048e+02 7.306198606048771582e-01
1.817189999999999941e+02 7.190148575438701783e-01
1.810620000000000118e+02 7.663004081878688201e-01
1.804050000000000011e+02 7.999585487047873311e-01
1.797500000000000000e+02 8.108676863382043853e-01
1.790929999999999893e+02 8.376832542347848465e-01
1.784360000000000070e+02 8.346274274578950880e-01
1.777789999999999964e+02 8.432124875683091325e-01
1.771220000000000141e+02 8.441229608299812837e-01
1.764650000000000034e+02 8.457954907206016726e-01
1.758069999999999879e+02 8.505967667701860302e-01
1.751500000000000057e+02 8.358477393928271937e-01
1.744939999999999998e+02 8.420984191752973747e-01
1.738369999999999891e+02 8.625719030229526130e-01
1.731790000000000020e+02 8.731401661190009156e-01
1.725219999999999914e+02 8.881989847040425712e-01
1.718640000000000043e+02 9.083945295136626186e-01
1.712059999999999889e+02 9.227661757041607515e-01
1.705490000000000066e+02 9.330288520428094978e-01
1.698909999999999911e+02 9.361508220580246897e-01
1.692330000000000041e+02 9.270423855877155672e-01
1.685749999999999886e+02 9.164739179524479251e-01
1.679190000000000111e+02 9.261146908099449071e-01
1.672609999999999957e+02 9.155326497913922612e-01
1.666030000000000086e+02 9.350904119232977818e-01
1.659449999999999932e+02 9.113229149983700372e-01
1.652870000000000061e+02 8.820617276730257084e-01
1.646279999999999859e+02 8.796444242378781420e-01
1.639699999999999989e+02 8.892671808742089734e-01
1.633120000000000118e+02 9.064126536384172761e-01
1.626539999999999964e+02 9.043062833128715505e-01
1.619950000000000045e+02 8.847688529903617871e-01
1.613369999999999891e+02 8.757936947301675490e-01
1.606779999999999973e+02 8.545553394079032916e-01
1.600190000000000055e+02 8.518509426658287254e-01
1.593609999999999900e+02 8.558414053805377675e-01
1.587040000000000077e+02 8.530216699272100689e-01
1.580449999999999875e+02 8.560517586296884085e-01
1.573859999999999957e+02 8.464920964852485907e-01
1.567270000000000039e+02 8.499941053973388838e-01
1.560680000000000121e+02 8.404618930832951085e-01
1.554089999999999918e+02 8.380184313223189019e-01
1.547500000000000000e+02 8.386809110420350155e-01
1.540910000000000082e+02 8.291868536082656060e-01
1.534319999999999879e+02 8.259735103360997810e-01
1.527729999999999961e+02 8.221016302335900638e-01
1.521140000000000043e+02 8.102286604761111954e-01
1.514540000000000077e+02 8.051387331473561781e-01
1.507949999999999875e+02 8.000360420228522784e-01
1.501359999999999957e+02 8.319373990368824634e-01
1.494759999999999991e+02 8.395204364553315868e-01
1.488170000000000073e+02 8.398204608250339209e-01
1.481570000000000107e+02 8.586160570058829489e-01
1.474970000000000141e+02 8.527650159918070960e-01
1.468379999999999939e+02 8.606220878587157452e-01
1.461779999999999973e+02 8.625643514919557608e-01
1.455180000000000007e+02 8.772618385394699292e-01
1.448580000000000041e+02 8.787968767427923877e-01
1.441980000000000075e+02 8.515100073620665011e-01
1.435380000000000109e+02 8.590252213488317468e-01
1.428779999999999859e+02 8.614125995344421582e-01
1.422179999999999893e+02 8.733051689177085963e-01
1.415579999999999927e+02 8.742290896697294533e-01
1.408979999999999961e+02 8.723759931494814435e-01
1.402379999999999995e+02 8.693871354190411127e-01
1.395769999999999982e+02 8.642510846148755421e-01
1.389170000000000016e+02 8.744808325200678079e-01
1.382560000000000002e+02 9.006033521326519686e-01
1.375960000000000036e+02 9.135608345075305614e-01
1.369350000000000023e+02 9.231490377430270344e-01
1.362750000000000057e+02 9.235520272747799186e-01
1.356140000000000043e+02 9.355297299854661297e-01
1.349540000000000077e+02 9.456930026464810402e-01
1.342930000000000064e+02 9.689290313416570877e-01
1.336320000000000050e+02 9.910907053756059515e-01
1.329710000000000036e+02 1.002341100631917392e+00
1.323100000000000023e+02 1.007169033574319084e+00
1.316490000000000009e+02 1.029711178556788065e+00
1.309879999999999995e+02 1.032948392819668770e+00
1.303269999999999982e+02 1.032808339769146766e+00
1.296659999999999968e+02 1.053516264754557286e+00
1.290049999999999955e+02 1.058602471890675911e+00
1.283420000000000130e+02 1.054614663386181261e+00
1.276809999999999974e+02 1.053606524340638284e+00
1.270190000000000055e+02 1.064012067759708469e+00
1.263580000000000041e+02 1.045579982997785873e+00
1.256959999999999980e+02 1.023114528382081279e+00
1.250349999999999966e+02 1.021770565019593846e+00
1.243730000000000047e+02 1.015331745382918260e+00
1.237120000000000033e+02 1.004368429029612209e+00
1.230499999999999972e+02 1.001517851464706732e+00
1.223880000000000052e+02 9.933510422024213193e-01
1.217259999999999991e+02 9.666248518486270092e-01
1.210639999999999930e+02 9.352084670652691667e-01
1.204030000000000058e+02 9.282765217314430384e-01
1.197409999999999997e+02 9.151843978514504485e-01
1.190780000000000030e+02 8.813850611978095717e-01
1.184150000000000063e+02 8.679397315451718997e-01
1.177530000000000001e+02 8.472751207558277819e-01
1.170909999999999940e+02 8.214037112917236261e-01
1.164279999999999973e+02 7.962833206933241925e-01
1.157660000000000053e+02 7.826750930739833079e-01
1.151039999999999992e+02 7.660165237677171168e-01
1.144410000000000025e+02 7.422204622754382530e-01
1.137789999999999964e+02 7.198434692897149878e-01
1.131159999999999997e+02 7.111639770337466748e-01
1.124539999999999935e+02 6.971264668062987502e-01
1.117890000000000015e+02 6.822012886526869213e-01
1.111269999999999953e+02 6.754610924199616617e-01
1.104639999999999986e+02 6.592366630658197391e-01
1.098010000000000019e+02 6.448599117839225459e-01
1.091380000000000052e+02 6.281255240216614411e-01
1.084749999999999943e+02 6.182575102360031716e-01
1.078119999999999976e+02 5.904283305644220103e-01
1.071490000000000009e+02 5.726646098028291831e-01
1.064849999999999994e+02 5.356589409172918259e-01
1.058209999999999980e+02 5.042777749288445133e-01
1.051580000000000013e+02 4.664240953335246909e-01
1.044950000000000045e+02 4.522248615154679241e-01
1.038319999999999936e+02 4.232133832913683724e-01
1.031680000000000064e+02 3.976419927572619750e-01
1.025049999999999955e+02 3.740157672836124103e-01
1.018400000000000034e+02 3.628324188470227751e-01
1.011760000000000019e+02 3.458008224106297046e-01
1.005130000000000052e+02 3.473132212163750343e-01
9.984900000000000375e+01 3.443898882335930667e-01
9.918529999999999802e+01 3.390676971064269241e-01
9.852150000000000318e+01 3.319386470143696477e-01
9.785769999999999413e+01 3.426971543812700749e-01
9.719230000000000302e+01 3.561583285176381786e-01
9.652830000000000155e+01 3.683889116046478174e-01
9.586430000000000007e+01 3.772025281327966439e-01
9.520029999999999859e+01 3.898336436687509510e-01
9.453610000000000468e+01 4.090038405264336818e-01
9.387199999999999989e+01 4.275390061220167293e-01
9.320619999999999550e+01 4.382114651195738730e-01
9.254200000000000159e+01 4.507328576825114230e-01
9.187760000000000105e+01 4.486207561998125648e-01
9.121320000000000050e+01 4.507070725989282267e-01
9.054879999999999995e+01 4.474859089033343951e-01
8.988280000000000314e+01 4.562464512649191950e-01
8.921819999999999595e+01 4.542578450163951009e-01
8.855360000000000298e+01 4.468604297620905608e-01
8.788890000000000668e+01 4.391027529195162260e-01
8.722419999999999618e+01 4.462975522495409852e-01
8.655939999999999657e+01 4.508851155973212510e-01
8.589300000000000068e+01 4.590196926423493196e-01
8.522809999999999775e+01 4.588317127307326992e-01
8.456319999999999482e+01 4.629690201289154428e-01
8.389820000000000277e+01 4.579951189608034712e-01
8.323160000000000025e+01 4.596142035565961570e-01
8.256650000000000489e+01 4.572963150683957423e-01
8.190130000000000621e+01 4.600168344971437007e-01
8.123609999999999332e+01 4.577858606102445660e-01
8.057080000000000553e+01 4.460350977248382365e-01
7.990389999999999304e+01 4.439075117070451770e-01
7.923850000000000193e+01 4.449479619446037315e-01
7.857299999999999329e+01 4.476454096629849388e-01
7.790749999999999886e+01 4.475761749965186942e-01
7.724039999999999395e+01 4.445405042916212301e-01
7.657479999999999620e+01 4.444841753617085334e-01
7.590909999999999513e+01 4.344017187847956651e-01
7.524339999999999407e+01 4.343013789012885595e-01
7.457760000000000389e+01 4.306435093071276921e-01
7.391020000000000323e+01 4.172280144043037375e-01
7.324429999999999552e+01 4.095879876568009892e-01
7.257829999999999870e+01 3.951613302289536112e-01
7.191230000000000189e+01 3.847682844133284430e-01
7.124469999999999459e+01 3.793188849706299881e-01
7.057850000000000534e+01 3.704362632814742762e-01
6.991230000000000189e+01 3.693043731816569863e-01
6.924609999999999843e+01 3.578611027450787629e-01
6.857829999999999870e+01 3.524182985131261159e-01
6.791190000000000282e+01 3.459664192442082342e-01
6.724550000000000693e+01 3.371596394312816880e-01
6.657750000000000057e+01 3.309646194275354114e-01
6.591100000000000136e+01 3.205649896137891530e-01
6.524439999999999884e+01 3.146840877423729421e-01
6.457769999999999300e+01 3.063774792196390928e-01
6.390950000000000131e+01 2.966881689724727988e-01
6.324269999999999925e+01 2.907209589779640169e-01
6.257589999999999719e+01 2.869173564553827993e-01
6.190899999999999892e+01 2.823298389508645534e-01
6.124060000000000059e+01 2.763542016821239344e-01
6.057359999999999900e+01 2.712854385138139812e-01
5.990659999999999741e+01 2.665598341535452831e-01
5.923799999999999955e+01 2.558978027761727447e-01
5.857079999999999842e+01 2.448275195420021311e-01
5.790359999999999729e+01 2.403124093802386507e-01
5.723629999999999995e+01 2.329829177497980686e-01
5.656750000000000256e+01 2.233702899604805558e-01
5.590010000000000190e+01 2.188192775881176722e-01
5.523270000000000124e+01 2.119057346677008791e-01
5.456360000000000099e+01 2.068566937007853268e-01
5.389609999999999701e+01 2.031506437429609901e-01
5.322849999999999682e+01 2.017789747615658935e-01
5.255930000000000035e+01 2.019311304875473501e-01
5.189159999999999684e+01 1.939809499092154665e-01
5.122379999999999711e+01 1.907315817011364101e-01
5.055440000000000111e+01 1.866269158784072402e-01
4.988660000000000139e+01 1.807825598047141380e-01
4.921860000000000213e+01 1.747632775453654974e-01
4.854910000000000281e+01 1.692777005845319815e-01
4.788100000000000023e+01 1.663997474819649547e-01
4.721289999999999765e+01 1.617506268824299431e-01
4.654319999999999879e+01 1.555841754675346689e-01
4.587500000000000000e+01 1.519514910870087832e-01
4.520669999999999789e+01 1.445263680644881810e-01
4.453679999999999950e+01 1.399382339551369370e-01
4.386840000000000117e+01 1.358636348415316331e-01
4.320000000000000284e+01 1.341747825512470405e-01
4.252989999999999782e+01 1.288532122204435193e-01
4.186129999999999995e+01 1.231265146470130606e-01
4.119270000000000209e+01 1.160029165190383654e-01
4.052250000000000085e+01 1.115628079363424341e-01
3.985379999999999967e+01 1.082536006045285160e-01
3.918500000000000227e+01 1.058799294506146960e-01
3.851460000000000150e+01 1.021498014597431586e-01
3.784570000000000078e+01 9.813074786130247806e-02
3.717519999999999669e+01 9.324898249471946787e-02
3.650619999999999976e+01 8.896501454480280902e-02
3.583709999999999951e+01 8.617106418100593801e-02
3.516640000000000299e+01 8.324346519196364202e-02
3.449719999999999942e+01 7.904712305029835961e-02
3.382800000000000296e+01 7.595562861101116947e-02
3.315709999999999980e+01 7.167794293029453034e-02
3.248780000000000001e+01 6.624055106685702854e-02
3.181680000000000064e+01 6.275725660161213249e-02
3.114730000000000132e+01 6.014899435814439338e-02
3.047779999999999845e+01 5.829658889708690811e-02
2.980669999999999931e+01 5.328038672751208432e-02
2.913700000000000045e+01 5.069860807287893817e-02
2.846730000000000160e+01 4.854874508886614093e-02
2.779599999999999937e+01 4.459588519256723477e-02
2.712620000000000076e+01 4.180194561465316178e-02
2.645479999999999876e+01 3.942890436675244165e-02
2.578490000000000038e+01 3.662762856604002970e-02
2.511329999999999885e+01 3.304434774104905714e-02
2.444330000000000069e+01 2.946276404208158714e-02
2.377319999999999922e+01 2.758842897334966293e-02
2.310150000000000148e+01 2.401959627870192682e-02
2.243130000000000024e+01 2.140916755418698775e-02
2.175949999999999918e+01 1.893866156689682362e-02
2.108909999999999840e+01 1.634773236641811830e-02
2.041870000000000118e+01 1.438234058326104924e-02
1.974680000000000035e+01 1.156203760373921731e-02
1.907629999999999981e+01 9.657881732602008676e-03
1.840419999999999945e+01 8.042476015155808691e-03
1.773349999999999937e+01 6.150328419620244846e-03
1.706129999999999924e+01 5.230002443503166572e-03
1.639059999999999917e+01 3.567805116409047180e-03
1.571979999999999933e+01 2.454434556970039229e-03
1.504739999999999966e+01 1.780885798650519696e-03
1.437650000000000006e+01 9.248823030944734822e-04
1.370410000000000039e+01 5.653358602588415185e-04
1.303299999999999947e+01 -2.484848856640489234e-04
1.236040000000000028e+01 -7.684320035428609825e-04
1.168929999999999936e+01 -1.265578501921029754e-03
1.101660000000000039e+01 -1.280712615877756602e-03
1.034529999999999994e+01 -6.084221795166706902e-04
9.672489999999999810e+00 -1.806217866041105735e-04
9.001129999999999853e+00 2.420514616185402311e-04
8.329710000000000392e+00 4.881728947732434957e-04
7.656710000000000349e+00 1.135478927116004072e-03
6.985170000000000101e+00 2.813665123966478058e-03
6.312050000000000161e+00 4.167548686633868772e-03
5.640399999999999636e+00 5.195110711414011213e-03
4.967170000000000307e+00 5.619424180327281353e-03
4.295410000000000394e+00 5.582694897975208105e-03
3.622059999999999835e+00 5.295495519616357644e-03
2.950180000000000025e+00 4.736818667341745510e-03
2.276720000000000077e+00 4.023222243182960657e-03
1.604729999999999990e+00 2.999174383403343212e-03
9.311519999999999797e-01 1.710336364466398485e-03
2.590439999999999965e-01 4.615885354246212786e-04
