4.498670000000000186e+02 -2.102822420871149067e-01
4.492339999999999804e+02 -2.512590663564699955e-01
4.486009999999999991e+02 -2.699026855394118796e-01
4.479680000000000177e+02 -2.142886165985353197e-01
4.473360000000000127e+02 -2.199451404617632222e-01
4.467029999999999745e+02 -2.293291338408888491e-01
4.460690000000000168e+02 -1.960505395910927540e-01
4.454359999999999786e+02 -2.165285223987478691e-01
4.448029999999999973e+02 -2.221693709090925284e-01
4.441689999999999827e+02 -2.056041310602615135e-01
4.435360000000000014e+02 -1.853594627895552016e-01
4.429019999999999868e+02 -1.466378798758185553e-01
4.422699999999999818e+02 -1.818901874104952576e-01
4.416360000000000241e+02 -1.524520508706643795e-01
4.410029999999999859e+02 -1.544239634442478581e-01
4.403690000000000282e+02 -1.766842865261319950e-01
4.397350000000000136e+02 -1.767943928317651514e-01
4.391009999999999991e+02 -1.824308761089490916e-01
4.384669999999999845e+02 -2.249246745227360955e-01
4.378330000000000268e+02 -2.121316259915402846e-01
4.371990000000000123e+02 -2.269462226604984090e-01
4.365649999999999977e+02 -2.141610253133828523e-01
4.359329999999999927e+02 -2.565434108693412374e-01
4.352980000000000018e+02 -2.823503325414720155e-01
4.346639999999999873e+02 -2.842456301550086439e-01
4.340299999999999727e+02 -2.788023612564789477e-01
4.333960000000000150e+02 -2.788663644179298906e-01
4.327610000000000241e+02 -2.312374233372979926e-01
4.321270000000000095e+02 -2.478299898784359079e-01
4.314920000000000186e+02 -2.753974739529014837e-01
4.308580000000000041e+02 -2.882845983996047967e-01
4.302230000000000132e+02 -2.755252546524802337e-01
4.295889999999999986e+02 -2.554633412402755877e-01
4.289540000000000077e+02 -2.811554829435992664e-01
4.283190000000000168e+02 -2.647590299883862963e-01
4.276859999999999786e+02 -2.648065103639122841e-01
4.270509999999999877e+02 -2.849813274329504043e-01
4.264159999999999968e+02 -3.051242456868415442e-01
4.257810000000000059e+02 -2.851119165418057877e-01
4.251460000000000150e+02 -2.705859431155521189e-01
4.245110000000000241e+02 -2.433209627691664823e-01
4.238759999999999764e+02 -2.415856118935258423e-01
4.232409999999999854e+02 -2.252748348634848463e-01
4.226050000000000182e+02 -2.472036121080577464e-01
4.219700000000000273e+02 -2.436424502657980606e-01
4.213349999999999795e+02 -2.382709170472223359e-01
4.206990000000000123e+02 -2.129215573147059670e-01
4.200640000000000214e+02 -2.112032244113645763e-01
4.194289999999999736e+02 -1.895272463738465196e-01
4.187930000000000064e+02 -2.313619547575895274e-01
4.181569999999999823e+02 -2.405176805623810421e-01
4.175219999999999914e+02 -2.297230341136702880e-01
4.168860000000000241e+02 -1.899662450973618188e-01
4.162500000000000000e+02 -1.701589041931176050e-01
4.156150000000000091e+02 -1.666551533436790022e-01
4.149789999999999850e+02 -1.595454066256006831e-01
4.143430000000000177e+02 -1.524429522813931515e-01
4.137069999999999936e+02 -1.778698703022005001e-01
4.130710000000000264e+02 -1.400582040714584142e-01
4.124350000000000023e+02 -1.221417720769963355e-01
4.117989999999999782e+02 -1.078482102914016250e-01
4.111630000000000109e+02 -1.188239270114146984e-01
4.105260000000000105e+02 -1.297811220167622848e-01
4.098899999999999864e+02 -1.209142728144794732e-01
4.092540000000000191e+02 -1.606652615694701136e-01
4.086170000000000186e+02 -1.571952042098366809e-01
4.079809999999999945e+02 -1.411332093346251981e-01
4.073439999999999941e+02 -1.520559277516946861e-01
4.067080000000000268e+02 -1.629674828274468024e-01
4.060710000000000264e+02 -1.343630246825454622e-01
4.054350000000000023e+02 -1.739909961955720397e-01
4.047980000000000018e+02 -1.687234850120253593e-01
4.041610000000000014e+02 -1.760184749789527325e-01
4.035240000000000009e+02 -1.582087741025951511e-01
4.028879999999999768e+02 -1.959530514446551630e-01
4.022509999999999764e+02 -1.781631574773161197e-01
4.016139999999999759e+02 -2.176450100839824320e-01
4.009769999999999754e+02 -2.141646118776696084e-01
4.003399999999999750e+02 -2.553874316729400906e-01
3.997029999999999745e+02 -2.233008578554448453e-01
3.990649999999999977e+02 -2.341151981929868175e-01
3.984279999999999973e+02 -2.681014281755724760e-01
3.977909999999999968e+02 -2.770860973539297500e-01
3.971519999999999868e+02 -2.807621315798735639e-01
3.965149999999999864e+02 -3.075354550234284945e-01
3.958770000000000095e+02 -2.933431896943038408e-01
3.952400000000000091e+02 -3.325655986015734755e-01
3.946019999999999754e+02 -3.041306217256594113e-01
3.939649999999999750e+02 -3.344254330273668807e-01
3.933269999999999982e+02 -3.380187487219423192e-01
3.926890000000000214e+02 -2.971906843765114714e-01
3.920520000000000209e+02 -3.043475126809695452e-01
3.914139999999999873e+02 -2.724578388288640962e-01
3.907760000000000105e+02 -2.707687895195111105e-01
3.901379999999999768e+02 -2.247551948634850527e-01
3.895000000000000000e+02 -1.840715349198545070e-01
3.888609999999999900e+02 -2.054054163833097524e-01
3.882230000000000132e+02 -2.002137907122963356e-01
3.875849999999999795e+02 -1.790902102465037060e-01
3.869460000000000264e+02 -1.597573900651899081e-01
3.863079999999999927e+02 -1.369052182660783767e-01
3.856700000000000159e+02 -1.229146505954039625e-01
3.850319999999999823e+02 -1.071727977648299079e-01
3.843929999999999723e+02 -1.355721010267174065e-01
3.837549999999999955e+02 -1.180838440950612855e-01
3.831159999999999854e+02 -1.270270659631805299e-01
3.824759999999999991e+02 -1.307203481367822384e-01
3.818380000000000223e+02 -1.414243365143006415e-01
3.811990000000000123e+02 -1.855614699794937983e-01
3.805600000000000023e+02 -1.610365406959794188e-01
3.799220000000000255e+02 -1.717161444374475654e-01
3.792830000000000155e+02 -1.982077234120724341e-01
3.786440000000000055e+02 -1.807569534684794754e-01
3.780049999999999955e+02 -1.984562932120175760e-01
3.773650000000000091e+02 -1.915004031201752999e-01
3.767259999999999991e+02 -1.267188646035801169e-01
3.760860000000000127e+02 -1.321325216671328517e-01
3.754470000000000027e+02 -7.446603194955275784e-02
3.748079999999999927e+02 -7.816146036472104708e-02
3.741689999999999827e+02 -6.084529983727154923e-02
3.735299999999999727e+02 -4.177152118010130089e-02
3.728890000000000100e+02 -3.668392578821511041e-02
3.722500000000000000e+02 -6.485844557814934852e-02
3.716100000000000136e+02 -1.962064509637173604e-02
3.709710000000000036e+02 -5.124389527692385649e-02
3.703310000000000173e+02 -6.534828509547807585e-02
3.696909999999999741e+02 -7.601421862345558722e-02
3.690500000000000114e+02 -6.748864074967902971e-02
3.684110000000000014e+02 -8.508442023426976419e-02
3.677710000000000150e+02 -9.222253962596332899e-02
3.671309999999999718e+02 -1.063144291240884498e-01
3.664909999999999854e+02 -6.123835338898320213e-02
3.658509999999999991e+02 -8.751619508457841867e-02
3.652099999999999795e+02 -8.766632401609675274e-02
3.645699999999999932e+02 -4.790781703322255503e-02
3.639300000000000068e+02 -5.503652143053877621e-02
3.632900000000000205e+02 -5.870706358386434953e-02
3.626490000000000009e+02 -5.023337810973343975e-02
3.620079999999999814e+02 -5.906092797967393837e-02
3.613670000000000186e+02 -6.444518692050765774e-02
3.607269999999999754e+02 -8.884730026460380126e-02
3.600869999999999891e+02 -7.863087597344131652e-02
3.594460000000000264e+02 -1.099025459642206104e-01
3.588039999999999736e+02 -1.325929399219707427e-01
3.581639999999999873e+02 -1.413534998520647457e-01
3.575230000000000246e+02 -1.622058668258277159e-01
3.568829999999999814e+02 -1.313081811904902030e-01
3.562420000000000186e+02 -1.400710614506402996e-01
3.556000000000000227e+02 -1.350160083701206770e-01
3.549590000000000032e+02 -1.213853284582662728e-01
3.543179999999999836e+02 -1.490890208810110029e-01
3.536770000000000209e+02 -1.406027647504924372e-01
3.530350000000000250e+02 -1.012006473030955256e-01
3.523940000000000055e+02 -9.104852841998334334e-02
3.517520000000000095e+02 -9.121746329371321904e-02
3.511109999999999900e+02 -1.515020723256654822e-01
3.504689999999999941e+02 -1.293136692033679536e-01
3.498269999999999982e+02 -1.208883464677185104e-01
3.491859999999999786e+02 -1.261853331551441859e-01
3.485450000000000159e+02 -1.314583130010987810e-01
3.479019999999999868e+02 -1.367780560200495543e-01
3.472599999999999909e+02 -1.540234907877769954e-01
3.466190000000000282e+02 -1.575847865904817513e-01
3.459769999999999754e+02 -1.645627341184956183e-01
3.453340000000000032e+02 -1.424670560895238691e-01
3.446929999999999836e+02 -1.289469517422840439e-01
3.440509999999999877e+02 -1.393477528539704413e-01
3.434089999999999918e+02 -1.429082784217584057e-01
3.427660000000000196e+02 -1.600981201672757037e-01
3.421240000000000236e+02 -1.244279860286192640e-01
3.414820000000000277e+02 -1.160656949736991739e-01
3.408399999999999750e+02 -1.179436427412978161e-01
3.401970000000000027e+02 -1.027613928260345810e-01
3.395539999999999736e+02 -9.953133056309948490e-02
3.389119999999999777e+02 -1.082118732010639572e-01
3.382690000000000055e+02 -9.984511683442792718e-02
3.376259999999999764e+02 -5.757591798150946127e-02
3.369839999999999804e+02 -3.060896067707674639e-02
3.363419999999999845e+02 -4.606824974434786668e-02
3.356979999999999791e+02 -6.831522211700657987e-02
3.350550000000000068e+02 -7.357855301093757516e-02
3.344130000000000109e+02 -8.898288657623126818e-02
3.337690000000000055e+02 -8.410331475860244321e-02
3.331259999999999764e+02 -7.581257320918255438e-02
3.324830000000000041e+02 -3.036216108777811673e-02
3.318389999999999986e+02 -5.079838367762512519e-02
3.311960000000000264e+02 -2.231198147262658527e-02
3.305539999999999736e+02 -3.434453044611246453e-02
3.299110000000000014e+02 -1.093427189769630159e-02
3.292660000000000196e+02 4.040323820218849615e-03
3.286229999999999905e+02 2.741116249789155024e-02
3.279800000000000182e+02 2.045525110308021866e-02
3.273360000000000127e+02 8.404932061496284135e-03
3.266929999999999836e+02 -3.050247148072116055e-02
3.260489999999999782e+02 -3.743108715409093623e-02
3.254049999999999727e+02 -4.604035783665427761e-02
3.247610000000000241e+02 -2.607616647905625085e-02
3.241179999999999950e+02 -3.971180942438956585e-02
3.234730000000000132e+02 -2.985238831401998416e-02
3.228290000000000077e+02 -2.839624756676567552e-02
3.221840000000000259e+02 3.272052094681066059e-03
3.215409999999999968e+02 6.376435469808094947e-03
3.208969999999999914e+02 4.128182605074326439e-02
3.202520000000000095e+02 6.115637008419644305e-02
3.196080000000000041e+02 5.920907931011432090e-02
3.189639999999999986e+02 7.399387957990372078e-02
3.183190000000000168e+02 9.545165756496998277e-02
3.176750000000000114e+02 6.512757814017650082e-02
3.170310000000000059e+02 1.652621517279373453e-02
3.163860000000000241e+02 1.622816813466271268e-02
3.157420000000000186e+02 6.025806391670274209e-03
3.150980000000000132e+02 -1.918910427452968914e-02
3.144519999999999982e+02 -2.608554116744810081e-02
3.138079999999999927e+02 -3.793793788127908240e-02
3.131619999999999777e+02 -4.479531873011449727e-02
3.125179999999999723e+02 -5.498033018663206484e-02
3.118729999999999905e+02 -5.020831568447226001e-02
3.112269999999999754e+02 9.392959831222291722e-03
3.105830000000000268e+02 -1.573549209501950985e-02
3.099370000000000118e+02 -2.591195281433777975e-02
3.092919999999999732e+02 -2.113508200502717260e-02
3.086469999999999914e+02 -3.129026548667501739e-02
3.080009999999999764e+02 3.277224151703839183e-03
3.073570000000000277e+02 2.288976444578272318e-02
3.067099999999999795e+02 2.930665394492493192e-02
3.060649999999999977e+02 2.243022928027071927e-02
3.054200000000000159e+02 2.051818098312863103e-02
3.047740000000000009e+02 1.865401174499842218e-02
3.041290000000000191e+02 1.678847160216323520e-02
3.034820000000000277e+02 6.271567663763721878e-02
3.028369999999999891e+02 9.212352084706054711e-02
3.021920000000000073e+02 1.148682898143957853e-01
3.015450000000000159e+02 9.980181191605552726e-02
3.008999999999999773e+02 6.658710588507038564e-02
3.002529999999999859e+02 1.140490096471177273e-01
2.996080000000000041e+02 2.332705268223662642e-01
2.989610000000000127e+02 1.750252465737057173e-01
2.983149999999999977e+02 2.794946952112469796e-01
2.976700000000000159e+02 2.255877757704879971e-01
2.970230000000000246e+02 2.323768077609859040e-01
2.963770000000000095e+02 1.546906820053841614e-01
2.957300000000000182e+02 1.297266170351120684e-01
2.950840000000000032e+02 1.647567303129582605e-01
2.944370000000000118e+02 8.002979434382308244e-02
2.937909999999999968e+02 1.150133336777244136e-01
2.931429999999999723e+02 3.042615765559363861e-01
2.924970000000000141e+02 2.988767934145403760e-01
2.918500000000000227e+02 2.383740539690369087e-01
2.912040000000000077e+02 2.174623556925694701e-01
2.905570000000000164e+02 2.748872753897911303e-01
2.899100000000000250e+02 3.478300961561637816e-01
2.892629999999999768e+02 4.551507127233871408e-01
2.886159999999999854e+02 5.193152520400180494e-01
2.879689999999999941e+02 5.636527192205146308e-01
2.873210000000000264e+02 5.691608724564959365e-01
2.866750000000000114e+02 5.515061801539012931e-01
2.860269999999999868e+02 6.336992107834172883e-01
2.853799999999999955e+02 6.618424323800408127e-01
2.847320000000000277e+02 6.440677919724021594e-01
2.840849999999999795e+02 7.213661675792478745e-01
2.834370000000000118e+02 7.565952633567067931e-01
2.827900000000000205e+02 8.330292612612433256e-01
2.821419999999999959e+02 8.978329415251592449e-01
2.814950000000000045e+02 9.282644256500584001e-01
2.808469999999999800e+02 9.998892424384459021e-01
2.801990000000000123e+02 9.366035485747198353e-01
2.795509999999999877e+02 8.959882295418125642e-01
2.789039999999999964e+02 9.187913804496499193e-01
2.782549999999999955e+02 9.190588332909477298e-01
2.776080000000000041e+02 9.231108920160651099e-01
2.769590000000000032e+02 8.976860178821655101e-01
2.763120000000000118e+02 9.346642289926908598e-01
2.756630000000000109e+02 9.021039805807438139e-01
2.750149999999999864e+02 9.351107874651037877e-01
2.743659999999999854e+02 1.091513247128924391e+00
2.737189999999999941e+02 1.210573540506043599e+00
2.730699999999999932e+02 1.242447342209753947e+00
2.724220000000000255e+02 1.212819583495376996e+00
2.717730000000000246e+02 1.165538902348450145e+00
2.711240000000000236e+02 1.129187338048471378e+00
2.704759999999999991e+02 1.068193730240779127e+00
2.698260000000000218e+02 1.103368684937939603e+00
2.691779999999999973e+02 1.170206886178212002e+00
2.685289999999999964e+02 1.070717133124054588e+00
2.678809999999999718e+02 1.045630354527198325e+00
2.672309999999999945e+02 1.013854964947499937e+00
2.665830000000000268e+02 1.055522293581301341e+00
2.659329999999999927e+02 1.191062786099007953e+00
2.652839999999999918e+02 1.249345562082675665e+00
2.646349999999999909e+02 1.341792194553299122e+00
2.639850000000000136e+02 1.285254352154850288e+00
2.633369999999999891e+02 1.259911407592072541e+00
2.626870000000000118e+02 1.317145085490559975e+00
2.620380000000000109e+02 1.268034620324358208e+00
2.613879999999999768e+02 1.355376961466955521e+00
2.607400000000000091e+02 1.309869704237344834e+00
2.600899999999999750e+02 1.213647448123870820e+00
2.594390000000000214e+02 1.266573341187470891e+00
2.587900000000000205e+02 1.224914299758641745e+00
2.581399999999999864e+02 1.230497109741657935e+00
2.574909999999999854e+02 1.212641546019536332e+00
2.568410000000000082e+02 1.311428926643557480e+00
2.561899999999999977e+02 1.386377254131775816e+00
2.555409999999999968e+02 1.344890794624134189e+00
2.548899999999999864e+02 1.392760220560524065e+00
2.542410000000000139e+02 1.391026844225559111e+00
2.535910000000000082e+02 1.317083897685132898e+00
2.529399999999999977e+02 1.318721096868913367e+00
2.522899999999999920e+02 1.349788498898588429e+00
2.516399999999999864e+02 1.419374738140319447e+00
2.509900000000000091e+02 1.320373454831522908e+00
2.503389999999999986e+02 1.328355121453080878e+00
2.496879999999999882e+02 1.378089922187621275e+00
2.490380000000000109e+02 1.388894756224198002e+00
2.483870000000000005e+02 1.457199529245662983e+00
2.477359999999999900e+02 1.518562654510964061e+00
2.470860000000000127e+02 1.490790478704369981e+00
2.464350000000000023e+02 1.561052838220816641e+00
2.457849999999999966e+02 1.460867431000939964e+00
2.451330000000000098e+02 1.515040193330234652e+00
2.444819999999999993e+02 1.471867101439244596e+00
2.438319999999999936e+02 1.435292819057425895e+00
2.431800000000000068e+02 1.408110686555828606e+00
2.425289999999999964e+02 1.402814493354739511e+00
2.418779999999999859e+02 1.489967048491317669e+00
2.412270000000000039e+02 1.548948605827877412e+00
2.405749999999999886e+02 1.494185327231322802e+00
2.399240000000000066e+02 1.592234002517060931e+00
2.392719999999999914e+02 1.586309280494536456e+00
2.386200000000000045e+02 1.631841716049926116e+00
2.379699999999999989e+02 1.619643791593299520e+00
2.373180000000000121e+02 1.685739441804400718e+00
2.366670000000000016e+02 1.679451736619321123e+00
2.360149999999999864e+02 1.676004102955604758e+00
2.353629999999999995e+02 1.723293828642209258e+00
2.347100000000000080e+02 1.814685200133134835e+00
2.340600000000000023e+02 1.798898799724197417e+00
2.334070000000000107e+02 1.786209869457247912e+00
2.327549999999999955e+02 1.882211951441292941e+00
2.321040000000000134e+02 1.953999168747556858e+00
2.314509999999999934e+02 1.937882365938671470e+00
2.307980000000000018e+02 2.005971141482123077e+00
2.301469999999999914e+02 1.998350525674094103e+00
2.294939999999999998e+02 1.961878658800764175e+00
2.288420000000000130e+02 1.905528855954582657e+00
2.281899999999999977e+02 1.998395040280733559e+00
2.275370000000000061e+02 2.067738032489916389e+00
2.268839999999999861e+02 2.105346198388228895e+00
2.262330000000000041e+02 2.167924629761109667e+00
2.255800000000000125e+02 2.249906045036514701e+00
2.249269999999999925e+02 2.244098957080834733e+00
2.242729999999999961e+02 2.257934614408570795e+00
2.236220000000000141e+02 2.321692501408348264e+00
2.229679999999999893e+02 2.337803102292716595e+00
2.223149999999999977e+02 2.359141561289821443e+00
2.216630000000000109e+02 2.314227561125569377e+00
2.210099999999999909e+02 2.263876698227448525e+00
2.203559999999999945e+02 2.211170702401669796e+00
2.197019999999999982e+02 2.186160451724508125e+00
2.190500000000000114e+02 2.196611588963117256e+00
2.183969999999999914e+02 2.193345043170921382e+00
2.177429999999999950e+02 2.181993575754715753e+00
2.170889999999999986e+02 2.197564894432368909e+00
2.164370000000000118e+02 2.148656721164760253e+00
2.157829999999999870e+02 2.188168546027752903e+00
2.151289999999999907e+02 2.158138609644026484e+00
2.144749999999999943e+02 2.228958204314596792e+00
2.138220000000000027e+02 2.227970450462172902e+00
2.131680000000000064e+02 2.232144839785798585e+00
2.125140000000000100e+02 2.246750594389964828e+00
2.118600000000000136e+02 2.198605861806803841e+00
2.112069999999999936e+02 2.252075497059534470e+00
2.105529999999999973e+02 2.227422646322183564e+00
2.098979999999999961e+02 2.205507619545732378e+00
2.092439999999999998e+02 2.165639013119675216e+00
2.085910000000000082e+02 2.159408598139216373e+00
2.079360000000000070e+02 2.148026709394801337e+00
2.072820000000000107e+02 2.131594005290007754e+00
2.066270000000000095e+02 2.069737735654303634e+00
2.059739999999999895e+02 2.111567478920738150e+00
2.053189999999999884e+02 2.100276272265157562e+00
2.046639999999999873e+02 2.069108237797849803e+00
2.040089999999999861e+02 2.070432822702470865e+00
2.033540000000000134e+02 2.064251186802468219e+00
2.027009999999999934e+02 1.986590716963976710e+00
2.020459999999999923e+02 1.958538743571077489e+00
2.013909999999999911e+02 1.901303405371208122e+00
2.007350000000000136e+02 1.951769451332886263e+00
2.000800000000000125e+02 1.926499949863169636e+00
1.994259999999999877e+02 1.872340321109358108e+00
1.987709999999999866e+02 1.866745461541899465e+00
1.981160000000000139e+02 1.844402783121838141e+00
1.974600000000000080e+02 1.874674657189622673e+00
1.968050000000000068e+02 1.821378286269301983e+00
1.961510000000000105e+02 1.806517370904599407e+00
1.954950000000000045e+02 1.857679803479053815e+00
1.948389999999999986e+02 1.804936873207530379e+00
1.941839999999999975e+02 1.773674900907437513e+00
1.935279999999999916e+02 1.791554509234318138e+00
1.928739999999999952e+02 1.816177933156929880e+00
1.922179999999999893e+02 1.803615268260135407e+00
1.915620000000000118e+02 1.860127564763052632e+00
1.909060000000000059e+02 1.939088790695521647e+00
1.902500000000000000e+02 1.969398669264490698e+00
1.895939999999999941e+02 1.926574333337345513e+00
1.889389999999999930e+02 1.983616946840283113e+00
1.882829999999999870e+02 2.024425886754552373e+00
1.876270000000000095e+02 2.069286499716565864e+00
1.869699999999999989e+02 2.051173689110315390e+00
1.863139999999999930e+02 2.042010000811248727e+00
1.856570000000000107e+02 1.992932694716659014e+00
1.850010000000000048e+02 1.957523304298912636e+00
1.843460000000000036e+02 1.988226826966825733e+00
1.836889999999999930e+02 2.033927790349217446e+00
1.830329999999999870e+02 2.076923467145267210e+00
1.823760000000000048e+02 2.097875170241017440e+00
1.817189999999999941e+02 2.075401167623339482e+00
1.810620000000000118e+02 2.199185776136640680e+00
1.804050000000000011e+02 2.289690996925063171e+00
1.797500000000000000e+02 2.323820314339885673e+00
1.790929999999999893e+02 2.398032531015332758e+00
1.784360000000000070e+02 2.397583032558160632e+00
1.777789999999999964e+02 2.426475749909816404e+00
1.771220000000000141e+02 2.436136011213016594e+00
1.764650000000000034e+02 2.447786169053803640e+00
1.758069999999999879e+02 2.467471469582879440e+00
1.751500000000000057e+02 2.437418097054101285e+00
1.744939999999999998e+02 2.460876482109465968e+00
1.738369999999999891e+02 2.520956977164829027e+00
1.731790000000000020e+02 2.555929264277114754e+00
1.725219999999999914e+02 2.602680755982974325e+00
1.718640000000000043e+02 2.663012102313297547e+00
1.712059999999999889e+02 2.708594338344562313e+00
1.705490000000000066e+02 2.743746438933331255e+00
1.698909999999999911e+02 2.760488414156457626e+00
1.692330000000000041e+02 2.745317383685672130e+00
1.685749999999999886e+02 2.726225692659596689e+00
1.679190000000000111e+02 2.760223502841775645e+00
1.672609999999999957e+02 2.741034640153035884e+00
1.666030000000000086e+02 2.801600720364749719e+00
1.659449999999999932e+02 2.747382866585152517e+00
1.652870000000000061e+02 2.678186650536941382e+00
1.646279999999999859e+02 2.680374198899005300e+00
1.639699999999999989e+02 2.714869478332754493e+00
1.633120000000000118e+02 2.769832163686195337e+00
1.626539999999999964e+02 2.773168630821491565e+00
1.619950000000000045e+02 2.729333671479667434e+00
1.613369999999999891e+02 2.713908786446706412e+00
1.606779999999999973e+02 2.664976138227237001e+00
1.600190000000000055e+02 2.666415049460761910e+00
1.593609999999999900e+02 2.686220784080802115e+00
1.587040000000000077e+02 2.687401725378896877e+00
1.580449999999999875e+02 2.704775239485616822e+00
1.573859999999999957e+02 2.687388280560043974e+00
1.567270000000000039e+02 2.706196578604300296e+00
1.560680000000000121e+02 2.688783961132987343e+00
1.554089999999999918e+02 2.691094485467375730e+00
1.547500000000000000e+02 2.702144584700481911e+00
1.540910000000000082e+02 2.684662479979525340e+00
1.534319999999999879e+02 2.684818612866940235e+00
1.527729999999999961e+02 2.683112067729870542e+00
1.521140000000000043e+02 2.658627604909463038e+00
1.514540000000000077e+02 2.653362689177904077e+00
1.507949999999999875e+02 2.648014395685584166e+00
1.501359999999999957e+02 2.749039564064764907e+00
1.494759999999999991e+02 2.780616664745253264e+00
1.488170000000000073e+02 2.791315297080954494e+00
1.481570000000000107e+02 2.855857324817626441e+00
1.474970000000000141e+02 2.848984671744029029e+00
1.468379999999999939e+02 2.882172563418074596e+00
1.461779999999999973e+02 2.898245729716973251e+00
1.455180000000000007e+02 2.952041027898228087e+00
1.448580000000000041e+02 2.967289458972895311e+00
1.441980000000000075e+02 2.897069998302311600e+00
1.435380000000000109e+02 2.930061528418742345e+00
1.428779999999999859e+02 2.947962294472470379e+00
1.422179999999999893e+02 2.994539461381426904e+00
1.415579999999999927e+02 3.008413619476847156e+00
1.408979999999999961e+02 3.013996681634773189e+00
1.402379999999999995e+02 3.016178435872767682e+00
1.395769999999999982e+02 3.011854618187733923e+00
1.389170000000000016e+02 3.054497463407388036e+00
1.382560000000000002e+02 3.146300779473593767e+00
1.375960000000000036e+02 3.198210433326851287e+00
1.369350000000000023e+02 3.240118855941941156e+00
1.362750000000000057e+02 3.253801689137037823e+00
1.356140000000000043e+02 3.303722187454392500e+00
1.349540000000000077e+02 3.348341069125650549e+00
1.342930000000000064e+02 3.434441140604341136e+00
1.336320000000000050e+02 3.517843631215793021e+00
1.329710000000000036e+02 3.567341894760557963e+00
1.323100000000000023e+02 3.596810545612254550e+00
1.316490000000000009e+02 3.683122026373917279e+00
1.309879999999999995e+02 3.708215688861756565e+00
1.303269999999999982e+02 3.722644804841962252e+00
1.296659999999999968e+02 3.804632844356111931e+00
1.290049999999999955e+02 3.836572379283000878e+00
1.283420000000000130e+02 3.839240300492655855e+00
1.276809999999999974e+02 3.851650737101626643e+00
1.270190000000000055e+02 3.901738186414473564e+00
1.263580000000000041e+02 3.856985880182626225e+00
1.256959999999999980e+02 3.798505062186407155e+00
1.250349999999999966e+02 3.809868632509088471e+00
1.243730000000000047e+02 3.804316361631236987e+00
1.237120000000000033e+02 3.783495795495773528e+00
1.230499999999999972e+02 3.789905264488977910e+00
1.223880000000000052e+02 3.778357311918541850e+00
1.217259999999999991e+02 3.703522525635456475e+00
1.210639999999999930e+02 3.611987709087599807e+00
1.204030000000000058e+02 3.603727676014759851e+00
1.197409999999999997e+02 3.574165001244288487e+00
1.190780000000000030e+02 3.472582688506426152e+00
1.184150000000000063e+02 3.440955828858530019e+00
1.177530000000000001e+02 3.383765267781547514e+00
1.170909999999999940e+02 3.307752165899436658e+00
1.164279999999999973e+02 3.233709959526481104e+00
1.157660000000000053e+02 3.199792593202368973e+00
1.151039999999999992e+02 3.154687566390458553e+00
1.144410000000000025e+02 3.083621504769410659e+00
1.137789999999999964e+02 3.016964847616269818e+00
1.131159999999999997e+02 2.999206960154732649e+00
1.124539999999999935e+02 2.961795066309545366e+00
1.117890000000000015e+02 2.920840545299311142e+00
1.111269999999999953e+02 2.909445413914339085e+00
1.104639999999999986e+02 2.863000336657889555e+00
1.098010000000000019e+02 2.822938487260309159e+00
1.091380000000000052e+02 2.773700230085030860e+00
1.084749999999999943e+02 2.749653683292206274e+00
1.078119999999999976e+02 2.657832031197194578e+00
1.071490000000000009e+02 2.603112592253458590e+00
1.064849999999999994e+02 2.474767546858887890e+00
1.058209999999999980e+02 2.366572190963910582e+00
1.051580000000000013e+02 2.232401507940279473e+00
1.044950000000000045e+02 2.188069490055612576e+00
1.038319999999999936e+02 2.085836341471674960e+00
1.031680000000000064e+02 1.995942890494446509e+00
1.025049999999999955e+02 1.912696692827896117e+00
1.018400000000000034e+02 1.877594030039216877e+00
1.011760000000000019e+02 1.818930335198778669e+00
1.005130000000000052e+02 1.833443051487699593e+00
9.984900000000000375e+01 1.830357118801772875e+00
9.918529999999999802e+01 1.817565747357217765e+00
9.852150000000000318e+01 1.797309794678034756e+00
9.785769999999999413e+01 1.849608784670709882e+00
9.719230000000000302e+01 1.913557568055006319e+00
9.652830000000000155e+01 1.973126042777820777e+00
9.586430000000000007e+01 2.019211818469654585e+00
9.520029999999999859e+01 2.081693634974756346e+00
9.453610000000000468e+01 2.172246889427812189e+00
9.387199999999999989e+01 2.261151630698174486e+00
9.320619999999999550e+01 2.317810602181085144e+00
9.254200000000000159e+01 2.382960689860841974e+00
9.187760000000000105e+01 2.386179927539923362e+00
9.121320000000000050e+01 2.407512107896118358e+00
9.054879999999999995e+01 2.406077147992517595e+00
8.988280000000000314e+01 2.456883683658977802e+00
8.921819999999999595e+01 2.461105979577386638e+00
8.855360000000000298e+01 2.441492252530138352e+00
8.788890000000000668e+01 2.420023980921615525e+00
8.722419999999999618e+01 2.465071422746902829e+00
8.655939999999999657e+01 2.498939071854058724e+00
8.589300000000000068e+01 2.549284410642602694e+00
8.522809999999999775e+01 2.562331103630669737e+00
8.456319999999999482e+01 2.595331162367795930e+00
8.389820000000000277e+01 2.586737010091171296e+00
8.323160000000000025e+01 2.608627127524342448e+00
8.256650000000000489e+01 2.612364180883322895e+00
8.190130000000000621e+01 2.639801677517266132e+00
8.123609999999999332e+01 2.644155872074964719e+00
8.057080000000000553e+01 2.603227865580015621e+00
7.990389999999999304e+01 2.607880146850048764e+00
7.923850000000000193e+01 2.627815357439953203e+00
7.857299999999999329e+01 2.656038486314108660e+00
7.790749999999999886e+01 2.671088242518644851e+00
7.724039999999999395e+01 2.671749897287892139e+00
7.657479999999999620e+01 2.687119220973463118e+00
7.590909999999999513e+01 2.652644030400209463e+00
7.524339999999999407e+01 2.667811387964254877e+00
7.457760000000000389e+01 2.665160897727555156e+00
7.391020000000000323e+01 2.612762994792950710e+00
7.324429999999999552e+01 2.589186034265415604e+00
7.257829999999999870e+01 2.530169867205947831e+00
7.191230000000000189e+01 2.491263204868291226e+00
7.124469999999999459e+01 2.477707268980575250e+00
7.057850000000000534e+01 2.445755111411908267e+00
6.991230000000000189e+01 2.454520195034651131e+00
6.924609999999999843e+01 2.408124234899966964e+00
6.857829999999999870e+01 2.393421696456656367e+00
6.791190000000000282e+01 2.372937462243490891e+00
6.724550000000000693e+01 2.339197811614675881e+00
6.657750000000000057e+01 2.319354025388849383e+00
6.591100000000000136e+01 2.275739042455818151e+00
6.524439999999999884e+01 2.256738429930745582e+00
6.457769999999999300e+01 2.223694918987038971e+00
6.390950000000000131e+01 2.182245594228861663e+00
6.324269999999999925e+01 2.161422247171933986e+00
6.257589999999999719e+01 2.152730137247051978e+00
6.190899999999999892e+01 2.139279609249569614e+00
6.124060000000000059e+01 2.117433077681145193e+00
6.057359999999999900e+01 2.100522266116329195e+00
5.990659999999999741e+01 2.085329446637746553e+00
5.923799999999999955e+01 2.034124839244709104e+00
5.857079999999999842e+01 1.979513259176136630e+00
5.790359999999999729e+01 1.964052524559604773e+00
5.723629999999999995e+01 1.930908280083435180e+00
5.656750000000000256e+01 1.882964106570058860e+00
5.590010000000000190e+01 1.865884155490505014e+00
5.523270000000000124e+01 1.833497799214125035e+00
5.456360000000000099e+01 1.812420227313431775e+00
5.389609999999999701e+01 1.799532499592771506e+00
5.322849999999999682e+01 1.801515554532571173e+00
5.255930000000000035e+01 1.813474373193348033e+00
5.189159999999999684e+01 1.772000828729887845e+00
5.122379999999999711e+01 1.761064783425792202e+00
5.055440000000000111e+01 1.744132207455464822e+00
4.988660000000000139e+01 1.714986353709365252e+00
4.921860000000000213e+01 1.684042272818399244e+00
4.854910000000000281e+01 1.656168372065585093e+00
4.788100000000000023e+01 1.645874134351989149e+00
4.721289999999999765e+01 1.622842095645591343e+00
4.654319999999999879e+01 1.588541697248241125e+00
4.587500000000000000e+01 1.571669798497369319e+00
4.520669999999999789e+01 1.526940535820343614e+00
4.453679999999999950e+01 1.502034561508279520e+00
4.386840000000000117e+01 1.480338798907770981e+00
4.320000000000000284e+01 1.475916236459130504e+00
4.252989999999999782e+01 1.444014074582824492e+00
4.186129999999999995e+01 1.408305754584595171e+00
4.119270000000000209e+01 1.361091298732465926e+00
4.052250000000000085e+01 1.333659694197515622e+00
3.985379999999999967e+01 1.314426328644559439e+00
3.918500000000000227e+01 1.302113064993112967e+00
3.851460000000000150e+01 1.278646428262699475e+00
3.784570000000000078e+01 1.252266607358781147e+00
3.717519999999999669e+01 1.218238148644261720e+00
3.650619999999999976e+01 1.188322937575523763e+00
3.583709999999999951e+01 1.170087314119990340e+00
3.516640000000000299e+01 1.150264651837917818e+00
3.449719999999999942e+01 1.119143885826835660e+00
3.382800000000000296e+01 1.096751578345915190e+00
3.315709999999999980e+01 1.063505023359472723e+00
3.248780000000000001e+01 1.019270279196575757e+00
3.181680000000000064e+01 9.913086755437080511e-01
3.114730000000000132e+01 9.704761010298070811e-01
3.047779999999999845e+01 9.559377596521224651e-01
2.980669999999999931e+01 9.120119589315865971e-01
2.913700000000000045e+01 8.895515534611947439e-01
2.846730000000000160e+01 8.705368570739761003e-01
2.779599999999999937e+01 8.339261035770615393e-01
2.712620000000000076e+01 8.074851486489106334e-01
2.645479999999999876e+01 7.844205113858827572e-01
2.578490000000000038e+01 7.565346731229154464e-01
2.511329999999999885e+01 7.201549295216685964e-01
2.444330000000000069e+01 6.828519839833594451e-01
2.377319999999999922e+01 6.618971334894513392e-01
2.310150000000000148e+01 6.229577772674814717e-01
2.243130000000000024e+01 5.929586183297570479e-01
2.175949999999999918e+01 5.636121314069306720e-01
2.108909999999999840e+01 5.321950031442317375e-01
2.041870000000000118e+01 5.066602271702325133e-01
1.974680000000000035e+01 4.710886606645256491e-01
1.907629999999999981e+01 4.446703938538544842e-01
1.840419999999999945e+01 4.207223336281018522e-01
1.773349999999999937e+01 3.929782381136729397e-01
1.706129999999999924e+01 3.755613375337291115e-01
1.639059999999999917e+01 3.490417109295629872e-01
1.571979999999999933e+01 3.282069664534420506e-01
1.504739999999999966e+01 3.119662865495681503e-01
1.437650000000000006e+01 2.930512002650442205e-01
1.370410000000000039e+01 2.795995908008219177e-01
1.303299999999999947e+01 2.601277021771269959e-01
1.236040000000000028e+01 2.437224553081590028e-01
1.168929999999999936e+01 2.271200729186313438e-01
1.101660000000000039e+01 2.161657383784263420e-01
1.034529999999999994e+01 2.138111212021056307e-01
9.672489999999999810e+00 2.080682710923635048e-01
9.001129999999999853e+00 2.020511865714926802e-01
8.329710000000000392e+00 1.934032789412916120e-01
7.656710000000000349e+00 1.899220079061143540e-01
6.985170000000000101e+00 2.006413867429567011e-01
6.312050000000000161e+00 2.069751719623747210e-01
5.640399999999999636e+00 2.087679331616338618e-01
4.967170000000000307e+00 2.017533678330958591e-01
4.295410000000000394e+00 1.877132548612761853e-01
3.622059999999999835e+00 1.694307174318648024e-01
2.950180000000000025e+00 1.464785950675213111e-01
2.276720000000000077e+00 1.203847302266347896e-01
1.604729999999999990e+00 8.867408774970468588e-02
9.311519999999999797e-01 5.176102653171448659e-02
2.590439999999999965e-01 1.439105208629567860e-02
