4.498670000000000186e+02 -1.640143638059493314e-01
4.492339999999999804e+02 -1.991052858263574754e-01
4.486009999999999991e+02 -2.150796858139334411e-01
4.479680000000000177e+02 -1.675479585410181160e-01
4.473360000000000127e+02 -1.724191146661015472e-01
4.467029999999999745e+02 -1.804743834180565221e-01
4.460690000000000168e+02 -1.520679036331764045e-01
4.454359999999999786e+02 -1.696027978081161847e-01
4.448029999999999973e+02 -1.744562112386031094e-01
4.441689999999999827e+02 -1.603430346334746015e-01
4.435360000000000014e+02 -1.430942349583818607e-01
4.429019999999999868e+02 -1.100799250853105593e-01
4.422699999999999818e+02 -1.402148046967630346e-01
4.416360000000000241e+02 -1.151369184897263476e-01
4.410029999999999859e+02 -1.168660725742117767e-01
4.403690000000000282e+02 -1.358991506488641254e-01
4.397350000000000136e+02 -1.360356318702806433e-01
4.391009999999999991e+02 -1.408836702043473887e-01
4.384669999999999845e+02 -1.771458805833424632e-01
4.378330000000000268e+02 -1.662775765946523931e-01
4.371990000000000123e+02 -1.789358667386156954e-01
4.365649999999999977e+02 -1.680786692866311494e-01
4.359329999999999927e+02 -2.042087450830849527e-01
4.352980000000000018e+02 -2.262101228449757140e-01
4.346639999999999873e+02 -2.278468122664986384e-01
4.340299999999999727e+02 -2.232371273513415466e-01
4.333960000000000150e+02 -2.233155799176630429e-01
4.327610000000000241e+02 -1.828214106505086367e-01
4.321270000000000095e+02 -1.969666033056312604e-01
4.314920000000000186e+02 -2.204380156208906039e-01
4.308580000000000041e+02 -2.314186702665442796e-01
4.302230000000000132e+02 -2.205961123888625086e-01
4.295889999999999986e+02 -2.035727850355419921e-01
4.289540000000000077e+02 -2.254289992980777757e-01
4.283190000000000168e+02 -2.115256521757797881e-01
4.276859999999999786e+02 -2.115927476458404066e-01
4.270509999999999877e+02 -2.287485007239059565e-01
4.264159999999999968e+02 -2.458696157438421126e-01
4.257810000000000059e+02 -2.289055560543850620e-01
4.251460000000000150e+02 -2.166039949296449385e-01
4.245110000000000241e+02 -1.935018148463819865e-01
4.238759999999999764e+02 -1.920611430085405746e-01
4.232409999999999854e+02 -1.782627614021154161e-01
4.226050000000000182e+02 -1.968864196703781211e-01
4.219700000000000273e+02 -1.938986798936318257e-01
4.213349999999999795e+02 -1.893783430472271156e-01
4.206990000000000123e+02 -1.679362087505247847e-01
4.200640000000000214e+02 -1.665178514750149663e-01
4.194289999999999736e+02 -1.482009359703251317e-01
4.187930000000000064e+02 -1.836582906333612264e-01
4.181569999999999823e+02 -1.914410851386850188e-01
4.175219999999999914e+02 -1.823386792151071578e-01
4.168860000000000241e+02 -1.487386851833180090e-01
4.162500000000000000e+02 -1.320271988044991740e-01
4.156150000000000091e+02 -1.291097499938402560e-01
4.149789999999999850e+02 -1.231451700595727894e-01
4.143430000000000177e+02 -1.171895165618576928e-01
4.137069999999999936e+02 -1.387251626868706844e-01
4.130710000000000264e+02 -1.068242581668438218e-01
4.124350000000000023e+02 -9.174249068460321732e-02
4.117989999999999782e+02 -7.972702680848026136e-02
4.111630000000000109e+02 -8.905118233526951310e-02
4.105260000000000105e+02 -9.835561378322485448e-02
4.098899999999999864e+02 -9.092659397788244169e-02
4.092540000000000191e+02 -1.245194751695934965e-01
4.086170000000000186e+02 -1.216402692106513250e-01
4.079809999999999945e+02 -1.081435301171268515e-01
4.073439999999999941e+02 -1.174042390952122483e-01
4.067080000000000268e+02 -1.266512756289311092e-01
4.060710000000000264e+02 -1.025931202681299725e-01
4.054350000000000023e+02 -1.360338797631920615e-01
4.047980000000000018e+02 -1.316423071247779242e-01
4.041610000000000014e+02 -1.378322217554549534e-01
4.035240000000000009e+02 -1.228825285160488334e-01
4.028879999999999768e+02 -1.547024089146690484e-01
4.022509999999999764e+02 -1.397725111929452313e-01
4.016139999999999759e+02 -1.730358664029362781e-01
4.009769999999999754e+02 -1.701454214985471669e-01
4.003399999999999750e+02 -2.048504949427113475e-01
3.997029999999999745e+02 -1.779027133398224658e-01
3.990649999999999977e+02 -1.870292236333958580e-01
3.984279999999999973e+02 -2.156247489636479719e-01
3.977909999999999968e+02 -2.232009716121892140e-01
3.971519999999999868e+02 -2.263145617334235415e-01
3.965149999999999864e+02 -2.488236198521552867e-01
3.958770000000000095e+02 -2.369275946386654730e-01
3.952400000000000091e+02 -2.698734479711041301e-01
3.946019999999999754e+02 -2.460255810067066007e-01
3.939649999999999750e+02 -2.714635682993928323e-01
3.933269999999999982e+02 -2.744921893396363166e-01
3.926890000000000214e+02 -2.402671520423542151e-01
3.920520000000000209e+02 -2.462894086405777450e-01
3.914139999999999873e+02 -2.195795155551748257e-01
3.907760000000000105e+02 -2.181909165453531640e-01
3.901379999999999768e+02 -1.796670920367287039e-01
3.895000000000000000e+02 -1.456260264070999288e-01
3.888609999999999900e+02 -1.635360197004740168e-01
3.882230000000000132e+02 -1.592297611848133843e-01
3.875849999999999795e+02 -1.415901973769939370e-01
3.869460000000000264e+02 -1.254577149831211935e-01
3.863079999999999927e+02 -1.063885387368284086e-01
3.856700000000000159e+02 -9.474058563897483354e-02
3.850319999999999823e+02 -8.163380119483271136e-02
3.843929999999999723e+02 -1.054365219508436313e-01
3.837549999999999955e+02 -9.087391697738453344e-02
3.831159999999999854e+02 -9.840521682689529204e-02
3.824759999999999991e+02 -1.015471441304552913e-01
3.818380000000000223e+02 -1.105429528528076577e-01
3.811990000000000123e+02 -1.474519482388212122e-01
3.805600000000000023e+02 -1.270228180715329003e-01
3.799220000000000255e+02 -1.359858573175964647e-01
3.792830000000000155e+02 -1.581384808606356163e-01
3.786440000000000055e+02 -1.436231040348490695e-01
3.780049999999999955e+02 -1.584304471515168844e-01
3.773650000000000091e+02 -1.526729518408076747e-01
3.767259999999999991e+02 -9.871432020995654644e-02
3.760860000000000127e+02 -1.032831038490639453e-01
3.754470000000000027e+02 -5.529111309969220178e-02
3.748079999999999927e+02 -5.843701990412181191e-02
3.741689999999999827e+02 -4.408309883817346231e-02
3.735299999999999727e+02 -2.827288628290602901e-02
3.728890000000000100e+02 -2.411268793123866327e-02
3.722500000000000000e+02 -4.763466424029633162e-02
3.716100000000000136e+02 -1.006757622440768163e-02
3.709710000000000036e+02 -3.645024665874119219e-02
3.703310000000000173e+02 -4.825195299376633384e-02
3.696909999999999741e+02 -5.718932336756960000e-02
3.690500000000000114e+02 -5.017117987434782655e-02
3.684110000000000014e+02 -6.486217898688112493e-02
3.677710000000000150e+02 -7.085837388153320981e-02
3.671309999999999718e+02 -8.262715028294032038e-02
3.664909999999999854e+02 -4.526037182397918412e-02
3.658509999999999991e+02 -6.714587260439419669e-02
3.652099999999999795e+02 -6.733645387451103748e-02
3.645699999999999932e+02 -3.441362246161627780e-02
3.639300000000000068e+02 -4.040118543421078456e-02
3.632900000000000205e+02 -4.351796202977431527e-02
3.626490000000000009e+02 -3.656450671235933481e-02
3.620079999999999814e+02 -4.395564682720254357e-02
3.613670000000000186e+02 -4.848975454879894675e-02
3.607269999999999754e+02 -6.877765292800575025e-02
3.600869999999999891e+02 -6.038161626128712989e-02
3.594460000000000264e+02 -8.634518527981882574e-02
3.588039999999999736e+02 -1.051917631133700015e-01
3.581639999999999873e+02 -1.124996368726078888e-01
3.575230000000000246e+02 -1.298093738448768408e-01
3.568829999999999814e+02 -1.043005505538888988e-01
3.562420000000000186e+02 -1.116053716726610190e-01
3.556000000000000227e+02 -1.074816497746429456e-01
3.549590000000000032e+02 -9.627123769279591348e-02
3.543179999999999836e+02 -1.192256222785147979e-01
3.536770000000000209e+02 -1.122683742133906148e-01
3.530350000000000250e+02 -7.977863112771993448e-02
3.523940000000000055e+02 -7.145941260341864831e-02
3.517520000000000095e+02 -7.166536288088970474e-02
3.511109999999999900e+02 -1.214883089621640599e-01
3.504689999999999941e+02 -1.032334199416972964e-01
3.498269999999999982e+02 -9.634162689488820486e-02
3.491859999999999786e+02 -1.007705321311846702e-01
3.485450000000000159e+02 -1.051774631817696537e-01
3.479019999999999868e+02 -1.096209470443449130e-01
3.472599999999999909e+02 -1.238900750009809537e-01
3.466190000000000282e+02 -1.268777071703928172e-01
3.459769999999999754e+02 -1.326781720913926543e-01
3.453340000000000032e+02 -1.145347357475359207e-01
3.446929999999999836e+02 -1.034603794680152289e-01
3.440509999999999877e+02 -1.120797530439842371e-01
3.434089999999999918e+02 -1.150663911328762001e-01
3.427660000000000196e+02 -1.292633401567173379e-01
3.421240000000000236e+02 -9.998072156359458229e-02
3.414820000000000277e+02 -9.316556573369047523e-02
3.408399999999999750e+02 -9.477126773036748109e-02
3.401970000000000027e+02 -8.235684177364321901e-02
3.395539999999999736e+02 -7.976828260244483992e-02
3.389119999999999777e+02 -8.696368833167403278e-02
3.382690000000000055e+02 -8.015757966964098813e-02
3.376259999999999764e+02 -4.552421721049865200e-02
3.369839999999999804e+02 -2.346737641161278365e-02
3.363419999999999845e+02 -3.623215527792555957e-02
3.356979999999999791e+02 -5.455833406624721604e-02
3.350550000000000068e+02 -5.894740375020146583e-02
3.344130000000000109e+02 -7.164815665112223009e-02
3.337690000000000055e+02 -6.771737419170192895e-02
3.331259999999999764e+02 -6.099349307498547201e-02
3.324830000000000041e+02 -2.383224939248873575e-02
3.318389999999999986e+02 -4.065051632153032779e-02
3.311960000000000264e+02 -1.740387992012537577e-02
3.305539999999999736e+02 -2.733614172960024957e-02
3.299110000000000014e+02 -8.259431955408680359e-03
3.292660000000000196e+02 3.905475045945572266e-03
3.286229999999999905e+02 2.293138214478485093e-02
3.279800000000000182e+02 1.714945934632061686e-02
3.273360000000000127e+02 7.205832340372253508e-03
3.266929999999999836e+02 -2.468141503070403475e-02
3.260489999999999782e+02 -3.042429443581334825e-02
3.254049999999999727e+02 -3.753700732050896383e-02
3.247610000000000241e+02 -2.131304905717040787e-02
3.241179999999999950e+02 -3.252791003845079132e-02
3.234730000000000132e+02 -2.456139174192328856e-02
3.228290000000000077e+02 -2.345570640067062840e-02
3.221840000000000259e+02 2.293937475273954973e-03
3.215409999999999968e+02 4.735916272470053201e-03
3.208969999999999914e+02 3.310329208450285554e-02
3.202520000000000095e+02 4.920399502123085078e-02
3.196080000000000041e+02 4.751456294183936668e-02
3.189639999999999986e+02 5.945637495763528291e-02
3.183190000000000168e+02 7.682600117072208024e-02
3.176750000000000114e+02 5.202595306363605454e-02
3.170310000000000059e+02 1.236194537227208734e-02
3.163860000000000241e+02 1.202599513124624764e-02
3.157420000000000186e+02 3.632775168771529284e-03
3.150980000000000132e+02 -1.696590594798486062e-02
3.144519999999999982e+02 -2.265921661838699031e-02
3.138079999999999927e+02 -3.237783872361871262e-02
3.131619999999999777e+02 -3.803234634716262663e-02
3.125179999999999723e+02 -4.638709589328021687e-02
3.118729999999999905e+02 -4.258932278643207114e-02
3.112269999999999754e+02 5.726700576317300673e-03
3.105830000000000268e+02 -1.476400102448804930e-02
3.099370000000000118e+02 -2.310973056802351211e-02
3.092919999999999732e+02 -1.931893914345755858e-02
3.086469999999999914e+02 -2.764168916382714336e-02
3.080009999999999764e+02 3.043868962683826673e-04
3.073570000000000277e+02 1.611202982584775123e-02
3.067099999999999795e+02 2.121627171857687344e-02
3.060649999999999977e+02 1.554754448214595852e-02
3.054200000000000159e+02 1.390287561354303092e-02
3.047740000000000009e+02 1.229761100305937216e-02
3.041290000000000191e+02 1.069214561368420080e-02
3.034820000000000277e+02 4.776644353119885444e-02
3.028369999999999891e+02 7.145478351065703837e-02
3.021920000000000073e+02 8.974034994562507528e-02
3.015450000000000159e+02 7.743954083642512476e-02
3.008999999999999773e+02 5.047442626769088614e-02
3.002529999999999859e+02 8.872600414991260731e-02
2.996080000000000041e+02 1.791904263768699657e-01
2.989610000000000127e+02 1.320164670655988581e-01
2.983149999999999977e+02 2.158958949406183936e-01
2.976700000000000159e+02 1.722326793966249547e-01
2.970230000000000246e+02 1.774418663914637262e-01
2.963770000000000095e+02 1.146826175789501523e-01
2.957300000000000182e+02 9.436583368364254154e-02
2.950840000000000032e+02 1.223043058935608801e-01
2.944370000000000118e+02 5.395494846178994219e-02
2.937909999999999968e+02 8.185311578844037261e-02
2.931429999999999723e+02 2.336790451113829603e-01
2.924970000000000141e+02 2.290877955654342102e-01
2.918500000000000227e+02 1.802400349952086034e-01
2.912040000000000077e+02 1.632033092508988203e-01
2.905570000000000164e+02 2.090448532799503989e-01
2.899100000000000250e+02 2.673114032589019584e-01
2.892629999999999768e+02 3.531196204355609436e-01
2.886159999999999854e+02 4.042747829415207494e-01
2.879689999999999941e+02 4.395075605591947099e-01
2.873210000000000264e+02 4.436025006221680500e-01
2.866750000000000114e+02 4.291392043359293362e-01
2.860269999999999868e+02 4.946565874082933800e-01
2.853799999999999955e+02 5.168590182883993078e-01
2.847320000000000277e+02 5.022920320915414960e-01
2.840849999999999795e+02 5.638178287965144309e-01
2.834370000000000118e+02 5.916516753027100117e-01
2.827900000000000205e+02 6.524265821450699887e-01
2.821419999999999959e+02 7.038673401853434708e-01
2.814950000000000045e+02 7.278044650946027261e-01
2.808469999999999800e+02 7.846460240074476511e-01
2.801990000000000123e+02 7.336772465735316162e-01
2.795509999999999877e+02 7.008441616010919750e-01
2.789039999999999964e+02 7.186660907967590273e-01
2.782549999999999955e+02 7.184891710276108956e-01
2.776080000000000041e+02 7.213340716028117106e-01
2.769590000000000032e+02 7.006618894919887097e-01
2.763120000000000118e+02 7.297700985672908036e-01
2.756630000000000109e+02 7.034196646855510604e-01
2.750149999999999864e+02 7.293453091596361348e-01
2.743659999999999854e+02 8.535786976196692022e-01
2.737189999999999941e+02 9.479957658800347575e-01
2.730699999999999932e+02 9.729263397992251594e-01
2.724220000000000255e+02 9.488812455575016402e-01
2.717730000000000246e+02 9.108002746690171403e-01
2.711240000000000236e+02 8.814377603178528142e-01
2.704759999999999991e+02 8.324928256792609726e-01
2.698260000000000218e+02 8.600474823549129066e-01
2.691779999999999973e+02 9.127585441853125481e-01
2.685289999999999964e+02 8.332546241497642558e-01
2.678809999999999718e+02 8.129105490248218491e-01
2.672309999999999945e+02 7.872652409036615673e-01
2.665830000000000268e+02 8.199516254111939295e-01
2.659329999999999927e+02 9.271330438098487337e-01
2.652839999999999918e+02 9.729445405831236293e-01
2.646349999999999909e+02 1.045832200241336274e+00
2.639850000000000136e+02 1.000519707486590137e+00
2.633369999999999891e+02 9.799686348759073518e-01
2.626870000000000118e+02 1.024880002134414658e+00
2.620380000000000109e+02 9.855012344602744889e-01
2.613879999999999768e+02 1.054235557645280652e+00
2.607400000000000091e+02 1.017726449217039475e+00
2.600899999999999750e+02 9.410884337198407446e-01
2.594390000000000214e+02 9.825369716355542016e-01
2.587900000000000205e+02 9.491270964104026042e-01
2.581399999999999864e+02 9.531035045570778186e-01
2.574909999999999854e+02 9.385453243743037133e-01
2.568410000000000082e+02 1.016200824884688325e+00
2.561899999999999977e+02 1.074970662572080737e+00
2.555409999999999968e+02 1.041721685559019006e+00
2.548899999999999864e+02 1.079063143527463575e+00
2.542410000000000139e+02 1.077220523483692016e+00
2.535910000000000082e+02 1.018383271049371652e+00
2.529399999999999977e+02 1.019219054251816248e+00
2.522899999999999920e+02 1.043270924023134372e+00
2.516399999999999864e+02 1.097684412054968028e+00
2.509900000000000091e+02 1.019158759245232693e+00
2.503389999999999986e+02 1.024995291372730710e+00
2.496879999999999882e+02 1.063725095519425734e+00
2.490380000000000109e+02 1.071769850306539595e+00
2.483870000000000005e+02 1.125084895989300282e+00
2.477359999999999900e+02 1.172903800245547412e+00
2.470860000000000127e+02 1.150552317252547807e+00
2.464350000000000023e+02 1.205336113613419524e+00
2.457849999999999966e+02 1.126040277945978607e+00
2.451330000000000098e+02 1.168148551324925899e+00
2.444819999999999993e+02 1.133722046229612257e+00
2.438319999999999936e+02 1.104502545225619414e+00
2.431800000000000068e+02 1.082677249666027075e+00
2.425289999999999964e+02 1.078052235643138346e+00
2.418779999999999859e+02 1.146002898571731432e+00
2.412270000000000039e+02 1.191804829539841348e+00
2.405749999999999886e+02 1.148343240736812154e+00
2.399240000000000066e+02 1.224756624239093039e+00
2.392719999999999914e+02 1.219603645971003569e+00
2.386200000000000045e+02 1.254786089933463522e+00
2.379699999999999989e+02 1.244713987830040836e+00
2.373180000000000121e+02 1.295975163942003183e+00
2.366670000000000016e+02 1.290524642654334642e+00
2.360149999999999864e+02 1.287300336612503093e+00
2.353629999999999995e+02 1.323784669363411437e+00
2.347100000000000080e+02 1.394748442118295850e+00
2.340600000000000023e+02 1.381847441459256531e+00
2.334070000000000107e+02 1.371374017491126196e+00
2.327549999999999955e+02 1.445862545303059132e+00
2.321040000000000134e+02 1.501385171730310608e+00
2.314509999999999934e+02 1.488207615786243387e+00
2.307980000000000018e+02 1.540793156869285419e+00
2.301469999999999914e+02 1.534246360371892326e+00
2.294939999999999998e+02 1.505186773320602800e+00
2.288420000000000130e+02 1.460638808050351178e+00
2.281899999999999977e+02 1.532493318827428341e+00
2.275370000000000061e+02 1.585962041001583334e+00
2.268839999999999861e+02 1.614662833225980254e+00
2.262330000000000041e+02 1.662803843863021047e+00
2.255800000000000125e+02 1.726026351282659466e+00
2.249269999999999925e+02 1.720850120306444131e+00
2.242729999999999961e+02 1.730966933772838168e+00
2.236220000000000141e+02 1.779929473366154813e+00
2.229679999999999893e+02 1.791791381771588476e+00
2.223149999999999977e+02 1.807712676218745207e+00
2.216630000000000109e+02 1.772117154730383115e+00
2.210099999999999909e+02 1.732317795292318552e+00
2.203559999999999945e+02 1.690713072434719466e+00
2.197019999999999982e+02 1.670646565283756324e+00
2.190500000000000114e+02 1.678129416215202729e+00
2.183969999999999914e+02 1.674958893146195171e+00
2.177429999999999950e+02 1.665516015886282508e+00
2.170889999999999986e+02 1.676963938975297941e+00
2.164370000000000118e+02 1.638404661712155930e+00
2.157829999999999870e+02 1.668413686590802136e+00
2.151289999999999907e+02 1.644510543829111437e+00
2.144749999999999943e+02 1.698753870207663663e+00
2.138220000000000027e+02 1.697350333482406937e+00
2.131680000000000064e+02 1.699943636416297421e+00
2.125140000000000100e+02 1.710609183546884404e+00
2.118600000000000136e+02 1.672716011031817107e+00
2.112069999999999936e+02 1.713445455522930372e+00
2.105529999999999973e+02 1.693740944884350341e+00
2.098979999999999961e+02 1.676164712115714606e+00
2.092439999999999998e+02 1.644727694206238100e+00
2.085910000000000082e+02 1.639297172638214617e+00
2.079360000000000070e+02 1.629890391418434614e+00
2.072820000000000107e+02 1.616591756853517525e+00
2.066270000000000095e+02 1.568246206129368714e+00
2.059739999999999895e+02 1.599926143889571550e+00
2.053189999999999884e+02 1.590615357038781541e+00
2.046639999999999873e+02 1.565986258729491931e+00
2.040089999999999861e+02 1.566416525249510583e+00
2.033540000000000134e+02 1.561063426082970995e+00
2.027009999999999934e+02 1.500660976120202772e+00
2.020459999999999923e+02 1.478493841428446975e+00
2.013909999999999911e+02 1.433878427687941937e+00
2.007350000000000136e+02 1.472164821274777102e+00
2.000800000000000125e+02 1.452170120059588676e+00
1.994259999999999877e+02 1.409974179537656580e+00
1.987709999999999866e+02 1.405137867953010655e+00
1.981160000000000139e+02 1.387435059980429930e+00
1.974600000000000080e+02 1.410162366868345174e+00
1.968050000000000068e+02 1.368699284202226973e+00
1.961510000000000105e+02 1.356771642187386329e+00
1.954950000000000045e+02 1.395520145844763027e+00
1.948389999999999986e+02 1.354527862008280348e+00
1.941839999999999975e+02 1.330038476715640572e+00
1.935279999999999916e+02 1.343241083906413502e+00
1.928739999999999952e+02 1.361605574437905419e+00
1.922179999999999893e+02 1.351465571955814626e+00
1.915620000000000118e+02 1.394238782198373494e+00
1.909060000000000059e+02 1.454172341977251870e+00
1.902500000000000000e+02 1.476827994900341112e+00
1.895939999999999941e+02 1.443509704963242157e+00
1.889389999999999930e+02 1.486603286134430713e+00
1.882829999999999870e+02 1.517254586816798145e+00
1.876270000000000095e+02 1.550982798280151620e+00
1.869699999999999989e+02 1.536567671296185988e+00
1.863139999999999930e+02 1.528999443003821845e+00
1.856570000000000107e+02 1.490956818068486012e+00
1.850010000000000048e+02 1.463374546465535664e+00
1.843460000000000036e+02 1.486263406570788925e+00
1.836889999999999930e+02 1.520576404102747414e+00
1.830329999999999870e+02 1.552804449604278325e+00
1.823760000000000048e+02 1.568205245442920504e+00
1.817189999999999941e+02 1.550502025057301392e+00
1.810620000000000118e+02 1.644234433790502159e+00
1.804050000000000011e+02 1.712559278239385474e+00
1.797500000000000000e+02 1.737920602194075625e+00
1.790929999999999893e+02 1.793768231583687589e+00
1.784360000000000070e+02 1.792776102179437503e+00
1.777789999999999964e+02 1.814100642024137899e+00
1.771220000000000141e+02 1.820788933324292591e+00
1.764650000000000034e+02 1.828985246359137395e+00
1.758069999999999879e+02 1.843279947848929456e+00
1.751500000000000057e+02 1.819789637229437540e+00
1.744939999999999998e+02 1.836944841507305082e+00
1.738369999999999891e+02 1.881883039862050300e+00
1.731790000000000020e+02 1.907739539697298037e+00
1.725219999999999914e+02 1.942513644200752676e+00
1.718640000000000043e+02 1.987559302196746147e+00
1.712059999999999889e+02 2.021395238428602248e+00
1.705490000000000066e+02 2.047306468598794282e+00
1.698909999999999911e+02 2.059254698612011492e+00
1.692330000000000041e+02 2.047031574375822949e+00
1.685749999999999886e+02 2.031849447466627545e+00
1.679190000000000111e+02 2.056849686322869353e+00
1.672609999999999957e+02 2.041601379724183651e+00
1.666030000000000086e+02 2.086667743813200193e+00
1.659449999999999932e+02 2.044943076923178893e+00
1.652870000000000061e+02 1.991929858159099398e+00
1.646279999999999859e+02 1.992870819393640414e+00
1.639699999999999989e+02 2.018206925776783844e+00
1.633120000000000118e+02 2.058974534629313347e+00
1.626539999999999964e+02 2.060759669262640870e+00
1.619950000000000045e+02 2.026962020741863491e+00
1.613369999999999891e+02 2.014610882774087841e+00
1.606779999999999973e+02 1.977010724456915725e+00
1.600190000000000055e+02 1.977391592018767907e+00
1.593609999999999900e+02 1.991607865693223234e+00
1.587040000000000077e+02 1.991791591766459257e+00
1.580449999999999875e+02 2.004161407160727215e+00
1.573859999999999957e+02 1.990367549581496087e+00
1.567270000000000039e+02 2.003808717894850489e+00
1.560680000000000121e+02 1.990005681379733771e+00
1.554089999999999918e+02 1.991037349168153892e+00
1.547500000000000000e+02 1.998635219637479032e+00
1.540910000000000082e+02 1.984796842376566284e+00
1.534319999999999879e+02 1.984212112008266748e+00
1.527729999999999961e+02 1.982229855494773707e+00
1.521140000000000043e+02 1.963158356860910558e+00
1.514540000000000077e+02 1.958515241349054081e+00
1.507949999999999875e+02 1.953814123992959617e+00
1.501359999999999957e+02 2.028846320592440744e+00
1.494759999999999991e+02 2.051789652718249979e+00
1.488170000000000073e+02 2.059080066454126889e+00
1.481570000000000107e+02 2.106678457220315437e+00
1.474970000000000141e+02 2.100791886563702082e+00
1.468379999999999939e+02 2.124883901808891640e+00
1.461779999999999973e+02 2.136157126539294016e+00
1.455180000000000007e+02 2.175625849023183012e+00
1.448580000000000041e+02 2.186256719568175022e+00
1.441980000000000075e+02 2.133024579819099209e+00
1.435380000000000109e+02 2.156914900969696181e+00
1.428779999999999859e+02 2.169521549722960962e+00
1.422179999999999893e+02 2.203521203433080888e+00
1.415579999999999927e+02 2.213098203555698973e+00
1.408979999999999961e+02 2.216484985142246344e+00
1.402379999999999995e+02 2.217333656720060997e+00
1.395769999999999982e+02 2.213332312226789611e+00
1.389170000000000016e+02 2.244324573193015926e+00
1.382560000000000002e+02 2.311903966793783294e+00
1.375960000000000036e+02 2.349737113465335092e+00
1.369350000000000023e+02 2.380099002113861939e+00
1.362750000000000057e+02 2.389442925735622669e+00
1.356140000000000043e+02 2.425726596472842278e+00
1.349540000000000077e+02 2.458044196327224817e+00
1.342930000000000064e+02 2.521161747735412462e+00
1.336320000000000050e+02 2.582229567162381390e+00
1.329710000000000036e+02 2.618076965520131250e+00
1.323100000000000023e+02 2.639030390791265557e+00
1.316490000000000009e+02 2.702146991133250520e+00
1.309879999999999995e+02 2.719809149461946074e+00
1.303269999999999982e+02 2.729550738437694246e+00
1.296659999999999968e+02 2.789360311871641240e+00
1.290049999999999955e+02 2.812043192646120460e+00
1.283420000000000130e+02 2.813025795984209765e+00
1.276809999999999974e+02 2.821223790393013964e+00
1.270190000000000055e+02 2.857299690089083022e+00
1.263580000000000041e+02 2.823183128157443988e+00
1.256959999999999980e+02 2.778936605019728834e+00
1.250349999999999966e+02 2.786360380158499517e+00
1.243730000000000047e+02 2.781275637354265751e+00
1.237120000000000033e+02 2.764916295327199958e+00
1.230499999999999972e+02 2.768676492747850659e+00
1.223880000000000052e+02 2.759177264861442769e+00
1.217259999999999991e+02 2.702982716573341104e+00
1.210639999999999930e+02 2.634510455189704281e+00
1.204030000000000058e+02 2.627496857754838544e+00
1.197409999999999997e+02 2.604784242929072846e+00
1.190780000000000030e+02 2.529019232734717182e+00
1.184150000000000063e+02 2.504838103390938819e+00
1.177530000000000001e+02 2.461853581149807457e+00
1.170909999999999940e+02 2.405047045186060828e+00
1.164279999999999973e+02 2.349731653997195746e+00
1.157660000000000053e+02 2.323969829695289313e+00
1.151039999999999992e+02 2.290002010412601319e+00
1.144410000000000025e+02 2.236978820939486301e+00
1.137789999999999964e+02 2.187235916757783727e+00
1.131159999999999997e+02 2.173439588993748561e+00
1.124539999999999935e+02 2.145226686562423435e+00
1.117890000000000015e+02 2.114432057079228766e+00
1.111269999999999953e+02 2.105347466750335794e+00
1.104639999999999986e+02 2.070567319586742450e+00
1.098010000000000019e+02 2.040492428525454205e+00
1.091380000000000052e+02 2.003716538719204632e+00
1.084749999999999943e+02 1.985420282848855855e+00
1.078119999999999976e+02 1.917514710400883171e+00
1.071490000000000009e+02 1.876815723436435102e+00
1.064849999999999994e+02 1.782280623343243553e+00
1.058209999999999980e+02 1.702553786930645296e+00
1.051580000000000013e+02 1.603898757120813423e+00
1.044950000000000045e+02 1.570972207301825518e+00
1.038319999999999936e+02 1.495773377944378479e+00
1.031680000000000064e+02 1.429642252722879592e+00
1.025049999999999955e+02 1.368414776074544426e+00
1.018400000000000034e+02 1.342362541677524446e+00
1.011760000000000019e+02 1.299145832189284588e+00
1.005130000000000052e+02 1.309318024561751947e+00
9.984900000000000375e+01 1.306655650136846480e+00
9.918529999999999802e+01 1.296924956405418161e+00
9.852150000000000318e+01 1.281765801694654705e+00
9.785769999999999413e+01 1.319439679448070279e+00
9.719230000000000302e+01 1.365562169822509109e+00
9.652830000000000155e+01 1.408464242833058711e+00
9.586430000000000007e+01 1.441529639868260437e+00
9.520029999999999859e+01 1.486488349847034041e+00
9.453610000000000468e+01 1.551809991141678280e+00
9.387199999999999989e+01 1.615884531525369150e+00
9.320619999999999550e+01 1.656496525519727259e+00
9.254200000000000159e+01 1.703241528356958856e+00
9.187760000000000105e+01 1.705020099681728629e+00
9.121320000000000050e+01 1.719933454225068159e+00
9.054879999999999995e+01 1.718330941433173553e+00
8.988280000000000314e+01 1.754585696099526082e+00
8.921819999999999595e+01 1.757069522036758480e+00
8.855360000000000298e+01 1.742292280731856158e+00
8.788890000000000668e+01 1.726184427916011010e+00
8.722419999999999618e+01 1.758215582652234543e+00
8.655939999999999657e+01 1.782136331168919563e+00
8.589300000000000068e+01 1.817950209150585694e+00
8.522809999999999775e+01 1.826782652985854405e+00
8.456319999999999482e+01 1.850022911201316234e+00
8.389820000000000277e+01 1.843209178195482467e+00
8.323160000000000025e+01 1.858404356199426566e+00
8.256650000000000489e+01 1.860490862109315913e+00
8.190130000000000621e+01 1.879670463960837923e+00
8.123609999999999332e+01 1.882192475474021354e+00
8.057080000000000553e+01 1.852077426826785000e+00
7.990389999999999304e+01 1.854822078138893326e+00
7.923850000000000193e+01 1.868572132101751437e+00
7.857299999999999329e+01 1.888277723468980485e+00
7.790749999999999886e+01 1.898488866525182006e+00
7.724039999999999395e+01 1.898341514049888712e+00
7.657479999999999620e+01 1.908770901285891330e+00
7.590909999999999513e+01 1.883367794429792852e+00
7.524339999999999407e+01 1.893650251485257785e+00
7.457760000000000389e+01 1.891128787044426218e+00
7.391020000000000323e+01 1.852895898686722775e+00
7.324429999999999552e+01 1.835376520328614536e+00
7.257829999999999870e+01 1.792450641991206517e+00
7.191230000000000189e+01 1.763978034437509335e+00
7.124469999999999459e+01 1.753696748136451600e+00
7.057850000000000534e+01 1.730245271617229852e+00
6.991230000000000189e+01 1.735972968134467331e+00
6.924609999999999843e+01 1.702207987713711512e+00
6.857829999999999870e+01 1.691148564138759580e+00
6.791190000000000282e+01 1.675963822333334186e+00
6.724550000000000693e+01 1.651313743505752107e+00
6.657750000000000057e+01 1.636614402138070634e+00
6.591100000000000136e+01 1.604945168412944101e+00
6.524439999999999884e+01 1.590880270197426283e+00
6.457769999999999300e+01 1.566802173989810365e+00
6.390950000000000131e+01 1.536744534766808057e+00
6.324269999999999925e+01 1.521425032426389157e+00
6.257589999999999719e+01 1.514768068191254535e+00
6.190899999999999892e+01 1.504725442273409097e+00
6.124060000000000059e+01 1.488708768764533730e+00
6.057359999999999900e+01 1.476221444840494668e+00
5.990659999999999741e+01 1.464967691983097620e+00
5.923799999999999955e+01 1.428097425320342229e+00
5.857079999999999842e+01 1.388835079782446025e+00
5.790359999999999729e+01 1.377441303914188842e+00
5.723629999999999995e+01 1.353489392390595736e+00
5.656750000000000256e+01 1.319042428137854550e+00
5.590010000000000190e+01 1.306542574230901366e+00
5.523270000000000124e+01 1.283188291049296215e+00
5.456360000000000099e+01 1.267876957892257073e+00
5.389609999999999701e+01 1.258388359843943149e+00
5.322849999999999682e+01 1.259451151578560024e+00
5.255930000000000035e+01 1.267582616092963299e+00
5.189159999999999684e+01 1.237857359986206607e+00
5.122379999999999711e+01 1.229780911540376387e+00
5.055440000000000111e+01 1.217466476434690525e+00
4.988660000000000139e+01 1.196522293402141779e+00
4.921860000000000213e+01 1.174324060384671631e+00
4.854910000000000281e+01 1.154314514474507725e+00
4.788100000000000023e+01 1.146745575337580147e+00
4.721289999999999765e+01 1.130185952349356260e+00
4.654319999999999879e+01 1.105683635472233917e+00
4.587500000000000000e+01 1.093503675871699166e+00
4.520669999999999789e+01 1.061681120985547899e+00
4.453679999999999950e+01 1.043864483071577309e+00
4.386840000000000117e+01 1.028326799411173775e+00
4.320000000000000284e+01 1.024973837869306070e+00
4.252989999999999782e+01 1.002269050666374284e+00
4.186129999999999995e+01 9.769046641922755070e-01
4.119270000000000209e+01 9.434646337124775739e-01
4.052250000000000085e+01 9.239690800596367382e-01
3.985379999999999967e+01 9.102556907030436850e-01
3.918500000000000227e+01 9.014184550121695505e-01
3.851460000000000150e+01 8.847528445904830896e-01
3.784570000000000078e+01 8.660564520762661367e-01
3.717519999999999669e+01 8.420068085652748779e-01
3.650619999999999976e+01 8.208647203626007194e-01
3.583709999999999951e+01 8.079333161150188403e-01
3.516640000000000299e+01 7.939005973966055674e-01
3.449719999999999942e+01 7.719628298581523440e-01
3.382800000000000296e+01 7.561588788904498593e-01
3.315709999999999980e+01 7.327682750369483022e-01
3.248780000000000001e+01 7.017073544014947872e-01
3.181680000000000064e+01 6.820587402857344328e-01
3.114730000000000132e+01 6.674135064151353047e-01
3.047779999999999845e+01 6.571816136753878546e-01
2.980669999999999931e+01 6.264241716255588566e-01
2.913700000000000045e+01 6.106867530187697346e-01
2.846730000000000160e+01 5.973693250934497545e-01
2.779599999999999937e+01 5.717840685220714203e-01
2.712620000000000076e+01 5.533158581586022917e-01
2.645479999999999876e+01 5.372185618843876576e-01
2.578490000000000038e+01 5.177755877823944086e-01
2.511329999999999885e+01 4.924324210027135051e-01
2.444330000000000069e+01 4.664688624668246741e-01
2.377319999999999922e+01 4.519085387329664916e-01
2.310150000000000148e+01 4.248478341777474077e-01
2.243130000000000024e+01 4.040292557414744690e-01
2.175949999999999918e+01 3.836834128911631447e-01
2.108909999999999840e+01 3.619169563301263826e-01
2.041870000000000118e+01 3.442562725833138160e-01
1.974680000000000035e+01 3.196430952759472532e-01
1.907629999999999981e+01 3.014046843234238215e-01
1.840419999999999945e+01 2.848970009957010330e-01
1.773349999999999937e+01 2.657720573815570142e-01
1.706129999999999924e+01 2.538232846009920163e-01
1.639059999999999917e+01 2.355788304594480242e-01
1.571979999999999933e+01 2.212883675093183511e-01
1.504739999999999966e+01 2.101920527142948081e-01
1.437650000000000006e+01 1.972556018348467777e-01
1.370410000000000039e+01 1.881107863147152837e-01
1.303299999999999947e+01 1.748125750767856867e-01
1.236040000000000028e+01 1.636467417888358422e-01
1.168929999999999936e+01 1.523552540869507754e-01
1.101660000000000039e+01 1.449750642620945273e-01
1.034529999999999994e+01 1.435374709826130191e-01
9.672489999999999810e+00 1.397653912193897729e-01
9.001129999999999853e+00 1.358083653884095965e-01
8.329710000000000392e+00 1.300427177365853781e-01
7.656710000000000349e+00 1.278435635442579932e-01
6.985170000000000101e+00 1.354269335571093025e-01
6.312050000000000161e+00 1.399865425932604879e-01
5.640399999999999636e+00 1.414184728114358802e-01
4.967170000000000307e+00 1.367934064861749399e-01
4.295410000000000394e+00 1.273432903229140822e-01
3.622059999999999835e+00 1.149878955145954840e-01
2.950180000000000025e+00 9.943667289570330692e-02
2.276720000000000077e+00 8.174381469514865883e-02
1.604729999999999990e+00 6.021254866745517909e-02
9.311519999999999797e-01 3.513326285564829371e-02
2.590439999999999965e-01 9.763451717360692797e-03
