6.869719999999999800e+02 -4.344265271531412738e-03
6.863600000000000136e+02 7.736423245709977622e-03
6.857469999999999573e+02 1.026488358172225439e-02
6.851349999999999909e+02 1.980259733908268718e-02
6.845230000000000246e+02 1.785118517271246097e-02
6.839120000000000346e+02 2.173376809372324150e-02
6.832989999999999782e+02 1.394717751592771532e-02
6.826870000000000118e+02 3.337708550846731764e-02
6.820739999999999554e+02 -1.325935083857452366e-02
6.814610000000000127e+02 -1.558897523383441161e-02
6.808490000000000464e+02 -2.489165485915619327e-02
6.802359999999999900e+02 7.235186127485231794e-04
6.796230000000000473e+02 1.700998635661106484e-02
6.790099999999999909e+02 3.028844629801628104e-03
6.783980000000000246e+02 -1.093800048374312349e-02
6.777859999999999445e+02 -3.177327233105213533e-02
6.771730000000000018e+02 -8.567004997500444682e-03
6.765599999999999454e+02 -3.933581108936287304e-03
6.759470000000000027e+02 -2.947973304324017635e-02
6.753339999999999463e+02 2.856678465457229352e-02
6.747210000000000036e+02 -4.105256388238422149e-02
6.741079999999999472e+02 -2.248111400036192573e-02
6.734940000000000282e+02 6.331744785480249160e-02
6.728809999999999718e+02 7.026088083790610339e-02
6.722680000000000291e+02 6.096784267806786700e-02
6.716539999999999964e+02 1.924316956633011916e-02
6.710410000000000537e+02 -1.605942475177711808e-03
6.704270000000000209e+02 5.334833999742358106e-03
6.698150000000000546e+02 -3.630948944322267419e-02
6.692010000000000218e+02 2.848658788871668429e-02
6.685879999999999654e+02 4.696915042111667743e-02
6.679740000000000464e+02 7.629699584655634872e-03
6.673600000000000136e+02 1.457574750417585906e-02
6.667459999999999809e+02 3.074390465504631478e-02
6.661330000000000382e+02 2.843392420836600085e-02
6.655190000000000055e+02 1.687995174463334178e-02
6.649049999999999727e+02 -1.585617334297974171e-03
6.642910000000000537e+02 -2.003380288759197547e-02
6.636770000000000209e+02 -5.462547573624256664e-02
6.630629999999999882e+02 -9.380545619968948257e-02
6.624479999999999791e+02 -1.214389339966077397e-01
6.618339999999999463e+02 -1.075776561584410596e-01
6.612200000000000273e+02 -1.190637063143703683e-01
6.606059999999999945e+02 -1.351374092284412798e-01
6.599909999999999854e+02 -1.120777370526631067e-01
6.593769999999999527e+02 -1.051365779106828713e-01
6.587619999999999436e+02 -4.989760429802986286e-02
6.581480000000000246e+02 -3.838289545421291749e-02
6.575330000000000155e+02 -2.917472871638249546e-02
6.569189999999999827e+02 1.449257851066998795e-02
6.563039999999999736e+02 5.298696722720270223e-03
6.556889999999999645e+02 3.055308335152137622e-02
6.550750000000000455e+02 5.580527265960619210e-02
6.544600000000000364e+02 6.037123982788033388e-02
6.538450000000000273e+02 8.788040957474177461e-02
6.532300000000000182e+02 7.179711104886386808e-02
6.526150000000000091e+02 4.197912207258655548e-02
6.520000000000000000e+02 4.884523470884260393e-02
6.513849999999999909e+02 6.255995485488302643e-02
6.507699999999999818e+02 7.628018695129695770e-02
6.501549999999999727e+02 2.360639427936737922e-02
6.495389999999999873e+02 3.010045806190640109e-03
6.489239999999999782e+02 -8.435471548686941309e-03
6.483089999999999691e+02 -1.301180616663322534e-02
6.476929999999999836e+02 -4.729772093657425014e-02
6.470779999999999745e+02 1.442394731912854250e-02
6.464629999999999654e+02 7.569582221936176081e-03
6.458469999999999800e+02 -1.301874213397257590e-02
6.452319999999999709e+02 -2.673345275164676002e-02
6.446159999999999854e+02 3.033218052497885231e-02
6.439990000000000236e+02 6.231454129557112420e-02
6.433830000000000382e+02 3.035084174749695315e-02
6.427670000000000528e+02 -1.070162212107162066e-02
6.421520000000000437e+02 2.349700819360911463e-02
6.415359999999999445e+02 -1.979376598050191366e-02
6.409199999999999591e+02 -3.799935697263670531e-02
6.403039999999999736e+02 -5.165814780430303538e-02
6.396879999999999882e+02 -6.529773265476054855e-02
6.390720000000000027e+02 -6.528025588819612313e-02
6.384560000000000173e+02 -5.616907036267659858e-02
6.378400000000000318e+02 -3.341596981349668344e-02
6.372229999999999563e+02 6.918936850405183001e-04
6.366069999999999709e+02 -1.067480498559883820e-02
6.359909999999999854e+02 -1.747100770724830526e-02
6.353730000000000473e+02 1.204981592716425180e-02
6.347569999999999482e+02 -1.746387786078268736e-02
6.341399999999999864e+02 -1.518867612542600110e-02
6.335240000000000009e+02 -2.651565867676257057e-02
6.329070000000000391e+02 -5.371304867958215379e-02
6.322899999999999636e+02 5.223663871469765192e-03
6.316739999999999782e+02 7.473236272694899936e-03
6.310570000000000164e+02 2.104761573888646459e-02
6.304400000000000546e+02 4.821422774477918116e-02
6.298220000000000027e+02 5.051991174862919404e-02
6.292050000000000409e+02 7.084920306737887974e-02
6.285879999999999654e+02 8.213050968917709471e-02
6.279710000000000036e+02 6.401122226606044407e-02
6.273540000000000418e+02 1.069546252911339201e-01
6.267369999999999663e+02 1.879546326547279142e-02
6.261200000000000045e+02 1.201680324418981718e-02
6.255030000000000427e+02 3.004917573426746022e-02
6.248840000000000146e+02 -1.962982672025381098e-02
6.242670000000000528e+02 -2.863989258131154417e-02
6.236499999999999773e+02 -4.893280698565070225e-02
6.230320000000000391e+02 -5.792152713985647405e-02
6.224149999999999636e+02 -6.690401584622707176e-02
6.217980000000000018e+02 -1.209701378639858743e-01
6.211799999999999500e+02 -6.686719908739531537e-02
6.205610000000000355e+02 -4.882826149699590751e-02
6.199429999999999836e+02 -1.028343423217393388e-01
6.193260000000000218e+02 -9.156121342932690976e-02
6.187079999999999700e+02 -9.153412856096576622e-02
6.180900000000000318e+02 -3.080856636750186131e-02
6.174719999999999800e+02 -1.732421963406375123e-02
6.168529999999999518e+02 2.960385919886154502e-03
6.162350000000000136e+02 1.192575948143896787e-02
6.156169999999999618e+02 7.430252863114708214e-03
6.149990000000000236e+02 -2.849047604041120632e-02
6.143809999999999718e+02 1.190355649057991960e-02
6.137630000000000337e+02 4.332998395556591359e-02
6.131430000000000291e+02 5.898821006283317542e-02
6.125249999999999773e+02 5.225685381607661495e-02
6.119070000000000391e+02 7.014679672501132612e-02
6.112889999999999873e+02 4.996069965504107424e-02
6.106699999999999591e+02 4.325886311118429250e-02
6.100510000000000446e+02 1.634670402778664808e-02
6.094320000000000164e+02 3.648603448202801525e-02
6.088139999999999645e+02 5.179109813914404940e-03
6.081950000000000500e+02 4.541979796149269583e-02
6.075760000000000218e+02 2.305901834536022016e-02
6.069560000000000173e+02 4.094260628145703074e-02
6.063379999999999654e+02 1.634116413484922731e-02
6.057190000000000509e+02 4.310344529626931181e-02
6.051000000000000227e+02 5.202224005303137527e-02
6.044809999999999945e+02 8.101828663195112523e-02
6.038609999999999900e+02 6.760051786552734310e-02
6.032419999999999618e+02 9.880047499479878426e-02
6.026230000000000473e+02 8.316157574729650392e-02
6.020040000000000191e+02 6.979093577084491407e-02
6.013830000000000382e+02 5.137973494887057221e-03
6.007640000000000100e+02 7.372550144664157673e-03
6.001449999999999818e+02 -2.155827805107093237e-02
5.995249999999999773e+02 -3.739437822102982447e-03
5.989049999999999727e+02 -4.158188048049648450e-02
5.982849999999999682e+02 -1.265047064994797091e-02
5.976660000000000537e+02 -5.264733582213377422e-02
5.970460000000000491e+02 -7.931712274939030360e-02
5.964249999999999545e+02 -6.594219918276926495e-02
5.958060000000000400e+02 -3.927804860469189668e-02
5.951860000000000355e+02 -5.702145358243723011e-02
5.945670000000000073e+02 -4.590198737727609057e-02
5.939450000000000500e+02 -4.588559465992137626e-02
5.933260000000000218e+02 -1.039723217563109578e-02
5.927060000000000173e+02 -2.813998832476798106e-02
5.920860000000000127e+02 5.101090432399217091e-03
5.914650000000000318e+02 9.548265935787399183e-03
5.908450000000000273e+02 5.116578161721333472e-03
5.902250000000000227e+02 -3.250264785126365935e-02
5.896029999999999518e+02 -1.923955257203206759e-02
5.889829999999999472e+02 -1.479481432392968851e-02
5.883630000000000564e+02 1.615937852615425066e-02
5.877419999999999618e+02 3.159147639920264344e-02
5.871209999999999809e+02 1.394318421974389405e-02
5.865000000000000000e+02 -8.152603998963649234e-03
5.858799999999999955e+02 2.865529648753313129e-03
5.852580000000000382e+02 -2.138886907326450690e-02
5.846380000000000337e+02 -1.515626112386885774e-03
5.840170000000000528e+02 -1.250415461582717047e-02
5.833949999999999818e+02 4.476867274974838384e-02
5.827740000000000009e+02 -2.135340791029400470e-02
5.821539999999999964e+02 -1.477463212477114068e-02
5.815320000000000391e+02 -1.031721332662706957e-02
5.809109999999999445e+02 2.048811622338919669e-02
5.802899999999999636e+02 5.056957770768341458e-03
5.796680000000000064e+02 1.826871806765324388e-02
5.790470000000000255e+02 -5.913668217056451334e-03
5.784260000000000446e+02 1.170812672800543817e-02
5.778049999999999500e+02 -6.740174757799130556e-02
5.771820000000000164e+02 -5.203356144647661857e-02
5.765610000000000355e+02 -1.003061353493468616e-01
5.759379999999999882e+02 -1.090835163075138531e-01
5.753170000000000073e+02 -1.331628639470643916e-01
5.746960000000000264e+02 -1.221802088608426734e-01
5.740729999999999791e+02 -3.875466307406805894e-02
5.734519999999999982e+02 -1.686370924337785016e-02
5.728300000000000409e+02 -1.566798410885271659e-03
5.722069999999999936e+02 4.012640903330696313e-02
5.715860000000000127e+02 4.008350882112683700e-02
5.709640000000000555e+02 3.788964560151344974e-02
5.703410000000000082e+02 3.566426274340520758e-02
5.697190000000000509e+02 3.132417767487572641e-02
5.690979999999999563e+02 1.823694662604641650e-02
5.684740000000000464e+02 -1.899096289363586681e-02
5.678529999999999518e+02 -1.460974140166631900e-02
5.672290000000000418e+02 -4.299651927771089288e-02
5.666069999999999709e+02 -4.298559251720684288e-02
5.659850000000000136e+02 -2.553887641409953446e-02
5.653619999999999663e+02 6.923237678870664382e-04
5.647400000000000091e+02 7.220426681668003568e-03
5.641169999999999618e+02 1.159198189910148544e-02
5.634940000000000282e+02 6.727392643875149169e-04
5.628719999999999573e+02 -2.328095513112985945e-02
5.622480000000000473e+02 -3.678337597016244440e-03
5.616250000000000000e+02 3.767371923365669950e-02
5.610030000000000427e+02 9.633350080320672582e-02
5.603790000000000191e+02 8.984759792122130884e-02
5.597569999999999482e+02 6.804197456882155048e-02
5.591330000000000382e+02 1.028378777746700029e-01
5.585099999999999909e+02 1.114775880446288031e-01
5.578859999999999673e+02 1.005528610882343438e-01
5.572630000000000337e+02 1.439742674494290109e-01
5.566399999999999864e+02 1.005775617413869755e-01
5.560159999999999627e+02 9.613094301984412282e-02
5.553930000000000291e+02 1.367814788667051293e-02
5.547690000000000055e+02 7.173547434417609260e-03
5.541459999999999582e+02 -3.646799798201573895e-03
5.535209999999999582e+02 -3.664171861784374686e-03
5.528980000000000246e+02 9.331321749244650757e-03
5.522749999999999773e+02 3.531597085924231133e-02
5.516509999999999536e+02 4.394998757234826192e-02
5.510270000000000437e+02 5.906284686681308183e-02
5.504030000000000200e+02 5.906440764956943923e-02
5.497789999999999964e+02 9.358314127469508081e-02
5.491549999999999727e+02 9.790772707482679749e-02
5.485309999999999491e+02 1.108368520587123124e-01
5.479059999999999491e+02 1.302155794639173747e-01
5.472830000000000155e+02 1.129041066138137400e-01
5.466589999999999918e+02 1.236741942932528121e-01
5.460339999999999918e+02 1.279142240477390280e-01
5.454099999999999682e+02 1.515747830948035169e-01
5.447849999999999682e+02 1.386006506245675007e-01
5.441609999999999445e+02 9.976340640592107345e-02
5.435359999999999445e+02 1.277246404956560721e-01
5.429120000000000346e+02 1.255522618855996753e-01
5.422870000000000346e+02 7.382232057403501080e-02
5.416630000000000109e+02 9.104262177347875740e-02
5.410370000000000346e+02 9.957825547753806905e-02
5.404130000000000109e+02 4.365794240225165379e-02
5.397880000000000109e+02 5.223735588465529267e-02
5.391630000000000109e+02 2.858399464176978461e-02
5.385380000000000109e+02 2.857334689927365154e-02
5.379139999999999873e+02 3.284647633608130113e-02
5.372880000000000109e+02 2.426525460471456314e-02
5.366630000000000109e+02 4.571924801611355893e-02
5.360370000000000346e+02 5.212060767348172113e-02
5.354130000000000109e+02 4.351403984479506465e-02
5.347870000000000346e+02 6.279425607095347195e-02
5.341620000000000346e+02 6.702646547933879817e-02
5.335359999999999445e+02 8.629730812978116117e-02
5.329109999999999445e+02 7.984933454226303406e-02
5.322849999999999682e+02 7.553618201791453823e-02
5.316599999999999682e+02 8.834819506825319912e-02
5.310339999999999918e+02 1.203621766541263099e-01
5.304089999999999918e+02 1.459368752738566255e-01
5.297830000000000155e+02 1.608532796445793500e-01
5.291580000000000155e+02 1.970331626284050064e-01
5.285309999999999491e+02 1.713957667412531194e-01
5.279049999999999727e+02 1.777647119413726384e-01
5.272799999999999727e+02 2.139341886014676508e-01
5.266530000000000200e+02 2.245140673030990852e-01
5.260280000000000200e+02 2.393763933625724927e-01
5.254009999999999536e+02 2.200749478529402114e-01
5.247759999999999536e+02 1.646571469962769263e-01
5.241490000000000009e+02 1.922429197723481697e-01
5.235230000000000246e+02 1.538512204557270502e-01
5.228959999999999582e+02 1.963524610055005781e-01
5.222709999999999582e+02 2.260124510860939961e-01
5.216440000000000055e+02 2.280802539649383620e-01
5.210159999999999627e+02 1.940097628343152303e-01
5.203909999999999627e+02 2.024328812158288637e-01
5.197630000000000337e+02 2.150911431561783882e-01
5.191380000000000337e+02 2.320263360971549782e-01
5.185099999999999909e+02 2.021984878384705253e-01
5.178840000000000146e+02 1.873172579386196412e-01
5.172569999999999482e+02 1.660137157161899468e-01
5.166299999999999955e+02 1.150797268886339653e-01
5.160030000000000427e+02 1.489219806629003828e-01
5.153759999999999764e+02 1.785261072761010759e-01
5.147500000000000000e+02 1.721033601284257808e-01
5.141219999999999573e+02 1.720333174448346325e-01
5.134940000000000282e+02 1.804424457952988337e-01
5.128680000000000518e+02 1.655593141319222084e-01
5.122400000000000091e+02 2.014368510383372501e-01
5.116139999999999759e+02 2.055768356285620491e-01
5.109859999999999900e+02 1.822846302645557415e-01
5.103580000000000041e+02 1.399637119221373849e-01
5.097309999999999945e+02 1.357215072116573495e-01
5.091030000000000086e+02 1.124459627618358548e-01
5.084759999999999991e+02 1.208473550570874772e-01
5.078480000000000132e+02 1.418673563899412737e-01
5.072200000000000273e+02 1.544744051331665147e-01
5.065930000000000177e+02 1.375235149347696362e-01
5.059649999999999750e+02 1.164425317252576614e-01
5.053360000000000127e+02 1.479693034433671450e-01
5.047090000000000032e+02 1.668528942583320518e-01
5.040810000000000173e+02 1.226273939641844696e-01
5.034519999999999982e+02 1.414605563888213235e-01
5.028249999999999886e+02 1.120484344816201489e-01
5.021960000000000264e+02 6.576209463261839527e-02
5.015690000000000168e+02 2.797904974116639104e-02
5.009399999999999977e+02 6.616079888446553927e-04
5.003109999999999786e+02 -5.656243182058168055e-03
4.996840000000000259e+02 -1.610537043328634163e-02
4.990550000000000068e+02 6.928304310659998307e-03
4.984259999999999877e+02 4.886613469085236000e-02
4.977980000000000018e+02 4.252135629469251665e-02
4.971689999999999827e+02 4.880138153520012512e-02
4.965400000000000205e+02 6.136601297065107097e-02
4.959119999999999777e+02 1.052477054027052966e-01
4.952830000000000155e+02 1.031423498266023503e-01
4.946539999999999964e+02 9.054268085722945447e-02
4.940260000000000105e+02 1.323533220071257122e-01
4.933969999999999914e+02 9.048635317074728290e-02
4.927669999999999959e+02 7.374229327371294163e-02
4.921390000000000100e+02 1.050176530214781828e-01
4.915099999999999909e+02 1.174991319883971347e-01
4.908799999999999955e+02 1.174671145211128864e-01
4.902500000000000000e+02 7.989341143607496531e-02
4.896220000000000141e+02 1.319503099795723000e-01
4.889920000000000186e+02 1.631693610471261213e-01
4.883629999999999995e+02 1.089442583163142131e-01
4.877339999999999804e+02 1.026869942709300876e-01
4.871039999999999850e+02 1.171986327417332552e-01
4.864739999999999895e+02 1.067413445845650372e-01
4.858460000000000036e+02 5.472883880878726820e-02
4.852160000000000082e+02 5.054519074966001141e-02
4.845860000000000127e+02 7.337144009310479775e-02
4.839549999999999841e+02 3.387832361357651090e-02
4.833269999999999982e+02 7.951249047392636160e-02
4.826960000000000264e+02 1.085636588433787075e-01
4.820659999999999741e+02 1.417330206077840604e-01
4.814370000000000118e+02 1.105397353797979848e-01
4.808070000000000164e+02 1.415912259069351253e-01
4.801759999999999877e+02 2.016551910212696086e-01
4.795459999999999923e+02 2.285124247369821060e-01
4.789169999999999732e+02 2.284143669429330725e-01
4.782860000000000014e+02 2.159271184883051753e-01
4.776549999999999727e+02 1.744402134118696046e-01
4.770249999999999773e+02 1.909148483005402019e-01
4.763949999999999818e+02 1.681098886289597027e-01
4.757640000000000100e+02 2.507024090293369367e-01
4.751329999999999814e+02 2.320102262884089217e-01
4.745020000000000095e+02 2.402021988212362513e-01
4.738729999999999905e+02 1.946609507663442373e-01
4.732420000000000186e+02 1.801529963637106269e-01
4.726109999999999900e+02 2.192743832624066691e-01
4.719800000000000182e+02 2.336083921139006925e-01
4.713500000000000227e+02 2.294345102654962443e-01
4.707189999999999941e+02 2.375766293112555327e-01
4.700869999999999891e+02 1.859776489178357473e-01
4.694560000000000173e+02 1.262023821709049032e-01
4.688249999999999886e+02 7.676798459496722571e-02
4.681949999999999932e+02 1.446255944767446955e-01
4.675629999999999882e+02 1.856848135608287209e-01
4.669309999999999832e+02 1.650614495336639453e-01
4.663000000000000114e+02 1.300675168150748351e-01
4.656700000000000159e+02 1.566849762553783332e-01
4.650380000000000109e+02 1.709896965174622363e-01
4.644060000000000059e+02 1.504266235047419242e-01
4.637740000000000009e+02 2.037076948255211184e-01
4.631419999999999959e+02 2.343724481625954481e-01
4.625120000000000005e+02 2.404159467600861799e-01
4.618799999999999955e+02 2.095907588568015623e-01
4.612479999999999905e+02 2.033853663121992505e-01
4.606159999999999854e+02 2.360576228745086824e-01
4.599839999999999804e+02 2.318753584439798288e-01
4.593519999999999754e+02 2.051935431710508462e-01
4.587210000000000036e+02 2.439608456683844684e-01
4.580880000000000223e+02 2.234317824803979946e-01
4.574560000000000173e+02 2.110789572450395557e-01
4.568240000000000123e+02 1.742307749449891752e-01
4.561909999999999741e+02 1.843652000579706352e-01
4.555600000000000023e+02 1.843272316048458481e-01
4.549279999999999973e+02 2.107389203543396372e-01
4.542950000000000159e+02 2.004456185074006969e-01
4.536619999999999777e+02 1.759181056031967616e-01
4.530299999999999727e+02 1.615893190538663926e-01
4.523969999999999914e+02 2.002278299148163854e-01
4.517660000000000196e+02 1.858919910514389429e-01
4.511329999999999814e+02 2.061603702592568199e-01
4.505000000000000000e+02 2.060779523977998851e-01
4.498670000000000186e+02 2.161719092072037496e-01
4.492339999999999804e+02 1.713615251930785677e-01
4.486009999999999991e+02 1.509784129116922835e-01
4.479680000000000177e+02 2.118458918186728601e-01
4.473360000000000127e+02 2.056747512586338533e-01
4.467029999999999745e+02 1.954231518604182261e-01
4.460690000000000168e+02 2.318645162284094785e-01
4.454359999999999786e+02 2.094698471322028743e-01
4.448029999999999973e+02 2.033135255307039757e-01
4.441689999999999827e+02 2.214675308515728358e-01
4.435360000000000014e+02 2.436534047624199228e-01
4.429019999999999868e+02 2.860756123259348693e-01
4.422699999999999818e+02 2.474963954034614111e-01
4.416360000000000241e+02 2.797593674224165272e-01
4.410029999999999859e+02 2.776247131388260847e-01
4.403690000000000282e+02 2.532658379049850805e-01
4.397350000000000136e+02 2.531680842786719343e-01
4.391009999999999991e+02 2.470156503948391646e-01
4.384669999999999845e+02 2.004777291526108896e-01
4.378330000000000268e+02 2.145144253705808801e-01
4.371990000000000123e+02 1.982986294712110187e-01
4.365649999999999977e+02 2.123290918494815660e-01
4.359329999999999927e+02 1.658932879029295093e-01
4.352980000000000018e+02 1.376190331783648524e-01
4.346639999999999873e+02 1.355537373528167555e-01
4.340299999999999727e+02 1.415340139508134698e-01
4.333960000000000150e+02 1.414767134199731713e-01
4.327610000000000241e+02 1.937190815781569542e-01
4.321270000000000095e+02 1.755398194202132112e-01
4.314920000000000186e+02 1.453200847008161711e-01
4.308580000000000041e+02 1.311975756881812449e-01
4.302230000000000132e+02 1.452064701857134765e-01
4.295889999999999986e+02 1.672295042647748975e-01
4.289540000000000077e+02 1.390556070252988996e-01
4.283190000000000168e+02 1.570600698846005561e-01
4.276859999999999786e+02 1.570223331087775287e-01
4.270509999999999877e+02 1.348950117069505905e-01
4.264159999999999968e+02 1.127986445974306778e-01
4.257810000000000059e+02 1.347764717683201940e-01
4.251460000000000150e+02 1.507354475715967645e-01
4.245110000000000241e+02 1.806835034473693591e-01
4.238759999999999764e+02 1.826055753411485461e-01
4.232409999999999854e+02 2.005332975348282920e-01
4.226050000000000182e+02 1.764696123621890544e-01
4.219700000000000273e+02 1.803971562697948838e-01
4.213349999999999795e+02 1.863139589540785679e-01
4.206990000000000123e+02 2.141776789162657679e-01
4.200640000000000214e+02 2.160852914517855383e-01
4.194289999999999736e+02 2.399209472549041211e-01
4.187930000000000064e+02 1.939747296644090402e-01
4.181569999999999823e+02 1.839314021400898502e-01
4.175219999999999914e+02 1.958119892733177492e-01
4.168860000000000241e+02 2.395276767531211159e-01
4.162500000000000000e+02 2.613226579987499298e-01
4.156150000000000091e+02 2.651987491986951273e-01
4.149789999999999850e+02 2.730401466711249170e-01
4.143430000000000177e+02 2.808750074653980078e-01
4.137069999999999936e+02 2.529410066429922943e-01
4.130710000000000264e+02 2.945474824185289053e-01
4.124350000000000023e+02 3.142802304315716611e-01
4.117989999999999782e+02 3.300317509904937552e-01
4.111630000000000109e+02 3.179889230253834520e-01
4.105260000000000105e+02 3.059642774629247608e-01
4.098899999999999864e+02 3.157487680740548863e-01
4.092540000000000191e+02 2.720382722787970109e-01
4.086170000000000186e+02 2.758825498806067311e-01
4.079809999999999945e+02 2.935857294114189719e-01
4.073439999999999941e+02 2.815911696463160863e-01
4.067080000000000268e+02 2.696066117701858000e-01
4.060710000000000264e+02 3.011219634955355495e-01
4.054350000000000023e+02 2.575209068582965388e-01
4.047980000000000018e+02 2.633452334918148785e-01
4.041610000000000014e+02 2.553370358602771173e-01
4.035240000000000009e+02 2.749748775695760594e-01
4.028879999999999768e+02 2.334295918773905965e-01
4.022509999999999764e+02 2.530472929104389257e-01
4.016139999999999759e+02 2.095779911736595225e-01
4.009769999999999754e+02 2.134322967467873755e-01
4.003399999999999750e+02 1.680327701229915871e-01
3.997029999999999745e+02 2.034055323297613571e-01
3.990649999999999977e+02 1.915072926094015249e-01
3.984279999999999973e+02 1.540683789146725657e-01
3.977909999999999968e+02 1.441798807115042269e-01
3.971519999999999868e+02 1.401414577331147882e-01
3.965149999999999864e+02 1.106387593563357696e-01
3.958770000000000095e+02 1.262970350270697095e-01
3.952400000000000091e+02 8.306033031410697820e-02
3.946019999999999754e+02 1.144252818761853641e-01
3.939649999999999750e+02 8.102511220132924130e-02
3.933269999999999982e+02 7.706956827662080067e-02
3.926890000000000214e+02 1.221135475400359632e-01
3.920520000000000209e+02 1.142299763309275462e-01
3.914139999999999873e+02 1.494245645767667829e-01
3.907760000000000105e+02 1.513026574062521501e-01
3.901379999999999768e+02 2.020934206582900294e-01
3.895000000000000000e+02 2.470118277932636108e-01
3.888609999999999900e+02 2.234891578407993684e-01
3.882230000000000132e+02 2.292414004172852182e-01
3.875849999999999795e+02 2.525825396689725388e-01
3.869460000000000264e+02 2.739511882700585987e-01
3.863079999999999927e+02 2.992098276105335519e-01
3.856700000000000159e+02 3.146879429089887714e-01
3.850319999999999823e+02 3.321031277737614973e-01
3.843929999999999723e+02 3.007693607755165810e-01
3.837549999999999955e+02 3.201156508193479522e-01
3.831159999999999854e+02 3.102674237501979460e-01
3.824759999999999991e+02 3.062174175660305475e-01
3.818380000000000223e+02 2.944204436408955905e-01
3.811990000000000123e+02 2.456774653606576542e-01
3.805600000000000023e+02 2.728042653932314932e-01
3.799220000000000255e+02 2.610275827665111126e-01
3.792830000000000155e+02 2.317712324524530965e-01
3.786440000000000055e+02 2.510846434310347597e-01
3.780049999999999955e+02 2.315418345261962829e-01
3.773650000000000091e+02 2.392553787444444968e-01
3.767259999999999991e+02 3.109118121618704156e-01
3.760860000000000127e+02 3.049555902155270948e-01
3.754470000000000027e+02 3.687635064753181924e-01
3.748079999999999927e+02 3.647123076033967903e-01
3.741689999999999827e+02 3.839032905909167681e-01
3.735299999999999727e+02 4.050425410638275325e-01
3.728890000000000100e+02 4.107115879133176883e-01
3.722500000000000000e+02 3.795763098070590313e-01
3.716100000000000136e+02 4.296755254488752729e-01
3.709710000000000036e+02 3.947191595091848471e-01
3.703310000000000173e+02 3.791467642628460477e-01
3.696909999999999741e+02 3.673775500731775723e-01
3.690500000000000114e+02 3.768524748304213356e-01
3.684110000000000014e+02 3.574080858846781505e-01
3.677710000000000150e+02 3.495396018609206457e-01
3.671309999999999718e+02 3.339689561983125166e-01
3.664909999999999854e+02 3.839244884984044370e-01
3.658509999999999991e+02 3.548567754346724779e-01
3.652099999999999795e+02 3.547258793515906672e-01
3.645699999999999932e+02 3.988074504318762648e-01
3.639300000000000068e+02 3.909489623612477094e-01
3.632900000000000205e+02 3.869207982882268415e-01
3.626490000000000009e+02 3.963498510870634428e-01
3.620079999999999814e+02 3.866060902802759269e-01
3.613670000000000186e+02 3.806769376014361717e-01
3.607269999999999754e+02 3.536651053414830437e-01
3.600869999999999891e+02 3.650266784954372401e-01
3.594460000000000264e+02 3.303914710480904127e-01
3.588039999999999736e+02 3.052646560197510572e-01
3.581639999999999873e+02 2.955802580223397813e-01
3.575230000000000246e+02 2.724833685406859440e-01
3.568829999999999814e+02 3.067817899458062936e-01
3.562420000000000186e+02 2.970921522771438061e-01
3.556000000000000227e+02 3.027302569439004887e-01
3.549590000000000032e+02 3.178842444237345854e-01
3.543179999999999836e+02 2.871756452637204138e-01
3.536770000000000209e+02 2.966222023640822103e-01
3.530350000000000250e+02 3.403827090614872652e-01
3.523940000000000055e+02 3.516856510635776312e-01
3.517520000000000095e+02 3.515338184414464884e-01
3.511109999999999900e+02 2.846422392089905107e-01
3.504689999999999941e+02 3.093069712490620349e-01
3.498269999999999982e+02 3.186940294958643394e-01
3.491859999999999786e+02 3.128439803028686961e-01
3.485450000000000159e+02 3.070194245304161962e-01
3.479019999999999868e+02 3.011418565423203408e-01
3.472599999999999909e+02 2.820152136257534359e-01
3.466190000000000282e+02 2.780874383998149235e-01
3.459769999999999754e+02 2.703627062500613687e-01
3.453340000000000032e+02 2.949432609013987183e-01
3.446929999999999836e+02 3.099985616168103864e-01
3.440509999999999877e+02 2.984705040384526553e-01
3.434089999999999918e+02 2.945433977949194482e-01
3.427660000000000196e+02 2.754643576268615557e-01
3.421240000000000236e+02 3.151498361212008992e-01
3.414820000000000277e+02 3.244801565693682943e-01
3.408399999999999750e+02 3.224252221336402768e-01
3.401970000000000027e+02 3.393429114409575731e-01
3.395539999999999736e+02 3.429704819410298589e-01
3.389119999999999777e+02 3.333500243555843623e-01
3.382690000000000055e+02 3.426921524194202484e-01
3.376259999999999764e+02 3.897553535610434050e-01
3.369839999999999804e+02 4.198015406148781214e-01
3.363419999999999845e+02 4.026416913269550424e-01
3.356979999999999791e+02 3.779242728475117885e-01
3.350550000000000068e+02 3.721051455015458864e-01
3.344130000000000109e+02 3.549962781954378310e-01
3.337690000000000055e+02 3.604654577417137906e-01
3.331259999999999764e+02 3.697336858734311948e-01
3.324830000000000041e+02 4.203811995509609822e-01
3.318389999999999986e+02 3.976668641501718282e-01
3.311960000000000264e+02 4.294345036278022221e-01
3.305539999999999736e+02 4.160767241979540509e-01
3.299110000000000014e+02 4.421983040380128571e-01
3.292660000000000196e+02 4.589274965577555543e-01
3.286229999999999905e+02 4.850151431839001548e-01
3.279800000000000182e+02 4.773147407926787711e-01
3.273360000000000127e+02 4.639354709984020442e-01
3.266929999999999836e+02 4.206198584481564140e-01
3.260489999999999782e+02 4.129408836900252955e-01
3.254049999999999727e+02 4.033867620373317586e-01
3.247610000000000241e+02 4.256871687409941041e-01
3.241179999999999950e+02 4.105278828806460112e-01
3.234730000000000132e+02 4.215656883477345018e-01
3.228290000000000077e+02 4.232340168177974871e-01
3.221840000000000259e+02 4.586004648461233790e-01
3.215409999999999968e+02 4.621116188819767712e-01
3.208969999999999914e+02 5.011009141707579717e-01
3.202520000000000095e+02 5.233283305954307130e-01
3.196080000000000041e+02 5.212107462805773972e-01
3.189639999999999986e+02 5.377650364730519605e-01
3.183190000000000168e+02 5.617704968849593916e-01
3.176750000000000114e+02 5.279824399158391524e-01
3.170310000000000059e+02 4.737841240123544795e-01
3.163860000000000241e+02 4.735016804386842360e-01
3.157420000000000186e+02 4.621604852120909102e-01
3.150980000000000132e+02 4.340528987413703743e-01
3.144519999999999982e+02 4.263973147739228420e-01
3.138079999999999927e+02 4.132046544428116253e-01
3.131619999999999777e+02 4.055888981281785544e-01
3.125179999999999723e+02 3.942539726587482862e-01
3.118729999999999905e+02 3.996276362899266466e-01
3.112269999999999754e+02 4.662677349508081992e-01
3.105830000000000268e+02 4.382364289583940975e-01
3.099370000000000118e+02 4.269099519107804053e-01
3.092919999999999732e+02 4.322949420542590016e-01
3.086469999999999914e+02 4.209891732798064501e-01
3.080009999999999764e+02 4.596801148671079695e-01
3.073570000000000277e+02 4.816581121628190632e-01
3.067099999999999795e+02 4.888854648215031906e-01
3.060649999999999977e+02 4.812477986424957277e-01
3.054200000000000159e+02 4.791609794567479041e-01
3.047740000000000009e+02 4.771273792456861007e-01
3.041290000000000191e+02 4.750917593052166876e-01
3.034820000000000277e+02 5.265274585389321249e-01
3.028369999999999891e+02 5.594899058297033712e-01
3.021920000000000073e+02 5.850030976837665708e-01
3.015450000000000159e+02 5.682042829552391705e-01
3.008999999999999773e+02 5.310882735847781699e-01
3.002529999999999859e+02 5.842759909315889955e-01
2.996080000000000041e+02 5.619226620917525672e-01
2.989610000000000127e+02 5.358809615942566884e-01
2.983149999999999977e+02 5.834976227521292413e-01
2.976700000000000159e+02 5.593517974636925683e-01
2.970230000000000246e+02 5.627469605800754504e-01
2.963770000000000095e+02 5.275686651040799591e-01
2.957300000000000182e+02 5.163606012243153742e-01
2.950840000000000032e+02 5.326380221145808891e-01
2.944370000000000118e+02 4.938834068217931583e-01
2.937909999999999968e+02 5.101638120320569625e-01
2.931429999999999723e+02 5.978713377447745225e-01
2.924970000000000141e+02 5.957743653387539418e-01
2.918500000000000227e+02 5.680485723404194998e-01
2.912040000000000077e+02 5.586311006319156780e-01
2.905570000000000164e+02 5.857594098509169012e-01
2.899100000000000250e+02 6.202904559169878373e-01
2.892629999999999768e+02 6.711341547878741931e-01
2.886159999999999854e+02 7.019220100197566259e-01
2.879689999999999941e+02 7.235095659024451953e-01
2.873210000000000264e+02 7.268392843273955295e-01
2.866750000000000114e+02 7.191984432253257786e-01
2.860269999999999868e+02 7.589921444102117887e-01
2.853799999999999955e+02 7.732238447116346336e-01
2.847320000000000277e+02 7.655862198609125757e-01
2.840849999999999795e+02 8.034560973813772433e-01
2.834370000000000118e+02 8.213142682587845078e-01
2.827900000000000205e+02 8.591042228236880351e-01
2.821419999999999959e+02 8.914746449221372382e-01
2.814950000000000045e+02 9.073721340232182575e-01
2.808469999999999800e+02 9.433434403658850220e-01
2.801990000000000123e+02 9.138604791449528308e-01
2.795509999999999877e+02 8.952823200091937217e-01
2.789039999999999964e+02 9.076212797167407809e-01
2.782549999999999955e+02 9.089771453452870631e-01
2.776080000000000041e+02 9.121961252021775213e-01
2.769590000000000032e+02 9.009051704329267274e-01
2.763120000000000118e+02 9.203907952944695436e-01
2.756630000000000109e+02 9.055246882218658255e-01
2.750149999999999864e+02 9.231524881804705762e-01
2.743659999999999854e+02 1.002342309558594602e+00
2.737189999999999941e+02 1.063295303665676927e+00
2.730699999999999932e+02 1.080914724745900779e+00
2.724220000000000255e+02 1.067743707292718280e+00
2.717730000000000246e+02 1.045616628020858085e+00
2.711240000000000236e+02 1.028887130557232688e+00
2.704759999999999991e+02 9.995921088727901527e-01
2.698260000000000218e+02 1.018949631283059043e+00
2.691779999999999973e+02 1.054518100891168819e+00
2.685289999999999964e+02 1.005412031254415473e+00
2.678809999999999718e+02 9.941034033298336015e-01
2.672309999999999945e+02 9.793058212359871950e-01
2.665830000000000268e+02 1.002201350996287710e+00
2.659329999999999927e+02 1.073645245214553068e+00
2.652839999999999918e+02 1.105517101132235780e+00
2.646349999999999909e+02 1.155280260801040404e+00
2.639850000000000136e+02 1.127839419116458908e+00
2.633369999999999891e+02 1.116508113000181268e+00
2.626870000000000118e+02 1.148299033482954590e+00
2.620380000000000109e+02 1.124499635810962461e+00
2.613879999999999768e+02 1.172317493158758550e+00
2.607400000000000091e+02 1.150346999754669808e+00
2.600899999999999750e+02 1.101445109183184501e+00
2.594390000000000214e+02 1.131350252451773120e+00
2.587900000000000205e+02 1.111126630911996038e+00
2.581399999999999864e+02 1.115979324009850782e+00
2.574909999999999854e+02 1.108323550838098193e+00
2.568410000000000082e+02 1.163166335916929972e+00
2.561899999999999977e+02 1.205502804020418983e+00
2.555409999999999968e+02 1.185289414205682679e+00
2.548899999999999864e+02 1.213283738838621506e+00
2.542410000000000139e+02 1.214531404512001034e+00
2.535910000000000082e+02 1.176520465741242250e+00
2.529399999999999977e+02 1.179512457170816209e+00
2.522899999999999920e+02 1.198612847406457904e+00
2.516399999999999864e+02 1.238948325266636674e+00
2.509900000000000091e+02 1.186781221757066351e+00
2.503389999999999986e+02 1.193331925070440169e+00
2.496879999999999882e+02 1.223018645220617762e+00
2.490380000000000109e+02 1.231272544950924086e+00
2.483870000000000005e+02 1.271572421562703337e+00
2.477359999999999900e+02 1.308231616611547521e+00
2.470860000000000127e+02 1.295210402418675022e+00
2.464350000000000023e+02 1.337145633047006399e+00
2.457849999999999966e+02 1.283362506505738354e+00
2.451330000000000098e+02 1.316425486294683589e+00
2.444819999999999993e+02 1.294550960319804878e+00
2.438319999999999936e+02 1.276289790997805929e+00
2.431800000000000068e+02 1.263276797836912158e+00
2.425289999999999964e+02 1.262685684045865342e+00
2.418779999999999859e+02 1.315067048837846864e+00
2.412270000000000039e+02 1.351567966974455581e+00
2.405749999999999886e+02 1.322718515282360396e+00
2.399240000000000066e+02 1.382047131075919477e+00
2.392719999999999914e+02 1.381436285723491864e+00
2.386200000000000045e+02 1.410752524605848768e+00
2.379699999999999989e+02 1.406552297414010777e+00
2.373180000000000121e+02 1.448152881837791561e+00
2.366670000000000016e+02 1.447510915696571532e+00
2.360149999999999864e+02 1.448540087417366840e+00
2.353629999999999995e+02 1.479538491180995230e+00
2.347100000000000080e+02 1.536855733734295404e+00
2.340600000000000023e+02 1.530821080895169439e+00
2.334070000000000107e+02 1.526608915560464297e+00
2.327549999999999955e+02 1.587348328950176191e+00
2.321040000000000134e+02 1.633933570920010681e+00
2.314509999999999934e+02 1.627934374624594005e+00
2.307980000000000018e+02 1.672711247715966687e+00
2.301469999999999914e+02 1.671922774353361785e+00
2.294939999999999998e+02 1.653619040388309314e+00
2.288420000000000130e+02 1.623083672366458119e+00
2.281899999999999977e+02 1.683534890072645229e+00
2.275370000000000061e+02 1.729951667706784102e+00
2.268839999999999861e+02 1.757145093060945795e+00
2.262330000000000041e+02 1.799899385228368009e+00
2.255800000000000125e+02 1.854943526798079834e+00
2.249269999999999925e+02 1.855835642488358639e+00
2.242729999999999961e+02 1.868971387380666149e+00
2.236220000000000141e+02 1.913359076879481258e+00
2.229679999999999893e+02 1.928185208171163678e+00
2.223149999999999977e+02 1.946384397413541079e+00
2.216630000000000109e+02 1.922894705012480498e+00
2.210099999999999909e+02 1.895816260926227903e+00
2.203559999999999945e+02 1.867070569803885860e+00
2.197019999999999982e+02 1.855777767843272530e+00
2.190500000000000114e+02 1.867058460313530288e+00
2.183969999999999914e+02 1.869621449077142339e+00
2.177429999999999950e+02 1.867004449797481147e+00
2.170889999999999986e+02 1.881744785238061546e+00
2.164370000000000118e+02 1.854809444020866449e+00
2.157829999999999870e+02 1.885156407248393728e+00
2.151289999999999907e+02 1.870368670255525778e+00
2.144749999999999943e+02 1.921442217722704182e+00
2.138220000000000027e+02 1.925722930675520805e+00
2.131680000000000064e+02 1.933436114303687559e+00
2.125140000000000100e+02 1.948090074401796157e+00
2.118600000000000136e+02 1.921242158860366755e+00
2.112069999999999936e+02 1.961790761904140812e+00
2.105529999999999973e+02 1.950479805566855962e+00
2.098979999999999961e+02 1.940930014141235116e+00
2.092439999999999998e+02 1.919239797704724637e+00
2.085910000000000082e+02 1.920071613936864097e+00
2.079360000000000070e+02 1.917436183757015300e+00
2.072820000000000107e+02 1.911342719818272418e+00
2.066270000000000095e+02 1.874266110062738688e+00
2.059739999999999895e+02 1.907797001167962581e+00
2.053189999999999884e+02 1.905132188066135379e+00
2.046639999999999873e+02 1.888762487652844824e+00
2.040089999999999861e+02 1.894721405637165068e+00
2.033540000000000134e+02 1.895515554669860325e+00
2.027009999999999934e+02 1.846570827527287850e+00
2.020459999999999923e+02 1.831926026588592826e+00
2.013909999999999911e+02 1.796728481803571809e+00
2.007350000000000136e+02 1.837009514069597893e+00
2.000800000000000125e+02 1.824128168717633391e+00
1.994259999999999877e+02 1.790686498436364849e+00
1.987709999999999866e+02 1.791522702899089214e+00
1.981160000000000139e+02 1.780417122139431818e+00
1.974600000000000080e+02 1.806897103022826911e+00
1.968050000000000068e+02 1.773524011309292936e+00
1.961510000000000105e+02 1.767610131141679419e+00
1.954950000000000045e+02 1.809440938568760648e+00
1.948389999999999986e+02 1.776111468114928593e+00
1.941839999999999975e+02 1.758185229740308442e+00
1.935279999999999916e+02 1.776084269932703741e+00
1.928739999999999952e+02 1.799049512395305861e+00
1.922179999999999893e+02 1.794789598203767600e+00
1.915620000000000118e+02 1.841594670878303086e+00
1.909060000000000059e+02 1.905414775250686032e+00
1.902500000000000000e+02 1.933448958193281886e+00
1.895939999999999941e+02 1.906978152510016455e+00
1.889389999999999930e+02 1.955288307132522885e+00
1.882829999999999870e+02 1.991732277773283766e+00
1.876270000000000095e+02 2.031514547864594622e+00
1.869699999999999989e+02 2.023777386217420204e+00
1.863139999999999930e+02 2.022791076259601084e+00
1.856570000000000107e+02 1.991256441932452326e+00
1.850010000000000048e+02 1.969967165680716503e+00
1.843460000000000036e+02 1.999488010081691858e+00
1.836889999999999930e+02 2.040862589456062803e+00
1.830329999999999870e+02 2.080442734744218924e+00
1.823760000000000048e+02 2.103137896201817458e+00
1.817189999999999941e+02 2.091992623572178189e+00
1.810620000000000118e+02 2.195765411062990946e+00
1.804050000000000011e+02 2.274079246870056803e+00
1.797500000000000000e+02 2.308304186932524704e+00
1.790929999999999893e+02 2.374711555734555724e+00
1.784360000000000070e+02 2.381999016915933520e+00
1.777789999999999964e+02 2.412873682597294511e+00
1.771220000000000141e+02 2.428504030254470702e+00
1.764650000000000034e+02 2.445864090979928296e+00
1.758069999999999879e+02 2.469894273331996626e+00
1.751500000000000057e+02 2.453562985823690923e+00
1.744939999999999998e+02 2.480872781823153961e+00
1.738369999999999891e+02 2.538504176793118905e+00
1.731790000000000020e+02 2.575900001770626613e+00
1.725219999999999914e+02 2.623342812551311631e+00
1.718640000000000043e+02 2.682481400964039864e+00
1.712059999999999889e+02 2.729784505958021690e+00
1.705490000000000066e+02 2.768712168468436374e+00
1.698909999999999911e+02 2.792467336060093785e+00
1.692330000000000041e+02 2.789424403280491127e+00
1.685749999999999886e+02 2.783020162972612788e+00
1.679190000000000111e+02 2.821806043646630791e+00
1.672609999999999957e+02 2.815389715174436258e+00
1.666030000000000086e+02 2.877513265778297136e+00
1.659449999999999932e+02 2.841009430079724396e+00
1.652870000000000061e+02 2.791193388746552984e+00
1.646279999999999859e+02 2.803150097354023096e+00
1.639699999999999989e+02 2.843457347260500701e+00
1.633120000000000118e+02 2.902093456709823993e+00
1.626539999999999964e+02 2.915668004923538614e+00
1.619950000000000045e+02 2.887556277769815605e+00
1.613369999999999891e+02 2.884469771005774952e+00
1.606779999999999973e+02 2.851402120789836125e+00
1.600190000000000055e+02 2.863278978106416073e+00
1.593609999999999900e+02 2.891808339894087254e+00
1.587040000000000077e+02 2.903691096258353976e+00
1.580449999999999875e+02 2.930445276117392694e+00
1.573859999999999957e+02 2.925651547430037969e+00
1.567270000000000039e+02 2.954050155402391020e+00
1.560680000000000121e+02 2.949282710029554888e+00
1.554089999999999918e+02 2.962743660954049840e+00
1.547500000000000000e+02 2.984456818610250917e+00
1.540910000000000082e+02 2.979677468913086713e+00
1.534319999999999879e+02 2.991418925918749583e+00
1.527729999999999961e+02 3.001503596573932064e+00
1.521140000000000043e+02 2.990075776474807157e+00
1.514540000000000077e+02 2.996861916297231421e+00
1.507949999999999875e+02 3.003606549334807418e+00
1.501359999999999957e+02 3.112694759077275553e+00
1.494759999999999991e+02 3.155727354127200623e+00
1.488170000000000073e+02 3.178873707917633240e+00
1.481570000000000107e+02 3.254765674576028722e+00
1.474970000000000141e+02 3.261390873700770854e+00
1.468379999999999939e+02 3.307496907966641420e+00
1.461779999999999973e+02 3.337126113887141088e+00
1.455180000000000007e+02 3.404536188876380987e+00
1.448580000000000041e+02 3.434084007209094569e+00
1.441980000000000075e+02 3.378111886708547562e+00
1.435380000000000109e+02 3.425701720158385033e+00
1.428779999999999859e+02 3.458452769103601554e+00
1.422179999999999893e+02 3.520733376249337354e+00
1.415579999999999927e+02 3.550141032047655187e+00
1.408979999999999961e+02 3.571301763110896754e+00
1.402379999999999995e+02 3.589147884992027748e+00
1.395769999999999982e+02 3.600426931404023811e+00
1.389170000000000016e+02 3.660845160801971421e+00
1.382560000000000002e+02 3.773503364365197399e+00
1.375960000000000036e+02 3.845179708516194506e+00
1.369350000000000023e+02 3.906999377550443242e+00
1.362750000000000057e+02 3.939327736984676864e+00
1.356140000000000043e+02 4.010839047477380070e+00
1.349540000000000077e+02 4.077344072748756432e+00
1.342930000000000064e+02 4.189476048281525422e+00
1.336320000000000050e+02 4.299837517524435881e+00
1.329710000000000036e+02 4.374252984917890608e+00
1.323100000000000023e+02 4.427412205978051851e+00
1.316490000000000009e+02 4.543985077093762648e+00
1.309879999999999995e+02 4.593731975793245326e+00
1.303269999999999982e+02 4.632080211942647630e+00
1.296659999999999968e+02 4.746751040410985389e+00
1.290049999999999955e+02 4.806103917905969247e+00
1.283420000000000130e+02 4.832908417262423484e+00
1.276809999999999974e+02 4.871049119570475483e+00
1.270190000000000055e+02 4.952908023101358026e+00
1.263580000000000041e+02 4.926086594531765783e+00
1.256959999999999980e+02 4.883045194483981000e+00
1.250349999999999966e+02 4.921039204622629448e+00
1.243730000000000047e+02 4.939616784318019427e+00
1.237120000000000033e+02 4.940317948149382410e+00
1.230499999999999972e+02 4.973393833647606677e+00
1.223880000000000052e+02 4.985380825136514815e+00
1.217259999999999991e+02 4.921454933327543912e+00
1.210639999999999930e+02 4.836595505040870435e+00
1.204030000000000058e+02 4.851907891436455067e+00
1.197409999999999997e+02 4.841380496369587227e+00
1.190780000000000030e+02 4.742194570950533539e+00
1.184150000000000063e+02 4.728349744049094028e+00
1.177530000000000001e+02 4.682479980674670195e+00
1.170909999999999940e+02 4.612489075456404741e+00
1.164279999999999973e+02 4.544162840518584545e+00
1.157660000000000053e+02 4.525788263070332107e+00
1.151039999999999992e+02 4.492918441532349760e+00
1.144410000000000025e+02 4.426383186851520435e+00
1.137789999999999964e+02 4.364669035192452640e+00
1.131159999999999997e+02 4.365685916868781824e+00
1.124539999999999935e+02 4.340995427133396589e+00
1.117890000000000015e+02 4.311435613132497124e+00
1.111269999999999953e+02 4.320470801405663863e+00
1.104639999999999986e+02 4.282998274859081356e+00
1.098010000000000019e+02 4.253583809204178223e+00
1.091380000000000052e+02 4.211411397435420589e+00
1.084749999999999943e+02 4.202853067643973262e+00
1.078119999999999976e+02 4.101644820664787083e+00
1.071490000000000009e+02 4.050086879788639571e+00
1.064849999999999994e+02 3.896049308645504361e+00
1.058209999999999980e+02 3.768020361862071343e+00
1.051580000000000013e+02 3.601850003526249733e+00
1.044950000000000045e+02 3.560186776765307037e+00
1.038319999999999936e+02 3.435727617275039059e+00
1.031680000000000064e+02 3.327249983413186563e+00
1.025049999999999955e+02 3.226827221320542893e+00
1.018400000000000034e+02 3.194847425080062919e+00
1.011760000000000019e+02 3.128008291941569485e+00
1.005130000000000052e+02 3.167719249051024644e+00
9.984900000000000375e+01 3.181962627747185746e+00
9.918529999999999802e+01 3.181925618451313831e+00
9.852150000000000318e+01 3.170679703767068425e+00
9.785769999999999413e+01 3.268889047909425916e+00
9.719230000000000302e+01 3.386266415640361238e+00
9.652830000000000155e+01 3.498562150777981383e+00
9.586430000000000007e+01 3.591655113842775027e+00
9.520029999999999859e+01 3.711586710680643275e+00
9.453610000000000468e+01 3.877242440646925914e+00
9.387199999999999989e+01 4.042724471693354360e+00
9.320619999999999550e+01 4.159459056828648471e+00
9.254200000000000159e+01 4.291460231293899419e+00
9.187760000000000105e+01 4.325502484021143346e+00
9.121320000000000050e+01 4.389495338557976467e+00
9.054879999999999995e+01 4.417146031181149013e+00
8.988280000000000314e+01 4.531532773958974580e+00
8.921819999999999595e+01 4.570099512465301217e+00
8.855360000000000298e+01 4.569278642481564567e+00
8.788890000000000668e+01 4.565295216022723146e+00
8.722419999999999618e+01 4.674538344105348742e+00
8.655939999999999657e+01 4.766314818049835367e+00
8.589300000000000068e+01 4.888155428906798328e+00
8.522809999999999775e+01 4.946785505612735001e+00
8.456319999999999482e+01 5.041455126104197326e+00
8.389820000000000277e+01 5.063888237837766759e+00
8.323160000000000025e+01 5.141284490529031359e+00
8.256650000000000489e+01 5.187126068693887149e+00
8.190130000000000621e+01 5.276826388788417255e+00
8.123609999999999332e+01 5.325688016938587843e+00
8.057080000000000553e+01 5.291600787452255261e+00
7.990389999999999304e+01 5.342046278197556397e+00
7.923850000000000193e+01 5.422014271258551510e+00
7.857299999999999329e+01 5.519102654290333199e+00
7.790749999999999886e+01 5.592649495049002439e+00
7.724039999999999395e+01 5.639786078033118599e+00
7.657479999999999620e+01 5.716319211810563239e+00
7.590909999999999513e+01 5.696138799042597789e+00
7.524339999999999407e+01 5.774137545049889297e+00
7.457760000000000389e+01 5.817845713797491491e+00
7.391020000000000323e+01 5.761827071907925202e+00
7.324429999999999552e+01 5.763458622259740594e+00
7.257829999999999870e+01 5.692048218241976265e+00
7.191230000000000189e+01 5.661086208211767001e+00
7.124469999999999459e+01 5.682879441197455250e+00
7.057850000000000534e+01 5.665929511161465371e+00
6.991230000000000189e+01 5.735850980526262965e+00
6.924609999999999843e+01 5.687771886534133792e+00
6.857829999999999870e+01 5.708087370829797891e+00
6.791190000000000282e+01 5.715905836114865579e+00
6.724550000000000693e+01 5.694287513463740069e+00
6.657750000000000057e+01 5.703629697574911894e+00
6.591100000000000136e+01 5.658886689267133008e+00
6.524439999999999884e+01 5.669807773715737298e+00
6.457769999999999300e+01 5.648280899023021107e+00
6.390950000000000131e+01 5.606624192445946342e+00
6.324269999999999925e+01 5.612913509228675935e+00
6.257589999999999719e+01 5.648443488928760026e+00
6.190899999999999892e+01 5.673177764491493136e+00
6.124060000000000059e+01 5.677942162506456114e+00
6.057359999999999900e+01 5.694911979658905388e+00
5.990659999999999741e+01 5.716548365803330256e+00
5.923799999999999955e+01 5.647279164258137918e+00
5.857079999999999842e+01 5.567460820587658787e+00
5.790359999999999729e+01 5.587561524041767314e+00
5.723629999999999995e+01 5.561560819895753127e+00
5.656750000000000256e+01 5.495593654503982073e+00
5.590010000000000190e+01 5.511085576652743789e+00
5.523270000000000124e+01 5.485125732023707457e+00
5.456360000000000099e+01 5.489902060290144270e+00
5.389609999999999701e+01 5.517538828937021300e+00
5.322849999999999682e+01 5.588030206339773542e+00
5.255930000000000035e+01 5.689138590182782451e+00
5.189159999999999684e+01 5.637175892814162204e+00
5.122379999999999711e+01 5.673873589903040582e+00
5.055440000000000111e+01 5.693760141770967564e+00
4.988660000000000139e+01 5.676958392267902553e+00
4.921860000000000213e+01 5.654139260197036165e+00
4.854910000000000281e+01 5.640361356434024920e+00
4.788100000000000023e+01 5.681553580326289321e+00
4.721289999999999765e+01 5.683045610062228192e+00
4.654319999999999879e+01 5.648051461955035712e+00
4.587500000000000000e+01 5.669342815172072392e+00
4.520669999999999789e+01 5.597860617699798702e+00
4.453679999999999950e+01 5.591790100057727919e+00
4.386840000000000117e+01 5.596396281263598560e+00
4.320000000000000284e+01 5.661742619203507410e+00
4.252989999999999782e+01 5.631313021685186548e+00
4.186129999999999995e+01 5.585848006601405125e+00
4.119270000000000209e+01 5.496415696688980113e+00
4.052250000000000085e+01 5.478258926431048614e+00
3.985379999999999967e+01 5.490483224751079305e+00
3.918500000000000227e+01 5.529926317603552910e+00
3.851460000000000150e+01 5.526901574591094324e+00
3.784570000000000078e+01 5.511799951803135755e+00
3.717519999999999669e+01 5.465009309898849921e+00
3.650619999999999976e+01 5.433345764139073886e+00
3.583709999999999951e+01 5.450036748844144796e+00
3.516640000000000299e+01 5.460670948101743249e+00
3.449719999999999942e+01 5.421560817184631453e+00
3.382800000000000296e+01 5.420122700946051530e+00
3.315709999999999980e+01 5.368928125872986179e+00
3.248780000000000001e+01 5.263714960562783318e+00
3.181680000000000064e+01 5.232188251190279082e+00
3.114730000000000132e+01 5.233897492436292431e+00
3.047779999999999845e+01 5.267126483024267891e+00
2.980669999999999931e+01 5.151568296723445961e+00
2.913700000000000045e+01 5.142802563866178289e+00
2.846730000000000160e+01 5.152032908374017950e+00
2.779599999999999937e+01 5.065192540689834821e+00
2.712620000000000076e+01 5.030966633226761964e+00
2.645479999999999876e+01 5.014696319422887960e+00
2.578490000000000038e+01 4.968627864717032772e+00
2.511329999999999885e+01 4.868553683410749677e+00
2.444330000000000069e+01 4.756768228112780328e+00
2.377319999999999922e+01 4.743810288905645045e+00
2.310150000000000148e+01 4.611097827287105488e+00
2.243130000000000024e+01 4.531043231914972935e+00
2.175949999999999918e+01 4.450810054425659246e+00
2.108909999999999840e+01 4.350015185699884768e+00
2.041870000000000118e+01 4.286617247648029760e+00
1.974680000000000035e+01 4.141116657427393655e+00
1.907629999999999981e+01 4.058533756037978613e+00
1.840419999999999945e+01 3.990693598219912985e+00
1.773349999999999937e+01 3.884437717028243142e+00
1.706129999999999924e+01 3.862909599397221783e+00
1.639059999999999917e+01 3.753883454035399136e+00
1.571979999999999933e+01 3.690974308610114996e+00
1.504739999999999966e+01 3.669581480317715805e+00
1.437650000000000006e+01 3.617133389605498461e+00
1.370410000000000039e+01 3.621068767732388505e+00
1.303299999999999947e+01 3.553913226222949362e+00
1.236040000000000028e+01 3.517855548839320612e+00
1.168929999999999936e+01 3.474518430537339331e+00
1.101660000000000039e+01 3.505133871156429937e+00
1.034529999999999994e+01 3.667266797079942187e+00
9.672489999999999810e+00 3.798412502953139924e+00
9.001129999999999853e+00 3.943836011198412095e+00
8.329710000000000392e+00 4.063940506337735847e+00
7.656710000000000349e+00 4.309842625422481532e+00
6.985170000000000101e+00 4.915913597966554249e+00
6.312050000000000161e+00 5.545116867147095618e+00
5.640399999999999636e+00 6.198794215448580225e+00
4.967170000000000307e+00 6.757430200925407249e+00
4.295410000000000394e+00 7.235942922391394916e+00
3.622059999999999835e+00 7.713691187362872625e+00
2.950180000000000025e+00 8.160315541183654986e+00
2.276720000000000077e+00 8.661729580065314238e+00
1.604729999999999990e+00 9.032874919440049055e+00
9.311519999999999797e-01 9.086809864828817140e+00
2.590439999999999965e-01 9.084439454426323834e+00
