6.869719999999999800e+02 -4.087105612614582058e-03
6.863600000000000136e+02 7.278005244707060756e-03
6.857469999999999573e+02 9.656032575825345896e-03
6.851349999999999909e+02 1.862685024593323593e-02
6.845230000000000246e+02 1.679023868515001558e-02
6.839120000000000346e+02 2.044077763422791350e-02
6.832989999999999782e+02 1.311659684969295435e-02
6.826870000000000118e+02 3.138742812518723752e-02
6.820739999999999554e+02 -1.246814922288615700e-02
6.814610000000000127e+02 -1.465783005927391754e-02
6.808490000000000464e+02 -2.340336429860202794e-02
6.802359999999999900e+02 6.802155703224566519e-04
6.796230000000000473e+02 1.599090859811570439e-02
6.790099999999999909e+02 2.847203197117641194e-03
6.783980000000000246e+02 -1.028138725734102817e-02
6.777859999999999445e+02 -2.986400250559379660e-02
6.771730000000000018e+02 -8.051694870358998279e-03
6.765599999999999454e+02 -3.696737336568735408e-03
6.759470000000000027e+02 -2.770296179086331051e-02
6.753339999999999463e+02 2.684331613548831402e-02
6.747210000000000036e+02 -3.857333735292363397e-02
6.741079999999999472e+02 -2.112208853995351313e-02
6.734940000000000282e+02 5.948595849863513862e-02
6.728809999999999718e+02 6.600498029131127153e-02
6.722680000000000291e+02 5.727115911707813395e-02
6.716539999999999964e+02 1.807522497733135211e-02
6.710410000000000537e+02 -1.508374115690888986e-03
6.704270000000000209e+02 5.010394345359481943e-03
6.698150000000000546e+02 -3.409911597360047730e-02
6.692010000000000218e+02 2.675070760943892845e-02
6.685879999999999654e+02 4.410414753858218212e-02
6.679740000000000464e+02 7.163841717697918242e-03
6.673600000000000136e+02 1.368488562008910066e-02
6.667459999999999809e+02 2.886297730920821952e-02
6.661330000000000382e+02 2.669258870542762924e-02
6.655190000000000055e+02 1.584516674208501924e-02
6.649049999999999727e+02 -1.488317860794768216e-03
6.642910000000000537e+02 -1.880322646304066411e-02
6.636770000000000209e+02 -5.126675864842304697e-02
6.630629999999999882e+02 -8.803195584004366858e-02
6.624479999999999791e+02 -1.139571948429860954e-01
6.618339999999999463e+02 -1.009432903091631167e-01
6.612200000000000273e+02 -1.117136719878187578e-01
6.606059999999999945e+02 -1.267868012180901338e-01
6.599909999999999854e+02 -1.051451550636739452e-01
6.593769999999999527e+02 -9.862686473224901995e-02
6.587619999999999436e+02 -4.680502617586048547e-02
6.581480000000000246e+02 -3.600161312173399963e-02
6.575330000000000155e+02 -2.736291823778240137e-02
6.569189999999999827e+02 1.359166398180289975e-02
6.563039999999999736e+02 4.968981049778112107e-03
6.556889999999999645e+02 2.864999881085244018e-02
6.550750000000000455e+02 5.232582760033281655e-02
6.544600000000000364e+02 5.660335892214326398e-02
6.538450000000000273e+02 8.239016899069952216e-02
6.532300000000000182e+02 6.730719302409209071e-02
6.526150000000000091e+02 3.935129464870110172e-02
6.520000000000000000e+02 4.578455669489163438e-02
6.513849999999999909e+02 5.863600244550697810e-02
6.507699999999999818e+02 7.149090039292725629e-02
6.501549999999999727e+02 2.212278203882999186e-02
6.495389999999999873e+02 2.820682362828763265e-03
6.489239999999999782e+02 -7.904264420187281925e-03
6.483089999999999691e+02 -1.219159908639936771e-02
6.476929999999999836e+02 -4.431331323911078673e-02
6.470779999999999745e+02 1.351291606015869035e-02
6.464629999999999654e+02 7.091004824852149835e-03
6.458469999999999800e+02 -1.219482975659761693e-02
6.452319999999999709e+02 -2.503990287340476795e-02
6.446159999999999854e+02 2.840874286804218052e-02
6.439990000000000236e+02 5.835909004811716538e-02
6.433830000000000382e+02 2.842239020059094887e-02
6.427670000000000528e+02 -1.002097992778568439e-02
6.421520000000000437e+02 2.200107466604509995e-02
6.415359999999999445e+02 -1.853234736021948034e-02
6.409199999999999591e+02 -3.557532670082166198e-02
6.403039999999999736e+02 -4.835953367914003903e-02
6.396879999999999882e+02 -6.112402924358446843e-02
6.390720000000000027e+02 -6.110352939796177829e-02
6.384560000000000173e+02 -5.257172580330765621e-02
6.378400000000000318e+02 -3.127372356810682874e-02
6.372229999999999563e+02 6.474933945235509429e-04
6.366069999999999709e+02 -9.989100915669167982e-03
6.359909999999999854e+02 -1.634763214585810420e-02
6.353730000000000473e+02 1.127424955329471741e-02
6.347569999999999482e+02 -1.633873078525629671e-02
6.341399999999999864e+02 -1.420914286263190787e-02
6.335240000000000009e+02 -2.480394330256319169e-02
6.329070000000000391e+02 -5.024217024209353538e-02
6.322899999999999636e+02 4.885781760468553211e-03
6.316739999999999782e+02 6.989366745485403772e-03
6.310570000000000164e+02 1.968349549833948303e-02
6.304400000000000546e+02 4.508631193599670073e-02
6.298220000000000027e+02 4.723916188373356723e-02
6.292050000000000409e+02 6.624371765257887346e-02
6.285879999999999654e+02 7.678640729100356943e-02
6.279710000000000036e+02 5.984198999894173310e-02
6.273540000000000418e+02 9.998147277658629706e-02
6.267369999999999663e+02 1.756883729014790257e-02
6.261200000000000045e+02 1.123178905279931770e-02
6.255030000000000427e+02 2.808423044819140235e-02
6.248840000000000146e+02 -1.834493952181782267e-02
6.242670000000000528e+02 -2.676339040218628923e-02
6.236499999999999773e+02 -4.572353241013187020e-02
6.230320000000000391e+02 -5.411896422167811888e-02
6.224149999999999636e+02 -6.250741073260203395e-02
6.217980000000000018e+02 -1.130127189027230472e-01
6.211799999999999500e+02 -6.246432205777768809e-02
6.205610000000000355e+02 -4.560997531366051821e-02
6.199429999999999836e+02 -9.604979682044363642e-02
6.193260000000000218e+02 -8.551445636346474699e-02
6.187079999999999700e+02 -8.548318602427082413e-02
6.180900000000000318e+02 -2.876992717912748784e-02
6.174719999999999800e+02 -1.617672314241152751e-02
6.168529999999999518e+02 2.764106203985582447e-03
6.162350000000000136e+02 1.113427618538699766e-02
6.156169999999999618e+02 6.936638460576471238e-03
6.149990000000000236e+02 -2.659589859918404936e-02
6.143809999999999718e+02 1.111120528107902537e-02
6.137630000000000337e+02 4.044291103694481332e-02
6.131430000000000291e+02 5.505394179403752530e-02
6.125249999999999773e+02 4.876810214552531469e-02
6.119070000000000391e+02 6.545906668294286523e-02
6.112889999999999873e+02 4.661866370081083760e-02
6.106699999999999591e+02 4.036227888771752592e-02
6.100510000000000446e+02 1.525105964490126517e-02
6.094320000000000164e+02 3.403813069805391306e-02
6.088139999999999645e+02 4.831293239013067543e-03
6.081950000000000500e+02 4.236650537033721103e-02
6.075760000000000218e+02 2.150737459532453197e-02
6.069560000000000173e+02 3.818485396551052347e-02
6.063379999999999654e+02 1.523939688591237178e-02
6.057190000000000509e+02 4.019442641454831766e-02
6.051000000000000227e+02 4.850783999867169793e-02
6.044809999999999945e+02 7.553964743767239975e-02
6.038609999999999900e+02 6.302471020963376636e-02
6.032419999999999618e+02 9.210619187559188070e-02
6.026230000000000473e+02 7.752136978851573157e-02
6.020040000000000191e+02 6.505289941478890892e-02
6.013830000000000382e+02 4.788817402268495324e-03
6.007640000000000100e+02 6.871048429979954679e-03
6.001449999999999818e+02 -2.009038105324626941e-02
5.995249999999999773e+02 -3.484569858436397782e-03
5.989049999999999727e+02 -3.874500429436740501e-02
5.982849999999999682e+02 -1.178655733786052907e-02
5.976660000000000537e+02 -4.904846446124962872e-02
5.970460000000000491e+02 -7.388982172374243540e-02
5.964249999999999545e+02 -6.142563681080454030e-02
5.958060000000000400e+02 -3.658514603098317330e-02
5.951860000000000355e+02 -5.310822004119509360e-02
5.945670000000000073e+02 -4.274876258222061465e-02
5.939450000000000500e+02 -4.273038853631361267e-02
5.933260000000000218e+02 -9.681591723376865161e-03
5.927060000000000173e+02 -2.620121332341532674e-02
5.920860000000000127e+02 4.749292904319989995e-03
5.914650000000000318e+02 8.889120695815731776e-03
5.908450000000000273e+02 4.763018837088505222e-03
5.902250000000000227e+02 -3.025448691347600375e-02
5.896029999999999518e+02 -1.790747084050363716e-02
5.889829999999999472e+02 -1.376946652856556215e-02
5.883630000000000564e+02 1.503836199011484263e-02
5.877419999999999618e+02 2.939774445762568036e-02
5.871209999999999809e+02 1.297401017318692770e-02
5.865000000000000000e+02 -7.585370024498284611e-03
5.858799999999999955e+02 2.665959267134023966e-03
5.852580000000000382e+02 -1.989777318676854562e-02
5.846380000000000337e+02 -1.409862827992482744e-03
5.840170000000000528e+02 -1.163073513639316554e-02
5.833949999999999818e+02 4.163849475617745211e-02
5.827740000000000009e+02 -1.985893686649173318e-02
5.821539999999999964e+02 -1.373958125207374800e-02
5.815320000000000391e+02 -9.593721858456125129e-03
5.809109999999999445e+02 1.904998593106355109e-02
5.802899999999999636e+02 4.701645148181978796e-03
5.796680000000000064e+02 1.698386024267474134e-02
5.790470000000000255e+02 -5.497346693471002153e-03
5.784260000000000446e+02 1.088306938229842424e-02
5.778049999999999500e+02 -6.264738179476825319e-02
5.771820000000000164e+02 -4.835963065631249808e-02
5.765610000000000355e+02 -9.321689933648887039e-02
5.759379999999999882e+02 -1.013663678745125862e-01
5.753170000000000073e+02 -1.237330054769239657e-01
5.746960000000000264e+02 -1.135196257034917222e-01
5.740729999999999791e+02 -3.600489711168520374e-02
5.734519999999999982e+02 -1.566600689398052471e-02
5.728300000000000409e+02 -1.455411660861787373e-03
5.722069999999999936e+02 3.727095019128297271e-02
5.715860000000000127e+02 3.722831841093819649e-02
5.709640000000000555e+02 3.518808814988299422e-02
5.703410000000000082e+02 3.311888748115060510e-02
5.697190000000000509e+02 2.908637200173675580e-02
5.690979999999999563e+02 1.693282480275326921e-02
5.684740000000000464e+02 -1.763159092322847538e-02
5.678529999999999518e+02 -1.356295758076444570e-02
5.672290000000000418e+02 -3.991281399509595540e-02
5.666069999999999709e+02 -3.989966220333988900e-02
5.659850000000000136e+02 -2.370365479317458265e-02
5.653619999999999663e+02 6.425248291472411034e-04
5.647400000000000091e+02 6.700553942175785892e-03
5.641169999999999618e+02 1.075654087914032844e-02
5.634940000000000282e+02 6.242072076762929331e-04
5.628719999999999573e+02 -2.159980787966098853e-02
5.622480000000000473e+02 -3.412460548436214818e-03
5.616250000000000000e+02 3.494793620746890206e-02
5.610030000000000427e+02 8.935675542265755777e-02
5.603790000000000191e+02 8.333422407572482760e-02
5.597569999999999482e+02 6.310456686396918868e-02
5.591330000000000382e+02 9.536824942123856008e-02
5.585099999999999909e+02 1.033725234483291039e-01
5.578859999999999673e+02 9.323495288877081677e-02
5.572630000000000337e+02 1.334860850335940485e-01
5.566399999999999864e+02 9.324359073711668833e-02
5.560159999999999627e+02 8.911437728447779705e-02
5.553930000000000291e+02 1.267881259913553223e-02
5.547690000000000055e+02 6.648932060213341884e-03
5.541459999999999582e+02 -3.379842809152110855e-03
5.535209999999999582e+02 -3.395681439096803408e-03
5.528980000000000246e+02 8.646908729207579761e-03
5.522749999999999773e+02 3.272317524117981935e-02
5.516509999999999536e+02 4.072016619576726559e-02
5.510270000000000437e+02 5.471817843422164401e-02
5.504030000000000200e+02 5.471539641771090007e-02
5.497789999999999964e+02 8.668575402194500512e-02
5.491549999999999727e+02 9.068458471049321845e-02
5.485309999999999491e+02 1.026519119870541591e-01
5.479059999999999491e+02 1.205902199239144296e-01
5.472830000000000155e+02 1.045502889666003188e-01
5.466589999999999918e+02 1.145146016877524597e-01
5.460339999999999918e+02 1.184313867234314255e-01
5.454099999999999682e+02 1.403269715547523500e-01
5.447849999999999682e+02 1.283055988297773786e-01
5.441609999999999445e+02 9.234593377697918049e-02
5.435359999999999445e+02 1.182190004930507715e-01
5.429120000000000346e+02 1.161992296629454774e-01
5.422870000000000346e+02 6.831757345548852833e-02
5.416630000000000109e+02 8.424721512100158405e-02
5.410370000000000346e+02 9.213852036260877787e-02
5.404130000000000109e+02 4.039298861844747152e-02
5.397880000000000109e+02 4.832699941648124775e-02
5.391630000000000109e+02 2.644219237556743804e-02
5.385380000000000109e+02 2.643026507122727201e-02
5.379139999999999873e+02 3.038051172151555457e-02
5.372880000000000109e+02 2.244175964695310083e-02
5.366630000000000109e+02 4.228018860045446026e-02
5.360370000000000346e+02 4.819622337117507316e-02
5.354130000000000109e+02 4.023451083976606335e-02
5.347870000000000346e+02 5.805703940949377001e-02
5.341620000000000346e+02 6.196507166293935970e-02
5.335359999999999445e+02 7.977438716801271701e-02
5.329109999999999445e+02 7.380795041493388997e-02
5.322849999999999682e+02 6.981558925953569583e-02
5.316599999999999682e+02 8.165083321833632723e-02
5.310339999999999918e+02 1.112291070650768404e-01
5.304089999999999918e+02 1.348524889159825046e-01
5.297830000000000155e+02 1.486241096741738876e-01
5.291580000000000155e+02 1.820388671184703933e-01
5.285309999999999491e+02 1.583398387391988238e-01
5.279049999999999727e+02 1.642105286604804426e-01
5.272799999999999727e+02 1.976064000419797684e-01
5.266530000000000200e+02 2.073622025065706975e-01
5.260280000000000200e+02 2.210714547468153601e-01
5.254009999999999536e+02 2.032296778811604476e-01
5.247759999999999536e+02 1.520415757011672198e-01
5.241490000000000009e+02 1.774995452735887713e-01
5.235230000000000246e+02 1.420407574226346392e-01
5.228959999999999582e+02 1.812647856188541184e-01
5.222709999999999582e+02 2.086289635479047500e-01
5.216440000000000055e+02 2.105207584817279653e-01
5.210159999999999627e+02 1.790588297285688746e-01
5.203909999999999627e+02 1.868178078816428722e-01
5.197630000000000337e+02 1.984835895384761129e-01
5.191380000000000337e+02 2.140939338236683975e-01
5.185099999999999909e+02 1.865562439302299869e-01
5.178840000000000146e+02 1.728122669885214235e-01
5.172569999999999482e+02 1.531459623748887278e-01
5.166299999999999955e+02 1.061512667358513740e-01
5.160030000000000427e+02 1.373567199181158771e-01
5.153759999999999764e+02 1.646484185898353936e-01
5.147500000000000000e+02 1.587120593177319960e-01
5.141219999999999573e+02 1.586345384302659811e-01
5.134940000000000282e+02 1.663751536585490187e-01
5.128680000000000518e+02 1.526398909344443555e-01
5.122400000000000091e+02 1.857025532211154517e-01
5.116139999999999759e+02 1.895037181294109974e-01
5.109859999999999900e+02 1.680188764201148988e-01
5.103580000000000041e+02 1.289994663283781928e-01
5.097309999999999945e+02 1.250793459131994412e-01
5.091030000000000086e+02 1.036203787371263452e-01
5.084759999999999991e+02 1.113532421689688162e-01
5.078480000000000132e+02 1.307111141411478328e-01
5.072200000000000273e+02 1.423150622032286206e-01
5.065930000000000177e+02 1.266880416275073529e-01
5.059649999999999750e+02 1.072591957759484321e-01
5.053360000000000127e+02 1.362883327447094173e-01
5.047090000000000032e+02 1.536685635359815172e-01
5.040810000000000173e+02 1.129283384668135909e-01
5.034519999999999982e+02 1.302611379718737195e-01
5.028249999999999886e+02 1.031690546885429549e-01
5.021960000000000264e+02 6.054570006784118497e-02
5.015690000000000168e+02 2.575756015720871012e-02
5.009399999999999977e+02 6.090268713417794702e-04
5.003109999999999786e+02 -5.206282267044410467e-03
4.996840000000000259e+02 -1.482294048177544392e-02
4.990550000000000068e+02 6.376090416742067127e-03
4.984259999999999877e+02 4.496756143525813820e-02
4.977980000000000018e+02 3.912571825398348385e-02
4.971689999999999827e+02 4.490049311251003566e-02
4.965400000000000205e+02 5.645607115625161238e-02
4.959119999999999777e+02 9.681868055192359435e-02
4.952830000000000155e+02 9.487400578932982109e-02
4.946539999999999964e+02 8.327741380527239889e-02
4.940260000000000105e+02 1.217229361330817300e-01
4.933969999999999914e+02 8.321167513651289704e-02
4.927669999999999959e+02 6.780806296162236735e-02
4.921390000000000100e+02 9.655852289725866400e-02
4.915099999999999909e+02 1.080255492379334353e-01
4.908799999999999955e+02 1.079870203731068123e-01
4.902500000000000000e+02 7.343948566362142050e-02
4.896220000000000141e+02 1.212809433358439104e-01
4.889920000000000186e+02 1.499629965296923606e-01
4.883629999999999995e+02 1.001182426954009691e-01
4.877339999999999804e+02 9.435994065734362723e-02
4.871039999999999850e+02 1.076856963158444591e-01
4.864739999999999895e+02 9.806891575707149533e-02
4.858460000000000036e+02 5.027803029239166083e-02
4.852160000000000082e+02 4.643067874197057132e-02
4.845860000000000127e+02 6.739309128117097758e-02
4.839549999999999841e+02 3.111525042882479566e-02
4.833269999999999982e+02 7.302136479603588137e-02
4.826960000000000264e+02 9.969240120366397451e-02
4.820659999999999741e+02 1.301402548950053584e-01
4.814370000000000118e+02 1.014897272644440379e-01
4.808070000000000164e+02 1.299879137345113511e-01
4.801759999999999877e+02 1.851138512918906465e-01
4.795459999999999923e+02 2.097501292612991008e-01
4.789169999999999732e+02 2.096422312942288757e-01
4.782860000000000014e+02 1.981642630089676671e-01
4.776549999999999727e+02 1.600764771011740639e-01
4.770249999999999773e+02 1.751795500281498053e-01
4.763949999999999818e+02 1.542409608334647242e-01
4.757640000000000100e+02 2.299998972529747054e-01
4.751329999999999814e+02 2.128329704428194025e-01
4.745020000000000095e+02 2.203288521018476054e-01
4.738729999999999905e+02 1.785401671615168273e-01
4.732420000000000186e+02 1.652194386663622117e-01
4.726109999999999900e+02 2.010805557241528985e-01
4.719800000000000182e+02 2.142067320247501017e-01
4.713500000000000227e+02 2.103613477897840478e-01
4.707189999999999941e+02 2.178077637678935141e-01
4.700869999999999891e+02 1.704875781958580527e-01
4.694560000000000173e+02 1.156809695006650734e-01
4.688249999999999886e+02 7.036178610551267754e-02
4.681949999999999932e+02 1.325452756275893040e-01
4.675629999999999882e+02 1.701600919856050553e-01
4.669309999999999832e+02 1.512478399526896167e-01
4.663000000000000114e+02 1.191721037664793398e-01
4.656700000000000159e+02 1.435474144063300928e-01
4.650380000000000109e+02 1.566390611257627574e-01
4.644060000000000059e+02 1.377897522220318527e-01
4.637740000000000009e+02 1.865785434081067007e-01
4.631419999999999959e+02 2.146460213998403477e-01
4.625120000000000005e+02 2.201616495329025147e-01
4.618799999999999955e+02 1.919165785916863431e-01
4.612479999999999905e+02 1.862181456945576907e-01
4.606159999999999854e+02 2.161136650995378050e-01
4.599839999999999804e+02 2.122661149588668250e-01
4.593519999999999754e+02 1.878242258385099117e-01
4.587210000000000036e+02 2.232903329928431768e-01
4.580880000000000223e+02 2.044826502115325573e-01
4.574560000000000173e+02 1.931604503998907985e-01
4.568240000000000123e+02 1.594262614950578694e-01
4.561909999999999741e+02 1.686846548328712059e-01
4.555600000000000023e+02 1.686350530932836933e-01
4.549279999999999973e+02 1.927812264196920866e-01
4.542950000000000159e+02 1.833488117600153844e-01
4.536619999999999777e+02 1.608990892981992105e-01
4.530299999999999727e+02 1.477805376114876279e-01
4.523969999999999914e+02 1.831009029231609464e-01
4.517660000000000196e+02 1.699762605371823998e-01
4.511329999999999814e+02 1.884925419075703379e-01
4.505000000000000000e+02 1.884004258804347631e-01
4.498670000000000186e+02 1.976109208039671106e-01
4.492339999999999804e+02 1.566340965346120218e-01
4.486009999999999991e+02 1.379904773516701655e-01
4.479680000000000177e+02 1.936045462925466976e-01
4.473360000000000127e+02 1.879480224293187951e-01
4.467029999999999745e+02 1.785640290501931682e-01
4.460690000000000168e+02 2.118426232999892633e-01
4.454359999999999786e+02 1.913646404923341482e-01
4.448029999999999973e+02 1.857237919819894889e-01
4.441689999999999827e+02 2.022890318308205038e-01
4.435360000000000014e+02 2.225337001015268157e-01
4.429019999999999868e+02 2.612552830152634620e-01
4.422699999999999818e+02 2.260029754805867597e-01
4.416360000000000241e+02 2.554411120204176378e-01
4.410029999999999859e+02 2.534691994468341592e-01
4.403690000000000282e+02 2.312088763649500223e-01
4.397350000000000136e+02 2.310987700593168659e-01
4.391009999999999991e+02 2.254622867821329257e-01
4.384669999999999845e+02 1.829684883683459218e-01
4.378330000000000268e+02 1.957615368995417326e-01
4.371990000000000123e+02 1.809469402305836083e-01
4.365649999999999977e+02 1.937321375776991650e-01
4.359329999999999927e+02 1.513497520217407799e-01
4.352980000000000018e+02 1.255428303496100018e-01
4.346639999999999873e+02 1.236475327360733734e-01
4.340299999999999727e+02 1.290908016346030973e-01
4.333960000000000150e+02 1.290267984731521544e-01
4.327610000000000241e+02 1.766557395537840247e-01
4.321270000000000095e+02 1.600631730126461094e-01
4.314920000000000186e+02 1.324956889381805614e-01
4.308580000000000041e+02 1.196085644914772345e-01
4.302230000000000132e+02 1.323679082386017836e-01
4.295889999999999986e+02 1.524298216508064574e-01
4.289540000000000077e+02 1.267376799474827787e-01
4.283190000000000168e+02 1.431341329026956932e-01
4.276859999999999786e+02 1.430866525271697332e-01
4.270509999999999877e+02 1.229118354581316269e-01
4.264159999999999968e+02 1.027689172042404731e-01
4.257810000000000059e+02 1.227812463492762157e-01
4.251460000000000150e+02 1.373072197755298984e-01
4.245110000000000241e+02 1.645722001219155350e-01
4.238759999999999764e+02 1.663075509975561750e-01
4.232409999999999854e+02 1.826183280275971710e-01
4.226050000000000182e+02 1.606895507830242709e-01
4.219700000000000273e+02 1.642507126252839567e-01
4.213349999999999795e+02 1.696222458438596814e-01
4.206990000000000123e+02 1.949716055763760503e-01
4.200640000000000214e+02 1.966899384797174410e-01
4.194289999999999736e+02 2.183659165172354977e-01
4.187930000000000064e+02 1.765312081334924899e-01
4.181569999999999823e+02 1.673754823287009752e-01
4.175219999999999914e+02 1.781701287774117293e-01
4.168860000000000241e+02 2.179269177937201984e-01
4.162500000000000000e+02 2.377342586979644123e-01
4.156150000000000091e+02 2.412380095474030151e-01
4.149789999999999850e+02 2.483477562654813342e-01
4.143430000000000177e+02 2.554502106096888658e-01
4.137069999999999936e+02 2.300232925888815172e-01
4.130710000000000264e+02 2.678349588196236031e-01
4.124350000000000023e+02 2.857513908140856818e-01
4.117989999999999782e+02 3.000449525996803923e-01
4.111630000000000109e+02 2.890692358796673189e-01
4.105260000000000105e+02 2.781120408743197325e-01
4.098899999999999864e+02 2.869788900766025441e-01
4.092540000000000191e+02 2.472279013216119037e-01
4.086170000000000186e+02 2.506979586812453364e-01
4.079809999999999945e+02 2.667599535564568192e-01
4.073439999999999941e+02 2.558372351393873312e-01
4.067080000000000268e+02 2.449256800636352149e-01
4.060710000000000264e+02 2.735301382085365551e-01
4.054350000000000023e+02 2.339021666955099776e-01
4.047980000000000018e+02 2.391696778790566580e-01
4.041610000000000014e+02 2.318746879121292848e-01
4.035240000000000009e+02 2.496843887884868662e-01
4.028879999999999768e+02 2.119401114464268543e-01
4.022509999999999764e+02 2.297300054137658976e-01
4.016139999999999759e+02 1.902481528070995853e-01
4.009769999999999754e+02 1.937285510134124089e-01
4.003399999999999750e+02 1.525057312181419544e-01
3.997029999999999745e+02 1.845923050356371720e-01
3.990649999999999977e+02 1.737779646980951997e-01
3.984279999999999973e+02 1.397917347155095136e-01
3.977909999999999968e+02 1.308070655371522395e-01
3.971519999999999868e+02 1.271310313112084533e-01
3.965149999999999864e+02 1.003577078676535506e-01
3.958770000000000095e+02 1.145499731967781626e-01
3.952400000000000091e+02 7.532756428950854177e-02
3.946019999999999754e+02 1.037625411654225782e-01
3.939649999999999750e+02 7.346772986371513658e-02
3.933269999999999982e+02 6.987441416913968417e-02
3.926890000000000214e+02 1.107024785145705320e-01
3.920520000000000209e+02 1.035456502101124721e-01
3.914139999999999873e+02 1.354353240622179488e-01
3.907760000000000105e+02 1.371243733715709345e-01
3.901379999999999768e+02 1.831379680275969646e-01
3.895000000000000000e+02 2.238216279712275103e-01
3.888609999999999900e+02 2.024877465077722649e-01
3.882230000000000132e+02 2.076793721787856817e-01
3.875849999999999795e+02 2.288029526445783113e-01
3.869460000000000264e+02 2.481357728258921092e-01
3.863079999999999927e+02 2.709879446250036406e-01
3.856700000000000159e+02 2.849785122956780548e-01
3.850319999999999823e+02 3.007203651262521094e-01
3.843929999999999723e+02 2.723210618643646108e-01
3.837549999999999955e+02 2.898093187960207318e-01
3.831159999999999854e+02 2.808660969279014874e-01
3.824759999999999991e+02 2.771728147542997789e-01
3.818380000000000223e+02 2.664688263767813758e-01
3.811990000000000123e+02 2.223316929115882190e-01
3.805600000000000023e+02 2.468566221951025985e-01
3.799220000000000255e+02 2.361770184536344519e-01
3.792830000000000155e+02 2.096854394790095832e-01
3.786440000000000055e+02 2.271362094226025419e-01
3.780049999999999955e+02 2.094368696790644413e-01
3.773650000000000091e+02 2.163927597709067174e-01
3.767259999999999991e+02 2.811742982875019004e-01
3.760860000000000127e+02 2.757606412239491656e-01
3.754470000000000027e+02 3.334271309415292595e-01
3.748079999999999927e+02 3.297317025263609702e-01
3.741689999999999827e+02 3.470478630538104681e-01
3.735299999999999727e+02 3.661216417109807164e-01
3.728890000000000100e+02 3.712092371028669069e-01
3.722500000000000000e+02 3.430347173129326688e-01
3.716100000000000136e+02 3.882725177947102813e-01
3.709710000000000036e+02 3.566492676141581608e-01
3.703310000000000173e+02 3.425448777956039415e-01
3.696909999999999741e+02 3.318789442676264301e-01
3.690500000000000114e+02 3.404045221414029876e-01
3.684110000000000014e+02 3.228087426568122531e-01
3.677710000000000150e+02 3.156706232651186883e-01
3.671309999999999718e+02 3.015787337669935675e-01
3.664909999999999854e+02 3.466548095020988152e-01
3.658509999999999991e+02 3.203769678065035986e-01
3.652099999999999795e+02 3.202268388749852646e-01
3.645699999999999932e+02 3.599853458578594623e-01
3.639300000000000068e+02 3.528566414605432411e-01
3.632900000000000205e+02 3.491860993072176678e-01
3.626490000000000009e+02 3.576597847813485775e-01
3.620079999999999814e+02 3.488322349114080789e-01
3.613670000000000186e+02 3.434479759705743596e-01
3.607269999999999754e+02 3.190458626264782160e-01
3.600869999999999891e+02 3.292622869176407008e-01
3.594460000000000264e+02 2.979906169268614069e-01
3.588039999999999736e+02 2.753002229691112746e-01
3.581639999999999873e+02 2.665396630390172716e-01
3.575230000000000246e+02 2.456872960652543014e-01
3.568829999999999814e+02 2.765849817005918143e-01
3.562420000000000186e+02 2.678221014404417177e-01
3.556000000000000227e+02 2.728771545209613403e-01
3.549590000000000032e+02 2.865078344328157445e-01
3.543179999999999836e+02 2.588041420100710144e-01
3.536770000000000209e+02 2.672903981405895801e-01
3.530350000000000250e+02 3.066925155879864917e-01
3.523940000000000055e+02 3.168446344710986740e-01
3.517520000000000095e+02 3.166756995973687983e-01
3.511109999999999900e+02 2.563910905654165351e-01
3.504689999999999941e+02 2.785794936877140637e-01
3.498269999999999982e+02 2.870048164233635068e-01
3.491859999999999786e+02 2.817078297359378314e-01
3.485450000000000159e+02 2.764348498899832363e-01
3.479019999999999868e+02 2.711151068710324630e-01
3.472599999999999909e+02 2.538696721033050219e-01
3.466190000000000282e+02 2.503083763006002660e-01
3.459769999999999754e+02 2.433304287725863990e-01
3.453340000000000032e+02 2.654261068015581482e-01
3.446929999999999836e+02 2.789462111487979734e-01
3.440509999999999877e+02 2.685454100371115760e-01
3.434089999999999918e+02 2.649848844693236116e-01
3.427660000000000196e+02 2.477950427238063136e-01
3.421240000000000236e+02 2.834651768624627532e-01
3.414820000000000277e+02 2.918274679173828434e-01
3.408399999999999750e+02 2.899495201497842012e-01
3.401970000000000027e+02 3.051317700650474363e-01
3.395539999999999736e+02 3.083618323279825324e-01
3.389119999999999777e+02 2.996812896900180601e-01
3.382690000000000055e+02 3.080480460566540901e-01
3.376259999999999764e+02 3.503172449095725560e-01
3.369839999999999804e+02 3.772842022140052709e-01
3.363419999999999845e+02 3.618249131467341506e-01
3.356979999999999791e+02 3.395779407740754374e-01
3.350550000000000068e+02 3.343146098801444421e-01
3.344130000000000109e+02 3.189102763148507491e-01
3.337690000000000055e+02 3.237898481324795741e-01
3.331259999999999764e+02 3.320805896818994629e-01
3.324830000000000041e+02 3.775310018033039006e-01
3.318389999999999986e+02 3.570947792134568921e-01
3.311960000000000264e+02 3.855811814184554320e-01
3.305539999999999736e+02 3.735486324449695528e-01
3.299110000000000014e+02 3.969588909933857157e-01
3.292660000000000196e+02 4.119334867113008669e-01
3.286229999999999905e+02 4.353043253889735675e-01
3.279800000000000182e+02 4.283484139941622360e-01
3.273360000000000127e+02 4.162980949525783014e-01
3.266929999999999836e+02 3.773906914103608568e-01
3.260489999999999782e+02 3.704620757369910811e-01
3.254049999999999727e+02 3.618528050544277397e-01
3.247610000000000241e+02 3.818169964120257664e-01
3.241179999999999950e+02 3.681813534666924514e-01
3.234730000000000132e+02 3.780407745770620331e-01
3.228290000000000077e+02 3.794969153243163418e-01
3.221840000000000259e+02 4.111652149857630834e-01
3.215409999999999968e+02 4.142695983608901122e-01
3.208969999999999914e+02 4.491749889418252817e-01
3.202520000000000095e+02 4.690495329752784603e-01
3.196080000000000041e+02 4.671022422011963382e-01
3.189639999999999986e+02 4.818870424709857381e-01
3.183190000000000168e+02 5.033448204560520001e-01
3.176750000000000114e+02 4.730207410312585181e-01
3.170310000000000059e+02 4.244193780638757518e-01
3.163860000000000241e+02 4.241213310257447300e-01
3.157420000000000186e+02 4.139189692827522915e-01
3.150980000000000132e+02 3.887040586165523282e-01
3.144519999999999982e+02 3.818076217236339165e-01
3.138079999999999927e+02 3.699552250098029349e-01
3.131619999999999777e+02 3.630978441609675200e-01
3.125179999999999723e+02 3.529128327044499525e-01
3.118729999999999905e+02 3.576848472066097573e-01
3.112269999999999754e+02 4.172861227223043090e-01
3.105830000000000268e+02 3.921576707960625074e-01
3.099370000000000118e+02 3.819812100767442375e-01
3.092919999999999732e+02 3.867580808860548447e-01
3.086469999999999914e+02 3.766028974044069999e-01
3.080009999999999764e+02 4.111703870427858565e-01
3.073570000000000277e+02 4.307829273368647405e-01
3.067099999999999795e+02 4.371998168360069492e-01
3.060649999999999977e+02 4.303233921713527366e-01
3.054200000000000159e+02 4.284113438742106483e-01
3.047740000000000009e+02 4.265471746360804395e-01
3.041290000000000191e+02 4.246816344932452525e-01
3.034820000000000277e+02 4.706088395287192361e-01
3.028369999999999891e+02 5.000166837381425644e-01
3.021920000000000073e+02 5.227614527054778026e-01
3.015450000000000159e+02 5.076949748071375446e-01
3.008999999999999773e+02 4.744802687761524029e-01
3.002529999999999859e+02 5.219421725381997446e-01
2.996080000000000041e+02 5.019193177182712517e-01
2.989610000000000127e+02 4.786064282399147274e-01
2.983149999999999977e+02 5.210773131864000485e-01
2.976700000000000159e+02 4.994603601901915768e-01
2.970230000000000246e+02 5.024373079288904087e-01
2.963770000000000095e+02 4.709778553629005438e-01
2.957300000000000182e+02 4.609218101299587533e-01
2.950840000000000032e+02 4.753998400460229257e-01
2.944370000000000118e+02 4.407617506598285329e-01
2.937909999999999968e+02 4.552414002395174242e-01
2.931429999999999723e+02 5.334482460249890812e-01
2.924970000000000141e+02 5.315191788535976736e-01
2.918500000000000227e+02 5.067281855983288841e-01
2.912040000000000077e+02 4.982728233653993533e-01
2.905570000000000164e+02 5.224127380421291766e-01
2.899100000000000250e+02 5.531487590034075419e-01
2.892629999999999768e+02 5.984233210770883993e-01
2.886159999999999854e+02 6.258068620887103917e-01
2.879689999999999941e+02 6.449825946315074221e-01
2.873210000000000264e+02 6.478795305013969053e-01
2.866750000000000114e+02 6.409982859339276029e-01
2.860269999999999868e+02 6.763904876784130327e-01
2.853799999999999955e+02 6.889973782123502977e-01
2.847320000000000277e+02 6.821163368135523264e-01
2.840849999999999795e+02 7.157783305808185226e-01
2.834370000000000118e+02 7.316067555066453343e-01
2.827900000000000205e+02 7.651845224568322168e-01
2.821419999999999959e+02 7.939281375114756178e-01
2.814950000000000045e+02 8.079966336344831523e-01
2.808469999999999800e+02 8.399351462653215084e-01
2.801990000000000123e+02 8.135937223816651631e-01
2.795509999999999877e+02 7.969653483428911223e-01
2.789039999999999964e+02 8.078595784401824131e-01
2.782549999999999955e+02 8.089762420642457874e-01
2.776080000000000041e+02 8.117508207824224442e-01
2.769590000000000032e+02 8.016136772748306827e-01
2.763120000000000118e+02 8.188605463801598150e-01
2.756630000000000109e+02 8.055443066699377042e-01
2.750149999999999864e+02 8.211340834163365354e-01
2.743659999999999854e+02 8.914727760267473489e-01
2.737189999999999941e+02 9.455781359125184915e-01
2.730699999999999932e+02 9.611391730932039579e-01
2.724220000000000255e+02 9.493213000425946291e-01
2.717730000000000246e+02 9.295439653842669792e-01
2.711240000000000236e+02 9.145688498401206568e-01
2.704759999999999991e+02 8.884290389793675358e-01
2.698260000000000218e+02 9.055318160182145304e-01
2.691779999999999973e+02 9.370358856521647795e-01
2.685289999999999964e+02 8.933000116315064076e-01
2.678809999999999718e+02 8.831529834855460503e-01
2.672309999999999945e+02 8.699086481859346076e-01
2.665830000000000268e+02 8.901462059947931049e-01
2.659329999999999927e+02 9.534941427668225389e-01
2.652839999999999918e+02 9.816882515850838820e-01
2.646349999999999909e+02 1.025761397067050495e+00
2.639850000000000136e+02 1.001283424021315538e+00
2.633369999999999891e+02 9.911115018745201288e-01
2.626870000000000118e+02 1.019216209140912044e+00
2.620380000000000109e+02 9.979789304273777306e-01
2.613879999999999768e+02 1.040298372192766330e+00
2.607400000000000091e+02 1.020686274979520691e+00
2.600899999999999750e+02 9.771850638044157211e-01
2.594390000000000214e+02 1.003601909727014352e+00
2.587900000000000205e+02 9.855496651139864506e-01
2.581399999999999864e+02 9.897409801006615826e-01
2.574909999999999854e+02 9.828391629893249437e-01
2.568410000000000082e+02 1.031354796339950530e+00
2.561899999999999977e+02 1.068771238921545352e+00
2.555409999999999968e+02 1.050730459762748037e+00
2.548899999999999864e+02 1.075423416859251136e+00
2.542410000000000139e+02 1.076406159707120169e+00
2.535910000000000082e+02 1.042598542939598749e+00
2.529399999999999977e+02 1.045129845427658966e+00
2.522899999999999920e+02 1.061932172824777476e+00
2.516399999999999864e+02 1.097541979705850990e+00
2.509900000000000091e+02 1.051208044842048439e+00
2.503389999999999986e+02 1.056888615689516309e+00
2.496879999999999882e+02 1.083056103235289225e+00
2.490380000000000109e+02 1.090239792273756780e+00
2.483870000000000005e+02 1.125793609641086102e+00
2.477359999999999900e+02 1.158116182410967365e+00
2.470860000000000127e+02 1.146456723564660996e+00
2.464350000000000023e+02 1.183438768912378869e+00
2.457849999999999966e+02 1.135706762657072488e+00
2.451330000000000098e+02 1.164830514660765592e+00
2.444819999999999993e+02 1.145342150153425331e+00
2.438319999999999936e+02 1.129054913499188073e+00
2.431800000000000068e+02 1.117413146870939622e+00
2.425289999999999964e+02 1.116760496849781736e+00
2.418779999999999859e+02 1.162953036785196792e+00
2.412270000000000039e+02 1.195092801944630301e+00
2.405749999999999886e+02 1.169446934354395173e+00
2.399240000000000066e+02 1.221758388841091225e+00
2.392719999999999914e+02 1.221075763275706549e+00
2.386200000000000045e+02 1.246843164421711503e+00
2.379699999999999989e+02 1.242986003200185152e+00
2.373180000000000121e+02 1.279599132154243701e+00
2.366670000000000016e+02 1.278882322666769600e+00
2.360149999999999864e+02 1.279641614551940698e+00
2.353629999999999995e+02 1.306872348382028592e+00
2.347100000000000080e+02 1.357340955456088460e+00
2.340600000000000023e+02 1.351852896827894890e+00
2.334070000000000107e+02 1.347974498625969186e+00
2.327549999999999955e+02 1.401441725956796391e+00
2.321040000000000134e+02 1.442401504264845258e+00
2.314509999999999934e+02 1.436936041976454970e+00
2.307980000000000018e+02 1.476285180049868861e+00
2.301469999999999914e+02 1.475415550238581064e+00
2.294939999999999998e+02 1.459090650102991216e+00
2.288420000000000130e+02 1.431978276817858164e+00
2.281899999999999977e+02 1.485136313545551534e+00
2.275370000000000061e+02 1.525902296953120851e+00
2.268839999999999861e+02 1.549704544229189684e+00
2.262330000000000041e+02 1.587223770233377129e+00
2.255800000000000125e+02 1.635569777313489181e+00
2.249269999999999925e+02 1.636162049342470448e+00
2.242729999999999961e+02 1.647546802633542473e+00
2.236220000000000141e+02 1.686475727307547912e+00
2.229679999999999893e+02 1.699341227851477010e+00
2.223149999999999977e+02 1.715176186464186570e+00
2.216630000000000109e+02 1.694275175694288205e+00
2.210099999999999909e+02 1.670216976566485156e+00
2.203559999999999945e+02 1.644695383925043330e+00
2.197019999999999982e+02 1.634552079982873884e+00
2.190500000000000114e+02 1.644291795021012303e+00
2.183969999999999914e+02 1.646352084886396172e+00
2.177429999999999950e+02 1.643850571559466234e+00
2.170889999999999986e+02 1.656630363932910965e+00
2.164370000000000118e+02 1.632721945750616577e+00
2.157829999999999870e+02 1.659235995937123676e+00
2.151289999999999907e+02 1.646022609955157368e+00
2.144749999999999943e+02 1.690766658557459445e+00
2.138220000000000027e+02 1.694329847238787101e+00
2.131680000000000064e+02 1.700911367467216495e+00
2.125140000000000100e+02 1.713596445235942900e+00
2.118600000000000136e+02 1.689776449281645165e+00
2.112069999999999936e+02 1.725231981918335045e+00
2.105529999999999973e+02 1.715077809546630805e+00
2.098979999999999961e+02 1.706474032328141988e+00
2.092439999999999998e+02 1.687199862683246510e+00
2.085910000000000082e+02 1.687727182148599514e+00
2.079360000000000070e+02 1.685206273736451932e+00
2.072820000000000107e+02 1.679647278039426928e+00
2.066270000000000095e+02 1.646865133604406894e+00
2.059739999999999895e+02 1.676124708917975381e+00
2.053189999999999884e+02 1.673579965212601106e+00
2.046639999999999873e+02 1.658997964450756202e+00
2.040089999999999861e+02 1.664029345815906336e+00
2.033540000000000134e+02 1.664523959817553633e+00
2.027009999999999934e+02 1.621346630109151921e+00
2.020459999999999923e+02 1.608291782269503756e+00
2.013909999999999911e+02 1.577198420179892313e+00
2.007350000000000136e+02 1.612360464468789667e+00
2.000800000000000125e+02 1.600858638307117054e+00
1.994259999999999877e+02 1.571318186311007503e+00
1.987709999999999866e+02 1.571859487979834658e+00
1.981160000000000139e+02 1.561924214475350459e+00
1.974600000000000080e+02 1.584959942820871381e+00
1.968050000000000068e+02 1.555495146430078579e+00
1.961510000000000105e+02 1.550118265580389565e+00
1.954950000000000045e+02 1.586606863646449650e+00
1.948389999999999986e+02 1.557190207733893272e+00
1.941839999999999975e+02 1.541283918580625301e+00
1.935279999999999916e+02 1.556782870062544788e+00
1.928739999999999952e+02 1.576718545670311888e+00
1.922179999999999893e+02 1.572790901257475893e+00
1.915620000000000118e+02 1.613607269121029697e+00
1.909060000000000059e+02 1.669320137303032414e+00
1.902500000000000000e+02 1.693671153641558735e+00
1.895939999999999941e+02 1.670276366163941484e+00
1.889389999999999930e+02 1.712378264600584732e+00
1.882829999999999870e+02 1.744078513752687298e+00
1.876270000000000095e+02 1.778693579704800909e+00
1.869699999999999989e+02 1.771699046957412538e+00
1.863139999999999930e+02 1.770615654842159215e+00
1.856570000000000107e+02 1.742795395145562809e+00
1.850010000000000048e+02 1.723948083115883767e+00
1.843460000000000036e+02 1.749564793600182355e+00
1.836889999999999930e+02 1.785545089287758458e+00
1.830329999999999870e+02 1.819946826220467662e+00
1.823760000000000048e+02 1.839570513217672731e+00
1.817189999999999941e+02 1.829593296997251706e+00
1.810620000000000118e+02 1.920109674182289172e+00
1.804050000000000011e+02 1.988343157979567399e+00
1.797500000000000000e+02 2.018015794130148866e+00
1.790929999999999893e+02 2.075811733933391690e+00
1.784360000000000070e+02 2.081920845952408783e+00
1.777789999999999964e+02 2.108641379633579671e+00
1.771220000000000141e+02 2.122034462491874329e+00
1.764650000000000034e+02 2.136935208238146977e+00
1.758069999999999879e+02 2.157658490455739653e+00
1.751500000000000057e+02 2.143122081920456612e+00
1.744939999999999998e+02 2.166704061314958629e+00
1.738369999999999891e+02 2.216757919918808550e+00
1.731790000000000020e+02 2.249129953372590585e+00
1.725219999999999914e+02 2.290265375073902376e+00
1.718640000000000043e+02 2.341599249635090363e+00
1.712059999999999889e+02 2.382589749219524045e+00
1.705490000000000066e+02 2.416260835867802381e+00
1.698909999999999911e+02 2.436683303938227851e+00
1.692330000000000041e+02 2.433719520851311380e+00
1.685749999999999886e+02 2.427823940190102281e+00
1.679190000000000111e+02 2.461348073817913207e+00
1.672609999999999957e+02 2.455439447416905896e+00
1.666030000000000086e+02 2.509301467690952858e+00
1.659449999999999932e+02 2.477153631082832153e+00
1.652870000000000061e+02 2.433407926769256324e+00
1.646279999999999859e+02 2.443520274754224175e+00
1.639699999999999989e+02 2.478340433344858429e+00
1.633120000000000118e+02 2.529124752181920233e+00
1.626539999999999964e+02 2.540630492477675695e+00
1.619950000000000045e+02 2.515812949992457526e+00
1.613369999999999891e+02 2.512802679576407350e+00
1.606779999999999973e+02 2.483677741541247652e+00
1.600190000000000055e+02 2.493703341451918298e+00
1.593609999999999900e+02 2.518227843918105613e+00
1.587040000000000077e+02 2.528252059373683913e+00
1.580449999999999875e+02 2.551219393410395053e+00
1.573859999999999957e+02 2.546718771770118739e+00
1.567270000000000039e+02 2.571108572131848735e+00
1.560680000000000121e+02 2.566628905008612627e+00
1.554089999999999918e+02 2.578011446647603844e+00
1.547500000000000000e+02 2.596570472272444086e+00
1.540910000000000082e+02 2.592078115287787643e+00
1.534319999999999879e+02 2.601956563712144455e+00
1.527729999999999961e+02 2.610391300585883645e+00
1.521140000000000043e+02 2.600116714778738736e+00
1.514540000000000077e+02 2.605680496734444684e+00
1.507949999999999875e+02 2.611207000546602597e+00
1.501359999999999957e+02 2.705693420387775383e+00
1.494759999999999991e+02 2.742743506088723748e+00
1.488170000000000073e+02 2.762502717302425026e+00
1.481570000000000107e+02 2.828086981900602481e+00
1.474970000000000141e+02 2.833475396833331494e+00
1.468379999999999939e+02 2.873158922633283208e+00
1.461779999999999973e+02 2.898520031976211442e+00
1.455180000000000007e+02 2.956685213617964880e+00
1.448580000000000041e+02 2.981957573791368610e+00
1.441980000000000075e+02 2.932972213471848555e+00
1.435380000000000109e+02 2.973903014064374073e+00
1.428779999999999859e+02 3.001942737700935560e+00
1.422179999999999893e+02 3.055603187782054420e+00
1.415579999999999927e+02 3.080722981848919684e+00
1.408979999999999961e+02 3.098680353513436181e+00
1.402379999999999995e+02 3.113757126592293645e+00
1.395769999999999982e+02 3.123132507064125374e+00
1.389170000000000016e+02 3.175125136478562204e+00
1.382560000000000002e+02 3.272406002597016528e+00
1.375960000000000036e+02 3.334126576381625906e+00
1.369350000000000023e+02 3.387284402669145766e+00
1.362750000000000057e+02 3.414863607888269481e+00
1.356140000000000043e+02 3.476396364696151320e+00
1.349540000000000077e+02 3.533574629115014520e+00
1.342930000000000064e+02 3.630273523155512105e+00
1.336320000000000050e+02 3.725412553982430541e+00
1.329710000000000036e+02 3.789386304546356943e+00
1.323100000000000023e+02 3.834931054029133257e+00
1.316490000000000009e+02 3.935383673940028526e+00
1.309879999999999995e+02 3.977941381001300236e+00
1.303269999999999982e+02 4.010618050880374597e+00
1.296659999999999968e+02 4.109359685411919649e+00
1.290049999999999955e+02 4.160191192678210470e+00
1.283420000000000130e+02 4.182836785064157681e+00
1.276809999999999974e+02 4.215287679363191486e+00
1.270190000000000055e+02 4.285556305734385951e+00
1.263580000000000041e+02 4.261782350093145766e+00
1.256959999999999980e+02 4.223982651523485288e+00
1.250349999999999966e+02 4.256282195383946920e+00
1.243730000000000047e+02 4.271780507095734869e+00
1.237120000000000033e+02 4.271817640118981352e+00
1.230499999999999972e+02 4.299843648744006153e+00
1.223880000000000052e+02 4.309631349305555581e+00
1.217259999999999991e+02 4.253801578884679024e+00
1.210639999999999930e+02 4.179895062669380046e+00
1.204030000000000058e+02 4.192567894295843089e+00
1.197409999999999997e+02 4.182910703565883459e+00
1.190780000000000030e+02 4.096664902149734999e+00
1.184150000000000063e+02 4.084156000320364299e+00
1.177530000000000001e+02 4.043992734788612431e+00
1.170909999999999940e+02 3.983010564732087033e+00
1.164279999999999973e+02 3.923480861285954635e+00
1.157660000000000053e+02 3.907090578694620397e+00
1.151039999999999992e+02 3.878192308679527134e+00
1.144410000000000025e+02 3.820245257014600160e+00
1.137789999999999964e+02 3.766474555583395833e+00
1.131159999999999997e+02 3.766843394512195520e+00
1.124539999999999935e+02 3.745034415918053750e+00
1.117890000000000015e+02 3.719028391706762360e+00
1.111269999999999953e+02 3.726318700118731897e+00
1.104639999999999986e+02 3.693499352189784979e+00
1.098010000000000019e+02 3.667636536530126001e+00
1.091380000000000052e+02 3.630781344144783152e+00
1.084749999999999943e+02 3.622911519547892478e+00
1.078119999999999976e+02 3.535188909574360050e+00
1.071490000000000009e+02 3.490277304780431855e+00
1.064849999999999994e+02 3.357074117154306592e+00
1.058209999999999980e+02 3.246314408513397254e+00
1.051580000000000013e+02 3.102729151389155948e+00
1.044950000000000045e+02 3.066421794404379675e+00
1.038319999999999936e+02 2.958820816275169019e+00
1.031680000000000064e+02 2.865009547040466842e+00
1.025049999999999955e+02 2.778159064818616297e+00
1.018400000000000034e+02 2.750249255729941833e+00
1.011760000000000019e+02 2.692343188222755312e+00
1.005130000000000052e+02 2.726150617212983462e+00
9.984900000000000375e+01 2.738033457823722649e+00
9.918529999999999802e+01 2.737626536241311470e+00
9.852150000000000318e+01 2.727576920193650167e+00
9.785769999999999413e+01 2.811675730822181585e+00
9.719230000000000302e+01 2.912234965374220774e+00
9.652830000000000155e+01 3.008397409650823917e+00
9.586430000000000007e+01 3.088022998496764870e+00
9.520029999999999859e+01 3.190698429101521238e+00
9.453610000000000468e+01 3.332646870640472603e+00
9.387199999999999989e+01 3.474406646889264927e+00
9.320619999999999550e+01 3.574236867098895321e+00
9.254200000000000159e+01 3.687157146228422722e+00
9.187760000000000105e+01 3.715892521739691201e+00
9.121320000000000050e+01 3.770345554962063250e+00
9.054879999999999995e+01 3.793571445804051923e+00
8.988280000000000314e+01 3.891270307902726433e+00
8.921819999999999595e+01 3.923844469143135338e+00
8.855360000000000298e+01 3.922596043971697810e+00
8.788890000000000668e+01 3.918632876477887272e+00
8.722419999999999618e+01 4.011845208018459452e+00
8.655939999999999657e+01 4.090042764719498791e+00
8.589300000000000068e+01 4.194011636826827427e+00
8.522809999999999775e+01 4.243725672438444896e+00
8.456319999999999482e+01 4.324338559893576850e+00
8.389820000000000277e+01 4.342975779321009533e+00
8.323160000000000025e+01 4.408737694386050343e+00
8.256650000000000489e+01 4.447427277429047976e+00
8.190130000000000621e+01 4.523704609395161391e+00
8.123609999999999332e+01 4.564954956576736222e+00
8.057080000000000553e+01 4.535102871421605286e+00
7.990389999999999304e+01 4.577694726589141894e+00
7.923850000000000193e+01 4.645570419823816799e+00
7.857299999999999329e+01 4.728093169859652889e+00
7.790749999999999886e+01 4.790427596435864466e+00
7.724039999999999395e+01 4.830123661593468398e+00
7.657479999999999620e+01 4.894982353829095523e+00
7.590909999999999513e+01 4.877016365611804183e+00
7.524339999999999407e+01 4.943103777453263348e+00
7.457760000000000389e+01 4.979820739477192504e+00
7.391020000000000323e+01 4.931175404266916473e+00
7.324429999999999552e+01 4.931876939174560270e+00
7.257829999999999870e+01 4.870083369122056638e+00
7.191230000000000189e+01 4.842909229527774251e+00
7.124469999999999459e+01 4.860864929372783472e+00
7.057850000000000534e+01 4.845682091190430363e+00
6.991230000000000189e+01 4.904787686204265640e+00
6.924609999999999843e+01 4.862986762653474848e+00
6.857829999999999870e+01 4.879663870796822955e+00
6.791190000000000282e+01 4.885655379766469686e+00
6.724550000000000693e+01 4.866487212668473283e+00
6.657750000000000057e+01 4.873778201116184761e+00
6.591100000000000136e+01 4.834858657149010419e+00
6.524439999999999884e+01 4.843501258454894653e+00
6.457769999999999300e+01 4.824425658309468012e+00
6.390950000000000131e+01 4.788162168289315623e+00
6.324269999999999925e+01 4.792850894559177455e+00
6.257589999999999719e+01 4.822502727482567586e+00
6.190899999999999892e+01 4.842929689212004618e+00
6.124060000000000059e+01 4.846303813956021500e+00
6.057359999999999900e+01 4.860094124030823082e+00
5.990659999999999741e+01 4.877861894597596226e+00
5.923799999999999955e+01 4.818064849154111151e+00
5.857079999999999842e+01 4.749286968500059380e+00
5.790359999999999729e+01 4.765751360350424015e+00
5.723629999999999995e+01 4.742895167353021080e+00
5.656750000000000256e+01 4.685965014305252474e+00
5.590010000000000190e+01 4.698500411918779207e+00
5.523270000000000124e+01 4.675696885714034856e+00
5.456360000000000099e+01 4.679094420636984886e+00
5.389609999999999701e+01 4.701973442244056223e+00
5.322849999999999682e+01 4.761360144498486768e+00
5.255930000000000035e+01 4.846811459781186215e+00
5.189159999999999684e+01 4.801850402141131902e+00
5.122379999999999711e+01 4.832413345629738011e+00
5.055440000000000111e+01 4.848649355737084221e+00
4.988660000000000139e+01 4.833643582152342688e+00
4.921860000000000213e+01 4.813518647321050281e+00
4.854910000000000281e+01 4.801093367721521510e+00
4.788100000000000023e+01 4.835456590041324887e+00
4.721289999999999765e+01 4.836026186997842480e+00
4.654319999999999879e+01 4.805549758485289757e+00
4.587500000000000000e+01 4.822965839302341351e+00
4.520669999999999789e+01 4.761464311119804727e+00
4.453679999999999950e+01 4.755608667239110687e+00
4.386840000000000117e+01 4.758834567032712570e+00
4.320000000000000284e+01 4.813701228082764239e+00
4.252989999999999782e+01 4.787131294323870634e+00
4.186129999999999995e+01 4.747790518929488890e+00
4.119270000000000209e+01 4.671095342249731885e+00
4.052250000000000085e+01 4.654984631294450281e+00
3.985379999999999967e+01 4.664691260429707498e+00
3.918500000000000227e+01 4.697516037326715299e+00
3.851460000000000150e+01 4.694259113034585873e+00
3.784570000000000078e+01 4.680748195311470461e+00
3.717519999999999669e+01 4.640331975931611730e+00
3.650619999999999976e+01 4.612771124461442440e+00
3.583709999999999951e+01 4.626263475970451289e+00
3.516640000000000299e+01 4.634609188623292297e+00
3.449719999999999942e+01 4.600740386760539202e+00
3.382800000000000296e+01 4.598844821892908996e+00
3.315709999999999980e+01 4.554736637566752400e+00
3.248780000000000001e+01 4.464822526111791312e+00
3.181680000000000064e+01 4.437426313535602240e+00
3.114730000000000132e+01 4.438222451247516354e+00
3.047779999999999845e+01 4.465741934674928082e+00
2.980669999999999931e+01 4.367120413708256876e+00
2.913700000000000045e+01 4.359046297588913710e+00
2.846730000000000160e+01 4.366225328240863846e+00
2.779599999999999937e+01 4.291994621983771907e+00
2.712620000000000076e+01 4.262363131278184447e+00
2.645479999999999876e+01 4.247948614379311927e+00
2.578490000000000038e+01 4.208301037091785268e+00
2.511329999999999885e+01 4.122928483717825721e+00
2.444330000000000069e+01 4.027666050358822858e+00
2.377319999999999922e+01 4.016098466862285221e+00
2.310150000000000148e+01 3.903163639602115431e+00
2.243130000000000024e+01 3.834830018338602375e+00
2.175949999999999918e+01 3.766363817218860710e+00
2.108909999999999840e+01 3.680521624783110290e+00
2.041870000000000118e+01 3.626341174466588324e+00
1.974680000000000035e+01 3.502729409371157399e+00
1.907629999999999981e+01 3.432365691036738831e+00
1.840419999999999945e+01 3.374487677791669693e+00
1.773349999999999937e+01 3.284148553432069129e+00
1.706129999999999924e+01 3.265458440620742309e+00
1.639059999999999917e+01 3.172820421827849291e+00
1.571979999999999933e+01 3.119182401948212835e+00
1.504739999999999966e+01 3.100638488172439811e+00
1.437650000000000006e+01 3.055864391811462077e+00
1.370410000000000039e+01 3.058729674701710533e+00
1.303299999999999947e+01 3.001552896404708459e+00
1.236040000000000028e+01 2.970652534968083902e+00
1.168929999999999936e+01 2.933615923972872963e+00
1.101660000000000039e+01 2.959019515954427249e+00
1.034529999999999994e+01 3.095425877055453245e+00
9.672489999999999810e+00 3.205638355225605363e+00
9.001129999999999853e+00 3.327866116657485662e+00
8.329710000000000392e+00 3.428695307565721606e+00
7.656710000000000349e+00 3.635610294608733195e+00
6.985170000000000101e+00 4.146241724629444292e+00
6.312050000000000161e+00 4.676224480832541275e+00
5.640399999999999636e+00 5.226683978409868203e+00
4.967170000000000307e+00 5.696849855152557041e+00
4.295410000000000394e+00 6.099336922501517044e+00
3.622059999999999835e+00 6.501054873803949086e+00
2.950180000000000025e+00 6.876425351460042634e+00
2.276720000000000077e+00 7.297841122973358630e+00
1.604729999999999990e+00 7.609390781244665725e+00
9.311519999999999797e-01 7.653661406573751158e+00
2.590439999999999965e-01 7.650502433194488638e+00
