6.869719999999999800e+02 -6.030850341313166892e-03
6.863600000000000136e+02 1.074220568318788420e-02
6.857469999999999573e+02 1.425602653624596233e-02
6.851349999999999909e+02 2.750791965836407379e-02
6.845230000000000246e+02 2.480240627545730533e-02
6.839120000000000346e+02 3.020319325231310068e-02
6.832989999999999782e+02 1.938632897114065876e-02
6.826870000000000118e+02 4.640331174731623931e-02
6.820739999999999554e+02 -1.843802250099887963e-02
6.814610000000000127e+02 -2.168209320964313569e-02
6.808490000000000464e+02 -3.462811656406803579e-02
6.802359999999999900e+02 1.006738010207282796e-03
6.796230000000000473e+02 2.367349775186823949e-02
6.790099999999999909e+02 4.216258354090394664e-03
6.783980000000000246e+02 -1.522929537508940084e-02
6.777859999999999445e+02 -4.424819078788574944e-02
6.771730000000000018e+02 -1.193313331308834546e-02
6.765599999999999454e+02 -5.480315096874919904e-03
6.759470000000000027e+02 -4.108023906653382462e-02
6.753339999999999463e+02 3.981647614526819673e-02
6.747210000000000036e+02 -5.723133001603975673e-02
6.741079999999999472e+02 -3.134754411924831757e-02
6.734940000000000282e+02 8.830828200450067944e-02
6.728809999999999718e+02 9.801304071411436059e-02
6.722680000000000291e+02 8.506744466824830986e-02
6.716539999999999964e+02 2.685540163730118501e-02
6.710410000000000537e+02 -2.241699596158977428e-03
6.704270000000000209e+02 7.448364510147329615e-03
6.698150000000000546e+02 -5.070519810957053314e-02
6.692010000000000218e+02 3.978922265473523040e-02
6.685879999999999654e+02 6.561910527394369808e-02
6.679740000000000464e+02 1.066148782776201939e-02
6.673600000000000136e+02 2.037201746888057940e-02
6.667459999999999809e+02 4.297888091269688737e-02
6.661330000000000382e+02 3.975810280471487462e-02
6.655190000000000055e+02 2.360766447558016248e-02
6.649049999999999727e+02 -2.218059691730136368e-03
6.642910000000000537e+02 -2.803053010503519377e-02
6.636770000000000209e+02 -7.644626398236405163e-02
6.630629999999999882e+02 -1.313053135389903869e-01
6.624479999999999791e+02 -1.700221547553064094e-01
6.618339999999999463e+02 -1.506478413199639765e-01
6.612200000000000273e+02 -1.667683173517537365e-01
6.606059999999999945e+02 -1.893228794898346445e-01
6.599909999999999854e+02 -1.570509003313757812e-01
6.593769999999999527e+02 -1.473561869532253321e-01
6.587619999999999436e+02 -6.995002836546705682e-02
6.581480000000000246e+02 -5.381947939749129328e-02
6.575330000000000155e+02 -4.091686453556303560e-02
6.569189999999999827e+02 2.032988110013104685e-02
6.563039999999999736e+02 7.434505694682776687e-03
6.556889999999999645e+02 4.287775005027829461e-02
6.550750000000000455e+02 7.833322050799731984e-02
6.544600000000000364e+02 8.476076127917012148e-02
6.538450000000000273e+02 1.234101503388757709e-01
6.532300000000000182e+02 1.008462801132773978e-01
6.526150000000000091e+02 5.897669332192879976e-02
6.520000000000000000e+02 6.863781836188204144e-02
6.513849999999999909e+02 8.792896257763484213e-02
6.507699999999999818e+02 1.072362387199019274e-01
6.501549999999999727e+02 3.319355988650332656e-02
6.495389999999999873e+02 4.233424638949285362e-03
6.489239999999999782e+02 -1.186649724970026756e-02
6.483089999999999691e+02 -1.830818371901394431e-02
6.476929999999999836e+02 -6.656448759538928506e-02
6.470779999999999745e+02 2.030397657803022574e-02
6.464629999999999654e+02 1.065770104561877991e-02
6.458469999999999800e+02 -1.833392702492021506e-02
6.452319999999999709e+02 -3.765618100340770158e-02
6.446159999999999854e+02 4.273461549287334293e-02
6.439990000000000236e+02 8.781338618039859212e-02
6.433830000000000382e+02 4.277963854163799318e-02
6.427670000000000528e+02 -1.508728452231223108e-02
6.421520000000000437e+02 3.313363093234936857e-02
6.415359999999999445e+02 -2.791772923613791355e-02
6.409199999999999591e+02 -5.360720373847746578e-02
6.403039999999999736e+02 -7.289219593550651244e-02
6.396879999999999882e+02 -9.215855385446042325e-02
6.390720000000000027e+02 -9.215412799759409301e-02
6.384560000000000173e+02 -7.930957594026487312e-02
6.378400000000000318e+02 -4.719304035842112471e-02
6.372229999999999563e+02 9.773698876107883224e-04
6.366069999999999709e+02 -1.508256246238289487e-02
6.359909999999999854e+02 -2.469043735806297074e-02
6.353730000000000473e+02 1.703284701687804784e-02
6.347569999999999482e+02 -2.469126058958335743e-02
6.341399999999999864e+02 -2.147921717659806440e-02
6.335240000000000009e+02 -3.750565823404526655e-02
6.329070000000000391e+02 -7.599241122569272422e-02
6.322899999999999636e+02 7.391996373250027744e-03
6.316739999999999782e+02 1.057769958854465689e-02
6.310570000000000164e+02 2.979762304544429641e-02
6.304400000000000546e+02 6.827318764472881107e-02
6.298220000000000027e+02 7.155401450156279042e-02
6.292050000000000409e+02 1.003697265768320745e-01
6.285879999999999654e+02 1.163774105512619950e-01
6.279710000000000036e+02 9.072286193106779417e-02
6.273540000000000418e+02 1.516200700590510098e-01
6.267369999999999663e+02 2.665058260673578913e-02
6.261200000000000045e+02 1.704273236738105407e-02
6.255030000000000427e+02 4.262648167480088263e-02
6.248840000000000146e+02 -2.785225771809903342e-02
6.242670000000000528e+02 -4.064546301983350957e-02
6.236499999999999773e+02 -6.946045462470080978e-02
6.230320000000000391e+02 -8.223837206152397050e-02
6.224149999999999636e+02 -9.501312222381649852e-02
6.217980000000000018e+02 -1.718329835993772647e-01
6.211799999999999500e+02 -9.500329041716105982e-02
6.205610000000000355e+02 -6.938956175871674459e-02
6.199429999999999836e+02 -1.461700241108085940e-01
6.193260000000000218e+02 -1.301753749034071650e-01
6.187079999999999700e+02 -1.301660453360664327e-01
6.180900000000000318e+02 -4.382112884210597609e-02
6.174719999999999800e+02 -2.464695176027203657e-02
6.168529999999999518e+02 4.212651522328595723e-03
6.162350000000000136e+02 1.697425863274343305e-02
6.156169999999999618e+02 1.057805880409760577e-02
6.149990000000000236e+02 -4.056950921929273340e-02
6.143809999999999718e+02 1.695409065056734110e-02
6.137630000000000337e+02 6.172826322254560544e-02
6.131430000000000291e+02 8.405409588930048970e-02
6.125249999999999773e+02 7.447916334386929516e-02
6.119070000000000391e+02 9.999937648332053730e-02
6.112889999999999873e+02 7.123869067981571102e-02
6.106699999999999591e+02 6.169652403631516180e-02
6.100510000000000446e+02 2.331922019825682577e-02
6.094320000000000164e+02 5.206055191320030362e-02
6.088139999999999645e+02 7.391547887137207493e-03
6.081950000000000500e+02 6.483714075198407367e-02
6.075760000000000218e+02 3.292440260557657344e-02
6.069560000000000173e+02 5.847243989966680044e-02
6.063379999999999654e+02 2.334302301155231560e-02
6.057190000000000509e+02 6.158637981191457389e-02
6.051000000000000227e+02 7.434647389013375463e-02
6.044809999999999945e+02 1.158118684034055157e-01
6.038609999999999900e+02 9.665380016203942160e-02
6.032419999999999618e+02 1.412949800402001910e-01
6.026230000000000473e+02 1.189567935904245061e-01
6.020040000000000191e+02 9.985376671585124986e-02
6.013830000000000382e+02 7.352864314993314172e-03
6.007640000000000100e+02 1.055313321776998534e-02
6.001449999999999818e+02 -3.086574746208332540e-02
5.995249999999999773e+02 -5.355108829436953932e-03
5.989049999999999727e+02 -5.956147129978321686e-02
5.982849999999999682e+02 -1.812455417505138416e-02
5.976660000000000537e+02 -7.544601349629373455e-02
5.970460000000000491e+02 -1.136910585183467243e-01
5.964249999999999545e+02 -9.454149319667279339e-02
5.958060000000000400e+02 -5.632592545248184257e-02
5.951860000000000355e+02 -8.178926984533708977e-02
5.945670000000000073e+02 -6.585504351198977202e-02
5.939450000000000500e+02 -6.584669093637250670e-02
5.933260000000000218e+02 -1.492364604191943195e-02
5.927060000000000173e+02 -4.039995955988464477e-02
5.920860000000000127e+02 7.325207161346102523e-03
5.914650000000000318e+02 1.371454735911579147e-02
5.908450000000000273e+02 7.350833044974814864e-03
5.902250000000000227e+02 -4.670632683359153547e-02
5.896029999999999518e+02 -2.765364219309761687e-02
5.889829999999999472e+02 -2.126997692663322101e-02
5.883630000000000564e+02 2.323712176921964231e-02
5.877419999999999618e+02 4.543891947810883153e-02
5.871209999999999809e+02 2.005951751478771139e-02
5.865000000000000000e+02 -1.173154907136705720e-02
5.858799999999999955e+02 4.124433507275358270e-03
5.852580000000000382e+02 -3.079271510985786067e-02
5.846380000000000337e+02 -2.182492351440650305e-03
5.840170000000000528e+02 -1.801008198206213370e-02
5.833949999999999818e+02 6.449655098287977728e-02
5.827740000000000009e+02 -3.077019687704642126e-02
5.821539999999999964e+02 -2.129513761125571142e-02
5.815320000000000391e+02 -1.487398221916676026e-02
5.809109999999999445e+02 2.954390096233871707e-02
5.802899999999999636e+02 7.293838629181747038e-03
5.796680000000000064e+02 2.635579530095531406e-02
5.790470000000000255e+02 -8.533479017983663234e-03
5.784260000000000446e+02 1.689887346560671813e-02
5.778049999999999500e+02 -9.730669406634961938e-02
5.771820000000000164e+02 -7.513749512231097938e-02
5.765610000000000355e+02 -1.448778471590630723e-01
5.759379999999999882e+02 -1.575924178517452978e-01
5.753170000000000073e+02 -1.924246680747622174e-01
5.746960000000000264e+02 -1.765956345434607777e-01
5.740729999999999791e+02 -5.602797500967770378e-02
5.734519999999999982e+02 -2.438572386779463627e-02
5.728300000000000409e+02 -2.266196004477172808e-03
5.722069999999999936e+02 5.805192960764909982e-02
5.715860000000000127e+02 5.800345154144245091e-02
5.709640000000000555e+02 5.484166181919006289e-02
5.703410000000000082e+02 5.163277747886604874e-02
5.697190000000000509e+02 4.536009732406973138e-02
5.690979999999999563e+02 2.641486382381301457e-02
5.684740000000000464e+02 -2.751349294441100130e-02
5.678529999999999518e+02 -2.117109530903851095e-02
5.672290000000000418e+02 -6.232132779680351481e-02
5.666069999999999709e+02 -6.232017142352425099e-02
5.659850000000000136e+02 -3.703478979793180942e-02
5.653619999999999663e+02 1.004199340214883499e-03
5.647400000000000091e+02 1.047553067788110567e-02
5.641169999999999618e+02 1.682184250524712196e-02
5.634940000000000282e+02 9.764845907634560687e-04
5.628719999999999573e+02 -3.380041634175323662e-02
5.622480000000000473e+02 -5.341655337558943312e-03
5.616250000000000000e+02 5.472246860332129204e-02
5.610030000000000427e+02 1.399610918895283773e-01
5.603790000000000191e+02 1.305688646531097674e-01
5.597569999999999482e+02 9.890379710341402897e-02
5.591330000000000382e+02 1.495176443868314609e-01
5.585099999999999909e+02 1.621175660420788867e-01
5.578859999999999673e+02 1.462649720562112232e-01
5.572630000000000337e+02 2.094758945285526142e-01
5.566399999999999864e+02 1.463705173412863658e-01
5.560159999999999627e+02 1.399327131666560919e-01
5.553930000000000291e+02 1.991529671040410260e-02
5.547690000000000055e+02 1.044713275652101210e-02
5.541459999999999582e+02 -5.312251169378545516e-03
5.535209999999999582e+02 -5.338834262560653542e-03
5.528980000000000246e+02 1.359932689193383941e-02
5.522749999999999773e+02 5.148125156182928319e-02
5.516509999999999536e+02 6.408267328554306808e-02
5.510270000000000437e+02 8.613907634014598969e-02
5.504030000000000200e+02 8.616198786618779748e-02
5.497789999999999964e+02 1.365499521627258905e-01
5.491549999999999727e+02 1.428943413762947534e-01
5.485309999999999491e+02 1.618029469391119579e-01
5.479059999999999491e+02 1.901382947579311755e-01
5.472830000000000155e+02 1.648999433261867931e-01
5.466589999999999918e+02 1.806733921855517844e-01
5.460339999999999918e+02 1.869125709057295748e-01
5.454099999999999682e+02 2.215394499827475494e-01
5.447849999999999682e+02 2.026254790322180865e-01
5.441609999999999445e+02 1.458829741576775640e-01
5.435359999999999445e+02 1.868154551993063128e-01
5.429120000000000346e+02 1.836823024005241889e-01
5.422870000000000346e+02 1.080277540795961250e-01
5.416630000000000109e+02 1.332591921229806520e-01
5.410370000000000346e+02 1.457881044572322815e-01
5.404130000000000109e+02 6.393309247194611800e-02
5.397880000000000109e+02 7.651537805821380378e-02
5.391630000000000109e+02 4.187893333598801532e-02
5.385380000000000109e+02 4.187347507172368977e-02
5.379139999999999873e+02 4.814728061201104664e-02
5.372880000000000109e+02 3.557732612025447938e-02
5.366630000000000109e+02 6.704909058982562453e-02
5.360370000000000346e+02 7.645552357512673536e-02
5.354130000000000109e+02 6.384605980953915461e-02
5.347870000000000346e+02 9.215741940832027079e-02
5.341620000000000346e+02 9.839256412626259940e-02
5.335359999999999445e+02 1.267123678426531341e-01
5.329109999999999445e+02 1.172731904752142562e-01
5.322849999999999682e+02 1.109656019884112388e-01
5.316599999999999682e+02 1.298185680200023007e-01
5.310339999999999918e+02 1.769029917718208389e-01
5.304089999999999918e+02 2.145438569811485841e-01
5.297830000000000155e+02 2.365304620532502344e-01
5.291580000000000155e+02 2.898027429035953118e-01
5.285309999999999491e+02 2.521561998548733641e-01
5.279049999999999727e+02 2.615901539444910329e-01
5.272799999999999727e+02 3.148924142244032276e-01
5.266530000000000200e+02 3.305461627236794264e-01
5.260280000000000200e+02 3.525138243674486027e-01
5.254009999999999536e+02 3.241694672067922389e-01
5.247759999999999536e+02 2.425986975478948982e-01
5.241490000000000009e+02 2.833120236251767121e-01
5.235230000000000246e+02 2.267891405074209110e-01
5.228959999999999582e+02 2.895106469192159637e-01
5.222709999999999582e+02 3.333244340589140431e-01
5.216440000000000055e+02 3.364569180773626655e-01
5.210159999999999627e+02 2.862678482616038966e-01
5.203909999999999627e+02 2.987698721609674535e-01
5.197630000000000337e+02 3.175306080845091694e-01
5.191380000000000337e+02 3.426156629925536379e-01
5.185099999999999909e+02 2.986450118310664537e-01
5.178840000000000146e+02 2.767338571408772263e-01
5.172569999999999482e+02 2.453216306277407610e-01
5.166299999999999955e+02 1.700975731478975295e-01
5.160030000000000427e+02 2.201737680124483121e-01
5.153759999999999764e+02 2.640073617241060489e-01
5.147500000000000000e+02 2.545722519722515842e-01
5.141219999999999573e+02 2.545318239813041949e-01
5.134940000000000282e+02 2.670398623673811422e-01
5.128680000000000518e+02 2.450747592013723941e-01
5.122400000000000091e+02 2.982578365828138511e-01
5.116139999999999759e+02 3.044631949626170897e-01
5.109859999999999900e+02 2.700341915085240907e-01
5.103580000000000041e+02 2.073921407375353965e-01
5.097309999999999945e+02 2.011562522428814170e-01
5.091030000000000086e+02 1.667005277109721295e-01
5.084759999999999991e+02 1.792001565392541962e-01
5.078480000000000132e+02 2.104224465210771944e-01
5.072200000000000273e+02 2.291788470751205120e-01
5.065930000000000177e+02 2.040813195207494546e-01
5.059649999999999750e+02 1.728408714393973034e-01
5.053360000000000127e+02 2.196924756870191064e-01
5.047090000000000032e+02 2.477911277414503177e-01
5.040810000000000173e+02 1.821579745234130632e-01
5.034519999999999982e+02 2.101865691113256884e-01
5.028249999999999886e+02 1.665267515172230983e-01
5.021960000000000264e+02 9.776037841864354538e-02
5.015690000000000168e+02 4.160340949992685777e-02
5.009399999999999977e+02 9.840243206050195389e-04
5.003109999999999786e+02 -8.414771902054824643e-03
4.996840000000000259e+02 -2.396590779649952069e-02
4.990550000000000068e+02 1.031239200677461915e-02
4.984259999999999877e+02 7.275281368962104034e-02
4.977980000000000018e+02 6.332251328691039516e-02
4.971689999999999827e+02 7.269300284862881267e-02
4.965400000000000205e+02 9.143193531402526997e-02
4.959119999999999777e+02 1.568527127420112632e-01
4.952830000000000155e+02 1.537538649450514161e-01
4.946539999999999964e+02 1.350056818045356211e-01
4.940260000000000105e+02 1.973981604102562903e-01
4.933969999999999914e+02 1.349898538171405149e-01
4.927669999999999959e+02 1.100385091129551657e-01
4.921390000000000100e+02 1.567473071982341815e-01
4.915099999999999909e+02 1.754213264785071946e-01
4.908799999999999955e+02 1.754180241856005407e-01
4.902500000000000000e+02 1.193380994700869169e-01
4.896220000000000141e+02 1.971462443700775224e-01
4.889920000000000186e+02 2.438524108633216003e-01
4.883629999999999995e+02 1.628557191376005520e-01
4.877339999999999804e+02 1.535410097422958697e-01
4.871039999999999850e+02 1.752838923434683338e-01
4.864739999999999895e+02 1.596844772164992821e-01
4.858460000000000036e+02 8.189483979247536016e-02
4.852160000000000082e+02 7.565381313889703307e-02
4.845860000000000127e+02 1.098471414614331371e-01
4.839549999999999841e+02 5.073347307735215361e-02
4.833269999999999982e+02 1.191018565032601895e-01
4.826960000000000264e+02 1.626592337764168616e-01
4.820659999999999741e+02 2.124106308808005605e-01
4.814370000000000118e+02 1.657045604528552818e-01
4.808070000000000164e+02 2.123065770840979472e-01
4.801759999999999877e+02 3.024459759366667222e-01
4.795459999999999923e+02 3.428146713548809177e-01
4.789169999999999732e+02 3.427552015038895505e-01
4.782860000000000014e+02 3.241001939266214826e-01
4.776549999999999727e+02 2.618968235697123337e-01
4.770249999999999773e+02 2.867046438128893482e-01
4.763949999999999818e+02 2.525222994954649525e-01
4.757640000000000100e+02 3.766835623944336797e-01
4.751329999999999814e+02 3.486880245179728721e-01
4.745020000000000095e+02 3.610926772371527149e-01
4.738729999999999905e+02 2.927062812673189018e-01
4.732420000000000186e+02 2.709608844785180715e-01
4.726109999999999900e+02 3.298868278427203871e-01
4.719800000000000182e+02 3.515422579219661947e-01
4.713500000000000227e+02 3.453502217921357587e-01
4.707189999999999941e+02 3.576982746469276608e-01
4.700869999999999891e+02 2.800826766245633204e-01
4.694560000000000173e+02 1.901101443593906370e-01
4.688249999999999886e+02 1.156725149049554063e-01
4.681949999999999932e+02 2.179753448604845878e-01
4.675629999999999882e+02 2.799311264836691349e-01
4.669309999999999832e+02 2.489047050241105508e-01
4.663000000000000114e+02 1.961863664162035725e-01
4.656700000000000159e+02 2.363957864810650733e-01
4.650380000000000109e+02 2.580448109365752196e-01
4.644060000000000059e+02 2.270715714738598401e-01
4.637740000000000009e+02 3.075802304526754627e-01
4.631419999999999959e+02 3.539733139877912493e-01
4.625120000000000005e+02 3.631950461142797182e-01
4.618799999999999955e+02 3.167100676085294886e-01
4.612479999999999905e+02 3.074132558685721550e-01
4.606159999999999854e+02 3.568897902064965821e-01
4.599839999999999804e+02 3.506581642724681536e-01
4.593519999999999754e+02 3.103890312803015972e-01
4.587210000000000036e+02 3.691271587506960161e-01
4.580880000000000223e+02 3.381539228228322980e-01
4.574560000000000173e+02 3.195419686327587994e-01
4.568240000000000123e+02 2.638282991369693686e-01
4.561909999999999741e+02 2.792474637051019504e-01
4.555600000000000023e+02 2.792629133408678910e-01
4.549279999999999973e+02 3.193612549883673157e-01
4.542950000000000159e+02 3.038421293329422457e-01
4.536619999999999777e+02 2.667325195829080009e-01
4.530299999999999727e+02 2.450710204478412924e-01
4.523969999999999914e+02 3.037511046262678649e-01
4.517660000000000196e+02 2.820771567429217197e-01
4.511329999999999814e+02 3.129151957527060435e-01
4.505000000000000000e+02 3.128724228199139534e-01
4.498670000000000186e+02 3.282837274679820672e-01
4.492339999999999804e+02 2.603021864964178422e-01
4.486009999999999991e+02 2.294002088638299186e-01
4.479680000000000177e+02 3.219685948642937445e-01
4.473360000000000127e+02 3.126718869890940389e-01
4.467029999999999745e+02 2.971655719857365097e-01
4.460690000000000168e+02 3.526725302140045759e-01
4.454359999999999786e+02 3.186937874584468422e-01
4.448029999999999973e+02 3.094091469697393681e-01
4.441689999999999827e+02 3.371257879369565225e-01
4.435360000000000014e+02 3.709960657045984211e-01
4.429019999999999868e+02 4.357052599370860313e-01
4.422699999999999818e+02 3.770471698189480358e-01
4.416360000000000241e+02 4.263111631426510506e-01
4.410029999999999859e+02 4.231704428986318711e-01
4.403690000000000282e+02 3.861439108313138302e-01
4.397350000000000136e+02 3.860974771080278867e-01
4.391009999999999991e+02 3.768148126027048850e-01
4.384669999999999845e+02 3.059040139655669344e-01
4.378330000000000268e+02 3.274094011352561284e-01
4.371990000000000123e+02 3.027401448836215536e-01
4.365649999999999977e+02 3.242466663399782290e-01
4.359329999999999927e+02 2.534021173574684815e-01
4.352980000000000018e+02 2.102693340643290165e-01
4.346639999999999873e+02 2.071690236232152926e-01
4.340299999999999727e+02 2.163665350308349444e-01
4.333960000000000150e+02 2.163367142766318696e-01
4.327610000000000241e+02 2.963015401123398895e-01
4.321270000000000095e+02 2.685673841807987294e-01
4.314920000000000186e+02 2.223922348003749272e-01
4.308580000000000041e+02 2.008334345638911056e-01
4.302230000000000132e+02 2.223374614676611460e-01
4.295889999999999986e+02 2.561273284878841650e-01
4.289540000000000077e+02 2.130335998223958360e-01
4.283190000000000168e+02 2.406811223271533851e-01
4.276859999999999786e+02 2.406877561019483969e-01
4.270509999999999877e+02 2.068260402781205709e-01
4.264159999999999968e+02 1.729935937800595736e-01
4.257810000000000059e+02 2.067555101212084356e-01
4.251460000000000150e+02 2.312998394697292903e-01
4.245110000000000241e+02 2.773290882613182462e-01
4.238759999999999764e+02 2.803547999552746806e-01
4.232409999999999854e+02 3.079623018967634351e-01
4.226050000000000182e+02 2.710805352796588075e-01
4.219700000000000273e+02 2.771885610292074142e-01
4.213349999999999795e+02 2.863573154012158950e-01
4.206990000000000123e+02 3.292718542326948383e-01
4.200640000000000214e+02 3.322943783055327116e-01
4.194289999999999736e+02 3.690484612441601864e-01
4.187930000000000064e+02 2.984544597472916783e-01
4.181569999999999823e+02 2.830782765818365410e-01
4.175219999999999914e+02 3.014446336740835841e-01
4.168860000000000241e+02 3.688432487283718197e-01
4.162500000000000000e+02 4.025141200993144763e-01
4.156150000000000091e+02 4.085952496170520143e-01
4.149789999999999850e+02 4.207909416260185442e-01
4.143430000000000177e+02 4.329832142901050562e-01
4.137069999999999936e+02 3.900276111337759866e-01
4.130710000000000264e+02 4.543072112109862726e-01
4.124350000000000023e+02 4.848748306775577110e-01
4.117989999999999782e+02 5.093151819100965039e-01
4.111630000000000109e+02 4.908640976190487004e-01
4.105260000000000105e+02 4.724312558627559167e-01
4.098899999999999864e+02 4.876722653848192257e-01
4.092540000000000191e+02 4.202763502114982286e-01
4.086170000000000186e+02 4.263320390820499739e-01
4.079809999999999945e+02 4.538134349207398333e-01
4.073439999999999941e+02 4.353919055121331927e-01
4.067080000000000268e+02 4.169755982274653827e-01
4.060710000000000264e+02 4.658451337640084344e-01
4.054350000000000023e+02 3.985020146426071497e-01
4.047980000000000018e+02 4.076267103228221056e-01
4.041610000000000014e+02 3.953394794532528178e-01
4.035240000000000009e+02 4.258617659978287673e-01
4.028879999999999768e+02 3.616185284526126087e-01
4.022509999999999764e+02 3.921171480401961507e-01
4.016139999999999759e+02 3.248472890747314823e-01
4.009769999999999754e+02 3.309125234222288769e-01
4.003399999999999750e+02 2.605953144242617037e-01
3.997029999999999745e+02 3.155404094925310932e-01
3.990649999999999977e+02 2.971648205262090725e-01
3.984279999999999973e+02 2.391361955808287143e-01
3.977909999999999968e+02 2.238495611967489807e-01
3.971519999999999868e+02 2.176398577897881714e-01
3.965149999999999864e+02 1.718695735053454854e-01
3.958770000000000095e+02 1.962478931533172266e-01
3.952400000000000091e+02 1.290997845698745317e-01
3.946019999999999754e+02 1.778992499905373836e-01
3.939649999999999750e+02 1.260061956293960783e-01
3.933269999999999982e+02 1.198879582178387915e-01
3.926890000000000214e+02 1.900102037057398718e-01
3.920520000000000209e+02 1.777925133552319958e-01
3.914139999999999873e+02 2.326354718899869001e-01
3.907760000000000105e+02 2.356248579558424261e-01
3.901379999999999768e+02 3.148091858278139754e-01
3.895000000000000000e+02 3.848874057983802111e-01
3.888609999999999900e+02 3.483320116172970438e-01
3.882230000000000132e+02 3.573969390462675144e-01
3.875849999999999795e+02 3.938963957219983048e-01
3.869460000000000264e+02 4.273394860406352080e-01
3.863079999999999927e+02 4.668707990102680672e-01
3.856700000000000159e+02 4.911589270868926271e-01
3.850319999999999823e+02 5.184848178763148407e-01
3.843929999999999723e+02 4.696972951819876618e-01
3.837549999999999955e+02 5.000490783397635308e-01
3.831159999999999854e+02 4.848008902113241092e-01
3.824759999999999991e+02 4.786068095186544191e-01
3.818380000000000223e+02 4.602972491811655464e-01
3.811990000000000123e+02 3.842000540455430269e-01
3.805600000000000023e+02 4.267416145314832376e-01
3.799220000000000255e+02 4.084339648030158032e-01
3.792830000000000155e+02 3.627578649704596425e-01
3.786440000000000055e+02 3.930966800478628564e-01
3.780049999999999955e+02 3.626023966626960582e-01
3.773650000000000091e+02 3.747875333087319905e-01
3.767259999999999991e+02 4.871724743816337466e-01
3.760860000000000127e+02 4.779742090601330484e-01
3.754470000000000027e+02 5.781466479665513525e-01
3.748079999999999927e+02 5.719561920381137643e-01
3.741689999999999827e+02 6.022218532610926767e-01
3.735299999999999727e+02 6.355616792893773459e-01
3.728890000000000100e+02 6.446394091928787651e-01
3.722500000000000000e+02 5.959385797751136638e-01
3.716100000000000136e+02 6.747855538673347420e-01
3.709710000000000036e+02 6.200632491440426497e-01
3.703310000000000173e+02 5.957691540541408814e-01
3.696909999999999741e+02 5.774391272920496032e-01
3.690500000000000114e+02 5.924997242474590031e-01
3.684110000000000014e+02 5.620876140286064082e-01
3.677710000000000150e+02 5.498688800574191848e-01
3.671309999999999718e+02 5.255233592291721489e-01
3.664909999999999854e+02 6.043033069456401618e-01
3.658509999999999991e+02 5.587088470151357900e-01
3.652099999999999795e+02 5.586616536579491754e-01
3.645699999999999932e+02 6.282647019988409909e-01
3.639300000000000068e+02 6.160598841306612616e-01
3.632900000000000205e+02 6.098857235219174999e-01
3.626490000000000009e+02 6.249263989934307206e-01
3.620079999999999814e+02 6.097372140150246755e-01
3.613670000000000186e+02 6.005573358225344549e-01
3.607269999999999754e+02 5.581023945140224374e-01
3.600869999999999891e+02 5.761958215024095553e-01
3.594460000000000264e+02 5.216730512103520123e-01
3.588039999999999736e+02 4.821369639858555933e-01
3.581639999999999873e+02 4.669746776406307198e-01
3.575230000000000246e+02 4.306080674812528541e-01
3.568829999999999814e+02 4.849487683324840148e-01
3.562420000000000186e+02 4.697662782683608707e-01
3.556000000000000227e+02 4.788187139947988058e-01
3.549590000000000032e+02 5.029314371712839682e-01
3.543179999999999836e+02 4.544770309770846395e-01
3.536770000000000209e+02 4.695616301301397955e-01
3.530350000000000250e+02 5.389907401890483563e-01
3.523940000000000055e+02 5.570487387319609240e-01
3.517520000000000095e+02 5.569685133546299349e-01
3.511109999999999900e+02 4.511154815104695404e-01
3.504689999999999941e+02 4.903466346496478390e-01
3.498269999999999982e+02 5.053736382320104248e-01
3.491859999999999786e+02 4.962396826219779289e-01
3.485450000000000159e+02 4.871409419206895741e-01
3.479019999999999868e+02 4.779532758287090566e-01
3.472599999999999909e+02 4.477259452673477136e-01
3.466190000000000282e+02 4.416175928383893057e-01
3.459769999999999754e+02 4.294744228885225001e-01
3.453340000000000032e+02 4.686566439065571466e-01
3.446929999999999836e+02 4.927214042820861062e-01
3.440509999999999877e+02 4.745356820638667039e-01
3.434089999999999918e+02 4.684276395002698878e-01
3.427660000000000196e+02 4.382123919836805048e-01
3.421240000000000236e+02 5.014899243584391986e-01
3.414820000000000277e+02 5.164867851413191824e-01
3.408399999999999750e+02 5.133647964200146463e-01
3.401970000000000027e+02 5.404582109427007452e-01
3.395539999999999736e+02 5.463946055413948510e-01
3.389119999999999777e+02 5.312223462840867105e-01
3.382690000000000055e+02 5.462688617711244365e-01
3.376259999999999764e+02 6.214710144127787439e-01
3.369839999999999804e+02 6.695749262723552642e-01
3.363419999999999845e+02 6.423922921827148746e-01
3.356979999999999791e+02 6.031332143711406468e-01
3.350550000000000068e+02 5.940197409577191445e-01
3.344130000000000109e+02 5.668727864127564020e-01
3.337690000000000055e+02 5.757746281046401959e-01
3.331259999999999764e+02 5.907514736870906891e-01
3.324830000000000041e+02 6.718712579117817052e-01
3.318389999999999986e+02 6.357544729529585048e-01
3.311960000000000264e+02 6.867427137965205208e-01
3.305539999999999736e+02 6.655757860385883573e-01
3.299110000000000014e+02 7.075683368131772122e-01
3.292660000000000196e+02 7.345529017959439022e-01
3.286229999999999905e+02 7.765360895369514127e-01
3.279800000000000182e+02 7.644315436299330413e-01
3.273360000000000127e+02 7.432227531346266014e-01
3.266929999999999836e+02 6.740292116186317184e-01
3.260489999999999782e+02 6.619186460273110972e-01
3.254049999999999727e+02 6.467943556426908325e-01
3.247610000000000241e+02 6.827521034946645306e-01
3.241179999999999950e+02 6.586321349023086524e-01
3.234730000000000132e+02 6.765404070784001300e-01
3.228290000000000077e+02 6.794181433548382998e-01
3.221840000000000259e+02 7.364095532032194358e-01
3.215409999999999968e+02 7.422664363790053565e-01
3.208969999999999914e+02 8.051307274213727050e-01
3.202520000000000095e+02 8.410929333286025766e-01
3.196080000000000041e+02 8.379372408189427190e-01
3.189639999999999986e+02 8.648069023107494147e-01
3.183190000000000168e+02 9.036790741141054184e-01
3.176750000000000114e+02 8.495781851061673384e-01
3.170310000000000059e+02 7.625933494027878901e-01
3.163860000000000241e+02 7.623649665123108932e-01
3.157420000000000186e+02 7.443256303722562972e-01
3.150980000000000132e+02 6.992647604614053991e-01
3.144519999999999982e+02 6.871360307152589719e-01
3.138079999999999927e+02 6.660738835077071318e-01
3.131619999999999777e+02 6.539923387812707212e-01
3.125179999999999723e+02 6.359042706002562273e-01
3.118729999999999905e+02 6.447635839181818929e-01
3.112269999999999754e+02 7.525059441797351534e-01
3.105830000000000268e+02 7.074769439278443262e-01
3.099370000000000118e+02 6.893976534248305033e-01
3.092919999999999732e+02 6.983019310972701232e-01
3.086469999999999914e+02 6.802423147637908230e-01
3.080009999999999764e+02 7.429820543690276446e-01
3.073570000000000277e+02 7.787374040289130050e-01
3.067099999999999795e+02 7.906595027610728854e-01
3.060649999999999977e+02 7.785401204693828126e-01
3.054200000000000159e+02 7.753961127081818727e-01
3.047740000000000009e+02 7.723367674962419160e-01
3.041290000000000191e+02 7.692719989182978946e-01
3.034820000000000277e+02 8.528133146447635093e-01
3.028369999999999891e+02 9.064740608693782065e-01
3.021920000000000073e+02 9.480942889019560171e-01
3.015450000000000159e+02 9.211462154669556313e-01
3.008999999999999773e+02 8.612339532002294407e-01
3.002529999999999859e+02 9.477707439426642511e-01
2.996080000000000041e+02 9.117846770502533449e-01
2.989610000000000127e+02 8.697912215088948740e-01
2.983149999999999977e+02 9.473633779725277870e-01
2.976700000000000159e+02 9.084336379444619691e-01
2.970230000000000246e+02 9.142236705795854235e-01
2.963770000000000095e+02 8.573325042483965763e-01
2.957300000000000182e+02 8.393723368851043753e-01
2.950840000000000032e+02 8.660936122051953179e-01
2.944370000000000118e+02 8.033198273597271788e-01
2.937909999999999968e+02 8.300513096003160340e-01
2.931429999999999723e+02 9.730490447393762565e-01
2.924970000000000141e+02 9.699295074135287908e-01
2.918500000000000227e+02 9.250718353936169258e-01
2.912040000000000077e+02 9.100108732481136942e-01
2.905570000000000164e+02 9.544924448890608204e-01
2.899100000000000250e+02 1.011067456673208298e+00
2.892629999999999768e+02 1.094274420985178908e+00
2.886159999999999854e+02 1.144821303118400246e+00
2.879689999999999941e+02 1.180388897403252146e+00
2.873210000000000264e+02 1.186182447112509530e+00
2.866750000000000114e+02 1.174069363915096087e+00
2.860269999999999868e+02 1.239409110840590911e+00
2.853799999999999955e+02 1.263033545712561212e+00
2.847320000000000277e+02 1.250939380937693191e+00
2.840849999999999795e+02 1.313217541411605405e+00
2.834370000000000118e+02 1.342816056681211290e+00
2.827900000000000205e+02 1.405029693543893288e+00
2.821419999999999959e+02 1.458415938631898667e+00
2.814950000000000045e+02 1.484876925410687054e+00
2.808469999999999800e+02 1.544214890806396179e+00
2.801990000000000123e+02 1.496410481963463823e+00
2.795509999999999877e+02 1.466438516107097412e+00
2.789039999999999964e+02 1.487104138448355428e+00
2.782549999999999955e+02 1.489782989133337621e+00
2.776080000000000041e+02 1.495516662236288763e+00
2.769590000000000032e+02 1.477459453563590763e+00
2.763120000000000118e+02 1.509878037716319898e+00
2.756630000000000109e+02 1.485947548652926775e+00
2.750149999999999864e+02 1.515339933937666528e+00
2.743659999999999854e+02 1.645835379727391690e+00
2.737189999999999941e+02 1.746455741996008504e+00
2.730699999999999932e+02 1.775942717087660938e+00
2.724220000000000255e+02 1.754842842926740198e+00
2.717730000000000246e+02 1.719007000937253560e+00
2.711240000000000236e+02 1.692025554790829389e+00
2.704759999999999991e+02 1.644356108645356640e+00
2.698260000000000218e+02 1.676718373007039187e+00
2.691779999999999973e+02 1.735783053920239238e+00
2.685289999999999964e+02 1.655464037484138506e+00
2.678809999999999718e+02 1.637349367497273889e+00
2.672309999999999945e+02 1.613476822201644678e+00
2.665830000000000268e+02 1.651709346084597074e+00
2.659329999999999927e+02 1.770003689407242176e+00
2.652839999999999918e+02 1.823112256546620680e+00
2.646349999999999909e+02 1.905767605134817133e+00
2.639850000000000136e+02 1.861078827883501541e+00
2.633369999999999891e+02 1.842951646919605668e+00
2.626870000000000118e+02 1.896016417385028907e+00
2.620380000000000109e+02 1.857296774801136863e+00
2.613879999999999768e+02 1.936878563406354781e+00
2.607400000000000091e+02 1.901169416113718480e+00
2.600899999999999750e+02 1.820916790680289887e+00
2.594390000000000214e+02 1.870940074008105469e+00
2.587900000000000205e+02 1.838067937482940728e+00
2.581399999999999864e+02 1.846671410622454212e+00
2.574909999999999854e+02 1.834574562697569577e+00
2.568410000000000082e+02 1.925955418296487087e+00
2.561899999999999977e+02 1.996680154705557486e+00
2.555409999999999968e+02 1.963813306902626454e+00
2.548899999999999864e+02 2.010824491916432422e+00
2.542410000000000139e+02 2.013521075318803089e+00
2.535910000000000082e+02 1.951114829940285844e+00
2.529399999999999977e+02 1.956690158184732242e+00
2.522899999999999920e+02 1.988998682765158010e+00
2.516399999999999864e+02 2.056576463714889336e+00
2.509900000000000091e+02 1.970600089237315000e+00
2.503389999999999986e+02 1.982099846271637489e+00
2.496879999999999882e+02 2.032047453491322209e+00
2.490380000000000109e+02 2.046403714828020970e+00
2.483870000000000005e+02 2.114048005486054205e+00
2.477359999999999900e+02 2.175680270023236496e+00
2.470860000000000127e+02 2.154702408834035854e+00
2.464350000000000023e+02 2.225166420161524439e+00
2.457849999999999966e+02 2.136337188856194391e+00
2.451330000000000098e+02 2.192067307892090255e+00
2.444819999999999993e+02 2.156322711859309127e+00
2.438319999999999936e+02 2.126575256232116740e+00
2.431800000000000068e+02 2.105558537198390034e+00
2.425289999999999964e+02 2.105238231955002703e+00
2.418779999999999859e+02 2.193265172210667746e+00
2.412270000000000039e+02 2.254854141647001597e+00
2.405749999999999886e+02 2.207423128212869123e+00
2.399240000000000066e+02 2.307163929562402682e+00
2.392719999999999914e+02 2.306875607503906966e+00
2.386200000000000045e+02 2.356578630043625555e+00
2.379699999999999989e+02 2.350305977029357507e+00
2.373180000000000121e+02 2.420587805739687681e+00
2.366670000000000016e+02 2.420282356810331326e+00
2.360149999999999864e+02 2.422773083526929216e+00
2.353629999999999995e+02 2.475406842247001027e+00
2.347100000000000080e+02 2.572123357508260710e+00
2.340600000000000023e+02 2.562836648165708553e+00
2.334070000000000107e+02 2.556600003129103627e+00
2.327549999999999955e+02 2.659166802953571995e+00
2.321040000000000134e+02 2.738078774932963810e+00
2.314509999999999934e+02 2.728896886955978651e+00
2.307980000000000018e+02 2.804852078780333269e+00
2.301469999999999914e+02 2.804423452004458195e+00
2.294939999999999998e+02 2.774608553637756714e+00
2.288420000000000130e+02 2.724243328832982591e+00
2.281899999999999977e+02 2.826610073537651147e+00
2.275370000000000061e+02 2.905472847714842821e+00
2.268839999999999861e+02 2.952090107402354224e+00
2.262330000000000041e+02 3.024885813241432242e+00
2.255800000000000125e+02 3.118392013458598289e+00
2.249269999999999925e+02 3.120892813344248840e+00
2.242729999999999961e+02 3.143993185244878141e+00
2.236220000000000141e+02 3.219692892243656068e+00
2.229679999999999893e+02 3.245685562002014635e+00
2.223149999999999977e+02 3.277373140271321983e+00
2.216630000000000109e+02 3.238860236429391470e+00
2.210099999999999909e+02 3.194277586755095211e+00
2.203559999999999945e+02 3.146857863332104710e+00
2.197019999999999982e+02 3.128833184146075030e+00
2.190500000000000114e+02 3.148864993906996812e+00
2.183969999999999914e+02 3.154203917630744591e+00
2.177429999999999950e+02 3.150806094599190921e+00
2.170889999999999986e+02 3.176708372628014310e+00
2.164370000000000118e+02 3.132245991983540812e+00
2.157829999999999870e+02 3.184522945057905563e+00
2.151289999999999907e+02 3.160564860212345284e+00
2.144749999999999943e+02 3.247920383177622661e+00
2.138220000000000027e+02 3.256208867600297818e+00
2.131680000000000064e+02 3.270310321004967768e+00
2.125140000000000100e+02 3.296164834529252463e+00
2.118600000000000136e+02 3.251792385004704578e+00
2.112069999999999936e+02 3.321498409048236233e+00
2.105529999999999973e+02 3.303419766279800829e+00
2.098979999999999961e+02 3.288314910269683367e+00
2.092439999999999998e+02 3.252623801517898539e+00
2.085910000000000082e+02 3.255089539817670019e+00
2.079360000000000070e+02 3.251680330821528297e+00
2.072820000000000107e+02 3.242401212584911097e+00
2.066270000000000095e+02 3.180540866357212337e+00
2.059739999999999895e+02 3.238493743480463483e+00
2.053189999999999884e+02 3.235025323388834639e+00
2.046639999999999873e+02 3.208275480697674986e+00
2.040089999999999861e+02 3.219448355608944823e+00
2.033540000000000134e+02 3.221849990257296348e+00
2.027009999999999934e+02 3.139680285601573750e+00
2.020459999999999923e+02 3.115798606562659501e+00
2.013909999999999911e+02 3.056933227838881439e+00
2.007350000000000136e+02 3.126491421881068877e+00
2.000800000000000125e+02 3.105584630067469654e+00
1.994259999999999877e+02 3.049647249861177301e+00
1.987709999999999866e+02 3.052071307038521475e+00
1.981160000000000139e+02 3.034146160011227611e+00
1.974600000000000080e+02 3.080284385352141108e+00
1.968050000000000068e+02 3.024384262306966775e+00
1.961510000000000105e+02 3.015287515725080247e+00
1.954950000000000045e+02 3.087660271837790127e+00
1.948389999999999986e+02 3.031783821930083000e+00
1.941839999999999975e+02 3.002170832694321945e+00
1.935279999999999916e+02 3.033733208906237433e+00
1.928739999999999952e+02 3.073969862992715463e+00
1.922179999999999893e+02 3.067702256965836316e+00
1.915620000000000118e+02 3.148741067584858833e+00
1.909060000000000059e+02 3.258935229083842700e+00
1.902500000000000000e+02 3.307975450892447711e+00
1.895939999999999941e+02 3.263763750163594768e+00
1.889389999999999930e+02 3.347550030031309021e+00
1.882829999999999870e+02 3.411071275764026023e+00
1.876270000000000095e+02 3.480353787706461866e+00
1.869699999999999989e+02 3.468247669889834572e+00
1.863139999999999930e+02 3.467705015926785705e+00
1.856570000000000107e+02 3.414777006856843045e+00
1.850010000000000048e+02 3.379387744409006356e+00
1.843460000000000036e+02 3.431164728758013371e+00
1.836889999999999930e+02 3.503327679926907301e+00
1.830329999999999870e+02 3.572455583816001479e+00
1.823760000000000048e+02 3.612627481278687824e+00
1.817189999999999941e+02 3.594678105666147427e+00
1.810620000000000118e+02 3.774246728373280124e+00
1.804050000000000011e+02 3.910159719030601444e+00
1.797500000000000000e+02 3.970325574968536220e+00
1.790929999999999893e+02 4.085908453556388764e+00
1.784360000000000070e+02 4.099813425644478926e+00
1.777789999999999964e+02 4.154338839252745608e+00
1.771220000000000141e+02 4.182645298923627131e+00
1.764650000000000034e+02 4.213950916334716190e+00
1.758069999999999879e+02 4.256775478012927216e+00
1.751500000000000057e+02 4.230041864568456766e+00
1.744939999999999998e+02 4.278552505741167522e+00
1.738369999999999891e+02 4.379408499089930018e+00
1.731790000000000020e+02 4.445412465211439290e+00
1.725219999999999914e+02 4.528803143186684643e+00
1.718640000000000043e+02 4.632449940018329215e+00
1.712059999999999889e+02 4.715720579452364447e+00
1.705490000000000066e+02 4.784571363287248857e+00
1.698909999999999911e+02 4.827242796634173772e+00
1.692330000000000041e+02 4.823602556073872449e+00
1.685749999999999886e+02 4.814145564111751874e+00
1.679190000000000111e+02 4.882874811259182657e+00
1.672609999999999957e+02 4.873410836966202808e+00
1.666030000000000086e+02 4.982622431910759708e+00
1.659449999999999932e+02 4.921069791213654732e+00
1.652870000000000061e+02 4.836409287929979151e+00
1.646279999999999859e+02 4.858766507633783149e+00
1.639699999999999989e+02 4.930293734643603543e+00
1.633120000000000118e+02 5.033660668982641972e+00
1.626539999999999964e+02 5.058912209519004222e+00
1.619950000000000045e+02 5.011830184292602297e+00
1.613369999999999891e+02 5.008164008716864402e+00
1.606779999999999973e+02 4.952425694113670396e+00
1.600190000000000055e+02 4.974737608524553600e+00
1.593609999999999900e+02 5.026004539669794546e+00
1.587040000000000077e+02 5.048361915960884794e+00
1.580449999999999875e+02 5.096604047263793014e+00
1.573859999999999957e+02 5.089992634901665980e+00
1.567270000000000039e+02 5.141143904588467706e+00
1.560680000000000121e+02 5.134589243703313599e+00
1.554089999999999918e+02 5.159776036228082674e+00
1.547500000000000000e+02 5.199356666501610214e+00
1.540910000000000082e+02 5.192794907777106062e+00
1.534319999999999879e+02 5.215030084850439174e+00
1.527729999999999961e+02 5.234391265667270865e+00
1.521140000000000043e+02 5.216236910799469051e+00
1.514540000000000077e+02 5.229858452587858864e+00
1.507949999999999875e+02 5.243414301703603897e+00
1.501359999999999957e+02 5.435702272581948158e+00
1.494759999999999991e+02 5.512732084327319093e+00
1.488170000000000073e+02 5.555060749522165331e+00
1.481570000000000107e+02 5.689625508700729029e+00
1.474970000000000141e+02 5.703156492785367071e+00
1.468379999999999939e+02 5.785757228968524402e+00
1.461779999999999973e+02 5.839585112018962576e+00
1.455180000000000007e+02 5.959584846669000235e+00
1.448580000000000041e+02 6.013367029094435878e+00
1.441980000000000075e+02 5.917382421715954521e+00
1.435380000000000109e+02 6.002802149195545667e+00
1.428779999999999859e+02 6.062269992909742555e+00
1.422179999999999893e+02 6.173558534892235272e+00
1.415579999999999927e+02 6.227261627007838918e+00
1.408979999999999961e+02 6.266531011106942550e+00
1.402379999999999995e+02 6.300009476504705219e+00
1.395769999999999982e+02 6.321983350417178293e+00
1.389170000000000016e+02 6.430282345038019542e+00
1.382560000000000002e+02 6.630450728020392148e+00
1.375960000000000036e+02 6.758719457992981461e+00
1.369350000000000023e+02 6.869749170089126444e+00
1.362750000000000057e+02 6.928979101161987231e+00
1.356140000000000043e+02 7.057197370557238614e+00
1.349540000000000077e+02 7.176688918673660211e+00
1.342930000000000064e+02 7.376604437729137764e+00
1.336320000000000050e+02 7.573539903023037922e+00
1.329710000000000036e+02 7.707276249093353293e+00
1.323100000000000023e+02 7.803639676230468503e+00
1.316490000000000009e+02 8.011879963865919052e+00
1.309879999999999995e+02 8.102397455826372052e+00
1.303269999999999982e+02 8.172866058554962621e+00
1.296659999999999968e+02 8.378094406580020248e+00
1.290049999999999955e+02 8.485794372564646082e+00
1.283420000000000130e+02 8.536089998958393821e+00
1.276809999999999974e+02 8.606441328076780195e+00
1.270190000000000055e+02 8.754116946534264088e+00
1.263580000000000041e+02 8.709734939595190184e+00
1.256959999999999980e+02 8.636638666518532403e+00
1.250349999999999966e+02 8.706864363602074164e+00
1.243730000000000047e+02 8.742778063335414629e+00
1.237120000000000033e+02 8.747061421072986676e+00
1.230499999999999972e+02 8.808693565007855497e+00
1.223880000000000052e+02 8.833004063916536808e+00
1.217259999999999991e+02 8.722783849325530525e+00
1.210639999999999930e+02 8.575371417734013235e+00
1.204030000000000058e+02 8.605520219722544439e+00
1.197409999999999997e+02 8.589848487625776130e+00
1.190780000000000030e+02 8.416812593392203112e+00
1.184150000000000063e+02 8.395178771565781517e+00
1.177530000000000001e+02 8.316645496307927488e+00
1.170909999999999940e+02 8.195200470854429042e+00
1.164279999999999973e+02 8.076633646375558584e+00
1.157660000000000053e+02 8.046793067299811142e+00
1.151039999999999992e+02 7.991150426007012086e+00
1.144410000000000025e+02 7.875574504387483188e+00
1.137789999999999964e+02 7.768494392279478689e+00
1.131159999999999997e+02 7.773035042035101760e+00
1.124539999999999935e+02 7.731787351311677270e+00
1.117890000000000015e+02 7.681847297932536733e+00
1.111269999999999953e+02 7.700650399012723746e+00
1.104639999999999986e+02 7.636548196666973709e+00
1.098010000000000019e+02 7.586773577275641500e+00
1.091380000000000052e+02 7.514200768483783932e+00
1.084749999999999943e+02 7.501574002499248550e+00
1.078119999999999976e+02 7.323511561735366548e+00
1.071490000000000009e+02 7.234005889796046418e+00
1.064849999999999994e+02 6.961333787052702782e+00
1.058209999999999980e+02 6.734956826031279320e+00
1.051580000000000013e+02 6.440218394246636002e+00
1.044950000000000045e+02 6.367973072033564108e+00
1.038319999999999936e+02 6.147530488845398544e+00
1.031680000000000064e+02 5.955541087847854520e+00
1.025049999999999955e+02 5.777835444513963026e+00
1.018400000000000034e+02 5.722605038500356400e+00
1.011760000000000019e+02 5.604870392795174183e+00
1.005130000000000052e+02 5.678037094979742960e+00
9.984900000000000375e+01 5.705592862196833259e+00
9.918529999999999802e+01 5.707552116295893541e+00
9.852150000000000318e+01 5.689400203398873757e+00
9.785769999999999413e+01 5.867709532508385450e+00
9.719230000000000302e+01 6.080570171220837317e+00
9.652830000000000155e+01 6.284449929638982191e+00
9.586430000000000007e+01 6.453968874693433833e+00
9.520029999999999859e+01 6.671853164897767030e+00
9.453610000000000468e+01 6.972115438154802725e+00
9.387199999999999989e+01 7.272279143039901861e+00
9.320619999999999550e+01 7.484943052183880674e+00
9.254200000000000159e+01 7.725234693484473780e+00
9.187760000000000105e+01 7.789296083540047100e+00
9.121320000000000050e+01 7.907357285183775453e+00
9.054879999999999995e+01 7.960011917401832449e+00
8.988280000000000314e+01 8.169071876645769947e+00
8.921819999999999595e+01 8.241544726246122110e+00
8.855360000000000298e+01 8.243014124069267368e+00
8.788890000000000668e+01 8.238777912572185613e+00
8.722419999999999618e+01 8.438946844280266646e+00
8.655939999999999657e+01 8.607716104292043369e+00
8.589300000000000068e+01 8.830928018511187361e+00
8.522809999999999775e+01 8.940056447344867152e+00
8.456319999999999482e+01 9.114419162696183463e+00
8.389820000000000277e+01 9.158264965633351906e+00
8.323160000000000025e+01 9.301589550992781952e+00
8.256650000000000489e+01 9.387900916939871721e+00
8.190130000000000621e+01 9.553681280945937715e+00
8.123609999999999332e+01 9.645616270209311338e+00
8.057080000000000553e+01 9.587331362690724390e+00
7.990389999999999304e+01 9.682224796720136695e+00
7.923850000000000193e+01 9.830706641364590936e+00
7.857299999999999329e+01 1.001034873020416782e+01
7.790749999999999886e+01 1.014740652735158477e+01
7.724039999999999395e+01 1.023663587212877069e+01
7.657479999999999620e+01 1.037929790600068714e+01
7.590909999999999513e+01 1.034639462355339212e+01
7.524339999999999407e+01 1.049186367117635221e+01
7.457760000000000389e+01 1.057510876532673194e+01
7.391020000000000323e+01 1.047708426725257880e+01
7.324429999999999552e+01 1.048384723674112884e+01
7.257829999999999870e+01 1.035770298539133272e+01
7.191230000000000189e+01 1.030509729987555012e+01
7.124469999999999459e+01 1.034852998445061090e+01
7.057850000000000534e+01 1.032140962669914863e+01
6.991230000000000189e+01 1.045257762730676632e+01
6.924609999999999843e+01 1.036872781974771840e+01
6.857829999999999870e+01 1.040955405444915449e+01
6.791190000000000282e+01 1.042760382508018679e+01
6.724550000000000693e+01 1.039194549978819637e+01
6.657750000000000057e+01 1.041279334215962038e+01
6.591100000000000136e+01 1.033487185215316728e+01
6.524439999999999884e+01 1.035859121297900387e+01
6.457769999999999300e+01 1.032302547488330724e+01
6.390950000000000131e+01 1.025063891698429508e+01
6.324269999999999925e+01 1.026588395158251643e+01
6.257589999999999719e+01 1.033464034914885055e+01
6.190899999999999892e+01 1.038368827206455336e+01
6.124060000000000059e+01 1.039621635185073423e+01
6.057359999999999900e+01 1.043110194241077870e+01
5.990659999999999741e+01 1.047456395259541573e+01
5.923799999999999955e+01 1.035143770736594249e+01
5.857079999999999842e+01 1.020886980286713097e+01
5.790359999999999729e+01 1.024948303529535387e+01
5.723629999999999995e+01 1.020553020264784472e+01
5.656750000000000256e+01 1.008818781720798796e+01
5.590010000000000190e+01 1.012033988781655403e+01
5.523270000000000124e+01 1.007636744253570882e+01
5.456360000000000099e+01 1.008885650581773241e+01
5.389609999999999701e+01 1.014337242129069061e+01
5.322849999999999682e+01 1.027674154560076580e+01
5.255930000000000035e+01 1.046654559832486342e+01
5.189159999999999684e+01 1.037476618889059488e+01
5.122379999999999711e+01 1.044615234194998088e+01
5.055440000000000111e+01 1.048663822667592349e+01
4.988660000000000139e+01 1.045954835317545317e+01
4.921860000000000213e+01 1.042134899990389485e+01
4.854910000000000281e+01 1.039980064002155480e+01
4.788100000000000023e+01 1.047962085746416960e+01
4.721289999999999765e+01 1.048624623439752845e+01
4.654319999999999879e+01 1.042553746468837872e+01
4.587500000000000000e+01 1.046870911780027669e+01
4.520669999999999789e+01 1.034053936343058133e+01
4.453679999999999950e+01 1.033315925397942792e+01
4.386840000000000117e+01 1.034550223095771848e+01
4.320000000000000284e+01 1.047018046474333275e+01
4.252989999999999782e+01 1.041777842064179005e+01
4.186129999999999995e+01 1.033750353116748677e+01
4.119270000000000209e+01 1.017577053890949124e+01
4.052250000000000085e+01 1.014593136581981270e+01
3.985379999999999967e+01 1.017234945705577331e+01
3.918500000000000227e+01 1.024923560030816461e+01
3.851460000000000150e+01 1.024744853892878460e+01
3.784570000000000078e+01 1.022325166011169806e+01
3.717519999999999669e+01 1.014024750447598855e+01
3.650619999999999976e+01 1.008525172202000242e+01
3.583709999999999951e+01 1.012000371147941102e+01
3.516640000000000299e+01 1.014353999027713726e+01
3.449719999999999942e+01 1.007464784709457106e+01
3.382800000000000296e+01 1.007573482854643565e+01
3.315709999999999980e+01 9.984302980788891446e+00
3.248780000000000001e+01 9.792301026242377304e+00
3.181680000000000064e+01 9.737298076126345237e+00
3.114730000000000132e+01 9.744122422737634182e+00
3.047779999999999845e+01 9.809655373701703596e+00
2.980669999999999931e+01 9.598036673645149008e+00
2.913700000000000045e+01 9.585294562191251089e+00
2.846730000000000160e+01 9.606097205079212387e+00
2.779599999999999937e+01 9.447730604724380754e+00
2.712620000000000076e+01 9.387411961345886624e+00
2.645479999999999876e+01 9.360572971787712859e+00
2.578490000000000038e+01 9.278063148591161990e+00
2.511329999999999885e+01 9.094615801942135036e+00
2.444330000000000069e+01 8.889137097509554053e+00
2.377319999999999922e+01 8.868256335381838440e+00
2.310150000000000148e+01 8.623409927830902433e+00
2.243130000000000024e+01 8.476886613331211962e+00
2.175949999999999918e+01 8.329926323620069795e+00
2.108909999999999840e+01 8.144351914178159291e+00
2.041870000000000118e+01 8.028680797380651768e+00
1.974680000000000035e+01 7.759095745894581952e+00
1.907629999999999981e+01 7.607232613172445923e+00
1.840419999999999945e+01 7.482905583875099076e+00
1.773349999999999937e+01 7.286418590981185162e+00
1.706129999999999924e+01 7.248781490620391565e+00
1.639059999999999917e+01 7.046857007135132633e+00
1.571979999999999933e+01 6.931384636182084336e+00
1.504739999999999966e+01 6.893825341113247518e+00
1.437650000000000006e+01 6.797868042598140370e+00
1.370410000000000039e+01 6.807848443100145808e+00
1.303299999999999947e+01 6.684125208447698085e+00
1.236040000000000028e+01 6.618824206695886225e+00
1.168929999999999936e+01 6.539766639592253128e+00
1.101660000000000039e+01 6.599902056105065640e+00
1.034529999999999994e+01 6.907809642186335530e+00
9.672489999999999810e+00 7.157566558531550882e+00
9.001129999999999853e+00 7.434422565358282498e+00
8.329710000000000392e+00 7.663743213623924078e+00
7.656710000000000349e+00 8.130564166601304876e+00
6.985170000000000101e+00 9.277455636641898096e+00
6.312050000000000161e+00 1.046890315621993928e+01
5.640399999999999636e+00 1.170747496540712262e+01
4.967170000000000307e+00 1.276743293781972888e+01
4.295410000000000394e+00 1.367674827756760614e+01
3.622059999999999835e+00 1.458532580867882977e+01
2.950180000000000025e+00 1.543571354323956513e+01
2.276720000000000077e+00 1.639044365487328037e+01
1.604729999999999990e+00 1.709929168213766104e+01
9.311519999999999797e-01 1.720798671456428508e+01
2.590439999999999965e-01 1.721008274920172809e+01
