6.869719999999999800e+02 -3.790878378890879304e-03
6.863600000000000136e+02 6.749817351349494607e-03
6.857469999999999573e+02 8.954346999337451513e-03
6.851349999999999909e+02 1.727150498921424873e-02
6.845230000000000246e+02 1.556693595646098556e-02
6.839120000000000346e+02 1.894956358297519503e-02
6.832989999999999782e+02 1.215845246047490662e-02
6.826870000000000118e+02 2.909164066058941844e-02
6.820739999999999554e+02 -1.155499340439467004e-02
6.814610000000000127e+02 -1.358290200323174733e-02
6.808490000000000464e+02 -2.168484755529288127e-02
6.802359999999999900e+02 6.302019153973516079e-04
6.796230000000000473e+02 1.481362367768346983e-02
6.790099999999999909e+02 2.637312502380717918e-03
6.783980000000000246e+02 -9.522474829913215796e-03
6.777859999999999445e+02 -2.765674474971076269e-02
6.771730000000000018e+02 -7.455815668975859269e-03
6.765599999999999454e+02 -3.422797458012555392e-03
6.759470000000000027e+02 -2.564740973175323041e-02
6.753339999999999463e+02 2.484895445427248023e-02
6.747210000000000036e+02 -3.570374428761985408e-02
6.741079999999999472e+02 -1.954870295651353965e-02
6.734940000000000282e+02 5.504906741499989570e-02
6.728809999999999718e+02 6.107544534688938431e-02
6.722680000000000291e+02 5.298833714592870309e-02
6.716539999999999964e+02 1.672177143815335026e-02
6.710410000000000537e+02 -1.395281760869490194e-03
6.704270000000000209e+02 4.634244051278183125e-03
6.698150000000000546e+02 -3.153583648606324286e-02
6.692010000000000218e+02 2.473720049990684941e-02
6.685879999999999654e+02 4.078014520087819283e-02
6.679740000000000464e+02 6.623221043434547942e-03
6.673600000000000136e+02 1.265080955921826615e-02
6.667459999999999809e+02 2.667915675766337549e-02
6.661330000000000382e+02 2.467036140554611234e-02
6.655190000000000055e+02 1.464317820754498789e-02
6.649049999999999727e+02 -1.375269750801178100e-03
6.642910000000000537e+02 -1.737313453957583381e-02
6.636770000000000209e+02 -4.736256575954111980e-02
6.630629999999999882e+02 -8.131922166137936503e-02
6.624479999999999791e+02 -1.052562718877629866e-01
6.618339999999999463e+02 -9.322600690091710496e-02
6.612200000000000273e+02 -1.031618903432545697e-01
6.606059999999999945e+02 -1.170685646207240554e-01
6.599909999999999854e+02 -9.707528362107445408e-02
6.593769999999999527e+02 -9.104745384145269960e-02
6.587619999999999436e+02 -4.320341877842195921e-02
6.581480000000000246e+02 -3.322772821384533531e-02
6.575330000000000155e+02 -2.525189862231480217e-02
6.569189999999999827e+02 1.254172318509449296e-02
6.563039999999999736e+02 4.584634818682055066e-03
6.556889999999999645e+02 2.643107259420658314e-02
6.550750000000000455e+02 4.826797494506096520e-02
6.544600000000000364e+02 5.220809394242673096e-02
6.538450000000000273e+02 7.598425937195997515e-02
6.532300000000000182e+02 6.206721689339582404e-02
6.526150000000000091e+02 3.628376242867196316e-02
6.520000000000000000e+02 4.221091289872288405e-02
6.513849999999999909e+02 5.405333222967671769e-02
6.507699999999999818e+02 6.589632820570844041e-02
6.501549999999999727e+02 2.038930704232174568e-02
6.495389999999999873e+02 2.599375681727471906e-03
6.489239999999999782e+02 -7.283304954427934248e-03
6.483089999999999691e+02 -1.123258767440811837e-02
6.476929999999999836e+02 -4.082304013912258639e-02
6.470779999999999745e+02 1.244721523993118188e-02
6.464629999999999654e+02 6.531047542649780040e-03
6.458469999999999800e+02 -1.123059112771013397e-02
6.452319999999999709e+02 -2.305745379132315143e-02
6.446159999999999854e+02 2.615666808710983421e-02
6.439990000000000236e+02 5.372673899085398524e-02
6.433830000000000382e+02 2.616339836644351532e-02
6.427670000000000528e+02 -9.223489962495712985e-03
6.421520000000000437e+02 2.024792557397114140e-02
6.415359999999999445e+02 -1.705369500205133199e-02
6.409199999999999591e+02 -3.273318911482200194e-02
6.403039999999999736e+02 -4.449106826825922900e-02
6.396879999999999882e+02 -5.622817069898149861e-02
6.390720000000000027e+02 -5.620299642610190188e-02
6.384560000000000173e+02 -4.835000754961869124e-02
6.378400000000000318e+02 -2.875907987134523544e-02
6.372229999999999563e+02 5.953627819479932227e-04
6.366069999999999709e+02 -9.183827320766562927e-03
6.359909999999999854e+02 -1.502806544845448032e-02
6.353730000000000473e+02 1.036302536297727464e-02
6.347569999999999482e+02 -1.501647625330810101e-02
6.341399999999999864e+02 -1.305774731602483453e-02
6.335240000000000009e+02 -2.279144156705653970e-02
6.329070000000000391e+02 -4.616044695078795612e-02
6.322899999999999636e+02 4.488344366190336748e-03
6.316739999999999782e+02 6.420080175435312862e-03
6.310570000000000164e+02 1.807820163285881257e-02
6.304400000000000546e+02 4.140454661748851212e-02
6.298220000000000027e+02 4.337661815517799418e-02
6.292050000000000409e+02 6.082027927851806764e-02
6.285879999999999654e+02 7.049173673239912674e-02
6.279710000000000036e+02 5.493004847361222104e-02
6.273540000000000418e+02 9.176425016974952553e-02
6.267369999999999663e+02 1.612304214226026669e-02
6.261200000000000045e+02 1.030630112482183378e-02
6.255030000000000427e+02 2.576714375182042119e-02
6.248840000000000146e+02 -1.682944056591902104e-02
6.242670000000000528e+02 -2.454959165470927546e-02
6.236499999999999773e+02 -4.193654124736919536e-02
6.230320000000000391e+02 -4.963086693307122710e-02
6.224149999999999636e+02 -5.731700246961340256e-02
6.217980000000000018e+02 -1.036164721103415981e-01
6.211799999999999500e+02 -5.726415897707259200e-02
6.205610000000000355e+02 -4.180805184456991980e-02
6.199429999999999836e+02 -8.803306162218574316e-02
6.193260000000000218e+02 -7.836789483787746924e-02
6.187079999999999700e+02 -7.833006510546770829e-02
6.180900000000000318e+02 -2.635940709669025092e-02
6.174719999999999800e+02 -1.481959915805094140e-02
6.168529999999999518e+02 2.531917312693087417e-03
6.162350000000000136e+02 1.019778132965426867e-02
6.156169999999999618e+02 6.352455323616494620e-03
6.149990000000000236e+02 -2.435319937802073870e-02
6.143809999999999718e+02 1.017305200799423735e-02
6.137630000000000337e+02 3.702381614643582980e-02
6.131430000000000291e+02 5.039363036813837571e-02
6.125249999999999773e+02 4.463459963569460509e-02
6.119070000000000391e+02 5.990376247256676279e-02
6.112889999999999873e+02 4.265722080400431715e-02
6.106699999999999591e+02 3.692807911588111974e-02
6.100510000000000446e+02 1.395176978969622436e-02
6.094320000000000164e+02 3.113459121248258327e-02
6.088139999999999645e+02 4.418644618968961373e-03
6.081950000000000500e+02 3.874327991749942218e-02
6.075760000000000218e+02 1.966568816782096607e-02
6.069560000000000173e+02 3.491087604436490105e-02
6.063379999999999654e+02 1.393109858775205649e-02
6.057190000000000509e+02 3.673933160929394176e-02
6.051000000000000227e+02 4.433279596445494769e-02
6.044809999999999945e+02 6.902967840136983724e-02
6.038609999999999900e+02 5.758631928246926018e-02
6.032419999999999618e+02 8.414820999312776217e-02
6.026230000000000473e+02 7.081496187508846962e-02
6.020040000000000191e+02 5.941795744366208665e-02
6.013830000000000382e+02 4.373474326523770286e-03
6.007640000000000100e+02 6.274348925881656838e-03
6.001449999999999818e+02 -1.834345442150522171e-02
5.995249999999999773e+02 -3.181187558182253274e-03
5.989049999999999727e+02 -3.536738105921963943e-02
5.982849999999999682e+02 -1.075774362859415259e-02
5.976660000000000537e+02 -4.476171182070962096e-02
5.970460000000000491e+02 -6.742373369081215706e-02
5.964249999999999545e+02 -5.604341745045895301e-02
5.958060000000000400e+02 -3.337540999393472096e-02
5.951860000000000355e+02 -4.844291746007032412e-02
5.945670000000000073e+02 -3.898870822094149813e-02
5.939450000000000500e+02 -3.896714388642964072e-02
5.933260000000000218e+02 -8.827853774047593471e-03
5.927060000000000173e+02 -2.388780559903379286e-02
5.920860000000000127e+02 4.329425131277287245e-03
5.914650000000000318e+02 8.102263461053280796e-03
5.908450000000000273e+02 4.340863823297854730e-03
5.902250000000000227e+02 -2.756956406780287222e-02
5.896029999999999518e+02 -1.631625069018763016e-02
5.889829999999999472e+02 -1.254438440837985988e-02
5.883630000000000564e+02 1.369868362730237814e-02
5.877419999999999618e+02 2.677553920711305685e-02
5.871209999999999809e+02 1.181528772292046899e-02
5.865000000000000000e+02 -6.907050488667221787e-03
5.858799999999999955e+02 2.427253785429248426e-03
5.852580000000000382e+02 -1.811389039040365787e-02
5.846380000000000337e+02 -1.283304790075014395e-03
5.840170000000000528e+02 -1.058536085675379837e-02
5.833949999999999818e+02 3.789124899472056524e-02
5.827740000000000009e+02 -1.806946603167553303e-02
5.821539999999999964e+02 -1.249994986763380313e-02
5.815320000000000391e+02 -8.727042900375894460e-03
5.809109999999999445e+02 1.732686080697318221e-02
5.802899999999999636e+02 4.275828261446094555e-03
5.796680000000000064e+02 1.544371721581955757e-02
5.790470000000000255e+02 -4.998199824691261506e-03
5.784260000000000446e+02 9.893657662595034541e-03
5.778049999999999500e+02 -5.694470371054045910e-02
5.771820000000000164e+02 -4.395194304643677136e-02
5.765610000000000355e+02 -8.470997709455392599e-02
5.759379999999999882e+02 -9.210397293638210303e-02
5.753170000000000073e+02 -1.124125304712545459e-01
5.746960000000000264e+02 -1.031204344104505316e-01
5.740729999999999791e+02 -3.270240842592271602e-02
5.734519999999999982e+02 -1.422725037177407711e-02
5.728300000000000409e+02 -1.321578170635766053e-03
5.722069999999999936e+02 3.383932289649844299e-02
5.715860000000000127e+02 3.379628233160556633e-02
5.709640000000000555e+02 3.194003142316702293e-02
5.703410000000000082e+02 3.005795383423119985e-02
5.697190000000000509e+02 2.639473222948860928e-02
5.690979999999999563e+02 1.536388973246793389e-02
5.684740000000000464e+02 -1.599583791872282931e-02
5.678529999999999518e+02 -1.230307955816909750e-02
5.672290000000000418e+02 -3.620056745905328444e-02
5.666069999999999709e+02 -3.618394946269754692e-02
5.659850000000000136e+02 -2.149342959901118580e-02
5.653619999999999663e+02 5.825374131911908396e-04
5.647400000000000091e+02 6.074186835779813061e-03
5.641169999999999618e+02 9.749749261150544161e-03
5.634940000000000282e+02 5.657087642479927429e-04
5.628719999999999573e+02 -1.957299825097894019e-02
5.622480000000000473e+02 -3.091848486620804321e-03
5.616250000000000000e+02 3.166031429211407788e-02
5.610030000000000427e+02 8.094019188753506788e-02
5.603790000000000191e+02 7.547500309534801999e-02
5.597569999999999482e+02 5.714570014021234240e-02
5.591330000000000382e+02 8.635139463346237776e-02
5.585099999999999909e+02 9.358655673945860676e-02
5.578859999999999673e+02 8.439753385292246557e-02
5.572630000000000337e+02 1.208174526739184268e-01
5.566399999999999864e+02 8.438306240515124068e-02
5.560159999999999627e+02 8.063554544664522372e-02
5.553930000000000291e+02 1.147096146008361531e-02
5.547690000000000055e+02 6.014720674240555190e-03
5.541459999999999582e+02 -3.057049205690778697e-03
5.535209999999999582e+02 -3.070965777259756276e-03
5.528980000000000246e+02 7.818998704681150852e-03
5.522749999999999773e+02 2.958611021045909339e-02
5.516509999999999536e+02 3.681153976306432429e-02
5.510270000000000437e+02 4.945930596312468619e-02
5.504030000000000200e+02 4.945017318772759046e-02
5.497789999999999964e+02 7.833355092751889681e-02
5.491549999999999727e+02 8.193610265314402175e-02
5.485309999999999491e+02 9.273647069993061487e-02
5.479059999999999491e+02 1.089273997718337855e-01
5.472830000000000155e+02 9.442607505302738624e-02
5.466589999999999918e+02 1.034115529690403240e-01
5.460339999999999918e+02 1.069341303629818274e-01
5.454099999999999682e+02 1.266869974221342954e-01
5.447849999999999682e+02 1.158184377655390868e-01
5.441609999999999445e+02 8.334721736095311584e-02
5.435359999999999445e+02 1.066845881649639144e-01
5.429120000000000346e+02 1.048476628235464753e-01
5.422870000000000346e+02 6.163521015139022258e-02
5.416630000000000109e+02 7.599639219748459407e-02
5.410370000000000346e+02 8.310351123027870379e-02
5.404130000000000109e+02 3.642713116899617271e-02
5.397880000000000109e+02 4.357621405854160412e-02
5.391630000000000109e+02 2.383953290883853923e-02
5.385380000000000109e+02 2.382551798921448208e-02
5.379139999999999873e+02 2.738271449743016894e-02
5.372880000000000109e+02 2.022453965294018427e-02
5.366630000000000109e+02 3.809772201633555844e-02
5.360370000000000346e+02 4.342254703312476566e-02
5.354130000000000109e+02 3.624443464665253606e-02
5.347870000000000346e+02 5.229227674054966885e-02
5.341620000000000346e+02 5.580456316408322071e-02
5.335359999999999445e+02 7.183335690974879117e-02
5.329109999999999445e+02 6.645165326802063288e-02
5.322849999999999682e+02 6.284849027190984871e-02
5.316599999999999682e+02 7.349247775778239289e-02
5.310339999999999918e+02 1.001014535712363845e-01
5.304089999999999918e+02 1.213446390653943052e-01
5.297830000000000155e+02 1.337181703511740039e-01
5.291580000000000155e+02 1.637588748572280928e-01
5.285309999999999491e+02 1.424197509673031936e-01
5.279049999999999727e+02 1.476795482926297198e-01
5.272799999999999727e+02 1.776886652888139684e-01
5.266530000000000200e+02 1.864349874885689040e-01
5.260280000000000200e+02 1.987328769423476749e-01
5.254009999999999536e+02 1.826682834564137548e-01
5.247759999999999536e+02 1.366398816271717775e-01
5.241490000000000009e+02 1.594965137147944523e-01
5.235230000000000246e+02 1.276161958735180513e-01
5.228959999999999582e+02 1.628339497015461879e-01
5.222709999999999582e+02 1.873893674426315437e-01
5.216440000000000055e+02 1.890618211718996799e-01
5.210159999999999627e+02 1.607840831781511270e-01
5.203909999999999627e+02 1.677274759884160027e-01
5.197630000000000337e+02 1.781758385561125202e-01
5.191380000000000337e+02 1.921618016392833417e-01
5.185099999999999909e+02 1.674212653966484221e-01
5.178840000000000146e+02 1.550649555507360444e-01
5.172569999999999482e+02 1.373987360183627215e-01
5.166299999999999955e+02 9.522267867641789896e-02
5.160030000000000427e+02 1.231978372644634834e-01
5.153759999999999764e+02 1.476551598076589200e-01
5.147500000000000000e+02 1.423111453899237044e-01
5.141219999999999573e+02 1.422212179622192318e-01
5.134940000000000282e+02 1.491395068528901524e-01
5.128680000000000518e+02 1.368075293873258491e-01
5.122400000000000091e+02 1.664168436555764630e-01
5.116139999999999759e+02 1.697988425013743918e-01
5.109859999999999900e+02 1.505262986650095225e-01
5.103580000000000041e+02 1.155525326242893142e-01
5.097309999999999945e+02 1.120248668858869062e-01
5.091030000000000086e+02 9.279212535013538210e-02
5.084759999999999991e+02 9.970247903827500480e-02
5.078480000000000132e+02 1.170179759290115723e-01
5.072200000000000273e+02 1.273878003980434825e-01
5.065930000000000177e+02 1.133834149088785298e-01
5.059649999999999750e+02 9.598098796081870610e-02
5.053360000000000127e+02 1.219399347182366644e-01
5.047090000000000032e+02 1.374703517451280055e-01
5.040810000000000173e+02 1.010098006239531915e-01
5.034519999999999982e+02 1.164962207582483922e-01
5.028249999999999886e+02 9.225352017694904427e-02
5.021960000000000264e+02 5.413187322157658049e-02
5.015690000000000168e+02 2.302559506825203883e-02
5.009399999999999977e+02 5.443506076686579912e-04
5.003109999999999786e+02 -4.652710335758519951e-03
4.996840000000000259e+02 -1.324490513735321687e-02
4.990550000000000068e+02 5.696457529417092887e-03
4.984259999999999877e+02 4.016849623074827264e-02
4.977980000000000018e+02 3.494495076499962855e-02
4.971689999999999827e+02 4.009672680632066222e-02
4.965400000000000205e+02 5.040853715372452942e-02
4.959119999999999777e+02 8.643472748695626984e-02
4.952830000000000155e+02 8.468604243010920130e-02
4.946539999999999964e+02 7.432368816439402504e-02
4.940260000000000105e+02 1.086195248294457849e-01
4.933969999999999914e+02 7.424291708112432109e-02
4.927669999999999959e+02 6.049050518546987554e-02
4.921390000000000100e+02 8.612549553999936103e-02
4.915099999999999909e+02 9.633912050997879561e-02
4.908799999999999955e+02 9.629032508564476511e-02
4.902500000000000000e+02 6.547500675085818345e-02
4.896220000000000141e+02 1.081118898105361825e-01
4.889920000000000186e+02 1.336594570292387874e-01
4.883629999999999995e+02 8.922026819591628854e-02
4.877339999999999804e+02 8.407611173734441667e-02
4.871039999999999850e+02 9.593508381046102207e-02
4.864739999999999895e+02 8.735448768706274847e-02
4.858460000000000036e+02 4.477820178653180161e-02
4.852160000000000082e+02 4.134544721334000583e-02
4.845860000000000127e+02 6.000289935333096014e-02
4.839549999999999841e+02 2.769900577641358150e-02
4.833269999999999982e+02 6.499427308789462732e-02
4.826960000000000264e+02 8.871990777820966401e-02
4.820659999999999741e+02 1.157989421656433066e-01
4.814370000000000118e+02 9.029193757480327709e-02
4.808070000000000164e+02 1.156281648704344106e-01
4.801759999999999877e+02 1.646391714894163971e-01
4.795459999999999923e+02 1.865220254632994623e-01
4.789169999999999732e+02 1.863976032439969288e-01
4.782860000000000014e+02 1.761652600731055951e-01
4.776549999999999727e+02 1.422839004148778175e-01
4.770249999999999773e+02 1.556843637068719977e-01
4.763949999999999818e+02 1.370549059170881323e-01
4.757640000000000100e+02 2.043410416025367160e-01
4.751329999999999814e+02 1.890601040470638872e-01
4.745020000000000095e+02 1.956885033681811381e-01
4.738729999999999905e+02 1.585488045999560169e-01
4.732420000000000186e+02 1.466969173678699945e-01
4.726109999999999900e+02 1.785100457223632309e-01
4.719800000000000182e+02 1.901333792865992633e-01
4.713500000000000227e+02 1.866912219545156237e-01
4.707189999999999941e+02 1.932697270192547390e-01
4.700869999999999891e+02 1.512570280976193171e-01
4.694560000000000173e+02 1.026164817685495806e-01
4.688249999999999886e+02 6.240571504564088046e-02
4.681949999999999932e+02 1.175395716751531788e-01
4.675629999999999882e+02 1.508723373655516675e-01
4.669309999999999832e+02 1.340828002312147993e-01
4.663000000000000114e+02 1.056307869200943106e-01
4.656700000000000159e+02 1.272164691788311430e-01
4.650380000000000109e+02 1.387969111074648376e-01
4.644060000000000059e+02 1.220754524557379483e-01
4.637740000000000009e+02 1.652740778868870275e-01
4.631419999999999959e+02 1.901067055738538958e-01
4.625120000000000005e+02 1.949610952735592595e-01
4.618799999999999955e+02 1.699222230892129537e-01
4.612479999999999905e+02 1.648507839566260291e-01
4.606159999999999854e+02 1.912857002726757738e-01
4.599839999999999804e+02 1.878504035319173149e-01
4.593519999999999754e+02 1.661935559265139972e-01
4.587210000000000036e+02 1.975439083667548390e-01
4.580880000000000223e+02 1.808760404115510867e-01
4.574560000000000173e+02 1.708337518343128747e-01
4.568240000000000123e+02 1.409763139474865257e-01
4.561909999999999741e+02 1.491394380390991814e-01
4.555600000000000023e+02 1.490718227802465268e-01
4.549279999999999973e+02 1.703895856005822884e-01
4.542950000000000159e+02 1.620267885144998088e-01
4.536619999999999777e+02 1.421649881326656484e-01
4.530299999999999727e+02 1.305529497168562425e-01
4.523969999999999914e+02 1.617298292983437857e-01
4.517660000000000196e+02 1.501129831362368328e-01
4.511329999999999814e+02 1.664386576687109376e-01
4.505000000000000000e+02 1.663304981246215009e-01
4.498670000000000186e+02 1.744338837778981743e-01
4.492339999999999804e+02 1.382407374283154966e-01
4.486009999999999991e+02 1.217667193082110355e-01
4.479680000000000177e+02 1.708144938465111229e-01
4.473360000000000127e+02 1.657969906757169321e-01
4.467029999999999745e+02 1.574934115177161198e-01
4.460690000000000168e+02 1.868147249348495187e-01
4.454359999999999786e+02 1.687286513566005064e-01
4.448029999999999973e+02 1.637283901643742101e-01
4.441689999999999827e+02 1.783026949362051528e-01
4.435360000000000014e+02 1.961148679988531929e-01
4.429019999999999868e+02 2.302018371276720599e-01
4.422699999999999818e+02 1.991072084788690910e-01
4.416360000000000241e+02 2.250051438049497643e-01
4.410029999999999859e+02 2.232316169914020099e-01
4.403690000000000282e+02 2.035933973600371205e-01
4.397350000000000136e+02 2.034629889210048115e-01
4.391009999999999991e+02 1.984678743559883662e-01
4.384669999999999845e+02 1.610352903376102984e-01
4.378330000000000268e+02 1.722663696004324840e-01
4.371990000000000123e+02 1.592035248169152706e-01
4.365649999999999977e+02 1.704242260384146168e-01
4.359329999999999927e+02 1.331189091782058465e-01
4.352980000000000018e+02 1.104022471731857802e-01
4.346639999999999873e+02 1.087174987492945943e-01
4.340299999999999727e+02 1.134846752355760796e-01
4.333960000000000150e+02 1.134095668407667928e-01
4.327610000000000241e+02 1.552477026660724346e-01
4.321270000000000095e+02 1.406424910608745082e-01
4.314920000000000186e+02 1.164003763076418702e-01
4.308580000000000041e+02 1.050612253828329401e-01
4.302230000000000132e+02 1.162492733387082561e-01
4.295889999999999986e+02 1.338458402266095304e-01
4.289540000000000077e+02 1.112673885413854868e-01
4.283190000000000168e+02 1.256413180446692979e-01
4.276859999999999786e+02 1.255786123078650174e-01
4.270509999999999877e+02 1.078542438114464402e-01
4.264159999999999968e+02 9.016380207422884652e-02
4.257810000000000059e+02 1.077033718453212358e-01
4.251460000000000150e+02 1.204252026414725091e-01
4.245110000000000241e+02 1.443135669592114090e-01
4.238759999999999764e+02 1.458106519873961227e-01
4.232409999999999854e+02 1.600840883855540464e-01
4.226050000000000182e+02 1.408373260055913456e-01
4.219700000000000273e+02 1.439341227582390248e-01
4.213349999999999795e+02 1.486160123129448563e-01
4.206990000000000123e+02 1.707970096246127778e-01
4.200640000000000214e+02 1.722729847680073145e-01
4.194289999999999736e+02 1.912255634751248989e-01
4.187930000000000064e+02 1.545640395291554559e-01
4.181569999999999823e+02 1.465225945518619788e-01
4.175219999999999914e+02 1.559457291728983119e-01
4.168860000000000241e+02 1.907107205724992149e-01
4.162500000000000000e+02 2.080087302003622018e-01
4.156150000000000091e+02 2.110382278441783332e-01
4.149789999999999850e+02 2.172206173303532495e-01
4.143430000000000177e+02 2.233944601346020131e-01
4.137069999999999936e+02 2.011236784809964095e-01
4.130710000000000264e+02 2.341444276436478178e-01
4.124350000000000023e+02 2.497641010309743781e-01
4.117989999999999782e+02 2.622122706645062529e-01
4.111630000000000109e+02 2.525768282225774319e-01
4.105260000000000105e+02 2.429607793859910325e-01
4.098899999999999864e+02 2.506635127305381627e-01
4.092540000000000191e+02 2.159053303701596038e-01
4.086170000000000186e+02 2.188976989942019724e-01
4.079809999999999945e+02 2.328818213643000512e-01
4.073439999999999941e+02 2.233073767033820489e-01
4.067080000000000268e+02 2.137460221859772413e-01
4.060710000000000264e+02 2.386674037013247485e-01
4.054350000000000023e+02 2.040546119762387811e-01
4.047980000000000018e+02 2.086134657121073432e-01
4.041610000000000014e+02 2.022150770220202953e-01
4.035240000000000009e+02 2.177085440170584418e-01
4.028879999999999768e+02 1.847656256312937562e-01
4.022509999999999764e+02 2.002393737232169846e-01
4.016139999999999759e+02 1.657966926486992842e-01
4.009769999999999754e+02 1.688000709235426000e-01
4.003399999999999750e+02 1.328582909781564902e-01
3.997029999999999745e+02 1.607827725320220003e-01
3.990649999999999977e+02 1.513365578582801796e-01
3.984279999999999973e+02 1.217177473658043602e-01
3.977909999999999968e+02 1.138745839662844983e-01
3.971519999999999868e+02 1.106547441973135398e-01
3.965149999999999864e+02 8.733578596494734336e-02
3.958770000000000095e+02 9.966882134913185309e-02
3.952400000000000091e+02 6.553014497906439750e-02
3.946019999999999754e+02 9.025067871758608862e-02
3.939649999999999750e+02 6.388945945959392803e-02
3.933269999999999982e+02 6.075377782101747115e-02
3.926890000000000214e+02 9.623540751384235259e-02
3.920520000000000209e+02 8.999779807847065050e-02
3.914139999999999873e+02 1.176939811996605689e-01
3.907760000000000105e+02 1.191404284577402273e-01
3.901379999999999768e+02 1.590907805532799646e-01
3.895000000000000000e+02 1.943975163884711921e-01
3.888609999999999900e+02 1.758365878925521042e-01
3.882230000000000132e+02 1.803124624340768645e-01
3.875849999999999795e+02 1.986167215029331634e-01
3.869460000000000264e+02 2.153600600146541033e-01
3.863079999999999927e+02 2.351513076119699508e-01
3.856700000000000159e+02 2.472470425604259558e-01
3.850319999999999823e+02 2.608574919476399634e-01
3.843929999999999723e+02 2.361799286770548401e-01
3.837549999999999955e+02 2.513016995049213165e-01
3.831159999999999854e+02 2.435025534715830609e-01
3.824759999999999991e+02 2.402568342577503235e-01
3.818380000000000223e+02 2.309365171888065338e-01
3.811990000000000123e+02 1.926497538265781462e-01
3.805600000000000023e+02 2.138615284357185675e-01
3.799220000000000255e+02 2.045720816884868953e-01
3.792830000000000155e+02 1.815923894830748231e-01
3.786440000000000055e+02 1.966691781622716406e-01
3.780049999999999955e+02 1.813107469400450644e-01
3.773650000000000091e+02 1.872981161975691422e-01
3.767259999999999991e+02 2.433249385599942083e-01
3.760860000000000127e+02 2.385961305129370991e-01
3.754470000000000027e+02 2.884378229680732986e-01
3.748079999999999927e+02 2.851885307039458417e-01
3.741689999999999827e+02 3.001101761998005157e-01
3.735299999999999727e+02 3.165458792114786979e-01
3.728890000000000100e+02 3.208851520498648968e-01
3.722500000000000000e+02 2.964754092879049452e-01
3.716100000000000136e+02 3.355110292720530629e-01
3.709710000000000036e+02 3.081279385844215568e-01
3.703310000000000173e+02 2.958874910993453677e-01
3.696909999999999741e+02 2.866210826318464910e-01
3.690500000000000114e+02 2.939292795687823978e-01
3.684110000000000014e+02 2.786840324414512349e-01
3.677710000000000150e+02 2.724708373095698355e-01
3.671309999999999718e+02 2.602588770488258318e-01
3.664909999999999854e+02 2.991031359208816132e-01
3.658509999999999991e+02 2.763782355632519727e-01
3.652099999999999795e+02 2.761969572162256692e-01
3.645699999999999932e+02 3.104306808069691725e-01
3.639300000000000068e+02 3.042262496420785056e-01
3.632900000000000205e+02 3.010050798014341500e-01
3.626490000000000009e+02 3.082515511322777013e-01
3.620079999999999814e+02 3.005868448600495513e-01
3.613670000000000186e+02 2.958914651993629907e-01
3.607269999999999754e+02 2.748164706113701006e-01
3.600869999999999891e+02 2.835630982419469759e-01
3.594460000000000264e+02 2.565831802379968107e-01
3.588039999999999736e+02 2.370008038153877949e-01
3.581639999999999873e+02 2.294155947095652681e-01
3.575230000000000246e+02 2.114274723684445023e-01
3.568829999999999814e+02 2.379715194662922195e-01
3.562420000000000186e+02 2.303882168033023481e-01
3.556000000000000227e+02 2.346919953916512813e-01
3.549590000000000032e+02 2.463683403657971616e-01
3.543179999999999836e+02 2.225034925633339877e-01
3.536770000000000209e+02 2.297555964749279089e-01
3.530350000000000250e+02 2.635741642556110875e-01
3.523940000000000055e+02 2.722469253098497854e-01
3.517520000000000095e+02 2.720496171863185930e-01
3.511109999999999900e+02 2.202181505457949107e-01
3.504689999999999941e+02 2.392301509600284759e-01
3.498269999999999982e+02 2.464180178623744666e-01
3.491859999999999786e+02 2.418236351445386678e-01
3.485450000000000159e+02 2.372515675093525012e-01
3.479019999999999868e+02 2.326409383173489998e-01
3.472599999999999909e+02 2.178007738307074226e-01
3.466190000000000282e+02 2.147040319719918655e-01
3.459769999999999754e+02 2.086782785997445266e-01
3.453340000000000032e+02 2.275832284094830016e-01
3.446929999999999836e+02 2.391294446405643481e-01
3.440509999999999877e+02 2.301686016993075290e-01
3.434089999999999918e+02 2.270728027467203147e-01
3.427660000000000196e+02 2.123010254738732783e-01
3.421240000000000236e+02 2.428145455854290591e-01
3.414820000000000277e+02 2.499289560637855123e-01
3.408399999999999750e+02 2.482722284370298405e-01
3.401970000000000027e+02 2.612211280555676862e-01
3.395539999999999736e+02 2.639347234874995229e-01
3.389119999999999777e+02 2.564546808388948329e-01
3.382690000000000055e+02 2.635629332259532553e-01
3.376259999999999764e+02 2.996692487207294198e-01
3.369839999999999804e+02 3.226741096008545195e-01
3.363419999999999845e+02 3.093917433941008044e-01
3.356979999999999791e+02 2.903114248091508420e-01
3.350550000000000068e+02 2.857554126149435270e-01
3.344130000000000109e+02 2.725348998932922151e-01
3.337690000000000055e+02 2.766502005683458831e-01
3.331259999999999764e+02 2.836778668662236491e-01
3.324830000000000041e+02 3.224398399230434253e-01
3.318389999999999986e+02 3.049253102844853847e-01
3.311960000000000264e+02 3.291847819733914049e-01
3.305539999999999736e+02 3.188490057167006064e-01
3.299110000000000014e+02 3.387639807927723679e-01
3.292660000000000196e+02 3.514732008278063646e-01
3.286229999999999905e+02 3.713399798947080166e-01
3.279800000000000182e+02 3.653334297722004576e-01
3.273360000000000127e+02 3.549849809194708383e-01
3.266929999999999836e+02 3.217437309203037832e-01
3.260489999999999782e+02 3.157735868733858031e-01
3.254049999999999727e+02 3.083734913545523870e-01
3.247610000000000241e+02 3.253219117907489855e-01
3.241179999999999950e+02 3.136410244525522084e-01
3.234730000000000132e+02 3.219751671132371484e-01
3.228290000000000077e+02 3.231503959531435433e-01
3.221840000000000259e+02 3.500461426955173705e-01
3.215409999999999968e+02 3.526181547416486484e-01
3.208969999999999914e+02 3.822518751015999139e-01
3.202520000000000095e+02 3.990846268674517194e-01
3.196080000000000041e+02 3.973475371509863630e-01
3.189639999999999986e+02 4.098415821950804339e-01
3.183190000000000168e+02 4.280045147351721480e-01
3.176750000000000114e+02 4.021378544926724197e-01
3.170310000000000059e+02 3.607463268509805698e-01
3.163860000000000241e+02 3.604197217696580302e-01
3.157420000000000186e+02 3.516782670911584030e-01
3.150980000000000132e+02 3.301877523391933966e-01
3.144519999999999982e+02 3.242633026454867506e-01
3.138079999999999927e+02 3.141332341726262856e-01
3.131619999999999777e+02 3.082474849446776854e-01
3.125179999999999723e+02 2.995398874880527695e-01
3.118729999999999905e+02 3.035280771641201136e-01
3.112269999999999754e+02 3.540325253186927257e-01
3.105830000000000268e+02 3.326450135663242547e-01
3.099370000000000118e+02 3.239462994591807976e-01
3.092919999999999732e+02 3.279300319489731330e-01
3.086469999999999914e+02 3.192538454838843021e-01
3.080009999999999764e+02 3.484855456866726708e-01
3.073570000000000277e+02 3.650329558738138469e-01
3.067099999999999795e+02 3.703938028707992047e-01
3.060649999999999977e+02 3.644928679343331090e-01
3.054200000000000159e+02 3.627983432901172312e-01
3.047740000000000009e+02 3.611448533389497451e-01
3.041290000000000191e+02 3.594909159748367333e-01
3.034820000000000277e+02 3.982852607609246309e-01
3.028369999999999891e+02 4.230859042303907747e-01
3.021920000000000073e+02 4.422394048303643910e-01
3.015450000000000159e+02 4.294041115506630479e-01
3.008999999999999773e+02 4.012279111587954139e-01
3.002529999999999859e+02 4.412702486416237302e-01
2.996080000000000041e+02 4.242537029659803061e-01
2.989610000000000127e+02 4.044635246960325836e-01
2.983149999999999977e+02 4.402629683647186210e-01
2.976700000000000159e+02 4.219103985996995321e-01
2.970230000000000246e+02 4.243360461914462145e-01
2.963770000000000095e+02 3.976833686962357173e-01
2.957300000000000182e+02 3.891104255594124428e-01
2.950840000000000032e+02 4.012484433451888322e-01
2.944370000000000118e+02 3.719347192841758187e-01
2.937909999999999968e+02 3.840724163628547183e-01
2.931429999999999723e+02 4.499578508094171370e-01
2.924970000000000141e+02 4.482361227058380693e-01
2.918500000000000227e+02 4.272392221432146364e-01
2.912040000000000077e+02 4.200214310084250946e-01
2.905570000000000164e+02 4.402769740230509377e-01
2.899100000000000250e+02 4.660816825877648895e-01
2.892629999999999768e+02 5.041228611413657301e-01
2.886159999999999854e+02 5.270792326943893880e-01
2.879689999999999941e+02 5.431142436899575321e-01
2.873210000000000264e+02 5.454373063173716396e-01
2.866750000000000114e+02 5.395292928418490286e-01
2.860269999999999868e+02 5.691973351478303300e-01
2.853799999999999955e+02 5.796825099816762528e-01
2.847320000000000277e+02 5.737703581563251554e-01
2.840849999999999795e+02 6.019567489052349840e-01
2.834370000000000118e+02 6.151362217523953513e-01
2.827900000000000205e+02 6.432305729174362385e-01
2.821419999999999959e+02 6.672496746441274329e-01
2.814950000000000045e+02 6.789275917502936020e-01
2.808469999999999800e+02 7.056123277117745118e-01
2.801990000000000123e+02 6.833361612840931354e-01
2.795509999999999877e+02 6.692256436223080751e-01
2.789039999999999964e+02 6.782274923284864476e-01
2.782549999999999955e+02 6.790179843672109472e-01
2.776080000000000041e+02 6.811996952457866072e-01
2.769590000000000032e+02 6.725470113390226157e-01
2.763120000000000118e+02 6.868683366968504345e-01
2.756630000000000109e+02 6.755517512410755820e-01
2.750149999999999864e+02 6.884762586884053404e-01
2.743659999999999854e+02 7.472887392130098672e-01
2.737189999999999941e+02 7.924711125769722253e-01
2.730699999999999932e+02 8.053368678043373308e-01
2.724220000000000255e+02 7.952613385909209631e-01
2.717730000000000246e+02 7.785234279689040582e-01
2.711240000000000236e+02 7.658137718806934391e-01
2.704759999999999991e+02 7.437630273353508237e-01
2.698260000000000218e+02 7.579145508210359816e-01
2.691779999999999973e+02 7.841111849283105562e-01
2.685289999999999964e+02 7.473489406882278807e-01
2.678809999999999718e+02 7.386976877403941266e-01
2.672309999999999945e+02 7.274594320199289088e-01
2.665830000000000268e+02 7.442194435312993184e-01
2.659329999999999927e+02 7.970064727258728832e-01
2.652839999999999918e+02 8.203923873793961263e-01
2.646349999999999909e+02 8.570348825837966755e-01
2.639850000000000136e+02 8.363981352310274620e-01
2.633369999999999891e+02 8.277184446613112812e-01
2.626870000000000118e+02 8.510011366209384587e-01
2.620380000000000109e+02 8.330843004740567936e-01
2.613879999999999768e+02 8.682184642876412672e-01
2.607400000000000091e+02 8.516616696103184170e-01
2.600899999999999750e+02 8.151827618858522584e-01
2.594390000000000214e+02 8.370333219123164969e-01
2.587900000000000205e+02 8.217942374856548327e-01
2.581399999999999864e+02 8.251049614974086399e-01
2.574909999999999854e+02 8.191684692021423686e-01
2.568410000000000082e+02 8.594126756093152242e-01
2.561899999999999977e+02 8.903916293573101992e-01
2.555409999999999968e+02 8.751661049208649956e-01
2.548899999999999864e+02 8.955320269378879150e-01
2.542410000000000139e+02 8.961495338599988481e-01
2.535910000000000082e+02 8.678084157460415060e-01
2.529399999999999977e+02 8.697194601350650700e-01
2.522899999999999920e+02 8.835028799800382915e-01
2.516399999999999864e+02 9.129237254088228282e-01
2.509900000000000091e+02 8.741865107444192207e-01
2.503389999999999986e+02 8.787118326506546673e-01
2.496879999999999882e+02 9.002641316756694323e-01
2.490380000000000109e+02 9.060305067135504542e-01
2.483870000000000005e+02 9.353650257404332313e-01
2.477359999999999900e+02 9.620019292830311874e-01
2.470860000000000127e+02 9.521009614595713488e-01
2.464350000000000023e+02 9.825901651039806728e-01
2.457849999999999966e+02 9.427448639682592946e-01
2.451330000000000098e+02 9.666998474790156060e-01
2.444819999999999993e+02 9.503097007798753104e-01
2.438319999999999936e+02 9.365825303587717032e-01
2.431800000000000068e+02 9.267133879648149497e-01
2.425289999999999964e+02 9.259604496770218462e-01
2.418779999999999859e+02 9.640403524542401348e-01
2.412270000000000039e+02 9.904560669889476143e-01
2.405749999999999886e+02 9.689791031839857238e-01
2.399240000000000066e+02 1.012091058127789989e+00
2.392719999999999914e+02 1.011292976558067602e+00
2.386200000000000045e+02 1.032395821849366513e+00
2.379699999999999989e+02 1.028965686850849881e+00
2.373180000000000121e+02 1.059030424263556869e+00
2.366670000000000016e+02 1.058193261961605458e+00
2.360149999999999864e+02 1.058576927941599077e+00
2.353629999999999995e+02 1.080853435815289254e+00
2.347100000000000080e+02 1.122333470475750605e+00
2.340600000000000023e+02 1.117537463137134646e+00
2.334070000000000107e+02 1.114072538704914850e+00
2.327549999999999955e+02 1.157993274808390538e+00
2.321040000000000134e+02 1.191561390755986327e+00
2.314509999999999934e+02 1.186769987548149219e+00
2.307980000000000018e+02 1.218984391484687180e+00
2.301469999999999914e+02 1.217983000411180683e+00
2.294939999999999998e+02 1.204225245721485482e+00
2.288420000000000130e+02 1.181572918278374074e+00
2.281899999999999977e+02 1.225149166266106926e+00
2.275370000000000061e+02 1.258483954779629821e+00
2.268839999999999861e+02 1.277815271554177734e+00
2.262330000000000041e+02 1.308445860028078833e+00
2.255800000000000125e+02 1.347983888728087942e+00
2.249269999999999925e+02 1.348155142463848044e+00
2.242729999999999961e+02 1.357216096709331188e+00
2.236220000000000141e+02 1.388958904171307518e+00
2.229679999999999893e+02 1.399224472891887228e+00
2.223149999999999977e+02 1.411929777525403829e+00
2.216630000000000109e+02 1.394395368679467895e+00
2.210099999999999909e+02 1.374270589207523097e+00
2.203559999999999945e+02 1.352950651510940849e+00
2.197019999999999982e+02 1.344287857156917232e+00
2.190500000000000114e+02 1.351978094728098156e+00
2.183969999999999914e+02 1.353351114162985480e+00
2.177429999999999950e+02 1.350973574061753890e+00
2.170889999999999986e+02 1.361152517495575864e+00
2.164370000000000118e+02 1.341189927460853193e+00
2.157829999999999870e+02 1.362644862751586139e+00
2.151289999999999907e+02 1.351470886597630816e+00
2.144749999999999943e+02 1.387876605367795335e+00
2.138220000000000027e+02 1.390469568744627127e+00
2.131680000000000064e+02 1.395536838534387147e+00
2.125140000000000100e+02 1.405607852919163125e+00
2.118600000000000136e+02 1.385736901035932389e+00
2.112069999999999936e+02 1.414474106716688384e+00
2.105529999999999973e+02 1.405811359493683410e+00
2.098979999999999961e+02 1.398422393187375379e+00
2.092439999999999998e+02 1.382295035331597033e+00
2.085910000000000082e+02 1.382394695992432476e+00
2.079360000000000070e+02 1.379996751066935312e+00
2.072820000000000107e+02 1.375112835904243269e+00
2.066270000000000095e+02 1.347948422676670255e+00
2.059739999999999895e+02 1.371566247510898950e+00
2.053189999999999884e+02 1.369152219237916412e+00
2.046639999999999873e+02 1.356893715149030122e+00
2.040089999999999861e+02 1.360678665673303644e+00
2.033540000000000134e+02 1.360752583752701916e+00
2.027009999999999934e+02 1.325133825693328049e+00
2.020459999999999923e+02 1.314144261570295624e+00
2.013909999999999911e+02 1.288423899598445388e+00
2.007350000000000136e+02 1.316826511964157564e+00
2.000800000000000125e+02 1.307113963535976531e+00
1.994259999999999877e+02 1.282681183388910018e+00
1.987709999999999866e+02 1.282809500174395101e+00
1.981160000000000139e+02 1.274389456122007713e+00
1.974600000000000080e+02 1.292867476195774579e+00
1.968050000000000068e+02 1.268521859181413580e+00
1.961510000000000105e+02 1.263827415401699961e+00
1.954950000000000045e+02 1.293258941897518888e+00
1.948389999999999986e+02 1.268968825389053867e+00
1.941839999999999975e+02 1.255697795134636419e+00
1.935279999999999916e+02 1.268012299694642353e+00
1.928739999999999952e+02 1.283934198851397701e+00
1.922179999999999893e+02 1.280419637332403271e+00
1.915620000000000118e+02 1.313323851160201894e+00
1.909060000000000059e+02 1.358332771330271749e+00
1.902500000000000000e+02 1.377806083782372903e+00
1.895939999999999941e+02 1.358437647366953493e+00
1.889389999999999930e+02 1.392334274374626979e+00
1.882829999999999870e+02 1.417757698140927891e+00
1.876270000000000095e+02 1.445536955886218333e+00
1.869699999999999989e+02 1.439493911496909417e+00
1.863139999999999930e+02 1.438255583273202465e+00
1.856570000000000107e+02 1.415304215555838629e+00
1.850010000000000048e+02 1.399649444673841892e+00
1.843460000000000036e+02 1.420093340027296147e+00
1.836889999999999930e+02 1.448935395338508014e+00
1.830329999999999870e+02 1.476482518335420879e+00
1.823760000000000048e+02 1.492028771615340865e+00
1.817189999999999941e+02 1.483564290467390023e+00
1.810620000000000118e+02 1.556570526534299503e+00
1.804050000000000011e+02 1.611480173374213010e+00
1.797500000000000000e+02 1.635118699389248365e+00
1.790929999999999893e+02 1.681525103001717980e+00
1.784360000000000070e+02 1.686048947877376580e+00
1.777789999999999964e+02 1.707258035964656973e+00
1.771220000000000141e+02 1.717668112539629366e+00
1.764650000000000034e+02 1.729292503379284529e+00
1.758069999999999879e+02 1.745620489628036287e+00
1.751500000000000057e+02 1.733421290205838572e+00
1.744939999999999998e+02 1.752051931633026305e+00
1.738369999999999891e+02 1.792072372263101121e+00
1.731790000000000020e+02 1.817780580289195091e+00
1.725219999999999914e+02 1.850556813934404854e+00
1.718640000000000043e+02 1.891553489723644566e+00
1.712059999999999889e+02 1.924175452576009970e+00
1.705490000000000066e+02 1.950871353260583696e+00
1.698909999999999911e+02 1.966858221125403539e+00
1.692330000000000041e+02 1.963964112232028825e+00
1.685749999999999886e+02 1.958705617779339381e+00
1.679190000000000111e+02 1.985245462213757417e+00
1.672609999999999957e+02 1.979972554758644643e+00
1.666030000000000086e+02 2.022886189268879864e+00
1.659449999999999932e+02 1.996457736198042010e+00
1.652870000000000061e+02 1.960697388781016848e+00
1.646279999999999859e+02 1.968338582443126761e+00
1.639699999999999989e+02 1.995873904439446900e+00
1.633120000000000118e+02 2.036247535250256036e+00
1.626539999999999964e+02 2.044983983060087329e+00
1.619950000000000045e+02 2.024485034148435947e+00
1.613369999999999891e+02 2.021540746988307991e+00
1.606779999999999973e+02 1.997592879646328701e+00
1.600190000000000055e+02 2.005136990691730681e+00
1.593609999999999900e+02 2.024332661795432919e+00
1.587040000000000077e+02 2.031865252142017741e+00
1.580449999999999875e+02 2.049790966633110667e+00
1.573859999999999957e+02 2.045643229732371005e+00
1.567270000000000039e+02 2.064697149893996997e+00
1.560680000000000121e+02 2.060563316199338857e+00
1.554089999999999918e+02 2.069162351195585892e+00
1.547500000000000000e+02 2.083514783309080798e+00
1.540910000000000082e+02 2.079367279700000015e+00
1.534319999999999879e+02 2.086746593578569176e+00
1.527729999999999961e+02 2.092963898304591730e+00
1.521140000000000043e+02 2.084180470414695563e+00
1.514540000000000077e+02 2.088092464108826540e+00
1.507949999999999875e+02 2.091972757264948246e+00
1.501359999999999957e+02 2.167102087835422353e+00
1.494759999999999991e+02 2.196199414026233310e+00
1.488170000000000073e+02 2.211439974725875057e+00
1.481570000000000107e+02 2.263345214600739563e+00
1.474970000000000141e+02 2.267059817283939349e+00
1.468379999999999939e+02 2.298204942014320462e+00
1.461779999999999973e+02 2.317878740004874150e+00
1.455180000000000007e+02 2.363767175438828527e+00
1.448580000000000041e+02 2.383340934889722984e+00
1.441980000000000075e+02 2.343568577342323600e+00
1.435380000000000109e+02 2.375644360414080669e+00
1.428779999999999859e+02 2.397407381235371115e+00
1.422179999999999893e+02 2.439613902467645090e+00
1.415579999999999927e+02 2.459016291180281755e+00
1.408979999999999961e+02 2.472692151257027682e+00
1.402379999999999995e+02 2.484061946887452965e+00
1.395769999999999982e+02 2.490876756654687441e+00
1.389170000000000016e+02 2.531668828302658270e+00
1.382560000000000002e+02 2.608538034136088868e+00
1.375960000000000036e+02 2.657027796222860339e+00
1.369350000000000023e+02 2.698667780598498211e+00
1.362750000000000057e+02 2.719912597842624624e+00
1.356140000000000043e+02 2.768180615342845652e+00
1.349540000000000077e+02 2.812956598046779888e+00
1.342930000000000064e+02 2.889159136709364084e+00
1.336320000000000050e+02 2.964078782079644814e+00
1.329710000000000036e+02 3.014167650041919000e+00
1.323100000000000023e+02 3.049573739258588656e+00
1.316490000000000009e+02 3.128611338096242811e+00
1.309879999999999995e+02 3.161591620758484211e+00
1.303269999999999982e+02 3.186702019252929841e+00
1.296659999999999968e+02 3.264276714300514914e+00
1.290049999999999955e+02 3.303761301705036235e+00
1.283420000000000130e+02 3.320843398259736290e+00
1.276809999999999974e+02 3.345700479390795845e+00
1.270190000000000055e+02 3.400549725155472380e+00
1.263580000000000041e+02 3.380767888025628221e+00
1.256959999999999980e+02 3.349871131588155304e+00
1.250349999999999966e+02 3.374569322825742290e+00
1.243730000000000047e+02 3.385934534094042547e+00
1.237120000000000033e+02 3.385042291750226529e+00
1.230499999999999972e+02 3.406320803198365610e+00
1.223880000000000052e+02 3.413142288656338508e+00
1.217259999999999991e+02 3.368005482186704924e+00
1.210639999999999930e+02 3.308583735824314864e+00
1.204030000000000058e+02 3.317707741601213289e+00
1.197409999999999997e+02 3.309158782897593909e+00
1.190780000000000030e+02 3.240038460852348035e+00
1.184150000000000063e+02 3.229257360970847923e+00
1.177530000000000001e+02 3.196622813312918865e+00
1.170909999999999940e+02 3.147553194017170153e+00
1.164279999999999973e+02 3.099655800668039696e+00
1.157660000000000053e+02 3.085857054630218421e+00
1.151039999999999992e+02 3.062188763673323599e+00
1.144410000000000025e+02 3.015600976660779864e+00
1.137789999999999964e+02 2.972335040776593829e+00
1.131159999999999997e+02 2.971803574194825437e+00
1.124539999999999935e+02 2.953780660084258880e+00
1.117890000000000015e+02 2.932453757203668410e+00
1.111269999999999953e+02 2.937388350067229315e+00
1.104639999999999986e+02 2.910709150418937075e+00
1.098010000000000019e+02 2.889524533484501667e+00
1.091380000000000052e+02 2.859692935832636174e+00
1.084749999999999943e+02 2.852700290198117550e+00
1.078119999999999976e+02 2.782851654282853193e+00
1.071490000000000009e+02 2.746731917736603634e+00
1.064849999999999994e+02 2.641167219205474481e+00
1.058209999999999980e+02 2.553313111681369652e+00
1.051580000000000013e+02 2.439697449038543908e+00
1.044950000000000045e+02 2.410474317625007412e+00
1.038319999999999936e+02 2.325239492364551630e+00
1.031680000000000064e+02 2.250884569697912063e+00
1.025049999999999955e+02 2.182038790926009497e+00
1.018400000000000034e+02 2.159509680996204217e+00
1.011760000000000019e+02 2.113446900535362438e+00
1.005130000000000052e+02 2.139383670494901413e+00
9.984900000000000375e+01 2.148103502080082272e+00
9.918529999999999802e+01 2.147178902401508438e+00
9.852150000000000318e+01 2.138693227399213193e+00
9.785769999999999413e+01 2.204012618746233887e+00
9.719230000000000302e+01 2.282192200436830021e+00
9.652830000000000155e+01 2.356883573324764392e+00
9.586430000000000007e+01 2.418580056432652725e+00
9.520029999999999859e+01 2.498288660164755814e+00
9.453610000000000468e+01 2.608692773926708508e+00
9.387199999999999989e+01 2.718885891575181013e+00
9.320619999999999550e+01 2.796211025994997712e+00
9.254200000000000159e+01 2.883730942645381212e+00
9.187760000000000105e+01 2.905377519488399507e+00
9.121320000000000050e+01 2.947113217641289307e+00
9.054879999999999995e+01 2.964422278323512128e+00
8.988280000000000314e+01 3.039897478780856588e+00
8.921819999999999595e+01 3.064468898219168125e+00
8.855360000000000298e+01 3.062617884962259396e+00
8.788890000000000668e+01 3.058647871420875575e+00
8.722419999999999618e+01 3.130506758729350025e+00
8.655939999999999657e+01 3.190610432676962205e+00
8.589300000000000068e+01 3.270774596232875364e+00
8.522809999999999775e+01 3.308594317697458376e+00
8.456319999999999482e+01 3.370474433893625665e+00
8.389820000000000277e+01 3.384026595708224949e+00
8.323160000000000025e+01 3.434276274866394640e+00
8.256650000000000489e+01 3.463415642252003490e+00
8.190130000000000621e+01 3.521799815796871069e+00
8.123609999999999332e+01 3.552887797497478850e+00
8.057080000000000553e+01 3.528633769535714393e+00
7.990389999999999304e+01 3.560740419325707951e+00
7.923850000000000193e+01 3.612490885648607097e+00
7.857299999999999329e+01 3.675596617333636740e+00
7.790749999999999886e+01 3.722974837662560876e+00
7.724039999999999395e+01 3.752733020020225574e+00
7.657479999999999620e+01 3.802019414134391262e+00
7.590909999999999513e+01 3.786963094232612459e+00
7.524339999999999407e+01 3.837162102722454726e+00
7.457760000000000389e+01 3.864537853060191264e+00
7.391020000000000323e+01 3.825668528755343356e+00
7.324429999999999552e+01 3.825095951903440650e+00
7.257829999999999870e+01 3.776066136194884848e+00
7.191230000000000189e+01 3.753898430490196780e+00
7.124469999999999459e+01 3.766711228697209091e+00
7.057850000000000534e+01 3.753845909970471517e+00
6.991230000000000189e+01 3.798519709232726527e+00
6.924609999999999843e+01 3.765041823002963195e+00
6.857829999999999870e+01 3.776841524211094647e+00
6.791190000000000282e+01 3.780367217299166249e+00
6.724550000000000693e+01 3.764427579774171306e+00
6.657750000000000057e+01 3.768954663588960141e+00
6.591100000000000136e+01 3.737755700365384737e+00
6.524439999999999884e+01 3.743332488662448831e+00
6.457769999999999300e+01 3.727488740872490158e+00
6.390950000000000131e+01 3.698374761151234758e+00
6.324269999999999925e+01 3.700901234490487468e+00
6.257589999999999719e+01 3.722695102031445380e+00
6.190899999999999892e+01 3.737355732505964312e+00
6.124060000000000059e+01 3.738847961213698667e+00
6.057359999999999900e+01 3.748373958763487668e+00
5.990659999999999741e+01 3.760959812448122719e+00
5.923799999999999955e+01 3.713747585486007363e+00
5.857079999999999842e+01 3.659644252366734296e+00
5.790359999999999729e+01 3.671237270631751759e+00
5.723629999999999995e+01 3.652540932074831659e+00
5.656750000000000256e+01 3.607619342345269597e+00
5.590010000000000190e+01 3.616189679561799153e+00
5.523270000000000124e+01 3.597563330857666219e+00
5.456360000000000099e+01 3.599097731382393306e+00
5.389609999999999701e+01 3.615613034882732890e+00
5.322849999999999682e+01 3.660181508916377613e+00
5.255930000000000035e+01 3.724749925354082780e+00
5.189159999999999684e+01 3.689089686039984883e+00
5.122379999999999711e+01 3.711454444045631185e+00
5.055440000000000111e+01 3.722801607394973900e+00
4.988660000000000139e+01 3.710163121346847781e+00
4.921860000000000213e+01 3.693602563395159688e+00
4.854910000000000281e+01 3.682954750036248281e+00
4.788100000000000023e+01 3.708195463809464520e+00
4.721289999999999765e+01 3.707512030190943442e+00
4.654319999999999879e+01 3.683031061295193087e+00
4.587500000000000000e+01 3.695260492420664455e+00
4.520669999999999789e+01 3.647034349489055582e+00
4.453679999999999950e+01 3.641442521065949567e+00
4.386840000000000117e+01 3.642807132356321365e+00
4.320000000000000284e+01 3.683687840831783689e+00
4.252989999999999782e+01 3.662239205637066508e+00
4.186129999999999995e+01 3.631037969234625518e+00
4.119270000000000209e+01 3.571295140719052519e+00
4.052250000000000085e+01 3.557890781976795314e+00
3.985379999999999967e+01 3.564222510695941537e+00
3.918500000000000227e+01 3.588207883752935867e+00
3.851460000000000150e+01 3.584622136486694810e+00
3.784570000000000078e+01 3.573212107761051026e+00
3.717519999999999669e+01 3.541272467428640880e+00
3.650619999999999976e+01 3.519161235247857622e+00
3.583709999999999951e+01 3.528372806049030252e+00
3.516640000000000299e+01 3.533650913371622959e+00
3.449719999999999942e+01 3.506750521889027805e+00
3.382800000000000296e+01 3.504228462245687403e+00
3.315709999999999980e+01 3.469548790716180608e+00
3.248780000000000001e+01 3.400010175516946287e+00
3.181680000000000064e+01 3.378103989978696209e+00
3.114730000000000132e+01 3.377668056197100643e+00
3.047779999999999845e+01 3.397562543146083858e+00
2.980669999999999931e+01 3.321501990823207073e+00
2.913700000000000045e+01 3.314335905070371791e+00
2.846730000000000160e+01 3.318767059228344696e+00
2.779599999999999937e+01 3.261331584719973531e+00
2.712620000000000076e+01 3.237811734793279772e+00
2.645479999999999876e+01 3.225858652839528329e+00
2.578490000000000038e+01 3.194758319978324046e+00
2.511329999999999885e+01 3.128972147931643466e+00
2.444330000000000069e+01 3.055724904457392643e+00
2.377319999999999922e+01 3.046000228745803451e+00
2.310150000000000148e+01 2.959420594044925412e+00
2.243130000000000024e+01 2.906702623462417812e+00
2.175949999999999918e+01 2.853913973741896370e+00
2.108909999999999840e+01 2.787996900385028898e+00
2.041870000000000118e+01 2.746096369982108154e+00
1.974680000000000035e+01 2.651657902700415459e+00
1.907629999999999981e+01 2.597576995057726545e+00
1.840419999999999945e+01 2.552973266042902978e+00
1.773349999999999937e+01 2.483847553621385984e+00
1.706129999999999924e+01 2.468934789385804240e+00
1.639059999999999917e+01 2.398139630802230027e+00
1.571979999999999933e+01 2.356856480138355359e+00
1.504739999999999966e+01 2.342105532245281285e+00
1.437650000000000006e+01 2.307557687775423805e+00
1.370410000000000039e+01 2.308991520618400628e+00
1.303299999999999947e+01 2.265114481485903219e+00
1.236040000000000028e+01 2.241085962947013233e+00
1.168929999999999936e+01 2.212445687060527799e+00
1.101660000000000039e+01 2.230896730352819102e+00
1.034529999999999994e+01 2.332998730605866378e+00
9.672489999999999810e+00 2.415297666106053676e+00
9.001129999999999853e+00 2.506595278280099759e+00
8.329710000000000392e+00 2.581721452119461357e+00
7.656710000000000349e+00 2.736651558924774186e+00
6.985170000000000101e+00 3.120029381995921725e+00
6.312050000000000161e+00 3.517716805856178741e+00
5.640399999999999636e+00 3.930550848927221619e+00
4.967170000000000307e+00 4.282754448831859406e+00
4.295410000000000394e+00 4.583871649691364958e+00
3.622059999999999835e+00 4.884213581968047890e+00
2.950180000000000025e+00 5.164576770625917135e+00
2.276720000000000077e+00 5.479326346965390115e+00
1.604729999999999990e+00 5.711413572331601962e+00
9.311519999999999797e-01 5.742797352179503712e+00
2.590439999999999965e-01 5.738586447986349981e+00
