6.869719999999999800e+02 -3.625626949876068275e-03
6.863600000000000136e+02 6.455027393757633604e-03
6.857469999999999573e+02 8.562541056869040629e-03
6.851349999999999909e+02 1.651435452063557824e-02
6.845230000000000246e+02 1.488322918992242457e-02
6.839120000000000346e+02 1.811573042958889920e-02
6.832989999999999782e+02 1.162244118288304276e-02
6.826870000000000118e+02 2.780671500369853028e-02
6.820739999999999554e+02 -1.104367103876853495e-02
6.814610000000000127e+02 -1.298071307510537120e-02
6.808490000000000464e+02 -2.072166154873440053e-02
6.802359999999999900e+02 6.021573805342048157e-04
6.796230000000000473e+02 1.415316694532432577e-02
6.790099999999999909e+02 2.519508781466536177e-03
6.783980000000000246e+02 -9.096327197289758720e-03
6.777859999999999445e+02 -2.641673828231343168e-02
6.771730000000000018e+02 -7.120902804135088512e-03
6.765599999999999454e+02 -3.268758186325900969e-03
6.759470000000000027e+02 -2.449101218301056801e-02
6.753339999999999463e+02 2.372645800023817642e-02
6.747210000000000036e+02 -3.408788464327482809e-02
6.741079999999999472e+02 -1.866232154322132464e-02
6.734940000000000282e+02 5.254833850683774538e-02
6.728809999999999718e+02 5.829575941926108673e-02
6.722680000000000291e+02 5.057219977833560948e-02
6.716539999999999964e+02 1.595787059125372206e-02
6.710410000000000537e+02 -1.331421823901103108e-03
6.704270000000000209e+02 4.421744283150077191e-03
6.698150000000000546e+02 -3.008708443211902811e-02
6.692010000000000218e+02 2.359864851957436602e-02
6.685879999999999654e+02 3.889969356059526373e-02
6.679740000000000464e+02 6.317239756124639997e-03
6.673600000000000136e+02 1.206527038148917479e-02
6.667459999999999809e+02 2.544200901433450734e-02
6.661330000000000382e+02 2.352422768041512527e-02
6.655190000000000055e+02 1.396161432688899050e-02
6.649049999999999727e+02 -1.311138404940411601e-03
6.642910000000000537e+02 -1.656147911539757739e-02
6.636770000000000209e+02 -4.514569902018226305e-02
6.630629999999999882e+02 -7.750585787616294520e-02
6.624479999999999791e+02 -1.003111751616827668e-01
6.618339999999999463e+02 -8.883793073935125628e-02
6.612200000000000273e+02 -9.829707414460088499e-02
6.606059999999999945e+02 -1.115376454308765475e-01
6.599909999999999854e+02 -9.248037705406676745e-02
6.593769999999999527e+02 -8.672982502368142832e-02
6.587619999999999436e+02 -4.115080983665606734e-02
6.581480000000000246e+02 -3.164612390565647165e-02
6.575330000000000155e+02 -2.404769082383460127e-02
6.569189999999999827e+02 1.194252111775764673e-02
6.563039999999999736e+02 4.365187310599039083e-03
6.556889999999999645e+02 2.516356576538918491e-02
6.550750000000000455e+02 4.594896452635348350e-02
6.544600000000000364e+02 4.969510442007200185e-02
6.538450000000000273e+02 7.232000601137698881e-02
6.532300000000000182e+02 5.906851735002514869e-02
6.526150000000000091e+02 3.452749107053318389e-02
6.520000000000000000e+02 4.016393821130850167e-02
6.513849999999999909e+02 5.142718890944333876e-02
6.507699999999999818e+02 6.268883908154934681e-02
6.501549999999999727e+02 1.939501430422560166e-02
6.495389999999999873e+02 2.472379754997999692e-03
6.489239999999999782e+02 -6.926807314160011476e-03
6.483089999999999691e+02 -1.068176069059989519e-02
6.476929999999999836e+02 -3.881741820319585534e-02
6.470779999999999745e+02 1.183455069199012590e-02
6.464629999999999654e+02 6.208985146706252380e-03
6.458469999999999800e+02 -1.067575143299245508e-02
6.452319999999999709e+02 -2.191619936176722808e-02
6.446159999999999854e+02 2.485960565320160728e-02
6.439990000000000236e+02 5.105756195410707243e-02
6.433830000000000382e+02 2.486116751942768141e-02
6.427670000000000528e+02 -8.763555631301439205e-03
6.421520000000000437e+02 1.923637803746861344e-02
6.415359999999999445e+02 -1.620014184774868846e-02
6.409199999999999591e+02 -3.109181902178323464e-02
6.403039999999999736e+02 -4.225596834648984168e-02
6.396879999999999882e+02 -5.339818803913111422e-02
6.390720000000000027e+02 -5.336902937246976175e-02
6.384560000000000173e+02 -4.590749290496998203e-02
6.378400000000000318e+02 -2.730355136079093761e-02
6.372229999999999563e+02 5.651748324973076285e-04
6.366069999999999709e+02 -8.717296507793154126e-03
6.359909999999999854e+02 -1.426323672672819183e-02
6.353730000000000473e+02 9.834635392045622954e-03
6.347569999999999482e+02 -1.424939721292147257e-02
6.341399999999999864e+02 -1.238948723237645773e-02
6.335240000000000009e+02 -2.162287697274601836e-02
6.329070000000000391e+02 -4.378931512025877049e-02
6.322899999999999636e+02 4.257363275876948142e-03
6.316739999999999782e+02 6.089075780882565424e-03
6.310570000000000164e+02 1.714440418402133140e-02
6.304400000000000546e+02 3.926190550719290545e-02
6.298220000000000027e+02 4.112775966670174921e-02
6.292050000000000409e+02 5.766121561877261825e-02
6.285879999999999654e+02 6.682354945397518675e-02
6.279710000000000036e+02 5.206635594055760569e-02
6.273540000000000418e+02 8.697141125427018671e-02
6.267369999999999663e+02 1.527937914386452017e-02
6.261200000000000045e+02 9.766010622723510226e-03
6.255030000000000427e+02 2.441384690164774898e-02
6.248840000000000146e+02 -1.594391491296083541e-02
6.242670000000000528e+02 -2.325546253945024247e-02
6.236499999999999773e+02 -3.972177649071676614e-02
6.230320000000000391e+02 -4.700489786144632087e-02
6.224149999999999636e+02 -5.427875980828819613e-02
6.217980000000000018e+02 -9.811386097384104665e-02
6.211799999999999500e+02 -5.421749168421825110e-02
6.205610000000000355e+02 -3.957958958043338721e-02
6.199429999999999836e+02 -8.333203336704161912e-02
6.193260000000000218e+02 -7.417527551865164825e-02
6.187079999999999700e+02 -7.413173077911668074e-02
6.180900000000000318e+02 -2.494398738006421007e-02
6.174719999999999800e+02 -1.402236312219043435e-02
6.168529999999999518e+02 2.395458393426968136e-03
6.162350000000000136e+02 9.647153012158134200e-03
6.156169999999999618e+02 6.008822458276257689e-03
6.149990000000000236e+02 -2.303339636999900478e-02
6.143809999999999718e+02 9.620714980798439689e-03
6.137630000000000337e+02 3.500993578855930016e-02
6.131430000000000291e+02 4.764744342251322345e-02
6.125249999999999773e+02 4.219776946519607219e-02
6.119070000000000391e+02 5.662728885673156548e-02
6.112889999999999873e+02 4.031976249325375933e-02
6.106699999999999591e+02 3.490082656187978860e-02
6.100510000000000446e+02 1.318444355219551729e-02
6.094320000000000164e+02 2.941908099385206338e-02
6.088139999999999645e+02 4.174730407541695464e-03
6.081950000000000500e+02 3.660066866035259492e-02
6.075760000000000218e+02 1.857611876450325841e-02
6.069560000000000173e+02 3.297308776007521619e-02
6.063379999999999654e+02 1.315640853718395148e-02
6.057190000000000509e+02 3.469254780151732886e-02
6.051000000000000227e+02 4.185843111427470925e-02
6.044809999999999945e+02 6.516981314252254243e-02
6.038609999999999900e+02 5.436039353439255095e-02
6.032419999999999618e+02 7.942565334719010883e-02
6.026230000000000473e+02 6.683339191072892871e-02
6.020040000000000191e+02 5.607104878143992499e-02
6.013830000000000382e+02 4.126670495181315040e-03
6.007640000000000100e+02 5.919625094963808058e-03
6.001449999999999818e+02 -1.730449402989564164e-02
5.995249999999999773e+02 -3.000676264932952177e-03
5.989049999999999727e+02 -3.335683038844728526e-02
5.982849999999999682e+02 -1.014506869469351813e-02
5.976660000000000537e+02 -4.220777053953150143e-02
5.970460000000000491e+02 -6.356971882540209118e-02
5.964249999999999545e+02 -5.283402646387117679e-02
5.958060000000000400e+02 -3.146062827124258138e-02
5.951860000000000355e+02 -4.565860054814521035e-02
5.945670000000000073e+02 -3.674368193429167900e-02
5.939450000000000500e+02 -3.671923347883315758e-02
5.933260000000000218e+02 -8.317666847649994935e-03
5.927060000000000173e+02 -2.250473201702815618e-02
5.920860000000000127e+02 4.078297858955081366e-03
5.914650000000000318e+02 7.631431773130991671e-03
5.908450000000000273e+02 4.088149614312540196e-03
5.902250000000000227e+02 -2.596159624244727751e-02
5.896029999999999518e+02 -1.536287489628714378e-02
5.889829999999999472e+02 -1.181006227119383092e-02
5.883630000000000564e+02 1.289532511967092683e-02
5.877419999999999618e+02 2.520241454336677109e-02
5.871209999999999809e+02 1.111984182768100890e-02
5.865000000000000000e+02 -6.499758763589776056e-03
5.858799999999999955e+02 2.283863227956906515e-03
5.852580000000000382e+02 -1.704184827904763055e-02
5.846380000000000337e+02 -1.207215787381716449e-03
5.840170000000000528e+02 -9.956592371853086737e-03
5.833949999999999818e+02 3.563639671992713948e-02
5.827740000000000009e+02 -1.699221462834789656e-02
5.821539999999999964e+02 -1.175337889873869640e-02
5.815320000000000391e+02 -8.204859161860481725e-03
5.809109999999999445e+02 1.628821367697282779e-02
5.802899999999999636e+02 4.019048923186482013e-03
5.796680000000000064e+02 1.451457028570718455e-02
5.790470000000000255e+02 -4.696942645288101556e-03
5.784260000000000446e+02 9.296248773034671009e-03
5.778049999999999500e+02 -5.349994405406708481e-02
5.771820000000000164e+02 -4.128829539164285273e-02
5.765610000000000355e+02 -7.956689332171597295e-02
5.759379999999999882e+02 -8.650175428839802783e-02
5.753170000000000073e+02 -1.055625978170022655e-01
5.746960000000000264e+02 -9.682528600149471754e-02
5.740729999999999791e+02 -3.070239479335782479e-02
5.734519999999999982e+02 -1.335555768541253456e-02
5.728300000000000409e+02 -1.240458619432192443e-03
5.722069999999999936e+02 3.175844955943867703e-02
5.715860000000000127e+02 3.171427889479589562e-02
5.709640000000000555e+02 2.996880085031497498e-02
5.703410000000000082e+02 2.819949854784069634e-02
5.697190000000000509e+02 2.475980252707841653e-02
5.690979999999999563e+02 1.441049965159204790e-02
5.684740000000000464e+02 -1.500142297255544800e-02
5.678529999999999518e+02 -1.153684515089756051e-02
5.672290000000000418e+02 -3.394189145126685903e-02
5.666069999999999709e+02 -3.392221034967658061e-02
5.659850000000000136e+02 -2.014750722986212092e-02
5.653619999999999663e+02 5.459925025891624803e-04
5.647400000000000091e+02 5.692437296984848884e-03
5.641169999999999618e+02 9.135885279637455392e-03
5.634940000000000282e+02 5.300258996114604612e-04
5.628719999999999573e+02 -1.833616609289184102e-02
5.622480000000000473e+02 -2.896117079004579924e-03
5.616250000000000000e+02 2.965240103387753456e-02
5.610030000000000427e+02 7.579762592409659827e-02
5.603790000000000191e+02 7.067095891527455653e-02
5.597569999999999482e+02 5.350174630684004229e-02
5.591330000000000382e+02 8.083511322540289090e-02
5.585099999999999909e+02 8.759724689362392847e-02
5.578859999999999673e+02 7.898649871983308424e-02
5.572630000000000337e+02 1.130573750832547936e-01
5.566399999999999864e+02 7.895334494592426422e-02
5.560159999999999627e+02 7.543755993439781038e-02
5.553930000000000291e+02 1.073017428932772875e-02
5.547690000000000055e+02 5.625590223109224429e-03
5.541459999999999582e+02 -2.858911644506923963e-03
5.535209999999999582e+02 -2.871565262336216520e-03
5.528980000000000246e+02 7.310386703782473586e-03
5.522749999999999773e+02 2.765810917393015170e-02
5.516509999999999536e+02 3.440834853197316523e-02
5.510270000000000437e+02 4.622458304665519324e-02
5.504030000000000200e+02 4.621020034157812678e-02
5.497789999999999964e+02 7.319186412408484887e-02
5.491549999999999727e+02 7.654823245787241437e-02
5.485309999999999491e+02 8.662738571135637777e-02
5.479059999999999491e+02 1.017387464186236545e-01
5.472830000000000155e+02 8.818320350726949197e-02
5.466589999999999918e+02 9.656227807799579177e-02
5.460339999999999918e+02 9.983874524481355095e-02
5.454099999999999682e+02 1.182657916844214591e-01
5.447849999999999682e+02 1.081057889232011626e-01
5.441609999999999445e+02 7.778690625261244773e-02
5.435359999999999445e+02 9.955453416269627320e-02
5.429120000000000346e+02 9.782775280051077271e-02
5.422870000000000346e+02 5.750107809105958756e-02
5.416630000000000109e+02 7.088981827379790823e-02
5.410370000000000346e+02 7.750929214734442185e-02
5.404130000000000109e+02 3.397058022844147429e-02
5.397880000000000109e+02 4.063225326782125835e-02
5.391630000000000109e+02 2.222605972981143638e-02
5.385380000000000109e+02 2.221008999792305205e-02
5.379139999999999873e+02 2.552276348254652050e-02
5.372880000000000109e+02 1.884832661267528409e-02
5.366630000000000109e+02 3.550063465328922446e-02
5.360370000000000346e+02 4.045713954166422349e-02
5.354130000000000109e+02 3.376479132333836536e-02
5.347870000000000346e+02 4.870828919227619680e-02
5.341620000000000346e+02 5.197298030432435240e-02
5.335359999999999445e+02 6.689235245335913016e-02
5.329109999999999445e+02 6.187261829562418908e-02
5.322849999999999682e+02 5.850995520474844974e-02
5.316599999999999682e+02 6.841006705002650179e-02
5.310339999999999918e+02 9.316644725168808649e-02
5.304089999999999918e+02 1.129228338146843341e-01
5.297830000000000155e+02 1.244209280005689477e-01
5.291580000000000155e+02 1.523525375104930746e-01
5.285309999999999491e+02 1.324819230178719831e-01
5.279049999999999727e+02 1.373562136469632655e-01
5.272799999999999727e+02 1.652453447408239740e-01
5.266530000000000200e+02 1.733557285521830083e-01
5.260280000000000200e+02 1.847659176471993792e-01
5.254009999999999536e+02 1.698073063732357946e-01
5.247759999999999536e+02 1.270023850749906202e-01
5.241490000000000009e+02 1.482267156557460774e-01
5.235230000000000246e+02 1.185828751557145011e-01
5.228959999999999582e+02 1.512870794956940323e-01
5.222709999999999582e+02 1.740774921866661828e-01
5.216440000000000055e+02 1.756070804442317612e-01
5.210159999999999627e+02 1.493212295784333843e-01
5.203909999999999627e+02 1.557482671116955930e-01
5.197630000000000337e+02 1.654275923763767475e-01
5.191380000000000337e+02 1.783883611809411740e-01
5.185099999999999909e+02 1.553996395881493686e-01
5.178840000000000146e+02 1.439106962768851028e-01
5.172569999999999482e+02 1.274975938825078092e-01
5.166299999999999955e+02 8.834854162471196537e-02
5.160030000000000427e+02 1.142882853260192844e-01
5.153759999999999764e+02 1.369578112042747764e-01
5.147500000000000000e+02 1.319825873746617306e-01
5.141219999999999573e+02 1.318807390370662913e-01
5.134940000000000282e+02 1.382766465223553842e-01
5.128680000000000518e+02 1.268251514306147631e-01
5.122400000000000091e+02 1.542522942670305486e-01
5.116139999999999759e+02 1.573649962861451146e-01
5.109859999999999900e+02 1.394840534398062160e-01
5.103580000000000041e+02 1.070607579303007872e-01
5.097309999999999945e+02 1.037776780499608115e-01
5.091030000000000086e+02 8.594865933677102443e-02
5.084759999999999991e+02 9.233628831904140688e-02
5.078480000000000132e+02 1.083570848906637435e-01
5.072200000000000273e+02 1.179426131450831139e-01
5.065930000000000177e+02 1.049616419945664236e-01
5.059649999999999750e+02 8.883912603587819368e-02
5.053360000000000127e+02 1.128503213643538283e-01
5.047090000000000032e+02 1.272048778107593425e-01
5.040810000000000173e+02 9.345357423173042410e-02
5.034519999999999982e+02 1.077659895128661588e-01
5.028249999999999886e+02 8.532777332299719408e-02
5.021960000000000264e+02 5.006080217361607437e-02
5.015690000000000168e+02 2.129084968050125315e-02
5.009399999999999977e+02 5.032663877852487254e-04
5.003109999999999786e+02 -4.300928387884245425e-03
4.996840000000000259e+02 -1.224171123723469083e-02
4.990550000000000068e+02 5.264230831073209334e-03
4.984259999999999877e+02 3.711524359617671132e-02
4.977980000000000018e+02 3.228403845276946876e-02
4.971689999999999827e+02 3.703811059946454654e-02
4.965400000000000205e+02 4.655650558339825135e-02
4.959119999999999777e+02 7.981801578318914459e-02
4.952830000000000155e+02 7.819170344195450206e-02
4.946539999999999964e+02 6.861390935211603148e-02
4.940260000000000105e+02 1.002602737504929842e-01
4.933969999999999914e+02 6.851913744797537287e-02
4.927669999999999959e+02 5.581870283410966110e-02
4.921390000000000100e+02 7.946209902509035472e-02
4.915099999999999909e+02 8.887232529641433953e-02
4.908799999999999955e+02 8.881409223134324737e-02
4.902500000000000000e+02 6.038235399361124855e-02
4.896220000000000141e+02 9.968809803437052308e-02
4.889920000000000186e+02 1.232266376269886832e-01
4.883629999999999995e+02 8.224386008153668215e-02
4.877339999999999804e+02 7.749033394799904884e-02
4.871039999999999850e+02 8.840709483794881307e-02
4.864739999999999895e+02 8.048770128535187585e-02
4.858460000000000036e+02 4.125206563216859967e-02
4.852160000000000082e+02 3.808387942735520781e-02
4.845860000000000127e+02 5.526116762659189635e-02
4.839549999999999841e+02 2.550622149973664696e-02
4.833269999999999982e+02 5.983997064465870763e-02
4.826960000000000264e+02 8.167164065470526590e-02
4.820659999999999741e+02 1.065831885122949241e-01
4.814370000000000118e+02 8.309349149295032488e-02
4.808070000000000164e+02 1.063935691117617321e-01
4.801759999999999877e+02 1.514671371700360702e-01
4.795459999999999923e+02 1.715729698782761381e-01
4.789169999999999732e+02 1.714322684320028489e-01
4.782860000000000014e+02 1.619965267435678757e-01
4.776549999999999727e+02 1.308200396930641884e-01
4.770249999999999773e+02 1.431187690938352519e-01
4.763949999999999818e+02 1.259734893044802406e-01
4.757640000000000100e+02 1.877902070715084804e-01
4.751329999999999814e+02 1.737200276908126839e-01
4.745020000000000095e+02 1.797826852180124113e-01
4.738729999999999905e+02 1.456391665676418923e-01
4.732420000000000186e+02 1.347313132787900658e-01
4.726109999999999900e+02 1.639239658580039227e-01
4.719800000000000182e+02 1.745702718851453450e-01
4.713500000000000227e+02 1.713830829595480165e-01
4.707189999999999941e+02 1.773943580865270375e-01
4.700869999999999891e+02 1.388107931742818546e-01
4.694560000000000173e+02 9.415784222214096388e-02
4.688249999999999886e+02 5.725261630517825689e-02
4.681949999999999932e+02 1.078168593121746482e-01
4.675629999999999882e+02 1.383704859954597022e-01
4.669309999999999832e+02 1.229527045603189817e-01
4.663000000000000114e+02 9.684711744486071416e-02
4.656700000000000159e+02 1.166193703801577386e-01
4.650380000000000109e+02 1.272149056972223802e-01
4.644060000000000059e+02 1.118709377588824883e-01
4.637740000000000009e+02 1.514343184990517843e-01
4.631419999999999959e+02 1.741596410952358509e-01
4.625120000000000005e+02 1.785782956817434930e-01
4.618799999999999955e+02 1.556184922794090486e-01
4.612479999999999905e+02 1.509496931303060119e-01
4.606159999999999854e+02 1.751272830020912386e-01
4.599839999999999804e+02 1.719544483973348137e-01
4.593519999999999754e+02 1.521056452102642620e-01
4.587210000000000036e+02 1.807692957311678728e-01
4.580880000000000223e+02 1.654899430171532237e-01
4.574560000000000173e+02 1.562765392639712259e-01
4.568240000000000123e+02 1.289423823857444307e-01
4.561909999999999741e+02 1.363864586411678848e-01
4.555600000000000023e+02 1.363024423900516258e-01
4.549279999999999973e+02 1.557687112808767149e-01
4.542950000000000159e+02 1.480992591648743195e-01
4.536619999999999777e+02 1.299234327405999756e-01
4.530299999999999727e+02 1.192917188232203718e-01
4.523969999999999914e+02 1.477550340859891398e-01
4.517660000000000196e+02 1.371194556014747046e-01
4.511329999999999814e+02 1.520069199032809404e-01
4.505000000000000000e+02 1.518830331584254956e-01
4.498670000000000186e+02 1.592561937691449048e-01
4.492339999999999804e+02 1.261913306975790405e-01
4.486009999999999991e+02 1.111347735944138021e-01
4.479680000000000177e+02 1.558740632535271231e-01
4.473360000000000127e+02 1.512702619319108155e-01
4.467029999999999745e+02 1.436702532471032523e-01
4.460690000000000168e+02 1.703895267307562467e-01
4.454359999999999786e+02 1.538678745975266826e-01
4.448029999999999973e+02 1.492829907496177888e-01
4.441689999999999827e+02 1.625441079359973839e-01
4.435360000000000014e+02 1.787519694612071663e-01
4.429019999999999868e+02 2.097856918188362452e-01
4.422699999999999818e+02 1.814182381937213817e-01
4.416360000000000241e+02 2.049806879927199843e-01
4.410029999999999859e+02 2.033306020146112281e-01
4.403690000000000282e+02 1.854116604856820005e-01
4.397350000000000136e+02 1.852614134348446739e-01
4.391009999999999991e+02 1.806824027320491632e-01
4.384669999999999845e+02 1.465793096501524506e-01
4.378330000000000268e+02 1.567754194910024879e-01
4.371990000000000123e+02 1.448624727701266768e-01
4.365649999999999977e+02 1.550458609746093452e-01
4.359329999999999927e+02 1.210861161551880505e-01
4.352980000000000018e+02 1.004055682624286350e-01
4.346639999999999873e+02 9.885636259271497750e-02
4.340299999999999727e+02 1.031733586999044605e-01
4.333960000000000150e+02 1.030872850464134571e-01
4.327610000000000241e+02 1.410929845651508197e-01
4.321270000000000095e+02 1.277972826063870915e-01
4.314920000000000186e+02 1.057508949591737940e-01
4.308580000000000041e+02 9.543259439498762153e-02
4.302230000000000132e+02 1.055768944016330646e-01
4.295889999999999986e+02 1.215368246892702397e-01
4.289540000000000077e+02 1.010171331109672027e-01
4.283190000000000168e+02 1.140469429041664207e-01
4.276859999999999786e+02 1.139701156404278604e-01
4.270509999999999877e+02 9.786701378762056869e-02
4.264159999999999968e+02 8.180031742429004493e-02
4.257810000000000059e+02 9.769574047912628345e-02
4.251460000000000150e+02 1.092162235858004093e-01
4.245110000000000241e+02 1.308579930975445060e-01
4.238759999999999764e+02 1.321921158999484203e-01
4.232409999999999854e+02 1.451067317569626758e-01
4.226050000000000182e+02 1.276380078583992383e-01
4.219700000000000273e+02 1.304214033713280707e-01
4.213349999999999795e+02 1.346397970197695249e-01
4.206990000000000123e+02 1.547072292326621412e-01
4.200640000000000214e+02 1.560163198878928015e-01
4.194289999999999736e+02 1.731494789663709233e-01
4.187930000000000064e+02 1.399283933735247787e-01
4.181569999999999823e+02 1.326245792240692833e-01
4.175219999999999914e+02 1.411285694669098811e-01
4.168860000000000241e+02 1.725592940830819044e-01
4.162500000000000000e+02 1.881769769344381615e-01
4.156150000000000091e+02 1.908832131276846922e-01
4.149789999999999850e+02 1.964396213875708452e-01
4.143430000000000177e+02 2.019862305187446749e-01
4.137069999999999936e+02 1.818166998823783909e-01
4.130710000000000264e+02 2.116291446537632848e-01
4.124350000000000023e+02 2.257057539118362266e-01
4.117989999999999782e+02 2.369116786914975126e-01
4.111630000000000109e+02 2.281642980765646034e-01
4.105260000000000105e+02 2.194374952056185601e-01
4.098899999999999864e+02 2.263530095043652934e-01
4.092540000000000191e+02 1.949300898221246470e-01
4.086170000000000186e+02 1.975954028438459964e-01
4.079809999999999945e+02 2.101799846285249129e-01
4.073439999999999941e+02 2.015017015156319868e-01
4.067080000000000268e+02 1.928384251155246254e-01
4.060710000000000264e+02 2.152822797441537872e-01
4.054350000000000023e+02 1.840268685146856098e-01
4.047980000000000018e+02 1.881033621032545122e-01
4.041610000000000014e+02 1.823001521533916258e-01
4.035240000000000009e+02 1.962312309871090399e-01
4.028879999999999768e+02 1.665071911948340089e-01
4.022509999999999764e+02 1.804181439928731201e-01
4.016139999999999759e+02 1.493569335997315395e-01
4.009769999999999754e+02 1.520340351347561070e-01
4.003399999999999750e+02 1.196397258457156804e-01
3.997029999999999745e+02 1.447587049839580142e-01
3.990649999999999977e+02 1.362282587989563087e-01
3.984279999999999973e+02 1.095457276517633471e-01
3.977909999999999968e+02 1.024675621093126959e-01
3.971519999999999868e+02 9.955138831633046637e-02
3.965149999999999864e+02 7.855744183576159057e-02
3.958770000000000095e+02 8.963383690508387736e-02
3.952400000000000091e+02 5.892117048798196921e-02
3.946019999999999754e+02 8.113309305960730855e-02
3.939649999999999750e+02 5.742408665452961719e-02
3.933269999999999982e+02 5.459529844216285538e-02
3.926890000000000214e+02 8.646369582734711456e-02
3.920520000000000209e+02 8.084399119350121898e-02
3.914139999999999873e+02 1.057028795993082970e-01
3.907760000000000105e+02 1.069814060094511216e-01
3.901379999999999768e+02 1.428270977389724250e-01
3.895000000000000000e+02 1.744908433982242379e-01
3.888609999999999900e+02 1.578000922511970106e-01
3.882230000000000132e+02 1.617855880484233844e-01
3.875849999999999795e+02 1.781746253576476369e-01
3.869460000000000264e+02 1.931572040926531064e-01
3.863079999999999927e+02 2.108671137429865838e-01
3.856700000000000159e+02 2.216706246061929675e-01
3.850319999999999823e+02 2.338276220082652346e-01
3.843929999999999723e+02 2.116657974089593552e-01
3.837549999999999955e+02 2.251740475501798899e-01
3.831159999999999854e+02 2.181430489966602881e-01
3.824759999999999991e+02 2.151930796724026429e-01
3.818380000000000223e+02 2.068045048011096232e-01
3.811990000000000123e+02 1.724846351022734370e-01
3.805600000000000023e+02 1.914384058351941698e-01
3.799220000000000255e+02 1.830868792865760486e-01
3.792830000000000155e+02 1.624885247465473470e-01
3.786440000000000055e+02 1.759443898652626181e-01
3.780049999999999955e+02 1.621722750671612534e-01
3.773650000000000091e+02 1.674943461222771490e-01
3.767259999999999991e+02 2.175539900407355010e-01
3.760860000000000127e+02 2.132834968146507526e-01
3.754470000000000027e+02 2.577861018726088083e-01
3.748079999999999927e+02 2.548312314903542486e-01
3.741689999999999827e+02 2.681109174678993345e-01
3.735299999999999727e+02 2.827375520754465965e-01
3.728890000000000100e+02 2.865557341915183076e-01
3.722500000000000000e+02 2.647042752603208648e-01
3.716100000000000136e+02 2.994964039461081584e-01
3.709710000000000036e+02 2.749973004489454365e-01
3.703310000000000173e+02 2.640196394068519692e-01
3.696909999999999741e+02 2.556995171796552224e-01
3.690500000000000114e+02 2.621660843624178949e-01
3.684110000000000014e+02 2.485179551054125524e-01
3.677710000000000150e+02 2.429279433809439781e-01
3.671309999999999718e+02 2.319928667100371877e-01
3.664909999999999854e+02 2.665640327064084381e-01
3.658509999999999991e+02 2.462610903973467547e-01
3.652099999999999795e+02 2.460491984265806009e-01
3.645699999999999932e+02 2.764896112573373421e-01
3.639300000000000068e+02 2.709080127485353207e-01
3.632900000000000205e+02 2.679846066583914665e-01
3.626490000000000009e+02 2.743796397435479539e-01
3.620079999999999814e+02 2.675020027393918975e-01
3.613670000000000186e+02 2.632690663080547444e-01
3.607269999999999754e+02 2.444671385009203335e-01
3.600869999999999891e+02 2.521956843458504349e-01
3.594460000000000264e+02 2.281529333348722433e-01
3.588039999999999736e+02 2.106965167440842113e-01
3.581639999999999873e+02 2.039108276887046933e-01
3.575230000000000246e+02 1.878833572188755574e-01
3.568829999999999814e+02 2.114274785727745243e-01
3.562420000000000186e+02 2.046472865642510741e-01
3.556000000000000227e+02 2.084265365807206893e-01
3.549590000000000032e+02 2.187502961885065267e-01
3.543179999999999836e+02 1.975192690726076394e-01
3.536770000000000209e+02 2.039142095932880983e-01
3.530350000000000250e+02 2.338797973860172463e-01
3.523940000000000055e+02 2.415245848824884578e-01
3.517520000000000095e+02 2.412985402224368248e-01
3.511109999999999900e+02 1.952845619397576005e-01
3.504689999999999941e+02 2.120990214316045286e-01
3.498269999999999982e+02 2.184253433807276934e-01
3.491859999999999786e+02 2.143073865986333537e-01
3.485450000000000159e+02 2.102108752627054045e-01
3.479019999999999868e+02 2.060817361953883875e-01
3.472599999999999909e+02 1.928945985263636753e-01
3.466190000000000282e+02 1.901113930537754737e-01
3.459769999999999754e+02 1.847362856021889932e-01
3.453340000000000032e+02 2.014289804466649902e-01
3.446929999999999836e+02 2.116029175356932135e-01
3.440509999999999877e+02 2.036297799415124066e-01
3.434089999999999918e+02 2.008476781480998119e-01
3.427660000000000196e+02 1.877413729001541354e-01
3.421240000000000236e+02 2.146786277874341009e-01
3.414820000000000277e+02 2.209208808938796786e-01
3.408399999999999750e+02 2.194089194700752088e-01
3.401970000000000027e+02 2.308022831604185643e-01
3.395539999999999736e+02 2.331491620797341846e-01
3.389119999999999777e+02 2.264923301733812455e-01
3.382690000000000055e+02 2.327193312542072956e-01
3.376259999999999764e+02 2.645424857781958905e-01
3.369839999999999804e+02 2.847885383808791970e-01
3.363419999999999845e+02 2.730059461024565981e-01
3.356979999999999791e+02 2.561132704035244401e-01
3.350550000000000068e+02 2.520385661654635512e-01
3.344130000000000109e+02 2.403251668492158988e-01
3.337690000000000055e+02 2.439002677082902082e-01
3.331259999999999764e+02 2.500408186793742771e-01
3.324830000000000041e+02 2.841438052324959385e-01
3.318389999999999986e+02 2.686499223876370190e-01
3.311960000000000264e+02 2.899591095054929735e-01
3.305539999999999736e+02 2.807927242143078428e-01
3.299110000000000014e+02 2.982644548328283185e-01
3.292660000000000196e+02 3.093852042238165456e-01
3.286229999999999905e+02 3.268001509905037461e-01
3.279800000000000182e+02 3.214423028913139802e-01
3.273360000000000127e+02 3.122672114958693346e-01
3.266929999999999836e+02 2.829627729477533493e-01
3.260489999999999782e+02 2.776499013858300113e-01
3.254049999999999727e+02 2.710822846295176669e-01
3.247610000000000241e+02 2.859167858689405373e-01
3.241179999999999950e+02 2.755887296121455887e-01
3.234730000000000132e+02 2.828477807910824704e-01
3.228290000000000077e+02 2.838160253053884086e-01
3.221840000000000259e+02 3.073682816886140201e-01
3.215409999999999968e+02 3.095566369628961478e-01
3.208969999999999914e+02 3.354953327104771565e-01
3.202520000000000095e+02 3.501893802065779715e-01
3.196080000000000041e+02 3.485857482796811402e-01
3.189639999999999986e+02 3.594645862100879774e-01
3.183190000000000168e+02 3.753091373846431100e-01
3.176750000000000114e+02 3.525465388611941364e-01
3.170310000000000059e+02 3.161869840342531601e-01
3.163860000000000241e+02 3.158281923082808529e-01
3.157420000000000186e+02 3.080974971275916574e-01
3.150980000000000132e+02 2.892036379459122508e-01
3.144519999999999982e+02 2.839489683525664998e-01
3.138079999999999927e+02 2.750149170597746551e-01
3.131619999999999777e+02 2.697996160946437016e-01
3.125179999999999723e+02 2.621175132494519833e-01
3.118729999999999905e+02 2.655458643464724267e-01
3.112269999999999754e+02 3.096583758149875076e-01
3.105830000000000268e+02 2.908840146173021224e-01
3.099370000000000118e+02 2.832112988825793432e-01
3.092919999999999732e+02 2.866272481516967119e-01
3.086469999999999914e+02 2.789786760045975256e-01
3.080009999999999764e+02 3.044513688074847457e-01
3.073570000000000277e+02 3.188333191220480978e-01
3.067099999999999795e+02 3.234395955392363464e-01
3.060649999999999977e+02 3.182119833148988053e-01
3.054200000000000159e+02 3.166581505916010175e-01
3.047740000000000009e+02 3.151406203174315634e-01
3.041290000000000191e+02 3.136234095983302939e-01
3.034820000000000277e+02 3.473856879620229043e-01
3.028369999999999891e+02 3.689296453722918923e-01
3.021920000000000073e+02 3.855401424993047943e-01
3.015450000000000159e+02 3.742614292553879674e-01
3.008999999999999773e+02 3.496205028842227502e-01
3.002529999999999859e+02 3.844207517532444718e-01
2.996080000000000041e+02 3.695084844909355404e-01
2.989610000000000127e+02 3.521877680916126740e-01
2.983149999999999977e+02 3.832685761037090133e-01
2.976700000000000159e+02 3.672040414611096870e-01
2.970230000000000246e+02 3.692264884025203697e-01
2.963770000000000095e+02 3.459521802623852227e-01
2.957300000000000182e+02 3.384129104744899030e-01
2.950840000000000032e+02 3.488854411224312502e-01
2.944370000000000118e+02 3.233190775293239838e-01
2.937909999999999968e+02 3.337896528791829964e-01
2.931429999999999723e+02 3.909545374762576908e-01
2.924970000000000141e+02 3.893643000723719938e-01
2.918500000000000227e+02 3.710350499147006542e-01
2.912040000000000077e+02 3.646782271593023705e-01
2.905570000000000164e+02 3.821717775131629469e-01
2.899100000000000250e+02 4.044722992392041916e-01
2.892629999999999768e+02 4.373781718703730892e-01
2.886159999999999854e+02 4.571833819794911546e-01
2.879689999999999941e+02 4.709766717699046534e-01
2.873210000000000264e+02 4.728750551715122930e-01
2.866750000000000114e+02 4.676383726816782382e-01
2.860269999999999868e+02 4.932317667462235988e-01
2.853799999999999955e+02 5.021939396643055886e-01
2.847320000000000277e+02 4.969493827113669049e-01
2.840849999999999795e+02 5.212332731503408478e-01
2.834370000000000118e+02 5.325135067723156812e-01
2.827900000000000205e+02 5.566965222505576572e-01
2.821419999999999959e+02 5.773409870480133987e-01
2.814950000000000045e+02 5.872995767725385230e-01
2.808469999999999800e+02 6.102310254735596740e-01
2.801990000000000123e+02 5.908187595375612444e-01
2.795509999999999877e+02 5.784742712101129669e-01
2.789039999999999964e+02 5.861091271705644035e-01
2.782549999999999955e+02 5.866451832974289848e-01
2.776080000000000041e+02 5.883828463016993471e-01
2.769590000000000032e+02 5.807631425767837419e-01
2.763120000000000118e+02 5.929812024884422161e-01
2.756630000000000109e+02 5.830644984406806453e-01
2.750149999999999864e+02 5.940698460525506430e-01
2.743659999999999854e+02 6.446548079111292795e-01
2.737189999999999941e+02 6.834593135477440295e-01
2.730699999999999932e+02 6.943792870895797442e-01
2.724220000000000255e+02 6.855182441895527612e-01
2.717730000000000246e+02 6.709196105954374767e-01
2.711240000000000236e+02 6.597987299256777849e-01
2.704759999999999991e+02 6.406375830971352547e-01
2.698260000000000218e+02 6.526601642074297827e-01
2.691779999999999973e+02 6.750465708698785150e-01
2.685289999999999964e+02 6.432331449764898679e-01
2.678809999999999718e+02 6.356245430999343249e-01
2.672309999999999945e+02 6.257936204857281748e-01
2.665830000000000268e+02 6.400471851085253183e-01
2.659329999999999927e+02 6.852688037002547805e-01
2.652839999999999918e+02 7.051944565931865805e-01
2.646349999999999909e+02 7.365017300499234754e-01
2.639850000000000136e+02 7.185814633300722232e-01
2.633369999999999891e+02 7.109408410905664333e-01
2.626870000000000118e+02 7.307492032830998907e-01
2.620380000000000109e+02 7.151786856704214212e-01
2.613879999999999768e+02 7.451465717768068764e-01
2.607400000000000091e+02 7.307470416658022883e-01
2.600899999999999750e+02 6.992648960988476770e-01
2.594390000000000214e+02 7.178206299388585343e-01
2.587900000000000205e+02 7.045680188782380560e-01
2.581399999999999864e+02 7.072213340718721541e-01
2.574909999999999854e+02 7.019492676669895070e-01
2.568410000000000082e+02 7.362414579400166081e-01
2.561899999999999977e+02 7.625797545456485249e-01
2.555409999999999968e+02 7.493428702829504351e-01
2.548899999999999864e+02 7.665784320293240750e-01
2.542410000000000139e+02 7.669049494349442497e-01
2.535910000000000082e+02 7.424550570427331797e-01
2.529399999999999977e+02 7.438929196856062243e-01
2.522899999999999920e+02 7.554820608764575285e-01
2.516399999999999864e+02 7.804327344828305701e-01
2.509900000000000091e+02 7.471189081125243492e-01
2.503389999999999986e+02 7.507864298285430449e-01
2.496879999999999882e+02 7.689959388612230828e-01
2.490380000000000109e+02 7.737151552209898808e-01
2.483870000000000005e+02 7.985521108086238717e-01
2.477359999999999900e+02 8.210730092841569405e-01
2.470860000000000127e+02 8.124049482422646129e-01
2.464350000000000023e+02 8.381955668580601815e-01
2.457849999999999966e+02 8.039897971492110385e-01
2.451330000000000098e+02 8.241967829098965082e-01
2.444819999999999993e+02 8.100043574348192443e-01
2.438319999999999936e+02 7.980887681805071132e-01
2.431800000000000068e+02 7.894652560988292267e-01
2.425289999999999964e+02 7.886103738498743132e-01
2.418779999999999859e+02 8.208193212285513907e-01
2.412270000000000039e+02 8.430818289138172217e-01
2.405749999999999886e+02 8.245760981446033089e-01
2.399240000000000066e+02 8.610289677670212027e-01
2.392719999999999914e+02 8.601153003899013605e-01
2.386200000000000045e+02 8.778236396351414284e-01
2.379699999999999989e+02 8.746685012284988181e-01
2.373180000000000121e+02 8.999783699311901808e-01
2.366670000000000016e+02 8.990207051474055078e-01
2.360149999999999864e+02 8.990997045546340605e-01
2.353629999999999995e+02 9.177677880828323254e-01
2.347100000000000080e+02 9.527262926000682475e-01
2.340600000000000023e+02 9.483943412082785906e-01
2.334070000000000107e+02 9.451924675980468704e-01
2.327549999999999955e+02 9.821838003470897416e-01
2.321040000000000134e+02 1.010376245152722507e+00
2.314509999999999934e+02 1.006034115283976682e+00
2.307980000000000018e+02 1.033055346648418915e+00
2.301469999999999914e+02 1.031920348894418193e+00
2.294939999999999998e+02 1.019979996660671517e+00
2.288420000000000130e+02 1.000514669861271910e+00
2.281899999999999977e+02 1.037124155377946888e+00
2.275370000000000061e+02 1.065045025182279170e+00
2.268839999999999861e+02 1.081102088565616182e+00
2.262330000000000041e+02 1.106707751376248439e+00
2.255800000000000125e+02 1.139829590158027317e+00
2.249269999999999925e+02 1.139653874847877946e+00
2.242729999999999961e+02 1.146989990975018747e+00
2.236220000000000141e+02 1.173486112044647367e+00
2.229679999999999893e+02 1.181824968115663621e+00
2.223149999999999977e+02 1.192219183779999803e+00
2.216630000000000109e+02 1.177080619575767484e+00
2.210099999999999909e+02 1.159763542282776783e+00
2.203559999999999945e+02 1.141446947941564094e+00
2.197019999999999982e+02 1.133815699951518541e+00
2.190500000000000114e+02 1.139978027274058947e+00
2.183969999999999914e+02 1.140810728981398237e+00
2.177429999999999950e+02 1.138481305930334031e+00
2.170889999999999986e+02 1.146731172634312124e+00
2.164370000000000118e+02 1.129590703913905925e+00
2.157829999999999870e+02 1.147331635115171222e+00
2.151289999999999907e+02 1.137596581920739647e+00
2.144749999999999943e+02 1.167905161347688514e+00
2.138220000000000027e+02 1.169750880589351727e+00
2.131680000000000064e+02 1.173675437795261622e+00
2.125140000000000100e+02 1.181804239584105964e+00
2.118600000000000136e+02 1.164760538263725831e+00
2.112069999999999936e+02 1.188571732935156833e+00
2.105529999999999973e+02 1.180950299878149146e+00
2.098979999999999961e+02 1.174401955062297942e+00
2.092439999999999998e+02 1.160520987690186079e+00
2.085910000000000082e+02 1.160267685490077527e+00
2.079360000000000070e+02 1.157917298113145810e+00
2.072820000000000107e+02 1.153482967382942981e+00
2.066270000000000095e+02 1.130366145240377040e+00
2.059739999999999895e+02 1.149835994688862328e+00
2.053189999999999884e+02 1.147475810719094769e+00
2.046639999999999873e+02 1.136868327321025385e+00
2.040089999999999861e+02 1.139704549579644510e+00
2.033540000000000134e+02 1.139431133997851564e+00
2.027009999999999934e+02 1.109279765743687252e+00
2.020459999999999923e+02 1.099755843114719855e+00
2.013909999999999911e+02 1.077913047863392926e+00
2.007350000000000136e+02 1.101348796562682031e+00
2.000800000000000125e+02 1.092901873705613536e+00
1.994259999999999877e+02 1.072155729730366991e+00
1.987709999999999866e+02 1.071944711806606554e+00
1.981160000000000139e+02 1.064592241821378238e+00
1.974600000000000080e+02 1.079706426033088862e+00
1.968050000000000068e+02 1.059059143155177019e+00
1.961510000000000105e+02 1.054825568324232909e+00
1.954950000000000045e+02 1.079067034112694001e+00
1.948389999999999986e+02 1.058482745669329317e+00
1.941839999999999975e+02 1.047099354048002917e+00
1.935279999999999916e+02 1.057050640970236932e+00
1.928739999999999952e+02 1.070002757075241284e+00
1.922179999999999893e+02 1.066752566158824189e+00
1.915620000000000118e+02 1.093836164152783397e+00
1.909060000000000059e+02 1.130981593623025416e+00
1.902500000000000000e+02 1.146848904665758173e+00
1.895939999999999941e+02 1.130385032783345345e+00
1.889389999999999930e+02 1.158240704032960311e+00
1.882829999999999870e+02 1.179031961047479093e+00
1.876270000000000095e+02 1.201768602043583378e+00
1.869699999999999989e+02 1.196380182507807310e+00
1.863139999999999930e+02 1.194987073328256377e+00
1.856570000000000107e+02 1.175558734657260684e+00
1.850010000000000048e+02 1.162200985147191279e+00
1.843460000000000036e+02 1.178816814051796724e+00
1.836889999999999930e+02 1.202389986780335152e+00
1.830329999999999870e+02 1.224874444755739589e+00
1.823760000000000048e+02 1.237391218095247547e+00
1.817189999999999941e+02 1.229992898263534640e+00
1.810620000000000118e+02 1.290123454457569263e+00
1.804050000000000011e+02 1.335222074860816788e+00
1.797500000000000000e+02 1.354391233672238792e+00
1.790929999999999893e+02 1.392399766331105404e+00
1.784360000000000070e+02 1.395713684249438868e+00
1.777789999999999964e+02 1.412832669772704275e+00
1.771220000000000141e+02 1.421006470083028272e+00
1.764650000000000034e+02 1.430178790595962202e+00
1.758069999999999879e+02 1.443232850061364037e+00
1.751500000000000057e+02 1.432700590781069705e+00
1.744939999999999998e+02 1.447648307706978610e+00
1.738369999999999891e+02 1.480253316226709082e+00
1.731790000000000020e+02 1.501018310034428982e+00
1.725219999999999914e+02 1.527604838864970338e+00
1.718640000000000043e+02 1.560956954810294395e+00
1.712059999999999889e+02 1.587378523643218520e+00
1.705490000000000066e+02 1.608896223341392595e+00
1.698909999999999911e+02 1.621569813714365704e+00
1.692330000000000041e+02 1.618673179241945537e+00
1.685749999999999886e+02 1.613829505926137164e+00
1.679190000000000111e+02 1.635180892731669999e+00
1.672609999999999957e+02 1.630321613506487077e+00
1.666030000000000086e+02 1.665129140048361656e+00
1.659449999999999932e+02 1.642853284769900446e+00
1.652870000000000061e+02 1.612914141303823712e+00
1.646279999999999859e+02 1.618684193367450064e+00
1.639699999999999989e+02 1.640805499562268288e+00
1.633120000000000118e+02 1.673462901201374864e+00
1.626539999999999964e+02 1.680106352573587092e+00
1.619950000000000045e+02 1.662732554007404939e+00
1.613369999999999891e+02 1.659783094919049962e+00
1.606779999999999973e+02 1.639594476424703906e+00
1.600190000000000055e+02 1.645257854202717196e+00
1.593609999999999900e+02 1.660474870747230547e+00
1.587040000000000077e+02 1.666118448406568087e+00
1.580449999999999875e+02 1.680275502821937161e+00
1.573859999999999957e+02 1.676334160165802833e+00
1.567270000000000039e+02 1.691401347342712080e+00
1.560680000000000121e+02 1.687468675565261034e+00
1.554089999999999918e+02 1.693961734843392186e+00
1.547500000000000000e+02 1.705158351931606475e+00
1.540910000000000082e+02 1.701211337529691114e+00
1.534319999999999879e+02 1.706693514337268347e+00
1.527729999999999961e+02 1.711221209141163158e+00
1.521140000000000043e+02 1.703484401627280986e+00
1.514540000000000077e+02 1.706124037363575319e+00
1.507949999999999875e+02 1.708736048287919473e+00
1.501359999999999957e+02 1.769523108028062675e+00
1.494759999999999991e+02 1.792693994783464362e+00
1.488170000000000073e+02 1.804542512253751951e+00
1.481570000000000107e+02 1.846290113058523641e+00
1.474970000000000141e+02 1.848711468821664150e+00
1.468379999999999939e+02 1.873492537913451050e+00
1.461779999999999973e+02 1.888907081330726268e+00
1.455180000000000007e+02 1.925666512452129719e+00
1.448580000000000041e+02 1.940970251790049339e+00
1.441980000000000075e+02 1.907947974594775831e+00
1.435380000000000109e+02 1.933420288816146249e+00
1.428779999999999859e+02 1.950484463554455150e+00
1.422179999999999893e+02 1.984163228950003743e+00
1.415579999999999927e+02 1.999277929329152492e+00
1.408979999999999961e+02 2.009727210346698545e+00
1.402379999999999995e+02 2.018294835660621178e+00
1.395769999999999982e+02 2.023155015319443528e+00
1.389170000000000016e+02 2.055599932010763631e+00
1.382560000000000002e+02 2.117304213415607261e+00
1.375960000000000036e+02 2.155939761428892876e+00
1.369350000000000023e+02 2.188991077536157626e+00
1.362750000000000057e+02 2.205482454897279343e+00
1.356140000000000043e+02 2.243865283419108181e+00
1.349540000000000077e+02 2.279392599661433039e+00
1.342930000000000064e+02 2.340350577307515945e+00
1.336320000000000050e+02 2.400227327323266824e+00
1.329710000000000036e+02 2.439961893375099056e+00
1.323100000000000023e+02 2.467786653622677573e+00
1.316490000000000009e+02 2.530886949153080767e+00
1.309879999999999995e+02 2.556697751868874935e+00
1.303269999999999982e+02 2.576127692141894077e+00
1.296659999999999968e+02 2.637940751611641321e+00
1.290049999999999955e+02 2.668939307244666548e+00
1.283420000000000130e+02 2.681820929933321551e+00
1.276809999999999974e+02 2.700971843585035614e+00
1.270190000000000055e+02 2.744311136600027901e+00
1.263580000000000041e+02 2.727412607457432969e+00
1.256959999999999980e+02 2.701559026946867004e+00
1.250349999999999966e+02 2.720543271575501798e+00
1.243730000000000047e+02 2.728766432087542881e+00
1.237120000000000033e+02 2.727108902023639203e+00
1.230499999999999972e+02 2.743305053130159266e+00
1.223880000000000052e+02 2.747849548073474590e+00
1.217259999999999991e+02 2.710573397289802955e+00
1.210639999999999930e+02 2.661829066528360599e+00
1.204030000000000058e+02 2.668245970548272172e+00
1.197409999999999997e+02 2.660447197813162745e+00
1.190780000000000030e+02 2.603970750106262333e+00
1.184150000000000063e+02 2.594402280283557793e+00
1.177530000000000001e+02 2.567289413345812399e+00
1.170909999999999940e+02 2.526999261626705184e+00
1.164279999999999973e+02 2.487675357465676029e+00
1.157660000000000053e+02 2.475735754567743196e+00
1.151039999999999992e+02 2.455887781602676068e+00
1.144410000000000025e+02 2.417676034968644139e+00
1.137789999999999964e+02 2.382153355153187047e+00
1.131159999999999997e+02 2.380890240495721955e+00
1.124539999999999935e+02 2.365619494888762997e+00
1.117890000000000015e+02 2.347709329063329964e+00
1.111269999999999953e+02 2.350831728039627588e+00
1.104639999999999986e+02 2.328657417766725413e+00
1.098010000000000019e+02 2.310891821527175871e+00
1.091380000000000052e+02 2.286224606126937342e+00
1.084749999999999943e+02 2.279826118992231088e+00
1.078119999999999976e+02 2.223215413605146740e+00
1.071490000000000009e+02 2.193580096042272665e+00
1.064849999999999994e+02 2.108523498729732992e+00
1.058209999999999980e+02 2.037660233174341418e+00
1.051580000000000013e+02 1.946295912540734196e+00
1.044950000000000045e+02 1.922296762982224294e+00
1.038319999999999936e+02 1.853661660043423920e+00
1.031680000000000064e+02 1.793743914598867395e+00
1.025049999999999955e+02 1.738257776407139410e+00
1.018400000000000034e+02 1.719692194371483129e+00
1.011760000000000019e+02 1.682406019667870734e+00
1.005130000000000052e+02 1.702441178875634620e+00
9.984900000000000375e+01 1.708764432086665730e+00
9.918529999999999802e+01 1.707413341429464770e+00
9.852150000000000318e+01 1.700051897991308403e+00
9.785769999999999413e+01 1.751341465785452467e+00
9.719230000000000302e+01 1.812806637217493577e+00
9.652830000000000155e+01 1.871457896437651369e+00
9.586430000000000007e+01 1.919750930021905555e+00
9.520029999999999859e+01 1.982299841027820975e+00
9.453610000000000468e+01 2.069148923683771457e+00
9.387199999999999989e+01 2.155766535930774275e+00
9.320619999999999550e+01 2.216266777181025383e+00
9.254200000000000159e+01 2.284801000527212800e+00
9.187760000000000105e+01 2.301110844980449155e+00
9.121320000000000050e+01 2.333312641522959474e+00
9.054879999999999995e+01 2.346157429228012070e+00
8.988280000000000314e+01 2.405007445510996433e+00
8.921819999999999595e+01 2.423557170853683829e+00
8.855360000000000298e+01 2.421203259594645552e+00
8.788890000000000668e+01 2.417175028222639188e+00
8.722419999999999618e+01 2.473052103951939973e+00
8.655939999999999657e+01 2.519603494998679860e+00
8.589300000000000068e+01 2.581952644565300048e+00
8.522809999999999775e+01 2.610842024037154818e+00
8.456319999999999482e+01 2.658687853936156031e+00
8.389820000000000277e+01 2.668388854904118368e+00
8.323160000000000025e+01 2.707004946173457327e+00
8.256650000000000489e+01 2.728959479056016324e+00
8.190130000000000621e+01 2.773930586419786071e+00
8.123609999999999332e+01 2.797374977900290993e+00
8.057080000000000553e+01 2.777242780172184400e+00
7.990389999999999304e+01 2.801464169267907867e+00
7.923850000000000193e+01 2.841117538149240396e+00
7.857299999999999329e+01 2.889666767581318574e+00
7.790749999999999886e+01 2.925818090210523525e+00
7.724039999999999395e+01 2.948095966130048318e+00
7.657479999999999620e+01 2.985693298798082651e+00
7.590909999999999513e+01 2.972751773584434876e+00
7.524339999999999407e+01 3.011024239868199448e+00
7.457760000000000389e+01 3.031363361911163512e+00
7.391020000000000323e+01 2.999739366721591249e+00
7.324429999999999552e+01 2.998157609445209371e+00
7.257829999999999870e+01 2.958608184527354634e+00
7.191230000000000189e+01 2.940125956200824842e+00
7.124469999999999459e+01 2.949040422718357313e+00
7.057850000000000534e+01 2.937852490313767717e+00
6.991230000000000189e+01 2.971685834541609950e+00
6.924609999999999843e+01 2.944374850935121302e+00
6.857829999999999870e+01 2.952475238150118031e+00
6.791190000000000282e+01 2.954104564618836193e+00
6.724550000000000693e+01 2.940525939583687798e+00
6.657750000000000057e+01 2.942934492441838579e+00
6.591100000000000136e+01 2.917456573820390364e+00
6.524439999999999884e+01 2.920690187837421181e+00
6.457769999999999300e+01 2.907212804305149056e+00
6.390950000000000131e+01 2.883395637068701500e+00
6.324269999999999925e+01 2.884256117219656357e+00
6.257589999999999719e+01 2.900124356209666576e+00
6.190899999999999892e+01 2.910423641005671413e+00
6.124060000000000059e+01 2.910460023236240534e+00
6.057359999999999900e+01 2.916748455932755668e+00
5.990659999999999741e+01 2.925410442966563718e+00
5.923799999999999955e+01 2.887566282807612961e+00
5.857079999999999842e+01 2.844396176985548585e+00
5.790359999999999729e+01 2.852299489330319737e+00
5.723629999999999995e+01 2.836671267755002113e+00
5.656750000000000256e+01 2.800691743946646106e+00
5.590010000000000190e+01 2.806251984423089763e+00
5.523270000000000124e+01 2.790709224060173188e+00
5.456360000000000099e+01 2.790807251890761620e+00
5.389609999999999701e+01 2.802518149005814418e+00
5.322849999999999682e+01 2.835954070145759509e+00
5.255930000000000035e+01 2.884849627065242839e+00
5.189159999999999684e+01 2.856110224013917787e+00
5.122379999999999711e+01 2.872297147060028699e+00
5.055440000000000111e+01 2.879943822877143234e+00
4.988660000000000139e+01 2.869037636098434874e+00
4.921860000000000213e+01 2.855106337719506282e+00
4.854910000000000281e+01 2.845750526875325814e+00
4.788100000000000023e+01 2.864122265009659607e+00
4.721289999999999765e+01 2.862462558328161766e+00
4.654319999999999879e+01 2.842433701436634319e+00
4.587500000000000000e+01 2.850742172453419432e+00
4.520669999999999789e+01 2.812421741097088201e+00
4.453679999999999950e+01 2.806991950840677319e+00
4.386840000000000117e+01 2.806927567317602179e+00
4.320000000000000284e+01 2.837298215233975629e+00
4.252989999999999782e+01 2.819651183585136778e+00
4.186129999999999995e+01 2.794513338877585351e+00
4.119270000000000209e+01 2.747436574364641171e+00
4.052250000000000085e+01 2.736027649084797453e+00
3.985379999999999967e+01 2.739799750817770274e+00
3.918500000000000227e+01 2.757131902759209829e+00
3.851460000000000150e+01 2.753269120856052243e+00
3.784570000000000078e+01 2.743403068416304436e+00
3.717519999999999669e+01 2.717785056559236967e+00
3.650619999999999976e+01 2.699728412007250000e+00
3.583709999999999951e+01 2.705704208845423064e+00
3.516640000000000299e+01 2.708655862705730222e+00
3.449719999999999942e+01 2.686950112714475036e+00
3.382800000000000296e+01 2.683931995864059061e+00
3.315709999999999980e+01 2.656292070300560582e+00
3.248780000000000001e+01 2.601998319371040758e+00
3.181680000000000064e+01 2.584182293138781450e+00
3.114730000000000132e+01 2.582799218320439127e+00
3.047779999999999845e+01 2.596955476602063939e+00
2.980669999999999931e+01 2.537782034536357756e+00
2.913700000000000045e+01 2.531274630906712897e+00
2.846730000000000160e+01 2.533624646643061862e+00
2.779599999999999937e+01 2.488757674349452387e+00
2.712620000000000076e+01 2.469799015694227773e+00
2.645479999999999876e+01 2.459671506716766043e+00
2.578490000000000038e+01 2.434959576245339541e+00
2.511329999999999885e+01 2.383838208301417350e+00
2.444330000000000069e+01 2.327077822328645684e+00
2.377319999999999922e+01 2.318718081895827510e+00
2.310150000000000148e+01 2.251881126696359647e+00
2.243130000000000024e+01 2.210855407092350955e+00
2.175949999999999918e+01 2.169806326333243884e+00
2.108909999999999840e+01 2.118814445877628128e+00
2.041870000000000118e+01 2.086107929098063973e+00
1.974680000000000035e+01 2.013530756073571570e+00
1.907629999999999981e+01 1.971647026618508658e+00
1.840419999999999945e+01 1.936985438869707421e+00
1.773349999999999937e+01 1.883755650527589642e+00
1.706129999999999924e+01 1.871665360056197214e+00
1.639059999999999917e+01 1.817239723108061922e+00
1.571979999999999933e+01 1.785212227618043768e+00
1.504739999999999966e+01 1.773297160943867468e+00
1.437650000000000006e+01 1.746409918478786905e+00
1.370410000000000039e+01 1.746762793017589077e+00
1.303299999999999947e+01 1.712852202460895201e+00
1.236040000000000028e+01 1.693970318439817824e+00
1.168929999999999936e+01 1.671620421361239339e+00
1.101660000000000039e+01 1.684851643537075061e+00
1.034529999999999994e+01 1.761221772663868812e+00
9.672489999999999810e+00 1.822581478808213973e+00
9.001129999999999853e+00 1.890677542057062288e+00
8.329710000000000392e+00 1.946522318777524463e+00
7.656710000000000349e+00 2.062460539671658211e+00
6.985170000000000101e+00 2.350396758738942715e+00
6.312050000000000161e+00 2.648860601399665615e+00
5.640399999999999636e+00 2.958472935662710857e+00
4.967170000000000307e+00 3.222201452647045716e+00
4.295410000000000394e+00 3.447287568283473380e+00
3.622059999999999835e+00 3.671593896214841113e+00
2.950180000000000025e+00 3.880698260274597189e+00
2.276720000000000077e+00 4.115445279013299817e+00
1.604729999999999990e+00 4.287933265498631741e+00
9.311519999999999797e-01 4.309650192686419246e+00
2.590439999999999965e-01 4.304649527325220326e+00
