6.869719999999999800e+02 -6.452726383346015296e-03
6.863600000000000136e+02 1.149398176036879604e-02
6.857469999999999573e+02 1.525414606013349508e-02
6.851349999999999909e+02 2.943469240698397271e-02
6.845230000000000246e+02 2.654042815922536339e-02
6.839120000000000346e+02 3.232059191613517735e-02
6.832989999999999782e+02 2.074600143024458651e-02
6.826870000000000118e+02 4.965925122510346512e-02
6.820739999999999554e+02 -1.973230954153078892e-02
6.814610000000000127e+02 -2.320476522925307358e-02
6.808490000000000464e+02 -3.706100729551983081e-02
6.802359999999999900e+02 1.077499841396455538e-03
6.796230000000000473e+02 2.533818967915587445e-02
6.790099999999999909e+02 4.512869514812775824e-03
6.783980000000000246e+02 -1.630113198864300769e-02
6.777859999999999445e+02 -4.736372686003309518e-02
6.771730000000000018e+02 -1.277371618585427387e-02
6.765599999999999454e+02 -5.866522269471632391e-03
6.759470000000000027e+02 -4.397649217084922957e-02
6.753339999999999463e+02 4.262485114576083922e-02
6.747210000000000036e+02 -6.126978109098803194e-02
6.741079999999999472e+02 -3.356050227640600125e-02
6.734940000000000282e+02 9.454505733291625191e-02
6.728809999999999718e+02 1.049382226098865001e-01
6.722680000000000291e+02 9.108055747065008090e-02
6.716539999999999964e+02 2.875453974234826876e-02
6.710410000000000537e+02 -2.400295116689877585e-03
6.704270000000000209e+02 7.975549847857308847e-03
6.698150000000000546e+02 -5.429560071271052890e-02
6.692010000000000218e+02 4.260789752973476868e-02
6.685879999999999654e+02 7.026959161187559810e-02
6.679740000000000464e+02 1.141740587309882267e-02
6.673600000000000136e+02 2.181705707128729285e-02
6.667459999999999809e+02 4.602880905572593467e-02
6.661330000000000382e+02 4.258069818755032959e-02
6.655190000000000055e+02 2.528440074625811981e-02
6.649049999999999727e+02 -2.375666040395634556e-03
6.642910000000000537e+02 -3.002313189098940183e-02
6.636770000000000209e+02 -8.188294908226317892e-02
6.630629999999999882e+02 -1.406475080586230275e-01
6.624479999999999791e+02 -1.821242649297301341e-01
6.618339999999999463e+02 -1.613755545765611643e-01
6.612200000000000273e+02 -1.786491377487599841e-01
6.606059999999999945e+02 -2.028163793197246267e-01
6.599909999999999854e+02 -1.682491681524318494e-01
6.593769999999999527e+02 -1.578677520227826647e-01
6.587619999999999436e+02 -7.494204221271574817e-02
6.581480000000000246e+02 -5.766199759514145651e-02
6.575330000000000155e+02 -4.383945276361607413e-02
6.569189999999999827e+02 2.178262360237316272e-02
6.563039999999999736e+02 7.965995222567278863e-03
6.556889999999999645e+02 4.594439427124644149e-02
6.550750000000000455e+02 8.393809453005336707e-02
6.544600000000000364e+02 9.082817319238627174e-02
6.538450000000000273e+02 1.322480334449323003e-01
6.532300000000000182e+02 1.080714153101754310e-01
6.526150000000000091e+02 6.320391691529836375e-02
6.520000000000000000e+02 7.355965234482590709e-02
6.513849999999999909e+02 9.423685255933862692e-02
6.507699999999999818e+02 1.149325458034488878e-01
6.501549999999999727e+02 3.557688496678322598e-02
6.495389999999999873e+02 4.537520291379854021e-03
6.489239999999999782e+02 -1.271926255600049245e-02
6.483089999999999691e+02 -1.962444112345725425e-02
6.476929999999999836e+02 -7.135218873714671561e-02
6.470779999999999745e+02 2.176498962433732337e-02
6.464629999999999654e+02 1.142493012911788806e-02
6.458469999999999800e+02 -1.965432802414568067e-02
6.452319999999999709e+02 -4.036933920266938536e-02
6.446159999999999854e+02 4.581501775122531067e-02
6.439990000000000236e+02 9.414591877225865491e-02
6.433830000000000382e+02 4.586597005457063170e-02
6.427670000000000528e+02 -1.617622785151613327e-02
6.421520000000000437e+02 3.552612924868333438e-02
6.415359999999999445e+02 -2.993447615650940766e-02
6.409199999999999591e+02 -5.748141366485421538e-02
6.403039999999999736e+02 -7.816242747629240095e-02
6.396879999999999882e+02 -9.882467132104548468e-02
6.390720000000000027e+02 -9.882282118495751277e-02
6.384560000000000173e+02 -8.505127181541793924e-02
6.378400000000000318e+02 -5.061111161115950524e-02
6.372229999999999563e+02 1.048189084097279422e-03
6.366069999999999709e+02 -1.617590371709212022e-02
6.359909999999999854e+02 -2.648103468161455004e-02
6.353730000000000473e+02 1.826863945569229611e-02
6.347569999999999482e+02 -2.648347539742590406e-02
6.341399999999999864e+02 -2.303896377250392799e-02
6.335240000000000009e+02 -4.023037186744447130e-02
6.329070000000000391e+02 -8.151551320275648993e-02
6.322899999999999636e+02 7.929477636404943380e-03
6.316739999999999782e+02 1.134715106312820902e-02
6.310570000000000164e+02 3.196612761397895491e-02
6.304400000000000546e+02 7.324388812495212508e-02
6.298220000000000027e+02 7.676584642824647864e-02
6.292050000000000409e+02 1.076836060321981758e-01
6.285879999999999654e+02 1.248614443353127934e-01
6.279710000000000036e+02 9.733952570443098196e-02
6.273540000000000418e+02 1.626829353734561279e-01
6.267369999999999663e+02 2.859597059416576700e-02
6.261200000000000045e+02 1.828732526722339283e-02
6.255030000000000427e+02 4.574075078787721849e-02
6.248840000000000146e+02 -2.988801597299385604e-02
6.242670000000000528e+02 -4.361758339617605174e-02
6.236499999999999773e+02 -7.454182023975741700e-02
6.230320000000000391e+02 -8.825711948837140775e-02
6.224149999999999636e+02 -1.019698285774749275e-01
6.217980000000000018e+02 -1.844197758485867644e-01
6.211799999999999500e+02 -1.019653208767924008e-01
6.205610000000000355e+02 -7.447678086493257632e-02
6.199429999999999836e+02 -1.568909753507575500e-01
6.193260000000000218e+02 -1.397273288587415618e-01
6.187079999999999700e+02 -1.397214649320732971e-01
6.180900000000000318e+02 -4.703941208749867764e-02
6.174719999999999800e+02 -2.645784376942615299e-02
6.168529999999999518e+02 4.522303454234623092e-03
6.162350000000000136e+02 1.822249741811808599e-02
6.156169999999999618e+02 1.135627706286825890e-02
6.149990000000000236e+02 -4.355546764782011054e-02
6.143809999999999718e+02 1.820247136383386019e-02
6.137630000000000337e+02 6.627547453189566729e-02
6.131430000000000291e+02 9.024863616681812195e-02
6.125249999999999773e+02 7.997044200856190388e-02
6.119070000000000391e+02 1.073754368512831597e-01
6.112889999999999873e+02 7.649561298182420976e-02
6.106699999999999591e+02 6.625127957251861210e-02
6.100510000000000446e+02 2.504151356086661145e-02
6.094320000000000164e+02 5.590727198607498699e-02
6.088139999999999645e+02 7.937941481895253309e-03
6.081950000000000500e+02 6.963207587686921773e-02
6.075760000000000218e+02 3.536033619066799444e-02
6.069560000000000173e+02 6.280044437882033315e-02
6.063379999999999654e+02 2.507157283608067722e-02
6.057190000000000509e+02 6.614882947756514642e-02
6.051000000000000227e+02 7.985661060184466586e-02
6.044809999999999945e+02 1.243989114046945843e-01
6.038609999999999900e+02 1.038234568670996644e-01
6.032419999999999618e+02 1.517806140640737822e-01
6.026230000000000473e+02 1.277885225210279863e-01
6.020040000000000191e+02 1.072704448851812681e-01
6.013830000000000382e+02 7.899239071478670812e-03
6.007640000000000100e+02 1.133765311007106473e-02
6.001449999999999818e+02 -3.316130290261883051e-02
5.995249999999999773e+02 -5.753553501051337365e-03
5.989049999999999727e+02 -6.399504422720575514e-02
5.982849999999999682e+02 -1.947427662460789188e-02
5.976660000000000537e+02 -8.106686113548045025e-02
5.970460000000000491e+02 -1.221649030267454028e-01
5.964249999999999545e+02 -1.015911112691828821e-01
5.958060000000000400e+02 -6.052776817387933717e-02
5.951860000000000355e+02 -8.789329618324660809e-02
5.945670000000000073e+02 -7.077201169870285524e-02
5.939450000000000500e+02 -7.076517758231701261e-02
5.933260000000000218e+02 -1.603886652157535814e-02
5.927060000000000173e+02 -4.342029561797240006e-02
5.920860000000000127e+02 7.873083786222662833e-03
5.914650000000000318e+02 1.474075004871453105e-02
5.908450000000000273e+02 7.901104160899743989e-03
5.902250000000000227e+02 -5.020420229213853197e-02
5.896029999999999518e+02 -2.972554809852114358e-02
5.889829999999999472e+02 -2.286428829473654417e-02
5.883630000000000564e+02 2.497963817330144110e-02
5.877419999999999618e+02 4.884779576628330705e-02
5.871209999999999809e+02 2.156505791436389222e-02
5.865000000000000000e+02 -1.261242747127883958e-02
5.858799999999999955e+02 4.434256220171192177e-03
5.852580000000000382e+02 -3.310683506077302662e-02
5.846380000000000337e+02 -2.346581145942976381e-03
5.840170000000000528e+02 -1.936474252475128485e-02
5.833949999999999818e+02 6.934988482618215100e-02
5.827740000000000009e+02 -3.308664464498149715e-02
5.821539999999999964e+02 -2.289897719769448670e-02
5.815320000000000391e+02 -1.599470078372939100e-02
5.809109999999999445e+02 3.177092885172263376e-02
5.802899999999999636e+02 7.843888996331061306e-03
5.796680000000000064e+02 2.834422944129952326e-02
5.790470000000000255e+02 -9.177573629861528887e-03
5.784260000000000446e+02 1.817492946389730538e-02
5.778049999999999500e+02 -1.046576381224225277e-01
5.771820000000000164e+02 -8.081615845754869243e-02
5.765610000000000355e+02 -1.558320247607938303e-01
5.759379999999999882e+02 -1.695131268579432582e-01
5.753170000000000073e+02 -2.069864949516909136e-01
5.746960000000000264e+02 -1.899653884301959472e-01
5.740729999999999791e+02 -6.027160290873082027e-02
5.734519999999999982e+02 -2.623352963270160487e-02
5.728300000000000409e+02 -2.437989500297257830e-03
5.722069999999999936e+02 6.245458582530147990e-02
5.715860000000000127e+02 6.240433831630225192e-02
5.709640000000000555e+02 5.900446130930873945e-02
5.703410000000000082e+02 5.555370837043650117e-02
5.697190000000000509e+02 4.880618379366843257e-02
5.690979999999999563e+02 2.842251723534756566e-02
5.684740000000000464e+02 -2.960555786590688548e-02
5.678529999999999518e+02 -2.278159591343434029e-02
5.672290000000000418e+02 -6.706422039370681099e-02
5.666069999999999709e+02 -6.706503396721194554e-02
5.659850000000000136e+02 -3.985572601450067254e-02
5.653619999999999663e+02 1.080722339808693660e-03
5.647400000000000091e+02 1.127414379164678321e-02
5.641169999999999618e+02 1.810483052902552362e-02
5.634940000000000282e+02 1.050992615818433298e-03
5.628719999999999573e+02 -3.638058445962756571e-02
5.622480000000000473e+02 -5.749590087092375582e-03
5.616250000000000000e+02 5.890336190628221030e-02
5.610030000000000427e+02 1.506590026138621696e-01
5.603790000000000191e+02 1.405532217702025188e-01
5.597569999999999482e+02 1.064700639160098272e-01
5.591330000000000382e+02 1.609609086736585037e-01
5.585099999999999909e+02 1.745305453616839975e-01
5.578859999999999673e+02 1.574690223372447739e-01
5.572630000000000337e+02 2.255289316353812634e-01
5.566399999999999864e+02 1.575923860969769275e-01
5.560159999999999627e+02 1.506656738399639872e-01
5.553930000000000291e+02 2.144348001303392204e-02
5.547690000000000055e+02 1.124913291234538697e-02
5.541459999999999582e+02 -5.720236257502338967e-03
5.535209999999999582e+02 -5.749039371205156949e-03
5.528980000000000246e+02 1.464467359337200819e-02
5.522749999999999773e+02 5.544020444250449126e-02
5.516509999999999536e+02 6.901282674424437380e-02
5.510270000000000437e+02 9.276900095549875380e-02
5.504030000000000200e+02 9.279655563852920452e-02
5.497789999999999964e+02 1.470690138976753214e-01
5.491549999999999727e+02 1.539069192299624411e-01
5.485309999999999491e+02 1.742781860656882342e-01
5.479059999999999491e+02 2.048046034495779322e-01
5.472830000000000155e+02 1.776250047290937883e-01
5.466589999999999918e+02 1.946217158440942951e-01
5.460339999999999918e+02 2.013488427027827765e-01
5.454099999999999682e+02 2.386575679003163641e-01
5.447849999999999682e+02 2.182889382466954298e-01
5.441609999999999445e+02 1.571649872777928780e-01
5.435359999999999445e+02 2.012693018800085221e-01
5.429120000000000346e+02 1.978999021995694052e-01
5.422870000000000346e+02 1.163930812620112693e-01
5.416630000000000109e+02 1.435828369437230356e-01
5.410370000000000346e+02 1.570872823736133295e-01
5.404130000000000109e+02 6.889031857338012710e-02
5.397880000000000109e+02 8.245078206989424341e-02
5.391630000000000109e+02 4.512895078590394710e-02
5.385380000000000109e+02 4.512447972664652973e-02
5.379139999999999873e+02 5.188699586813231429e-02
5.372880000000000109e+02 3.834190413011462351e-02
5.366630000000000109e+02 7.226148041025058644e-02
5.360370000000000346e+02 8.240175213112407859e-02
5.354130000000000109e+02 6.881375506645577567e-02
5.347870000000000346e+02 9.933106389767455691e-02
5.341620000000000346e+02 1.060548826781979176e-01
5.335359999999999445e+02 1.365843780220834525e-01
5.329109999999999445e+02 1.264137687538708921e-01
5.322849999999999682e+02 1.196183076850199645e-01
5.316599999999999682e+02 1.399457515569180188e-01
5.310339999999999918e+02 1.907092386594891609e-01
5.304089999999999918e+02 2.312950141421492578e-01
5.297830000000000155e+02 2.550063093617995769e-01
5.291580000000000155e+02 3.124496037507274449e-01
5.285309999999999491e+02 2.718697113625334061e-01
5.279049999999999727e+02 2.820500882141310783e-01
5.272799999999999727e+02 3.395319896989388297e-01
5.266530000000000200e+02 3.564218508412501096e-01
5.260280000000000200e+02 3.801211340417149365e-01
5.254009999999999536e+02 3.495680082519782017e-01
5.247759999999999536e+02 2.616144378497845535e-01
5.241490000000000009e+02 3.055286684573653710e-01
5.235230000000000246e+02 2.445811128789973088e-01
5.228959999999999582e+02 3.122330906871857437e-01
5.222709999999999582e+02 3.594969627944291646e-01
5.216440000000000055e+02 3.628868849241972949e-01
5.210159999999999627e+02 3.087650567529576784e-01
5.203909999999999627e+02 3.222597546372845123e-01
5.197630000000000337e+02 3.425063561600090734e-01
5.191380000000000337e+02 3.695761709480364088e-01
5.185099999999999909e+02 3.221556790027114148e-01
5.178840000000000146e+02 2.985290238957368780e-01
5.172569999999999482e+02 2.646512025740385687e-01
5.166299999999999955e+02 1.835058505784262217e-01
5.160030000000000427e+02 2.375369334307031177e-01
5.153759999999999764e+02 2.848363322180988977e-01
5.147500000000000000e+02 2.746655373838086667e-01
5.141219999999999573e+02 2.746306496115709650e-01
5.134940000000000282e+02 2.881355348400119754e-01
5.128680000000000518e+02 2.644436133995903826e-01
5.122400000000000091e+02 3.218401202013885798e-01
5.116139999999999759e+02 3.285465410043604817e-01
5.109859999999999900e+02 2.914034472317052482e-01
5.103580000000000041e+02 2.238113231599720421e-01
5.097309999999999945e+02 2.170886465347217908e-01
5.091030000000000086e+02 1.799096220922721812e-01
5.084759999999999991e+02 1.934058583277616372e-01
5.078480000000000132e+02 2.271104697962914032e-01
5.072200000000000273e+02 2.473622794377340339e-01
5.065930000000000177e+02 2.202804899453333909e-01
5.059649999999999750e+02 1.865662532940207952e-01
5.053360000000000127e+02 2.371459511971149015e-01
5.047090000000000032e+02 2.674854310215327158e-01
5.040810000000000173e+02 1.966420730667843286e-01
5.034519999999999982e+02 2.269065947251442672e-01
5.028249999999999886e+02 1.797794422740522646e-01
5.021960000000000264e+02 1.055438184960603293e-01
5.015690000000000168e+02 4.491720478852902904e-02
5.009399999999999977e+02 1.062437887002361811e-03
5.003109999999999786e+02 -9.085607848842680925e-03
4.996840000000000259e+02 -2.587732657359265165e-02
4.990550000000000068e+02 1.113522167933165066e-02
4.984259999999999877e+02 7.856030908547260994e-02
4.977980000000000018e+02 6.837942596895346670e-02
4.971689999999999827e+02 7.850075979150919481e-02
4.965400000000000205e+02 9.873999742768239940e-02
4.959119999999999777e+02 1.693952248180038145e-01
4.952830000000000155e+02 1.660539182302116779e-01
4.946539999999999964e+02 1.458105988543058062e-01
4.940260000000000105e+02 2.132033828822572086e-01
4.933969999999999914e+02 1.458028747085758636e-01
4.927669999999999959e+02 1.188566959580863031e-01
4.921390000000000100e+02 1.693140508088502583e-01
4.915099999999999909e+02 1.894913040319380904e-01
4.908799999999999955e+02 1.894938491636332101e-01
4.902500000000000000e+02 1.289181405420716242e-01
4.896220000000000141e+02 2.129793006615898210e-01
4.889920000000000186e+02 2.634450019931400822e-01
4.883629999999999995e+02 1.759462148578753993e-01
4.877339999999999804e+02 1.658881308804125709e-01
4.871039999999999850e+02 1.893856044631308244e-01
4.864739999999999895e+02 1.725367826404155536e-01
4.858460000000000036e+02 8.848904956593156568e-02
4.852160000000000082e+02 8.174813669429670249e-02
4.845860000000000127e+02 1.186997628597949994e-01
4.839549999999999841e+02 5.482387940823275213e-02
4.833269999999999982e+02 1.287086443538792702e-01
4.826960000000000264e+02 1.757850730252633331e-01
4.820659999999999741e+02 2.295586113581688514e-01
4.814370000000000118e+02 1.790877382569850684e-01
4.808070000000000164e+02 2.294610181086007006e-01
4.801759999999999877e+02 3.268943256829739963e-01
4.795459999999999923e+02 3.705382594970710319e-01
4.789169999999999732e+02 3.704859808090558149e-01
4.782860000000000014e+02 3.503330678837165424e-01
4.776549999999999727e+02 2.831041223832376219e-01
4.770249999999999773e+02 3.099308393364104131e-01
4.763949999999999818e+02 2.729882204849705118e-01
4.757640000000000100e+02 4.072255090662321164e-01
4.751329999999999814e+02 3.769723318067439988e-01
4.745020000000000095e+02 3.903959175723765718e-01
4.738729999999999905e+02 3.164701335031011586e-01
4.732420000000000186e+02 2.929688459215110674e-01
4.726109999999999900e+02 3.566924928455231791e-01
4.719800000000000182e+02 3.801199745919774386e-01
4.713500000000000227e+02 3.734367324668831922e-01
4.707189999999999941e+02 3.868016415627818505e-01
4.700869999999999891e+02 3.028809133050689995e-01
4.694560000000000173e+02 2.055914863721578778e-01
4.688249999999999886e+02 1.250962219497700478e-01
4.681949999999999932e+02 2.357412337119508261e-01
4.675629999999999882e+02 3.027565742510830438e-01
4.669309999999999832e+02 2.692090857592531195e-01
4.663000000000000114e+02 2.121971901948844774e-01
4.656700000000000159e+02 2.556964606985985267e-01
4.650380000000000109e+02 2.791221776632840101e-01
4.644060000000000059e+02 2.456270620871202071e-01
4.637740000000000009e+02 3.327255135886887372e-01
4.631419999999999959e+02 3.829238794970010185e-01
4.625120000000000005e+02 3.929126814176735483e-01
4.618799999999999955e+02 3.426354148534430100e-01
4.612479999999999905e+02 3.325884985559807161e-01
4.606159999999999854e+02 3.861295326439385667e-01
4.599839999999999804e+02 3.793998144272318629e-01
4.593519999999999754e+02 3.358410606699715473e-01
4.587210000000000036e+02 3.994088439725961281e-01
4.580880000000000223e+02 3.659067376700404495e-01
4.574560000000000173e+02 3.457786418449051435e-01
4.568240000000000123e+02 2.854998738725758600e-01
4.561909999999999741e+02 3.021955694010554083e-01
4.555600000000000023e+02 3.022222198799299209e-01
4.549279999999999973e+02 3.456285835004570539e-01
4.542950000000000159e+02 3.288438631288899683e-01
4.536619999999999777e+02 2.886902041051864765e-01
4.530299999999999727e+02 2.652542497604526983e-01
4.523969999999999914e+02 3.287778838308886287e-01
4.517660000000000196e+02 3.053282190864161083e-01
4.511329999999999814e+02 3.387193661328217198e-01
4.505000000000000000e+02 3.386842576535134541e-01
4.498670000000000186e+02 3.553787349174209464e-01
4.492339999999999804e+02 2.817956321209305615e-01
4.486009999999999991e+02 2.483502573457746498e-01
4.479680000000000177e+02 3.485769666219565299e-01
4.473360000000000127e+02 3.385231387412693804e-01
4.467029999999999745e+02 3.217454356268092952e-01
4.460690000000000168e+02 3.818562819790530805e-01
4.454359999999999786e+02 3.450772191291646140e-01
4.448029999999999973e+02 3.350350401990452309e-01
4.441689999999999827e+02 3.650593483994947763e-01
4.435360000000000014e+02 4.017493686056365365e-01
4.429019999999999868e+02 4.718382319115507761e-01
4.422699999999999818e+02 4.083291598503752118e-01
4.416360000000000241e+02 4.616957211761706925e-01
4.410029999999999859e+02 4.583095290860108584e-01
4.403690000000000282e+02 4.182223089628362422e-01
4.397350000000000136e+02 4.181859295752005101e-01
4.391009999999999991e+02 4.081453672709979275e-01
4.384669999999999845e+02 3.313496658862566946e-01
4.378330000000000268e+02 3.546557192244833012e-01
4.371990000000000123e+02 3.279444624867180469e-01
4.365649999999999977e+02 3.512531898673618147e-01
4.359329999999999927e+02 2.745171143125851310e-01
4.352980000000000018e+02 2.277978527558428279e-01
4.346639999999999873e+02 2.244465782057603331e-01
4.340299999999999727e+02 2.344189664403003581e-01
4.333960000000000150e+02 2.343944787008073460e-01
4.327610000000000241e+02 3.210447523845535445e-01
4.321270000000000095e+02 2.910043199329123143e-01
4.314920000000000186e+02 2.409796189737129779e-01
4.308580000000000041e+02 2.176262199379258022e-01
4.302230000000000132e+02 2.409363806987101786e-01
4.295889999999999986e+02 2.775621076642663110e-01
4.289540000000000077e+02 2.308696837186190454e-01
4.283190000000000168e+02 2.608407132886043089e-01
4.276859999999999786e+02 2.608566165994858910e-01
4.270509999999999877e+02 2.241649119251556133e-01
4.264159999999999968e+02 1.875024730444909138e-01
4.257810000000000059e+02 2.241034996491715614e-01
4.251460000000000150e+02 2.507156526417832487e-01
4.245110000000000241e+02 3.006187860124522881e-01
4.238759999999999764e+02 3.039087951087350858e-01
4.232409999999999854e+02 3.338469509140682967e-01
4.226050000000000182e+02 2.938751089293186736e-01
4.219700000000000273e+02 3.005068426780049262e-01
4.213349999999999795e+02 3.104573465502115659e-01
4.206990000000000123e+02 3.569956244327410766e-01
4.200640000000000214e+02 3.602847534752580128e-01
4.194289999999999736e+02 4.001482293136287560e-01
4.187930000000000064e+02 3.236161682860186350e-01
4.181569999999999823e+02 3.069540188315652562e-01
4.175219999999999914e+02 3.268804608500727182e-01
4.168860000000000241e+02 3.999796484526936258e-01
4.162500000000000000e+02 4.365076217642493428e-01
4.156150000000000091e+02 4.431172545418871622e-01
4.149789999999999850e+02 4.563587634530434367e-01
4.143430000000000177e+02 4.695974623560633665e-01
4.137069999999999936e+02 4.230237076722059286e-01
4.130710000000000264e+02 4.927579755478230794e-01
4.124350000000000023e+02 5.259304968417194415e-01
4.117989999999999782e+02 5.524589607625139953e-01
4.111630000000000109e+02 5.324629074708757681e-01
4.105260000000000105e+02 5.124853223746077546e-01
4.098899999999999864e+02 5.290364139955849865e-01
4.092540000000000191e+02 4.559394432134017405e-01
4.086170000000000186e+02 4.625246841505165629e-01
4.079809999999999945e+02 4.923557400562774133e-01
4.073439999999999941e+02 4.723857058302750600e-01
4.067080000000000268e+02 4.524199619244212989e-01
4.060710000000000264e+02 5.054607421751631247e-01
4.054350000000000023e+02 4.324054102387344112e-01
4.047980000000000018e+02 4.423214389875175234e-01
4.041610000000000014e+02 4.290029753016656455e-01
4.035240000000000009e+02 4.621399740042873017e-01
4.028879999999999768e+02 3.924373255854272102e-01
4.022509999999999764e+02 4.255496558651793437e-01
4.016139999999999759e+02 3.525562638842684726e-01
4.009769999999999754e+02 3.591510795471533624e-01
4.003399999999999750e+02 2.828429539874480203e-01
3.997029999999999745e+02 3.424905079873358793e-01
3.990649999999999977e+02 3.225564795693467990e-01
3.984279999999999973e+02 2.595783655937479173e-01
3.977909999999999968e+02 2.429932623384904178e-01
3.971519999999999868e+02 2.362605851496746012e-01
3.965149999999999864e+02 1.865806735041661835e-01
3.958770000000000095e+02 2.130529260898245403e-01
3.952400000000000091e+02 1.401595976038701175e-01
3.946019999999999754e+02 1.931462557276162895e-01
3.939649999999999750e+02 1.368103358294519289e-01
3.933269999999999982e+02 1.301719570004218063e-01
3.926890000000000214e+02 2.063163561569791860e-01
3.920520000000000209e+02 1.930567767896255171e-01
3.914139999999999873e+02 2.526168944199179145e-01
3.907760000000000105e+02 2.558718092792536258e-01
3.901379999999999768e+02 3.418720635768753846e-01
3.895000000000000000e+02 4.179889540639217249e-01
3.888609999999999900e+02 3.783026710295092077e-01
3.882230000000000132e+02 3.881608629846050040e-01
3.875849999999999795e+02 4.278167889321872752e-01
3.869460000000000264e+02 4.641557861056606060e-01
3.863079999999999927e+02 5.071102236091220572e-01
3.856700000000000159e+02 5.335100574902119641e-01
3.850319999999999823e+02 5.632115227533469604e-01
3.843929999999999723e+02 5.102329403575701638e-01
3.837549999999999955e+02 5.432228031430536008e-01
3.831159999999999854e+02 5.266762382074127169e-01
3.824759999999999991e+02 5.199650736114541649e-01
3.818380000000000223e+02 5.000905173461801523e-01
3.811990000000000123e+02 4.174290123332122793e-01
3.805600000000000023e+02 4.636659219229704587e-01
3.799220000000000255e+02 4.437894625385426783e-01
3.792830000000000155e+02 3.941730745573526207e-01
3.786440000000000055e+02 4.271540024154350523e-01
3.780049999999999955e+02 3.940313396710001248e-01
3.773650000000000091e+02 4.072867203686867943e-01
3.767259999999999991e+02 5.294352529651359385e-01
3.760860000000000127e+02 5.194570016826811631e-01
3.754470000000000027e+02 6.283449976014546801e-01
3.748079999999999927e+02 6.216385362205905096e-01
3.741689999999999827e+02 6.545558244614114729e-01
3.735299999999999727e+02 6.908168254311677359e-01
3.728890000000000100e+02 7.007080846828536158e-01
3.722500000000000000e+02 6.477938326453458462e-01
3.716100000000000136e+02 7.335270651948933018e-01
3.709710000000000036e+02 6.740644109115975224e-01
3.703310000000000173e+02 6.476770197341068513e-01
3.696909999999999741e+02 6.277717306847797607e-01
3.690500000000000114e+02 6.441674851216832032e-01
3.684110000000000014e+02 6.111245357491658092e-01
3.677710000000000150e+02 5.978605979609140642e-01
3.671309999999999718e+02 5.714100914761701677e-01
3.664909999999999854e+02 6.570916474653681894e-01
3.658509999999999991e+02 6.075354489037280148e-01
3.652099999999999795e+02 6.075052915048184676e-01
3.645699999999999932e+02 6.832174829685264683e-01
3.639300000000000068e+02 6.699684528218184942e-01
3.632900000000000205e+02 6.632771071633176696e-01
3.626490000000000009e+02 6.796581939255406102e-01
3.620079999999999814e+02 6.631618552538529610e-01
3.613670000000000186e+02 6.532004365734885853e-01
3.607269999999999754e+02 6.070451743107641018e-01
3.600869999999999891e+02 6.267471522437719766e-01
3.594460000000000264e+02 5.674607594166910518e-01
3.588039999999999736e+02 5.244729055536561102e-01
3.581639999999999873e+02 5.079969590697220871e-01
3.575230000000000246e+02 4.684520296337242873e-01
3.568829999999999814e+02 5.275868782004613511e-01
3.562420000000000186e+02 5.110873752191771313e-01
3.556000000000000227e+02 5.209543267841379999e-01
3.549590000000000032e+02 5.472080983284127731e-01
3.543179999999999836e+02 4.945052145373889374e-01
3.536770000000000209e+02 5.109362854776411389e-01
3.530350000000000250e+02 5.865036041378162146e-01
3.523940000000000055e+02 6.061746824161310387e-01
3.517520000000000095e+02 6.061086584473548422e-01
3.511109999999999900e+02 4.909336508374343988e-01
3.504689999999999941e+02 5.336463256953074552e-01
3.498269999999999982e+02 5.500196022128579498e-01
3.491859999999999786e+02 5.400976823671154170e-01
3.485450000000000159e+02 5.302133995600889493e-01
3.479019999999999868e+02 5.202316930952067819e-01
3.472599999999999909e+02 4.873476799348011035e-01
3.466190000000000282e+02 4.807156540958743007e-01
3.459769999999999754e+02 4.675138587965717019e-01
3.453340000000000032e+02 5.101845201606427516e-01
3.446929999999999836e+02 5.364005311303200463e-01
3.440509999999999877e+02 5.166208672678651581e-01
3.434089999999999918e+02 5.099890914460184499e-01
3.427660000000000196e+02 4.771098263343959700e-01
3.421240000000000236e+02 5.460233706858984570e-01
3.414820000000000277e+02 5.623718214833974827e-01
3.408399999999999750e+02 5.589921944361091466e-01
3.401970000000000027e+02 5.885144483875331956e-01
3.395539999999999736e+02 5.949997295660152119e-01
3.389119999999999777e+02 5.784982330644586890e-01
3.382690000000000055e+02 5.949048520071023027e-01
3.376259999999999764e+02 6.768264336317145746e-01
3.369839999999999804e+02 7.292408112213971672e-01
3.363419999999999845e+02 6.996606650918760772e-01
3.356979999999999791e+02 6.569249989292854641e-01
3.350550000000000068e+02 6.470216432582962529e-01
3.344130000000000109e+02 6.174743280897666553e-01
3.337690000000000055e+02 6.271930554774316491e-01
3.331259999999999764e+02 6.435301986774077942e-01
3.324830000000000041e+02 7.319233219243818089e-01
3.318389999999999986e+02 6.926030199091161021e-01
3.311960000000000264e+02 7.481771336388988169e-01
3.305539999999999736e+02 7.251423652718308466e-01
3.299110000000000014e+02 7.709204717775698379e-01
3.292660000000000196e+02 8.003496190780716724e-01
3.286229999999999905e+02 8.461234673528564842e-01
3.279800000000000182e+02 8.329638089173619919e-01
3.273360000000000127e+02 8.098824627622461803e-01
3.266929999999999836e+02 7.345090694190020697e-01
3.260489999999999782e+02 7.213375384422496817e-01
3.254049999999999727e+02 7.048806984117517160e-01
3.247610000000000241e+02 7.440942140686496176e-01
3.241179999999999950e+02 7.178327376706433727e-01
3.234730000000000132e+02 7.373770248645732384e-01
3.228290000000000077e+02 7.405399607302969311e-01
3.221840000000000259e+02 8.026871270804614156e-01
3.215409999999999968e+02 8.090999785472698935e-01
3.208969999999999914e+02 8.776559044220116901e-01
3.202520000000000095e+02 9.168903478218168868e-01
3.196080000000000041e+02 9.134829149564176465e-01
3.189639999999999986e+02 9.428087584784150543e-01
3.183190000000000168e+02 9.852223152798668115e-01
3.176750000000000114e+02 9.262727767304279602e-01
3.170310000000000059e+02 8.314652430265623284e-01
3.163860000000000241e+02 8.312460288919226725e-01
3.157420000000000186e+02 8.116058599864542922e-01
3.150980000000000132e+02 7.624992037038915704e-01
3.144519999999999982e+02 7.493005968780416248e-01
3.138079999999999927e+02 7.263590018242350732e-01
3.131619999999999777e+02 7.132096197969661766e-01
3.125179999999999723e+02 6.935085875967710312e-01
3.118729999999999905e+02 7.031956914190069519e-01
3.112269999999999754e+02 8.207318037831153879e-01
3.105830000000000268e+02 7.716479432455037868e-01
3.099370000000000118e+02 7.519558621578479318e-01
3.092919999999999732e+02 7.616955331458773459e-01
3.086469999999999914e+02 7.420231098182785701e-01
3.080009999999999764e+02 8.104901889428484107e-01
3.073570000000000277e+02 8.495248350570911988e-01
3.067099999999999795e+02 8.625618052331756047e-01
3.060649999999999977e+02 8.493708778698046968e-01
3.054200000000000159e+02 8.459713054643146490e-01
3.047740000000000009e+02 8.426639146992600526e-01
3.041290000000000191e+02 8.393503286438018796e-01
3.034820000000000277e+02 9.305356566239554317e-01
3.028369999999999891e+02 9.891225227227635752e-01
3.021920000000000073e+02 1.034574829038753752e+00
3.015450000000000159e+02 1.005205069593414935e+00
3.008999999999999773e+02 9.398594615080275716e-01
3.002529999999999859e+02 1.034334005810887192e+00
2.996080000000000041e+02 9.950971440476006347e-01
2.989610000000000127e+02 9.493010245927765434e-01
2.983149999999999977e+02 1.034001672055145260e+00
2.976700000000000159e+02 9.915475720702321416e-01
2.970230000000000246e+02 9.979035389028200198e-01
2.963770000000000095e+02 9.358389652219188948e-01
2.957300000000000182e+02 9.162674282813410009e-01
2.950840000000000032e+02 9.454709164978284397e-01
2.944370000000000118e+02 8.769757734774232816e-01
2.937909999999999968e+02 9.061911165482618991e-01
2.931429999999999723e+02 1.062344556343691959e+00
2.924970000000000141e+02 1.058977172833380331e+00
2.918500000000000227e+02 1.010037911585720538e+00
2.912040000000000077e+02 9.936297084271840108e-01
2.905570000000000164e+02 1.042236504897077198e+00
2.899100000000000250e+02 1.104052487989647169e+00
2.892629999999999768e+02 1.194955257876120003e+00
2.886159999999999854e+02 1.250198322832637876e+00
2.879689999999999941e+02 1.289086745345534579e+00
2.873210000000000264e+02 1.295461070109725332e+00
2.866750000000000114e+02 1.282278708853759053e+00
2.860269999999999868e+02 1.353689983567125887e+00
2.853799999999999955e+02 1.379543033161440224e+00
2.847320000000000277e+02 1.366383146360346634e+00
2.840849999999999795e+02 1.434461022539987418e+00
2.834370000000000118e+02 1.466845850326330192e+00
2.827900000000000205e+02 1.534861907265468783e+00
2.821419999999999959e+02 1.593239593405616050e+00
2.814950000000000045e+02 1.622206026465876194e+00
2.808469999999999800e+02 1.687093610454794446e+00
2.801990000000000123e+02 1.634925936304169714e+00
2.795509999999999877e+02 1.602238276583016763e+00
2.789039999999999964e+02 1.624877061903078124e+00
2.782549999999999955e+02 1.627863825504034967e+00
2.776080000000000041e+02 1.634188720440782561e+00
2.769590000000000032e+02 1.614516428982391005e+00
2.763120000000000118e+02 1.650002741888725977e+00
2.756630000000000109e+02 1.623911031089621870e+00
2.750149999999999864e+02 1.656093126822921091e+00
2.743659999999999854e+02 1.798775831635506917e+00
2.737189999999999941e+02 1.908816380143853131e+00
2.730699999999999932e+02 1.941116025502972242e+00
2.724220000000000255e+02 1.918124193184446602e+00
2.717730000000000246e+02 1.879023111307968952e+00
2.711240000000000236e+02 1.849598144252417198e+00
2.704759999999999991e+02 1.797555489922854299e+00
2.698260000000000218e+02 1.833000458639222341e+00
2.691779999999999973e+02 1.897640193552045496e+00
2.685289999999999964e+02 1.809898342925860604e+00
2.678809999999999718e+02 1.790159688304036489e+00
2.672309999999999945e+02 1.764124320224574216e+00
2.665830000000000268e+02 1.805993058965592590e+00
2.659329999999999927e+02 1.935408619000447583e+00
2.652839999999999918e+02 1.993553698973232979e+00
2.646349999999999909e+02 2.084013371674743986e+00
2.639850000000000136e+02 2.035220140800775290e+00
2.633369999999999891e+02 2.015471131483719702e+00
2.626870000000000118e+02 2.073580052596963430e+00
2.620380000000000109e+02 2.031309357654376591e+00
2.613879999999999768e+02 2.118425708936819696e+00
2.607400000000000091e+02 2.079446260424796300e+00
2.600899999999999750e+02 1.991741961442293540e+00
2.594390000000000214e+02 2.046534026008979268e+00
2.587900000000000205e+02 2.010651151102179401e+00
2.581399999999999864e+02 2.020137346193508598e+00
2.574909999999999854e+02 2.006978516438779003e+00
2.568410000000000082e+02 2.107025054579711565e+00
2.561899999999999977e+02 2.184480209648157700e+00
2.555409999999999968e+02 2.148601674765135972e+00
2.548899999999999864e+02 2.200118284284026782e+00
2.542410000000000139e+02 2.203150428453763077e+00
2.535910000000000082e+02 2.134946215518126245e+00
2.529399999999999977e+02 2.141126545436143225e+00
2.522899999999999920e+02 2.176561371093751696e+00
2.516399999999999864e+02 2.250595437026638113e+00
2.509900000000000091e+02 2.156588210186054066e+00
2.503389999999999986e+02 2.169254173384753237e+00
2.496879999999999882e+02 2.224000852552072249e+00
2.490380000000000109e+02 2.239796641275945799e+00
2.483870000000000005e+02 2.313919882766801273e+00
2.477359999999999900e+02 2.381468000221842463e+00
2.470860000000000127e+02 2.358593828563688710e+00
2.464350000000000023e+02 2.435816519182712359e+00
2.457849999999999966e+02 2.338665278261284008e+00
2.451330000000000098e+02 2.399763259202041699e+00
2.444819999999999993e+02 2.360720108901119385e+00
2.438319999999999936e+02 2.328239782385873369e+00
2.431800000000000068e+02 2.305316352711254790e+00
2.425289999999999964e+02 2.305051860788121854e+00
2.418779999999999859e+02 2.401523501410439465e+00
2.412270000000000039e+02 2.469052950110092404e+00
2.405749999999999886e+02 2.417206862496141806e+00
2.399240000000000066e+02 2.526521181068417832e+00
2.392719999999999914e+02 2.526300203114622445e+00
2.386200000000000045e+02 2.580827690477062397e+00
2.379699999999999989e+02 2.574054446973371935e+00
2.373180000000000121e+02 2.651126610822648555e+00
2.366670000000000016e+02 2.650891462599785697e+00
2.360149999999999864e+02 2.653719189966441849e+00
2.353629999999999995e+02 2.711472036949650999e+00
2.347100000000000080e+02 2.817517900901404637e+00
2.340600000000000023e+02 2.807450410382785311e+00
2.334070000000000107e+02 2.800723983521335114e+00
2.327549999999999955e+02 2.913194239794511642e+00
2.321040000000000134e+02 2.999757289405434513e+00
2.314509999999999934e+02 2.989810590189462491e+00
2.307980000000000018e+02 3.073143843233664185e+00
2.301469999999999914e+02 3.072789759700305101e+00
2.294939999999999998e+02 3.040236459139388447e+00
2.288420000000000130e+02 2.985161990505547536e+00
2.281899999999999977e+02 3.097449819510011970e+00
2.275370000000000061e+02 3.183989286277166819e+00
2.268839999999999861e+02 3.235197440002905989e+00
2.262330000000000041e+02 3.315099169666808177e+00
2.255800000000000125e+02 3.417705700788047807e+00
2.249269999999999925e+02 3.420575847843566386e+00
2.242729999999999961e+02 3.446024938930670078e+00
2.236220000000000141e+02 3.529129919421153172e+00
2.229679999999999893e+02 3.557755502928711788e+00
2.223149999999999977e+02 3.592625787606963161e+00
2.216630000000000109e+02 3.550542514898072710e+00
2.210099999999999909e+02 3.501802194777734911e+00
2.203559999999999945e+02 3.449948088707130989e+00
2.197019999999999982e+02 3.430317536609287732e+00
2.190500000000000114e+02 3.452410200216356362e+00
2.183969999999999914e+02 3.458394904604243703e+00
2.177429999999999950e+02 3.454800615474124648e+00
2.170889999999999986e+02 3.483334325545290433e+00
2.164370000000000118e+02 3.434710427191563831e+00
2.157829999999999870e+02 3.492168242109598530e+00
2.151289999999999907e+02 3.466027449877017830e+00
2.144749999999999943e+02 3.561961201881292727e+00
2.138220000000000027e+02 3.571186764079588905e+00
2.131680000000000064e+02 3.586788778119303078e+00
2.125140000000000100e+02 3.615282946207794890e+00
2.118600000000000136e+02 3.566750400527823661e+00
2.112069999999999936e+02 3.643346488601820088e+00
2.105529999999999973e+02 3.623654120440617188e+00
2.098979999999999961e+02 3.607222686602600703e+00
2.092439999999999998e+02 3.568206210670477052e+00
2.085910000000000082e+02 3.571047156131345712e+00
2.079360000000000070e+02 3.567443319071769814e+00
2.072820000000000107e+02 3.557398864489354828e+00
2.066270000000000095e+02 3.489662210705866574e+00
2.059739999999999895e+02 3.553383065153075560e+00
2.053189999999999884e+02 3.549713166359643068e+00
2.046639999999999873e+02 3.520495914635562773e+00
2.040089999999999861e+02 3.532891303660041338e+00
2.033540000000000134e+02 3.535662105339332228e+00
2.027009999999999934e+02 3.445620505094596275e+00
2.020459999999999923e+02 3.419542696365958978e+00
2.013909999999999911e+02 3.355067360093692219e+00
2.007350000000000136e+02 3.431541080840238678e+00
2.000800000000000125e+02 3.408725100562524535e+00
1.994259999999999877e+02 3.347455759243416207e+00
1.987709999999999866e+02 3.350245038494896743e+00
1.981160000000000139e+02 3.330696475909356025e+00
1.974600000000000080e+02 3.381474117603135099e+00
1.968050000000000068e+02 3.320235551769068039e+00
1.961510000000000105e+02 3.310375869586000608e+00
1.954950000000000045e+02 3.389961731647332055e+00
1.948389999999999986e+02 3.328742717906432613e+00
1.941839999999999975e+02 3.296355868987879578e+00
1.935279999999999916e+02 3.331139325991617550e+00
1.928739999999999952e+02 3.375450107947783440e+00
1.922179999999999893e+02 3.368697584334398254e+00
1.915620000000000118e+02 3.457820972475555532e+00
1.909060000000000059e+02 3.578969733308252632e+00
1.902500000000000000e+02 3.632965891091438415e+00
1.895939999999999941e+02 3.584548885719026412e+00
1.889389999999999930e+02 3.676711888271809059e+00
1.882829999999999870e+02 3.746623711910371135e+00
1.876270000000000095e+02 3.822869223438982722e+00
1.869699999999999989e+02 3.809719023135693661e+00
1.863139999999999930e+02 3.809270070343294901e+00
1.856570000000000107e+02 3.751273862841503437e+00
1.850010000000000048e+02 3.712540768003163905e+00
1.843460000000000036e+02 3.769567624007069906e+00
1.836889999999999930e+02 3.848996795582945829e+00
1.830329999999999870e+02 3.925097284755868721e+00
1.823760000000000048e+02 3.969388411361295610e+00
1.817189999999999941e+02 3.949819560093967841e+00
1.810620000000000118e+02 4.147289720416528880e+00
1.804050000000000011e+02 4.296802861431780585e+00
1.797500000000000000e+02 4.363086759766567013e+00
1.790929999999999893e+02 4.490277819916935975e+00
1.784360000000000070e+02 4.505733812885272194e+00
1.777789999999999964e+02 4.565835032421939665e+00
1.771220000000000141e+02 4.597123846481943055e+00
1.764650000000000034e+02 4.631711621969196280e+00
1.758069999999999879e+02 4.678963802227574575e+00
1.751500000000000057e+02 4.649759477469576296e+00
1.744939999999999998e+02 4.703266082074843091e+00
1.738369999999999891e+02 4.814320857256906727e+00
1.731790000000000020e+02 4.887069988448460300e+00
1.725219999999999914e+02 4.978939390758941208e+00
1.718640000000000043e+02 5.093086617891646739e+00
1.712059999999999889e+02 5.184839621478998239e+00
1.705490000000000066e+02 5.260744561296298194e+00
1.698909999999999911e+02 5.307869869596240520e+00
1.692330000000000041e+02 5.304074198120025230e+00
1.685749999999999886e+02 5.293881882132084549e+00
1.679190000000000111e+02 5.369669147721396030e+00
1.672609999999999957e+02 5.359471021460795903e+00
1.666030000000000086e+02 5.479789183316576384e+00
1.659449999999999932e+02 5.412306346771885934e+00
1.652870000000000061e+02 5.319402730573369986e+00
1.646279999999999859e+02 5.344201988383910695e+00
1.639699999999999989e+02 5.423087580155360854e+00
1.633120000000000118e+02 5.537002923922700326e+00
1.626539999999999964e+02 5.564997310032263833e+00
1.619950000000000045e+02 5.513421459333898156e+00
1.613369999999999891e+02 5.509604132547613276e+00
1.606779999999999973e+02 5.448498801492375421e+00
1.600190000000000055e+02 5.473260438083999979e+00
1.593609999999999900e+02 5.529881616407111622e+00
1.587040000000000077e+02 5.554697855272129559e+00
1.580449999999999875e+02 5.607998794379463803e+00
1.573859999999999957e+02 5.600944039164712507e+00
1.567270000000000039e+02 5.657452384745590201e+00
1.560680000000000121e+02 5.650461579582179539e+00
1.554089999999999918e+02 5.678402170468884513e+00
1.547500000000000000e+02 5.722186246392595876e+00
1.540910000000000082e+02 5.715189513617661810e+00
1.534319999999999879e+02 5.739887436587905789e+00
1.527729999999999961e+02 5.761423989776102594e+00
1.521140000000000043e+02 5.741667822920770270e+00
1.514540000000000077e+02 5.756888555495637050e+00
1.507949999999999875e+02 5.772037883606301989e+00
1.501359999999999957e+02 5.983947514637036669e+00
1.494759999999999991e+02 6.068986166263717230e+00
1.488170000000000073e+02 6.115827102992902553e+00
1.481570000000000107e+02 6.264223218396060666e+00
1.474970000000000141e+02 6.279368826917871793e+00
1.468379999999999939e+02 6.370566458013452227e+00
1.461779999999999973e+02 6.430089346294110442e+00
1.455180000000000007e+02 6.562483095760582863e+00
1.448580000000000041e+02 6.621968081460022582e+00
1.441980000000000075e+02 6.516526919451561817e+00
1.435380000000000109e+02 6.610857196944241565e+00
1.428779999999999859e+02 6.676613190004995424e+00
1.422179999999999893e+02 6.799448861174389513e+00
1.415579999999999927e+02 6.858868213912473699e+00
1.408979999999999961e+02 6.902394048957344097e+00
1.402379999999999995e+02 6.939544625953137036e+00
1.395769999999999982e+02 6.964025669764541071e+00
1.389170000000000016e+02 7.083604126420548930e+00
1.382560000000000002e+02 7.304399982626166299e+00
1.375960000000000036e+02 7.446001999717359432e+00
1.369350000000000023e+02 7.568623005771196510e+00
1.362750000000000057e+02 7.634181626574549462e+00
1.356140000000000043e+02 7.775758697156711641e+00
1.349540000000000077e+02 7.907730975592396128e+00
1.342930000000000064e+02 8.128334059726631367e+00
1.336320000000000050e+02 8.345670910677545962e+00
1.329710000000000036e+02 8.493380034421624813e+00
1.323100000000000023e+02 8.599914594569014525e+00
1.316490000000000009e+02 8.829755292032650971e+00
1.309879999999999995e+02 8.929868950798415028e+00
1.303269999999999982e+02 9.007893378641700366e+00
1.296659999999999968e+02 9.234458278647256435e+00
1.290049999999999955e+02 9.353539841751656425e+00
1.283420000000000130e+02 9.409355180466778990e+00
1.276809999999999974e+02 9.487282272996319321e+00
1.270190000000000055e+02 9.650457839527717852e+00
1.263580000000000041e+02 9.601914945496893949e+00
1.256959999999999980e+02 9.521711970596554053e+00
1.250349999999999966e+02 9.599517861087120352e+00
1.243730000000000047e+02 9.639499368373778410e+00
1.237120000000000033e+02 9.644607615776864762e+00
1.230499999999999972e+02 9.712952892706049113e+00
1.223880000000000052e+02 9.740149179014286673e+00
1.217259999999999991e+02 9.618994843057892652e+00
1.210639999999999930e+02 9.456815761649739471e+00
1.204030000000000058e+02 9.490443422208876711e+00
1.197409999999999997e+02 9.473540064028147967e+00
1.190780000000000030e+02 9.283075840795570244e+00
1.184150000000000063e+02 9.259587572486918106e+00
1.177530000000000001e+02 9.173336325700969240e+00
1.170909999999999940e+02 9.039744287012936752e+00
1.164279999999999973e+02 8.909317083482699573e+00
1.157660000000000053e+02 8.876756600142057252e+00
1.151039999999999992e+02 8.815729099424130411e+00
1.144410000000000025e+02 8.688577063420733992e+00
1.137789999999999964e+02 8.570787568428800185e+00
1.131159999999999997e+02 8.576142579862883863e+00
1.124539999999999935e+02 8.530976374074182189e+00
1.117890000000000015e+02 8.476216934964609706e+00
1.111269999999999953e+02 8.497306459927921551e+00
1.104639999999999986e+02 8.426912480770667457e+00
1.098010000000000019e+02 8.372323995651672845e+00
1.091380000000000052e+02 8.292571410082953065e+00
1.084749999999999943e+02 8.278970788414072857e+00
1.078119999999999976e+02 8.082781812945485811e+00
1.071490000000000009e+02 7.984318974140704128e+00
1.064849999999999994e+02 7.683676057959452521e+00
1.058209999999999980e+02 7.434109909787667725e+00
1.051580000000000013e+02 7.109062099004951563e+00
1.044950000000000045e+02 7.029597960506784204e+00
1.038319999999999936e+02 6.786526067151082309e+00
1.031680000000000064e+02 6.574846953934780025e+00
1.025049999999999955e+02 6.378920100886385391e+00
1.018400000000000034e+02 6.318200380970676378e+00
1.011760000000000019e+02 6.188463077232094101e+00
1.005130000000000052e+02 6.269501935443082097e+00
9.984900000000000375e+01 6.300183667887389483e+00
9.918529999999999802e+01 6.302602713396134426e+00
9.852150000000000318e+01 6.282813262321298886e+00
9.785769999999999413e+01 6.479983518273557230e+00
9.719230000000000302e+01 6.715328662926110859e+00
9.652830000000000155e+01 6.940773626952300823e+00
9.586430000000000007e+01 7.128286110849123780e+00
9.520029999999999859e+01 7.369234681303495016e+00
9.453610000000000468e+01 7.701195322693018319e+00
9.387199999999999989e+01 8.033074113848421405e+00
9.320619999999999550e+01 8.268323260099545990e+00
9.254200000000000159e+01 8.534111362052875904e+00
9.187760000000000105e+01 8.605230789545105452e+00
9.121320000000000050e+01 8.736014857113426402e+00
9.054879999999999995e+01 8.794545820706746397e+00
8.988280000000000314e+01 9.025892553914211192e+00
8.921819999999999595e+01 9.106338156971910180e+00
8.855360000000000298e+01 9.108333296102220089e+00
8.788890000000000668e+01 9.104023922943010660e+00
8.722419999999999618e+01 9.325595515192999230e+00
8.655939999999999657e+01 9.512485214482991225e+00
8.589300000000000068e+01 9.759558889111856317e+00
8.522809999999999775e+01 9.880566698393035807e+00
8.456319999999999482e+01 1.007368449575555402e+01
8.389820000000000277e+01 1.012255891935756758e+01
8.323160000000000025e+01 1.028139607274491141e+01
8.256650000000000489e+01 1.037722396092799393e+01
8.190130000000000621e+01 1.056090711743525645e+01
8.123609999999999332e+01 1.066297132951970639e+01
8.057080000000000553e+01 1.059897318213084283e+01
7.990389999999999304e+01 1.070431939389677289e+01
7.923850000000000193e+01 1.086892121583555415e+01
7.857299999999999329e+01 1.106798918193172021e+01
7.790749999999999886e+01 1.121998813489818403e+01
7.724039999999999395e+01 1.131911469517699942e+01
7.657479999999999620e+01 1.147733385138192830e+01
7.590909999999999513e+01 1.144141967017159622e+01
7.524339999999999407e+01 1.160276136694746185e+01
7.457760000000000389e+01 1.169530134158353718e+01
7.391020000000000323e+01 1.158737095252280724e+01
7.324429999999999552e+01 1.159532757726494268e+01
7.257829999999999870e+01 1.145628116415480235e+01
7.191230000000000189e+01 1.139856511550786244e+01
7.124469999999999459e+01 1.144707887640254107e+01
7.057850000000000534e+01 1.141754993809816376e+01
6.991230000000000189e+01 1.156312457623829815e+01
6.924609999999999843e+01 1.147083888227840198e+01
6.857829999999999870e+01 1.151648060467648627e+01
6.791190000000000282e+01 1.153692571322800653e+01
6.724550000000000693e+01 1.149794843341712713e+01
6.657750000000000057e+01 1.152149182508093617e+01
6.591100000000000136e+01 1.143574592909924448e+01
6.524439999999999884e+01 1.146246544649170218e+01
6.457769999999999300e+01 1.142358176462582264e+01
6.390950000000000131e+01 1.134394799574482171e+01
6.324269999999999925e+01 1.136128894185730864e+01
6.257589999999999719e+01 1.143785509182227145e+01
6.190899999999999892e+01 1.149261451913581666e+01
6.124060000000000059e+01 1.150695800926472145e+01
6.057359999999999900e+01 1.154604903379261494e+01
5.990659999999999741e+01 1.159463692812713020e+01
5.923799999999999955e+01 1.145882047824823680e+01
5.857079999999999842e+01 1.130146947440824157e+01
5.790359999999999729e+01 1.134689995482288793e+01
5.723629999999999995e+01 1.129870990760716332e+01
5.656750000000000256e+01 1.116926286183531047e+01
5.590010000000000190e+01 1.120532571425672685e+01
5.523270000000000124e+01 1.115710246367535596e+01
5.456360000000000099e+01 1.117139634987720953e+01
5.389609999999999701e+01 1.123222871224085928e+01
5.322849999999999682e+01 1.138038777361231801e+01
5.255930000000000035e+01 1.159105864791263230e+01
5.189159999999999684e+01 1.148989667590598351e+01
5.122379999999999711e+01 1.156943738182115489e+01
5.055440000000000111e+01 1.161476155299368429e+01
4.988660000000000139e+01 1.158523997048478904e+01
4.921860000000000213e+01 1.154341055288817586e+01
4.854910000000000281e+01 1.152002340533245217e+01
4.788100000000000023e+01 1.160892566769331324e+01
4.721289999999999765e+01 1.161674961473319634e+01
4.654319999999999879e+01 1.154997904905707351e+01
4.587500000000000000e+01 1.159829113584023297e+01
4.520669999999999789e+01 1.145677023305244369e+01
4.453679999999999950e+01 1.144907288713826610e+01
4.386840000000000117e+01 1.146322789909657125e+01
4.320000000000000284e+01 1.160186134140014858e+01
4.252989999999999782e+01 1.154427931927752304e+01
4.186129999999999995e+01 1.145580340325757263e+01
4.119270000000000209e+01 1.127704626395194509e+01
4.052250000000000085e+01 1.124444958094420244e+01
3.985379999999999967e+01 1.127420016873126407e+01
3.918500000000000227e+01 1.135989043417525934e+01
3.851460000000000150e+01 1.135838687740222674e+01
3.784570000000000078e+01 1.133204190284895319e+01
3.717519999999999669e+01 1.124050784469756969e+01
3.650619999999999976e+01 1.118001385436987860e+01
3.583709999999999951e+01 1.121900910575274857e+01
3.516640000000000299e+01 1.124557464074053215e+01
3.449719999999999942e+01 1.116966694197972032e+01
3.382800000000000296e+01 1.117134142846023437e+01
3.315709999999999980e+01 1.107043397303707621e+01
3.248780000000000001e+01 1.085800181887972471e+01
3.181680000000000064e+01 1.079746811766712256e+01
3.114730000000000132e+01 1.080549017067813722e+01
3.047779999999999845e+01 1.087861911859524611e+01
2.980669999999999931e+01 1.064438943543836658e+01
2.913700000000000045e+01 1.063070604895183635e+01
2.846730000000000160e+01 1.065422646325723655e+01
2.779599999999999937e+01 1.047902309458501158e+01
2.712620000000000076e+01 1.041255927926786029e+01
2.645479999999999876e+01 1.038322835329664962e+01
2.578490000000000038e+01 1.029213851559970472e+01
2.511329999999999885e+01 1.008906763319926903e+01
2.444330000000000069e+01 9.861537251672075399e+00
2.377319999999999922e+01 9.838787932690379989e+00
2.310150000000000148e+01 9.567551068992472096e+00
2.243130000000000024e+01 9.405383126953541506e+00
2.175949999999999918e+01 9.242717637377015905e+00
2.108909999999999840e+01 9.037190385164599604e+00
2.041870000000000118e+01 8.909215669314569652e+00
1.974680000000000035e+01 8.610429550964591172e+00
1.907629999999999981e+01 8.442261412313825986e+00
1.840419999999999945e+01 8.304639922905948879e+00
1.773349999999999937e+01 8.086918506656980199e+00
1.706129999999999924e+01 8.045488393243614311e+00
1.639059999999999917e+01 7.821702286144315508e+00
1.571979999999999933e+01 7.693859443984284674e+00
1.504739999999999966e+01 7.652494038977076585e+00
1.437650000000000006e+01 7.546296982957045429e+00
1.370410000000000039e+01 7.557697878615301512e+00
1.303299999999999947e+01 7.420662486675381864e+00
1.236040000000000028e+01 7.348478870998793155e+00
1.168929999999999936e+01 7.261014755575805779e+00
1.101660000000000039e+01 7.328094681657248977e+00
1.034529999999999994e+01 7.670301277831626408e+00
9.672489999999999810e+00 7.947965685167108774e+00
9.001129999999999853e+00 8.255745990906149245e+00
8.329710000000000392e+00 8.510763512866850178e+00
7.656710000000000349e+00 9.029564552842856529e+00
6.985170000000000101e+00 1.030370755115587400e+01
6.312050000000000161e+00 1.162744730946379690e+01
5.640399999999999636e+00 1.300364068327858647e+01
4.967170000000000307e+00 1.418155591748077526e+01
4.295410000000000394e+00 1.519223564807973403e+01
3.622059999999999835e+00 1.620218386421621304e+01
2.950180000000000025e+00 1.714757389886137418e+01
2.276720000000000077e+00 1.820896588036836761e+01
1.604729999999999990e+00 1.899727275369641788e+01
9.311519999999999797e-01 1.911885207832294142e+01
2.590439999999999965e-01 1.912199883580471393e+01
