6.869719999999999800e+02 -6.878979637608037892e-03
6.863600000000000136e+02 1.225354414046917959e-02
6.857469999999999573e+02 1.626258496018528205e-02
6.851349999999999909e+02 3.138135035959199737e-02
6.845230000000000246e+02 2.829635539079178655e-02
6.839120000000000346e+02 3.445976560616965945e-02
6.832989999999999782e+02 2.211963164714690275e-02
6.826870000000000118e+02 5.294855512053941310e-02
6.820739999999999554e+02 -2.103983578161014098e-02
6.814610000000000127e+02 -2.474298475323147631e-02
6.808490000000000464e+02 -3.951869511486715697e-02
6.802359999999999900e+02 1.148981616926876212e-03
6.796230000000000473e+02 2.701978814914269764e-02
6.790099999999999909e+02 4.812487643374677160e-03
6.783980000000000246e+02 -1.738381513184659305e-02
6.777859999999999445e+02 -5.051073427092805934e-02
6.771730000000000018e+02 -1.362277486831404809e-02
6.765599999999999454e+02 -6.256616656572416661e-03
6.759470000000000027e+02 -4.690184383385875150e-02
6.753339999999999463e+02 4.546139091182406500e-02
6.747210000000000036e+02 -6.534866006991101040e-02
6.741079999999999472e+02 -3.579557376823169074e-02
6.734940000000000282e+02 1.008440417397627326e-01
6.728809999999999718e+02 1.119323551047201326e-01
6.722680000000000291e+02 9.715343138586132743e-02
6.716539999999999964e+02 3.067251808286037065e-02
6.710410000000000537e+02 -2.560461114679149844e-03
6.704270000000000209e+02 8.507946089997395558e-03
6.698150000000000546e+02 -5.792142781982763389e-02
6.692010000000000218e+02 4.545433200086866632e-02
6.685879999999999654e+02 7.496579462318492260e-02
6.679740000000000464e+02 1.218074140934389052e-02
6.673600000000000136e+02 2.327625028886407682e-02
6.667459999999999809e+02 4.910855542642225680e-02
6.661330000000000382e+02 4.543083877405949128e-02
6.655190000000000055e+02 2.697746998920701883e-02
6.649049999999999727e+02 -2.534804804557554136e-03
6.642910000000000537e+02 -3.203507227380355399e-02
6.636770000000000209e+02 -8.737230129304476844e-02
6.630629999999999882e+02 -1.500800372242213909e-01
6.624479999999999791e+02 -1.943431809597708781e-01
6.618339999999999463e+02 -1.722066175508154273e-01
6.612200000000000273e+02 -1.906442055765857901e-01
6.606059999999999945e+02 -2.164393946480044351e-01
6.599909999999999854e+02 -1.795547219704104747e-01
6.593769999999999527e+02 -1.684798377184350826e-01
6.587619999999999436e+02 -7.998170542583389608e-02
6.581480000000000246e+02 -6.154112508828711581e-02
6.575330000000000155e+02 -4.678983397005883477e-02
6.569189999999999827e+02 2.324915560954651100e-02
6.563039999999999736e+02 8.502520281024569457e-03
6.556889999999999645e+02 4.904003886937918083e-02
6.550750000000000455e+02 8.959587351164320645e-02
6.544600000000000364e+02 9.695274905185179148e-02
6.538450000000000273e+02 1.411690267641107499e-01
6.532300000000000182e+02 1.153643675375853328e-01
6.526150000000000091e+02 6.747074403762398642e-02
6.520000000000000000e+02 7.852751100241453508e-02
6.513849999999999909e+02 1.006036177145701316e-01
6.507699999999999818e+02 1.227005520397202593e-01
6.501549999999999727e+02 3.798237147220794724e-02
6.495389999999999873e+02 4.844438257407421289e-03
6.489239999999999782e+02 -1.357992747468594538e-02
6.483089999999999691e+02 -2.095286872198148798e-02
6.476929999999999836e+02 -7.618407357143903991e-02
6.470779999999999745e+02 2.323946027988529894e-02
6.464629999999999654e+02 1.219921291178656039e-02
6.458469999999999800e+02 -2.098684542467292580e-02
6.452319999999999709e+02 -4.310734700158399407e-02
6.446159999999999854e+02 4.892357958176093286e-02
6.439990000000000236e+02 1.005362301290693566e-01
6.433830000000000382e+02 4.898040802673157834e-02
6.427670000000000528e+02 -1.727506902888863854e-02
6.421520000000000437e+02 3.794033255743275990e-02
6.415359999999999445e+02 -3.196948429488063320e-02
6.409199999999999591e+02 -6.139063672835821939e-02
6.403039999999999736e+02 -8.348019760763684960e-02
6.396879999999999882e+02 -1.055508034670958190e-01
6.390720000000000027e+02 -1.055514372110916144e-01
6.384560000000000173e+02 -9.084446186867319029e-02
6.378400000000000318e+02 -5.405977885657317628e-02
6.372229999999999563e+02 1.119640980463543992e-03
6.366069999999999709e+02 -1.727899411283277328e-02
6.359909999999999854e+02 -2.828756772155690061e-02
6.353730000000000473e+02 1.951540876899058793e-02
6.347569999999999482e+02 -2.829157876855374967e-02
6.341399999999999864e+02 -2.461251128180458325e-02
6.335240000000000009e+02 -4.297914764946052929e-02
6.329070000000000391e+02 -8.708729558306889385e-02
6.322899999999999636e+02 8.471687048733618150e-03
6.316739999999999782e+02 1.212335817541967953e-02
6.310570000000000164e+02 3.415363423574608454e-02
6.304400000000000546e+02 7.825806084566967746e-02
6.298220000000000027e+02 8.202317054684955810e-02
6.292050000000000409e+02 1.150612012412524365e-01
6.285879999999999654e+02 1.334192435942567201e-01
6.279710000000000036e+02 1.040136065054461795e-01
6.273540000000000418e+02 1.738416125562195214e-01
6.267369999999999663e+02 3.055817397817186740e-02
6.261200000000000045e+02 1.954265500897016741e-02
6.255030000000000427e+02 4.888183336259951939e-02
6.248840000000000146e+02 -3.194126733046972338e-02
6.242670000000000528e+02 -4.661519277497715857e-02
6.236499999999999773e+02 -7.966667810142660788e-02
6.230320000000000391e+02 -9.432728077727638161e-02
6.224149999999999636e+02 -1.089858439888077984e-01
6.217980000000000018e+02 -1.971136644802748139e-01
6.211799999999999500e+02 -1.089864715223081704e-01
6.205610000000000355e+02 -7.960711395875179341e-02
6.199429999999999836e+02 -1.677026061654503797e-01
6.193260000000000218e+02 -1.493599147910565916e-01
6.187079999999999700e+02 -1.493573855736032019e-01
6.180900000000000318e+02 -5.028475433789075799e-02
6.174719999999999800e+02 -2.828393128012765892e-02
6.168529999999999518e+02 4.834548543867071314e-03
6.162350000000000136e+02 1.948116864574897522e-02
6.156169999999999618e+02 1.214098647743624623e-02
6.149990000000000236e+02 -4.656628233703261066e-02
6.143809999999999718e+02 1.946122329189272845e-02
6.137630000000000337e+02 7.086038723212584323e-02
6.131430000000000291e+02 9.649443274632629741e-02
6.125249999999999773e+02 8.550706673305762118e-02
6.119070000000000391e+02 1.148122851740904782e-01
6.112889999999999873e+02 8.179577180416928994e-02
6.106699999999999591e+02 7.084342102665067142e-02
6.100510000000000446e+02 2.677791516892848167e-02
6.094320000000000164e+02 5.978543900442697540e-02
6.088139999999999645e+02 8.488792829740311394e-03
6.081950000000000500e+02 7.446605132011627215e-02
6.075760000000000218e+02 3.781606294599278856e-02
6.069560000000000173e+02 6.716354461297278922e-02
6.063379999999999654e+02 2.681411104972736964e-02
6.057190000000000509e+02 7.074812600190821810e-02
6.051000000000000227e+02 8.541115727809030223e-02
6.044809999999999945e+02 1.330550223370113028e-01
6.038609999999999900e+02 1.110506633405704130e-01
6.032419999999999618e+02 1.623502429727650687e-01
6.026230000000000473e+02 1.366908532689804501e-01
6.020040000000000191e+02 1.147462915694957702e-01
6.013830000000000382e+02 8.449963726717106202e-03
6.007640000000000100e+02 1.212840606828761644e-02
6.001449999999999818e+02 -3.547505928477615034e-02
5.995249999999999773e+02 -6.155150853703922516e-03
5.989049999999999727e+02 -6.846362544284163854e-02
5.982849999999999682e+02 -2.083463476155878250e-02
5.976660000000000537e+02 -8.673190930599600224e-02
5.970460000000000491e+02 -1.307052455019991621e-01
5.964249999999999545e+02 -1.086959362306786359e-01
5.958060000000000400e+02 -6.476244833173988580e-02
5.951860000000000355e+02 -9.404492671607808663e-02
5.945670000000000073e+02 -7.572724703427427539e-02
5.939450000000000500e+02 -7.572186347253127836e-02
5.933260000000000218e+02 -1.716273034915280840e-02
5.927060000000000173e+02 -4.646399163646716679e-02
5.920860000000000127e+02 8.425188987953826508e-03
5.914650000000000318e+02 1.577485655407400225e-02
5.908450000000000273e+02 8.455604621525808495e-03
5.902250000000000227e+02 -5.372890600742028649e-02
5.896029999999999518e+02 -3.181331191539995412e-02
5.889829999999999472e+02 -2.447077662396030320e-02
5.883630000000000564e+02 2.673543559955894600e-02
5.877419999999999618e+02 5.228259905501018989e-02
5.871209999999999809e+02 2.308202496292978065e-02
5.865000000000000000e+02 -1.349997742348449208e-02
5.858799999999999955e+02 4.746420513855404734e-03
5.852580000000000382e+02 -3.543840771827860142e-02
5.846380000000000337e+02 -2.511904860510866255e-03
5.840170000000000528e+02 -2.072957658043337800e-02
5.833949999999999818e+02 7.423958995907684044e-02
5.827740000000000009e+02 -3.542041527351554031e-02
5.821539999999999964e+02 -2.451478521148281117e-02
5.815320000000000391e+02 -1.712376476105112802e-02
5.809109999999999445e+02 3.401450500734326532e-02
5.802899999999999636e+02 8.398017895670125549e-03
5.796680000000000064e+02 3.034737602308420698e-02
5.790470000000000255e+02 -9.826423737439051592e-03
5.784260000000000446e+02 1.946038675217244898e-02
5.778049999999999500e+02 -1.120626241789040439e-01
5.771820000000000164e+02 -8.653648004057200305e-02
5.765610000000000355e+02 -1.668663892245972891e-01
5.759379999999999882e+02 -1.815209101808468728e-01
5.753170000000000073e+02 -2.216544597034291464e-01
5.746960000000000264e+02 -2.034323819825119006e-01
5.740729999999999791e+02 -6.454602854628171960e-02
5.734519999999999982e+02 -2.809471679065477304e-02
5.728300000000000409e+02 -2.611024398779009797e-03
5.722069999999999936e+02 6.688898732099314570e-02
5.715860000000000127e+02 6.683688903126459857e-02
5.709640000000000555e+02 6.319714682115763760e-02
5.703410000000000082e+02 5.950272766880251168e-02
5.697190000000000509e+02 5.227690340871726099e-02
5.690979999999999563e+02 3.044449050467800191e-02
5.684740000000000464e+02 -3.171251213882837761e-02
5.678529999999999518e+02 -2.440353361195412088e-02
5.672290000000000418e+02 -7.184072129903715243e-02
5.666069999999999709e+02 -7.184344535489337047e-02
5.659850000000000136e+02 -4.269656423011027740e-02
5.653619999999999663e+02 1.157784033660464200e-03
5.647400000000000091e+02 1.207836653517482123e-02
5.641169999999999618e+02 1.939681073654734786e-02
5.634940000000000282e+02 1.126021702832199827e-03
5.628719999999999573e+02 -3.897875697273380652e-02
5.622480000000000473e+02 -6.160365117635765823e-03
5.616250000000000000e+02 6.311330080138920218e-02
5.610030000000000427e+02 1.614310701639488366e-01
5.603790000000000191e+02 1.506066361119712815e-01
5.597569999999999482e+02 1.140885474415595791e-01
5.591330000000000382e+02 1.724829704710431622e-01
5.585099999999999909e+02 1.870288098977171132e-01
5.578859999999999673e+02 1.687498804123996887e-01
5.572630000000000337e+02 2.416917733171146110e-01
5.566399999999999864e+02 1.688908427776294185e-01
5.560159999999999627e+02 1.614717221467839303e-01
5.553930000000000291e+02 2.298204647496155870e-02
5.547690000000000055e+02 1.205657002102776022e-02
5.541459999999999582e+02 -6.130980988678787560e-03
5.535209999999999582e+02 -6.162012906138412266e-03
5.528980000000000246e+02 1.569705940154970253e-02
5.522749999999999773e+02 5.942575610343523579e-02
5.516509999999999536e+02 7.397602958467762446e-02
5.510270000000000437e+02 9.944326926702976022e-02
5.504030000000000200e+02 9.947539806881644520e-02
5.497789999999999964e+02 1.576581142789657275e-01
5.491549999999999727e+02 1.649926559165518503e-01
5.485309999999999491e+02 1.868361132075455067e-01
5.479059999999999491e+02 2.195679023099527949e-01
5.472830000000000155e+02 1.904340279847229478e-01
5.466589999999999918e+02 2.086618635990746540e-01
5.460339999999999918e+02 2.158799344007661380e-01
5.454099999999999682e+02 2.558878645961768505e-01
5.447849999999999682e+02 2.340548092349671039e-01
5.441609999999999445e+02 1.685205968311483948e-01
5.435359999999999445e+02 2.158172202257773453e-01
5.429120000000000346e+02 2.122098244517183763e-01
5.422870000000000346e+02 1.248126044023668835e-01
5.416630000000000109e+02 1.539732116493480463e-01
5.410370000000000346e+02 1.684593276721895738e-01
5.404130000000000109e+02 7.387943993024014000e-02
5.397880000000000109e+02 8.842428704112945126e-02
5.391630000000000109e+02 4.839978285275092079e-02
5.385380000000000109e+02 4.839625723957936138e-02
5.379139999999999873e+02 5.565055152570586028e-02
5.372880000000000109e+02 4.112406525630338261e-02
5.366630000000000109e+02 7.750694495935199491e-02
5.360370000000000346e+02 8.838562423994271444e-02
5.354130000000000109e+02 7.381282618089317349e-02
5.347870000000000346e+02 1.065499114368585187e-01
5.341620000000000346e+02 1.137653711303458354e-01
5.335359999999999445e+02 1.465183046415812207e-01
5.329109999999999445e+02 1.356115421980856606e-01
5.322849999999999682e+02 1.283250290832954332e-01
5.316599999999999682e+02 1.501360075340869016e-01
5.310339999999999918e+02 2.046012696112735896e-01
5.304089999999999918e+02 2.481500092867156837e-01
5.297830000000000155e+02 2.735964164556169420e-01
5.291580000000000155e+02 3.352361899062012984e-01
5.285309999999999491e+02 2.917045630376730037e-01
5.279049999999999727e+02 3.026356598378239782e-01
5.272799999999999727e+02 3.643225113556515793e-01
5.266530000000000200e+02 3.824556822135450340e-01
5.260280000000000200e+02 4.078967710949871206e-01
5.254009999999999536e+02 3.751210415934943532e-01
5.247759999999999536e+02 2.807455714901663790e-01
5.241490000000000009e+02 3.278798097564359915e-01
5.235230000000000246e+02 2.624805390581932962e-01
5.228959999999999582e+02 3.350924381469421176e-01
5.222709999999999582e+02 3.858268065822479387e-01
5.216440000000000055e+02 3.894753341990228601e-01
5.210159999999999627e+02 3.313968420185711139e-01
5.203909999999999627e+02 3.458898161383855974e-01
5.197630000000000337e+02 3.676307919720600559e-01
5.191380000000000337e+02 3.966967979157350332e-01
5.185099999999999909e+02 3.458056399464898290e-01
5.178840000000000146e+02 3.204530099468157478e-01
5.172569999999999482e+02 2.840947454250321025e-01
5.166299999999999955e+02 1.969929948597118896e-01
5.160030000000000427e+02 2.550019811826870764e-01
5.153759999999999764e+02 3.057872255238613390e-01
5.147500000000000000e+02 2.948761545848268550e-01
5.141219999999999573e+02 2.948465540634538917e-01
5.134940000000000282e+02 3.093537938148898658e-01
5.128680000000000518e+02 2.839247461754911828e-01
5.122400000000000091e+02 3.455587735073271660e-01
5.116139999999999759e+02 3.527688150840868619e-01
5.109859999999999900e+02 3.128956728688150335e-01
5.103580000000000041e+02 2.403247587775043936e-01
5.097309999999999945e+02 2.331122757389306743e-01
5.091030000000000086e+02 1.931941710348053509e-01
5.084759999999999991e+02 2.076925084599765270e-01
5.078480000000000132e+02 2.438933523810527804e-01
5.072200000000000273e+02 2.656488167191833893e-01
5.065930000000000177e+02 2.365712877195729757e-01
5.059649999999999750e+02 2.003690782204240739e-01
5.053360000000000127e+02 2.546976609236202838e-01
5.047090000000000032e+02 2.872903065898320674e-01
5.040810000000000173e+02 2.112072899204045229e-01
5.034519999999999982e+02 2.437200281166410909e-01
5.028249999999999886e+02 1.931059865045552937e-01
5.021960000000000264e+02 1.133705253367458393e-01
5.015690000000000168e+02 4.824937504305685382e-02
5.009399999999999977e+02 1.141285169255367446e-03
5.003109999999999786e+02 -9.760144993227139534e-03
4.996840000000000259e+02 -2.779926486613540706e-02
4.990550000000000068e+02 1.196256844385334278e-02
4.984259999999999877e+02 8.439960583292818730e-02
4.977980000000000018e+02 7.346396033980967522e-02
4.971689999999999827e+02 8.434015977050456081e-02
4.965400000000000205e+02 1.060877764548124880e-01
4.959119999999999777e+02 1.820057294995302555e-01
4.952830000000000155e+02 1.784204812015822705e-01
4.946539999999999964e+02 1.566737931055181554e-01
4.940260000000000105e+02 2.290936364066423203e-01
4.933969999999999914e+02 1.566739213162501587e-01
4.927669999999999959e+02 1.277220832509372017e-01
4.921390000000000100e+02 1.819478886267409112e-01
4.915099999999999909e+02 2.036362102418477205e-01
4.908799999999999955e+02 2.036444424367245820e-01
4.902500000000000000e+02 1.385489389283612038e-01
4.896220000000000141e+02 2.288960300345340704e-01
4.889920000000000186e+02 2.831408687049316586e-01
4.883629999999999995e+02 1.891055356961738598e-01
4.877339999999999804e+02 1.783000020870410540e-01
4.871039999999999850e+02 2.035610775821940499e-01
4.864739999999999895e+02 1.854561405610197222e-01
4.858460000000000036e+02 9.511757384509757218e-02
4.852160000000000082e+02 8.787409151347540248e-02
4.845860000000000127e+02 1.275982129548175192e-01
4.839549999999999841e+02 5.893540619967999050e-02
4.833269999999999982e+02 1.383649077220791557e-01
4.826960000000000264e+02 1.889783351986633608e-01
4.820659999999999741e+02 2.467944459597967988e-01
4.814370000000000118e+02 1.925393036672050917e-01
4.808070000000000164e+02 2.467028891206676233e-01
4.801759999999999877e+02 3.514669538677309135e-01
4.795459999999999923e+02 3.984024065463058206e-01
4.789169999999999732e+02 3.983569878780615636e-01
4.782860000000000014e+02 3.766982466658720941e-01
4.776549999999999727e+02 3.044180983767346693e-01
4.770249999999999773e+02 3.332735603412143588e-01
4.763949999999999818e+02 2.935565483836892753e-01
4.757640000000000100e+02 4.379198773232721442e-01
4.751329999999999814e+02 4.053974205892165172e-01
4.745020000000000095e+02 4.198446248784384327e-01
4.738729999999999905e+02 3.403516423768565002e-01
4.732420000000000186e+02 3.150854812149293527e-01
4.726109999999999900e+02 3.836301706120495703e-01
4.719800000000000182e+02 4.088380564495822656e-01
4.713500000000000227e+02 4.016608285891257735e-01
4.707189999999999941e+02 4.160471946563782941e-01
4.700869999999999891e+02 3.257902339645504242e-01
4.694560000000000173e+02 2.211480590793908629e-01
4.688249999999999886e+02 1.345656002516533722e-01
4.681949999999999932e+02 2.535929928921424881e-01
4.675629999999999882e+02 3.256920505214730421e-01
4.669309999999999832e+02 2.896110786198095033e-01
4.663000000000000114e+02 2.282847777061209060e-01
4.656700000000000159e+02 2.750894225556059225e-01
4.650380000000000109e+02 3.003000547297514644e-01
4.644060000000000059e+02 2.642707973847762681e-01
4.637740000000000009e+02 3.579900561613161281e-01
4.631419999999999959e+02 4.120113791556511695e-01
4.625120000000000005e+02 4.227704978602125352e-01
4.618799999999999955e+02 3.686827214677108611e-01
4.612479999999999905e+02 3.578818488517608309e-01
4.606159999999999854e+02 4.155060762285239795e-01
4.599839999999999804e+02 4.082755675046368382e-01
4.593519999999999754e+02 3.614115189511442616e-01
4.587210000000000036e+02 4.298310446946900787e-01
4.580880000000000223e+02 3.937879790464530738e-01
4.574560000000000173e+02 3.721363916577496989e-01
4.568240000000000123e+02 3.072711827849772259e-01
4.561909999999999741e+02 3.252489921983169330e-01
4.555600000000000023e+02 3.252866043392310114e-01
4.549279999999999973e+02 3.720157972419140813e-01
4.542950000000000159e+02 3.539593893577899220e-01
4.536619999999999777e+02 3.107475487898225808e-01
4.530299999999999727e+02 2.855288310004052144e-01
4.523969999999999914e+02 3.539176219273324486e-01
4.517660000000000196e+02 3.286839337339491074e-01
4.511329999999999814e+02 3.646393557999332846e-01
4.505000000000000000e+02 3.646116220532061858e-01
4.498670000000000186e+02 3.825946754427720919e-01
4.492339999999999804e+02 3.033847402404163951e-01
4.486009999999999991e+02 2.673844112689206520e-01
4.479680000000000177e+02 3.753031012659960308e-01
4.473360000000000127e+02 3.644884806804816746e-01
4.467029999999999745e+02 3.464334723190308218e-01
4.460690000000000168e+02 4.111681044895860171e-01
4.454359999999999786e+02 3.715761049342611311e-01
4.448029999999999973e+02 3.607727548094524228e-01
4.441689999999999827e+02 3.931144535698549158e-01
4.435360000000000014e+02 4.326361052359040671e-01
4.429019999999999868e+02 5.081275322964421415e-01
4.422699999999999818e+02 4.397461055425054832e-01
4.416360000000000241e+02 4.972324976649689643e-01
4.410029999999999859e+02 4.935993457150551489e-01
4.403690000000000282e+02 4.504379141338811787e-01
4.397350000000000136e+02 4.504112380609013866e-01
4.391009999999999991e+02 4.396091613827938782e-01
4.384669999999999845e+02 3.569032189615703454e-01
4.378330000000000268e+02 3.820172409787858658e-01
4.371990000000000123e+02 3.532550419844642242e-01
4.365649999999999977e+02 3.783732441694612758e-01
4.359329999999999927e+02 2.957206188321815366e-01
4.352980000000000018e+02 2.453996321750975818e-01
4.346639999999999873e+02 2.417961348733403681e-01
4.340299999999999727e+02 2.525464103148762907e-01
4.333960000000000150e+02 2.525270591783450591e-01
4.327610000000000241e+02 3.458901800032164187e-01
4.321270000000000095e+02 3.135336729075151596e-01
4.314920000000000186e+02 2.596433397983102243e-01
4.308580000000000041e+02 2.344877696322283378e-01
4.302230000000000132e+02 2.596112362965002363e-01
4.295889999999999986e+02 2.990841443734494898e-01
4.289540000000000077e+02 2.487781614051416124e-01
4.283190000000000168e+02 2.810818872199413176e-01
4.276859999999999786e+02 2.811068570216302964e-01
4.270509999999999877e+02 2.415735375394206519e-01
4.264159999999999968e+02 2.020695481814273886e-01
4.257810000000000059e+02 2.415208662183076782e-01
4.251460000000000150e+02 2.702088814303209574e-01
4.245110000000000241e+02 3.240010689003632871e-01
4.238759999999999764e+02 3.275561467451109099e-01
4.232409999999999854e+02 3.598338874652723951e-01
4.226050000000000182e+02 3.167594892127388873e-01
4.219700000000000273e+02 3.239167189726298579e-01
4.213349999999999795e+02 3.346517589604606768e-01
4.206990000000000123e+02 3.848276404328095923e-01
4.200640000000000214e+02 3.883840864007959692e-01
4.194289999999999736e+02 4.313686940444679818e-01
4.187930000000000064e+02 3.488752328526401603e-01
4.181569999999999823e+02 3.309218616275099167e-01
4.175219999999999914e+02 3.524141094222755788e-01
4.168860000000000241e+02 4.312354291079155133e-01
4.162500000000000000e+02 4.706310622796066601e-01
4.156150000000000091e+02 4.777708170026214174e-01
4.149789999999999850e+02 4.920617145633054412e-01
4.143430000000000177e+02 5.063503900799571911e-01
4.137069999999999936e+02 4.561443971971379518e-01
4.130710000000000264e+02 5.313534844742494601e-01
4.124350000000000023e+02 5.671402389131047217e-01
4.117989999999999782e+02 5.957641539161293576e-01
4.111630000000000109e+02 5.742168719947444711e-01
4.105260000000000105e+02 5.526883203631870467e-01
4.098899999999999864e+02 5.705538900586700768e-01
4.092540000000000191e+02 4.917343220371563906e-01
4.086170000000000186e+02 4.988506566886909410e-01
4.079809999999999945e+02 5.310395876190315834e-01
4.073439999999999941e+02 5.095149387741378932e-01
4.067080000000000268e+02 4.879936817278603955e-01
4.060710000000000264e+02 5.452204782074691058e-01
4.054350000000000023e+02 4.664317662214482185e-01
4.047980000000000018e+02 4.771416037021532497e-01
4.041610000000000014e+02 4.627877968441221346e-01
4.035240000000000009e+02 4.985485202744984745e-01
4.028879999999999768e+02 4.233664986306931444e-01
4.022509999999999764e+02 4.591015228551099114e-01
4.016139999999999759e+02 3.803638514929464920e-01
4.009769999999999754e+02 3.874898152363056569e-01
4.003399999999999750e+02 3.051692695408632083e-01
3.997029999999999745e+02 3.695356096436717697e-01
3.990649999999999977e+02 3.480373630502297533e-01
3.984279999999999973e+02 2.800921391857096876e-01
3.977909999999999968e+02 2.622038050143313814e-01
3.971519999999999868e+02 2.549461197181245309e-01
3.965149999999999864e+02 2.013428099124719428e-01
3.958770000000000095e+02 2.299160726811330935e-01
3.952400000000000091e+02 1.512575339298961041e-01
3.946019999999999754e+02 2.084456488238394245e-01
3.939649999999999750e+02 1.476514785588391165e-01
3.933269999999999982e+02 1.404910631287006051e-01
3.926890000000000214e+02 2.226779941673602270e-01
3.920520000000000209e+02 2.083728124365334389e-01
3.914139999999999873e+02 2.726658684764389218e-01
3.907760000000000105e+02 2.761869872425867234e-01
3.901379999999999768e+02 3.690258387510685356e-01
3.895000000000000000e+02 4.512013194463010968e-01
3.888609999999999900e+02 4.083733376276950655e-01
3.882230000000000132e+02 4.190271051229074728e-01
3.875849999999999795e+02 4.618496286428245279e-01
3.869460000000000264e+02 5.010937312405169264e-01
3.863079999999999927e+02 5.474821663413580453e-01
3.856700000000000159e+02 5.760002008751300417e-01
3.850319999999999823e+02 6.080845536901435811e-01
3.843929999999999723e+02 5.509007612401435328e-01
3.837549999999999955e+02 5.865368395874966945e-01
3.831159999999999854e+02 5.686872261405759854e-01
3.824759999999999991e+02 5.614568562919911576e-01
3.818380000000000223e+02 5.400118242594736939e-01
3.811990000000000123e+02 4.507645311129381271e-01
3.805600000000000023e+02 5.007082442797987643e-01
3.799220000000000255e+02 4.792575831842083023e-01
3.792830000000000155e+02 4.256880197145528899e-01
3.786440000000000055e+02 4.613190850029125212e-01
3.780049999999999955e+02 4.255593916855013314e-01
3.773650000000000091e+02 4.398880452139053987e-01
3.767259999999999991e+02 5.718304054527539870e-01
3.760860000000000127e+02 5.610692848029501523e-01
3.754470000000000027e+02 6.786995126038911641e-01
3.748079999999999927e+02 6.714749156897779070e-01
3.741689999999999827e+02 7.070515001811867872e-01
3.735299999999999727e+02 7.462421204105572636e-01
3.728890000000000100e+02 7.569488230345990942e-01
3.722500000000000000e+02 6.998076742305838760e-01
3.716100000000000136e+02 7.924476092472293454e-01
3.709710000000000036e+02 7.282295931096596231e-01
3.703310000000000173e+02 6.997420051108625971e-01
3.696909999999999741e+02 6.782561603298944419e-01
3.690500000000000114e+02 6.959905605590426259e-01
3.684110000000000014e+02 6.603083544547337924e-01
3.677710000000000150e+02 6.459955835177899619e-01
3.671309999999999718e+02 6.174333318530218495e-01
3.664909999999999854e+02 7.100364814786865875e-01
3.658509999999999991e+02 6.565062952099407489e-01
3.652099999999999795e+02 6.564927196940222309e-01
3.645699999999999932e+02 7.383314733118520046e-01
3.639300000000000068e+02 7.240346136828599288e-01
3.632900000000000205e+02 7.168240234429167357e-01
3.626490000000000009e+02 7.345488649287812422e-01
3.620079999999999814e+02 7.167410312358285518e-01
3.613670000000000186e+02 7.059952734443649680e-01
3.607269999999999754e+02 6.561285261011797765e-01
3.600869999999999891e+02 6.774431610482388733e-01
3.594460000000000264e+02 6.133790467498810850e-01
3.588039999999999736e+02 5.669291521149120161e-01
3.581639999999999873e+02 5.491353976294796047e-01
3.575230000000000246e+02 5.064027666673992512e-01
3.568829999999999814e+02 5.703448597251128405e-01
3.562420000000000186e+02 5.525242248990719363e-01
3.556000000000000227e+02 5.632075495842248092e-01
3.549590000000000032e+02 5.916079011517787478e-01
3.543179999999999836e+02 5.346443228313245699e-01
3.536770000000000209e+02 5.524251829846505979e-01
3.530350000000000250e+02 6.341471836843192156e-01
3.523940000000000055e+02 6.554352899059501247e-01
3.517520000000000095e+02 6.553830166197924800e-01
3.511109999999999900e+02 5.308601773457273243e-01
3.504689999999999941e+02 5.770634182925330480e-01
3.498269999999999982e+02 5.947861755372060300e-01
3.491859999999999786e+02 5.840737296231428566e-01
3.485450000000000159e+02 5.734013657141784348e-01
3.479019999999999868e+02 5.626230721275546909e-01
3.472599999999999909e+02 5.270748882993375739e-01
3.466190000000000282e+02 5.199174116790020728e-01
3.459769999999999754e+02 5.056538104721031157e-01
3.453340000000000032e+02 5.518217231349887841e-01
3.446929999999999836e+02 5.801942222074983890e-01
3.440509999999999877e+02 5.588160257807693876e-01
3.434089999999999918e+02 5.516587437487756596e-01
3.427660000000000196e+02 5.161081472422297534e-01
3.421240000000000236e+02 5.906718897621202613e-01
3.414820000000000277e+02 6.083749790760359932e-01
3.408399999999999750e+02 6.047366098293065484e-01
3.401970000000000027e+02 6.366934683362436287e-01
3.395539999999999736e+02 6.437285701216303169e-01
3.389119999999999777e+02 6.258939990238778783e-01
3.382690000000000055e+02 6.436637033861586366e-01
3.376259999999999764e+02 7.323211577860740951e-01
3.369839999999999804e+02 7.890562788935775451e-01
3.363419999999999845e+02 7.570720643413154649e-01
3.356979999999999791e+02 7.108506138426000653e-01
3.350550000000000068e+02 7.001549067324736031e-01
3.344130000000000109e+02 6.682008023116587925e-01
3.337690000000000055e+02 6.787379443999697060e-01
3.331259999999999764e+02 6.964382318011520523e-01
3.324830000000000041e+02 7.921219470940634722e-01
3.318389999999999986e+02 7.495897733579637290e-01
3.311960000000000264e+02 8.097603313432530925e-01
3.305539999999999736e+02 7.848526409531697556e-01
3.299110000000000014e+02 8.344248421021815965e-01
3.292660000000000196e+02 8.663038292125609940e-01
3.286229999999999905e+02 9.158767623551932191e-01
3.279800000000000182e+02 9.016588376751518696e-01
3.273360000000000127e+02 8.766998682271962551e-01
3.266929999999999836e+02 7.951314426274895819e-01
3.260489999999999782e+02 7.808958954070648328e-01
3.254049999999999727e+02 7.631028406698001643e-01
3.247610000000000241e+02 8.055791693770110173e-01
3.241179999999999950e+02 7.771706536508261598e-01
3.234730000000000132e+02 7.983541901581444611e-01
3.228290000000000077e+02 8.018024234836420572e-01
3.221840000000000259e+02 8.691166020068225029e-01
3.215409999999999968e+02 8.760860859309349546e-01
3.208969999999999914e+02 9.503459775817748589e-01
3.202520000000000095e+02 9.928594071020384604e-01
3.196080000000000041e+02 9.891989772872541442e-01
3.189639999999999986e+02 1.020985835170010736e+00
3.183190000000000168e+02 1.066947993006377882e+00
3.176750000000000114e+02 1.003138264267517066e+00
3.170310000000000059e+02 9.004899806582407074e-01
3.163860000000000241e+02 9.002793349806249568e-01
3.157420000000000186e+02 8.790341910278988147e-01
3.150980000000000132e+02 8.258722759557840520e-01
3.144519999999999982e+02 8.116008889687357231e-01
3.138079999999999927e+02 7.867752046525381404e-01
3.131619999999999777e+02 7.725551344241925467e-01
3.125179999999999723e+02 7.512371334368801445e-01
3.118729999999999905e+02 7.617532939382876123e-01
3.112269999999999754e+02 8.891035867968006823e-01
3.105830000000000268e+02 8.359556265430940769e-01
3.099370000000000118e+02 8.146467665267463909e-01
3.092919999999999732e+02 8.252230443630643730e-01
3.086469999999999914e+02 8.039338641073521252e-01
3.080009999999999764e+02 8.781397373557489061e-01
3.073570000000000277e+02 9.204599305278737820e-01
3.067099999999999795e+02 9.346134676851494127e-01
3.060649999999999977e+02 9.203481518609641920e-01
3.054200000000000159e+02 9.166918721735468623e-01
3.047740000000000009e+02 9.131353134267499172e-01
3.041290000000000191e+02 9.095717924268719168e-01
3.034820000000000277e+02 1.008416071466502473e+00
3.028369999999999891e+02 1.071938363278398532e+00
3.021920000000000073e+02 1.121229764103170989e+00
3.015450000000000159e+02 1.089432710815380290e+00
3.008999999999999773e+02 1.018642172994606021e+00
3.002529999999999859e+02 1.121069598826167857e+00
2.996080000000000041e+02 1.078574759388949866e+00
2.989610000000000127e+02 1.028967758818556399e+00
2.983149999999999977e+02 1.120810229581895578e+00
2.976700000000000159e+02 1.074824138668224682e+00
2.970230000000000246e+02 1.081746436798539657e+00
2.963770000000000095e+02 1.014497712757061354e+00
2.957300000000000182e+02 9.933110306402181955e-01
2.950840000000000032e+02 1.025000857408572275e+00
2.944370000000000118e+02 9.507727346825440851e-01
2.937909999999999968e+02 9.824760556614062779e-01
2.931429999999999723e+02 1.151809527300930558e+00
2.924970000000000141e+02 1.148193084020600940e+00
2.918500000000000227e+02 1.095163813123793295e+00
2.912040000000000077e+02 1.077405139868624850e+00
2.905570000000000164e+02 1.130144157984458664e+00
2.899100000000000250e+02 1.197210113370105411e+00
2.892629999999999768e+02 1.295822141013244888e+00
2.886159999999999854e+02 1.355769197516215829e+00
2.879689999999999941e+02 1.397983662700459817e+00
2.873210000000000264e+02 1.404938927337444632e+00
2.866750000000000114e+02 1.390684453255491837e+00
2.860269999999999868e+02 1.468177339806090442e+00
2.853799999999999955e+02 1.496262080424093144e+00
2.847320000000000277e+02 1.482033613726737586e+00
2.840849999999999795e+02 1.555920605471481366e+00
2.834370000000000118e+02 1.591095705618773781e+00
2.827900000000000205e+02 1.664923428175957287e+00
2.821419999999999959e+02 1.728300282125616594e+00
2.814950000000000045e+02 1.759775461274045716e+00
2.808469999999999800e+02 1.830221227181157762e+00
2.801990000000000123e+02 1.773681575659543652e+00
2.795509999999999877e+02 1.738272426185188735e+00
2.789039999999999964e+02 1.762886681701516522e+00
2.782549999999999955e+02 1.766180785470226722e+00
2.776080000000000041e+02 1.773096812753895746e+00
2.769590000000000032e+02 1.751805600963256326e+00
2.763120000000000118e+02 1.790363732988628387e+00
2.756630000000000109e+02 1.762106065462280213e+00
2.750149999999999864e+02 1.797081445430219526e+00
2.743659999999999854e+02 1.951970564528706431e+00
2.737189999999999941e+02 2.071445690887681490e+00
2.730699999999999932e+02 2.106561367413944730e+00
2.724220000000000255e+02 2.081673187290139282e+00
2.717730000000000246e+02 2.039300266118427185e+00
2.711240000000000236e+02 2.007426566681123958e+00
2.704759999999999991e+02 1.951002417348155049e+00
2.698260000000000218e+02 1.989533860343007721e+00
2.691779999999999973e+02 2.059756366861643873e+00
2.685289999999999964e+02 1.964578613295977272e+00
2.678809999999999718e+02 1.943212215331471260e+00
2.672309999999999945e+02 1.915009439973055505e+00
2.665830000000000268e+02 1.960518951296366774e+00
2.659329999999999927e+02 2.101071921503403050e+00
2.652839999999999918e+02 2.164260084813342644e+00
2.646349999999999909e+02 2.262534860168017303e+00
2.639850000000000136e+02 2.209629506067100735e+00
2.633369999999999891e+02 2.188254870891479964e+00
2.626870000000000118e+02 2.251414329041135698e+00
2.620380000000000109e+02 2.205585861361347266e+00
2.613879999999999768e+02 2.300246839567587021e+00
2.607400000000000091e+02 2.257990823127793423e+00
2.600899999999999750e+02 2.162822384019396971e+00
2.594390000000000214e+02 2.222389044698239946e+00
2.587900000000000205e+02 2.183489674014976067e+00
2.581399999999999864e+02 2.193858610451285163e+00
2.574909999999999854e+02 2.179634962298058642e+00
2.568410000000000082e+02 2.288358538085908389e+00
2.561899999999999977e+02 2.372552534691637849e+00
2.555409999999999968e+02 2.333656591829142091e+00
2.548899999999999864e+02 2.389683736360127320e+00
2.542410000000000139e+02 2.393050539828018852e+00
2.535910000000000082e+02 2.319038741427372319e+00
2.529399999999999977e+02 2.325823590008602171e+00
2.522899999999999920e+02 2.364387775423885341e+00
2.516399999999999864e+02 2.444885801174203177e+00
2.509900000000000091e+02 2.342835147257277040e+00
2.503389999999999986e+02 2.356667591206493828e+00
2.496879999999999882e+02 2.416218606742055020e+00
2.490380000000000109e+02 2.433454521470141518e+00
2.483870000000000005e+02 2.514064161425326294e+00
2.477359999999999900e+02 2.587534727234232612e+00
2.470860000000000127e+02 2.562760226569706035e+00
2.464350000000000023e+02 2.646749217603316495e+00
2.457849999999999966e+02 2.541263373622634436e+00
2.451330000000000098e+02 2.607734912331025612e+00
2.444819999999999993e+02 2.565387390975165438e+00
2.438319999999999936e+02 2.530169172082134210e+00
2.431800000000000068e+02 2.505335127279954666e+00
2.425289999999999964e+02 2.505125126840668237e+00
2.418779999999999859e+02 2.610050991037823120e+00
2.412270000000000039e+02 2.683527109518367038e+00
2.405749999999999886e+02 2.627258817352321696e+00
2.399240000000000066e+02 2.746157378650444958e+00
2.392719999999999914e+02 2.746002316961833056e+00
2.386200000000000045e+02 2.805358828353775813e+00
2.379699999999999989e+02 2.798082834457355617e+00
2.373180000000000121e+02 2.881952251199663362e+00
2.366670000000000016e+02 2.881785920192990957e+00
2.360149999999999864e+02 2.884949493858341096e+00
2.353629999999999995e+02 2.947826126786836198e+00
2.347100000000000080e+02 3.063211093616884817e+00
2.340600000000000023e+02 3.052360226155780509e+00
2.334070000000000107e+02 3.045141779438395702e+00
2.327549999999999955e+02 3.167525706854613876e+00
2.321040000000000134e+02 3.261747242838388239e+00
2.314509999999999934e+02 3.251033078408749777e+00
2.307980000000000018e+02 3.341751336430084152e+00
2.301469999999999914e+02 3.341470105863221018e+00
2.294939999999999998e+02 3.306173438386688979e+00
2.288420000000000130e+02 3.246382524903866695e+00
2.281899999999999977e+02 3.368601134591914015e+00
2.275370000000000061e+02 3.462824295062287394e+00
2.268839999999999861e+02 3.518626739081337718e+00
2.262330000000000041e+02 3.605640683794500756e+00
2.255800000000000125e+02 3.717355886172215129e+00
2.249269999999999925e+02 3.720593849039312673e+00
2.242729999999999961e+02 3.748392325398516522e+00
2.236220000000000141e+02 3.838908816290027559e+00
2.229679999999999893e+02 3.870168209877648646e+00
2.223149999999999977e+02 3.908222672698316469e+00
2.216630000000000109e+02 3.862563140281825458e+00
2.210099999999999909e+02 3.809658673483517166e+00
2.203559999999999945e+02 3.753363467500814732e+00
2.197019999999999982e+02 3.732123403816180574e+00
2.190500000000000114e+02 3.756277201637937768e+00
2.183969999999999914e+02 3.762906452574557914e+00
2.177429999999999950e+02 3.759113575612773595e+00
2.170889999999999986e+02 3.790279548705638657e+00
2.164370000000000118e+02 3.737487911643811334e+00
2.157829999999999870e+02 3.800130030261936298e+00
2.151289999999999907e+02 3.771802384246111917e+00
2.144749999999999943e+02 3.876321188394256989e+00
2.138220000000000027e+02 3.886482835449416307e+00
2.131680000000000064e+02 3.903584974320531753e+00
2.125140000000000100e+02 3.934719485285243401e+00
2.118600000000000136e+02 3.882020762013195014e+00
2.112069999999999936e+02 3.965511783536138424e+00
2.105529999999999973e+02 3.944202148866144508e+00
2.098979999999999961e+02 3.926440898314965011e+00
2.092439999999999998e+02 3.884093907805064916e+00
2.085910000000000082e+02 3.887308519615848112e+00
2.079360000000000070e+02 3.883507964914904687e+00
2.072820000000000107e+02 3.872695553818954473e+00
2.066270000000000095e+02 3.799075163138518452e+00
2.059739999999999895e+02 3.868567562479815258e+00
2.053189999999999884e+02 3.864694123903039458e+00
2.046639999999999873e+02 3.833005313257050073e+00
2.040089999999999861e+02 3.846622494895697297e+00
2.033540000000000134e+02 3.849760953891721904e+00
2.027009999999999934e+02 3.751838473873064128e+00
2.020459999999999923e+02 3.723560763286435371e+00
2.013909999999999911e+02 3.653468669368259647e+00
2.007350000000000136e+02 3.736862337053129313e+00
2.000800000000000125e+02 3.712133710831010180e+00
1.994259999999999877e+02 3.645525973582332657e+00
1.987709999999999866e+02 3.648679078265633535e+00
1.981160000000000139e+02 3.627503980238309111e+00
1.974600000000000080e+02 3.682923335705616807e+00
1.968050000000000068e+02 3.616340040408397627e+00
1.961510000000000105e+02 3.605715094756677619e+00
1.954950000000000045e+02 3.692518479652368235e+00
1.948389999999999986e+02 3.625950710945244460e+00
1.941839999999999975e+02 3.590786019916281102e+00
1.935279999999999916e+02 3.628791570828691082e+00
1.928739999999999952e+02 3.677178169614409686e+00
1.922179999999999893e+02 3.669938650372084332e+00
1.915620000000000118e+02 3.767151497764087420e+00
1.909060000000000059e+02 3.899261967047085609e+00
1.902500000000000000e+02 3.958216257087070478e+00
1.895939999999999941e+02 3.905588818179275723e+00
1.889389999999999930e+02 4.006133394358526445e+00
1.882829999999999870e+02 4.082439002829766572e+00
1.876270000000000095e+02 4.165651102790275395e+00
1.869699999999999989e+02 4.151454151537983250e+00
1.863139999999999930e+02 4.151097124833733609e+00
1.856570000000000107e+02 4.088027014876179699e+00
1.850010000000000048e+02 4.045945751477161068e+00
1.843460000000000036e+02 4.108224641229318408e+00
1.836889999999999930e+02 4.194923643521200951e+00
1.830329999999999870e+02 4.278000042867203589e+00
1.823760000000000048e+02 4.326411556149982296e+00
1.817189999999999941e+02 4.305220162393751160e+00
1.810620000000000118e+02 4.520602959113928065e+00
1.804050000000000011e+02 4.683724074688446315e+00
1.797500000000000000e+02 4.756128368823135943e+00
1.790929999999999893e+02 4.894933792681314344e+00
1.784360000000000070e+02 4.911939799621888092e+00
1.777789999999999964e+02 4.977618620813350603e+00
1.771220000000000141e+02 5.011889737331735262e+00
1.764650000000000034e+02 5.049759802496170735e+00
1.758069999999999879e+02 5.101440486361195958e+00
1.751500000000000057e+02 5.069761624915051890e+00
1.744939999999999998e+02 5.128265427878563543e+00
1.738369999999999891e+02 5.249523648475729942e+00
1.731790000000000020e+02 5.329020221376891797e+00
1.725219999999999914e+02 5.429371708822101184e+00
1.718640000000000043e+02 5.554023966852144056e+00
1.712059999999999889e+02 5.654262531873256670e+00
1.705490000000000066e+02 5.737223835048905762e+00
1.698909999999999911e+02 5.788803502727104977e+00
1.692330000000000041e+02 5.784849932696661590e+00
1.685749999999999886e+02 5.773919471583611518e+00
1.679190000000000111e+02 5.856766814162106982e+00
1.672609999999999957e+02 5.845831710252062940e+00
1.666030000000000086e+02 5.977260892763911926e+00
1.659449999999999932e+02 5.903841848168068118e+00
1.652870000000000061e+02 5.802687777049864160e+00
1.646279999999999859e+02 5.829928215721180251e+00
1.639699999999999989e+02 5.916174225533143982e+00
1.633120000000000118e+02 6.040641851495482939e+00
1.626539999999999964e+02 6.071378301738481476e+00
1.619950000000000045e+02 6.015303627377100781e+00
1.613369999999999891e+02 6.011332704820683048e+00
1.606779999999999973e+02 5.944854944272748298e+00
1.600190000000000055e+02 5.972065373090322815e+00
1.593609999999999900e+02 6.034041489024924765e+00
1.587040000000000077e+02 6.061315632842863899e+00
1.580449999999999875e+02 6.119675837215453384e+00
1.573859999999999957e+02 6.112175147867437985e+00
1.567270000000000039e+02 6.174041140650216697e+00
1.560680000000000121e+02 6.166611605075589253e+00
1.554089999999999918e+02 6.197305124695666301e+00
1.547500000000000000e+02 6.245292528869870630e+00
1.540910000000000082e+02 6.237858242800860431e+00
1.534319999999999879e+02 6.265017853927545843e+00
1.527729999999999961e+02 6.288728561571278242e+00
1.521140000000000043e+02 6.267367424025660050e+00
1.514540000000000077e+02 6.284185832164544294e+00
1.507949999999999875e+02 6.300927120705913431e+00
1.501359999999999957e+02 6.532465870377179407e+00
1.494759999999999991e+02 6.625514921256972833e+00
1.488170000000000073e+02 6.676867922084518625e+00
1.481570000000000107e+02 6.839099675060269057e+00
1.474970000000000141e+02 6.855858207015332439e+00
1.468379999999999939e+02 6.955654360146565018e+00
1.461779999999999973e+02 7.020872444228986708e+00
1.455180000000000007e+02 7.165663496968214474e+00
1.448580000000000041e+02 7.230851377682599335e+00
1.441980000000000075e+02 7.115946749922524184e+00
1.435380000000000109e+02 7.219189120778287894e+00
1.428779999999999859e+02 7.291233560472994313e+00
1.422179999999999893e+02 7.425618968353799865e+00
1.415579999999999927e+02 7.490754523139464105e+00
1.408979999999999961e+02 7.538536075001126768e+00
1.402379999999999995e+02 7.579357752724858344e+00
1.395769999999999982e+02 7.606344432270324418e+00
1.389170000000000016e+02 7.737204554138991774e+00
1.382560000000000002e+02 7.978633952995140888e+00
1.375960000000000036e+02 8.133572125094559624e+00
1.369350000000000023e+02 8.267786473026397687e+00
1.362750000000000057e+02 8.339673596517339860e+00
1.356140000000000043e+02 8.494612097765521952e+00
1.349540000000000077e+02 8.639067294939934527e+00
1.342930000000000064e+02 8.880363315143695147e+00
1.336320000000000050e+02 9.118106661983118144e+00
1.329710000000000036e+02 9.279791017047051227e+00
1.323100000000000023e+02 9.396497599572077419e+00
1.316490000000000009e+02 9.647943911005199880e+00
1.309879999999999995e+02 9.757654238127001278e+00
1.303269999999999982e+02 9.843234169214158058e+00
1.296659999999999968e+02 1.009114037887943560e+01
1.290049999999999955e+02 1.022160448997620819e+01
1.283420000000000130e+02 1.028293827881890365e+01
1.276809999999999974e+02 1.036844059874781898e+01
1.270190000000000055e+02 1.054711835851848711e+01
1.263580000000000041e+02 1.049440979170931243e+01
1.256959999999999980e+02 1.040709434361628816e+01
1.250349999999999966e+02 1.049247980529463042e+01
1.243730000000000047e+02 1.053652725396322687e+01
1.237120000000000033e+02 1.054245742056525614e+01
1.230499999999999972e+02 1.061751483703480758e+01
1.223880000000000052e+02 1.064759461934785278e+01
1.217259999999999991e+02 1.051549934156876986e+01
1.210639999999999930e+02 1.033854564359527117e+01
1.204030000000000058e+02 1.037565016841719512e+01
1.197409999999999997e+02 1.035751168497920283e+01
1.190780000000000030e+02 1.014961057855359527e+01
1.184150000000000063e+02 1.012426427473957347e+01
1.177530000000000001e+02 1.003028970455322799e+01
1.170909999999999940e+02 9.884544028374643077e+00
1.164279999999999973e+02 9.742250002711614343e+00
1.157660000000000053e+02 9.706965980869293631e+00
1.151039999999999992e+02 9.640549240582069856e+00
1.144410000000000025e+02 9.501814965929987977e+00
1.137789999999999964e+02 9.373310309250310723e+00
1.131159999999999997e+02 9.379477245482174652e+00
1.124539999999999935e+02 9.330388779046721481e+00
1.117890000000000015e+02 9.270805989260349378e+00
1.111269999999999953e+02 9.294179971544329177e+00
1.104639999999999986e+02 9.217489932060530577e+00
1.098010000000000019e+02 9.158083747613840586e+00
1.091380000000000052e+02 9.071146975022207570e+00
1.084749999999999943e+02 9.056569762521403888e+00
1.078119999999999976e+02 8.842247131715236463e+00
1.071490000000000009e+02 8.734822461557371298e+00
1.064849999999999994e+02 8.406199369394956378e+00
1.058209999999999980e+02 8.133436043951544292e+00
1.051580000000000013e+02 7.778069284511702541e+00
1.044950000000000045e+02 7.691382532795100424e+00
1.038319999999999936e+02 7.425673917102101562e+00
1.031680000000000064e+02 7.194298518382209018e+00
1.025049999999999955e+02 6.980144357408598843e+00
1.018400000000000034e+02 6.913932259985727136e+00
1.011760000000000019e+02 6.772187808009697996e+00
1.005130000000000052e+02 6.861098855463812818e+00
9.984900000000000375e+01 6.894905502903817762e+00
9.918529999999999802e+01 6.897782703879504318e+00
9.852150000000000318e+01 6.876353637350123726e+00
9.785769999999999413e+01 7.092387102754373451e+00
9.719230000000000302e+01 7.350219691828253410e+00
9.652830000000000155e+01 7.597232498400214418e+00
9.586430000000000007e+01 7.802740323143378731e+00
9.520029999999999859e+01 8.066755903548813222e+00
9.453610000000000468e+01 8.430419232473585822e+00
9.387199999999999989e+01 8.794017271124811685e+00
9.320619999999999550e+01 9.051853897027870133e+00
9.254200000000000159e+01 9.343141149981088134e+00
9.187760000000000105e+01 9.421317741359787945e+00
9.121320000000000050e+01 9.564824820901050018e+00
9.054879999999999995e+01 9.629230969098102833e+00
8.988280000000000314e+01 9.882866239707281508e+00
8.921819999999999595e+01 9.971283744861617393e+00
8.855360000000000298e+01 9.973802458195304865e+00
8.788890000000000668e+01 9.969417667828826879e+00
8.722419999999999618e+01 1.021239329393820228e+01
8.655939999999999657e+01 1.041740416949161663e+01
8.589300000000000068e+01 1.068834119766646040e+01
8.522809999999999775e+01 1.082122795947309690e+01
8.456319999999999482e+01 1.103310145660126729e+01
8.389820000000000277e+01 1.108700290806274680e+01
8.323160000000000025e+01 1.126135263039329359e+01
8.256650000000000489e+01 1.136669608677565257e+01
8.190130000000000621e+01 1.156828229797663887e+01
8.123609999999999332e+01 1.168047479457575477e+01
8.057080000000000553e+01 1.161076016683515100e+01
7.990389999999999304e+01 1.172655823853350299e+01
7.923850000000000193e+01 1.190727988277438598e+01
7.857299999999999329e+01 1.212577396708686805e+01
7.790749999999999886e+01 1.229271364602996996e+01
7.724039999999999395e+01 1.240173627334605833e+01
7.657479999999999620e+01 1.257551211877680863e+01
7.590909999999999513e+01 1.253658419168198179e+01
7.524339999999999407e+01 1.271379808861311567e+01
7.457760000000000389e+01 1.281563163714242926e+01
7.391020000000000323e+01 1.269779170720603467e+01
7.324429999999999552e+01 1.270693972396804661e+01
7.257829999999999870e+01 1.255498726083147609e+01
7.191230000000000189e+01 1.249215792816259274e+01
7.124469999999999459e+01 1.254575102555668131e+01
7.057850000000000534e+01 1.251381094727374332e+01
6.991230000000000189e+01 1.267379151179875763e+01
6.924609999999999843e+01 1.257306676158599323e+01
6.857829999999999870e+01 1.262352223015294683e+01
6.791190000000000282e+01 1.264636069535806762e+01
6.724550000000000693e+01 1.260406192076180254e+01
6.657750000000000057e+01 1.263029894043010160e+01
6.591100000000000136e+01 1.253672572307743849e+01
6.524439999999999884e+01 1.256644355189588325e+01
6.457769999999999300e+01 1.252423950851624390e+01
6.390950000000000131e+01 1.243735578575105194e+01
6.324269999999999925e+01 1.245679077971603022e+01
6.257589999999999719e+01 1.254116532670983020e+01
6.190899999999999892e+01 1.260163471784605349e+01
6.124060000000000059e+01 1.261779175116573271e+01
6.057359999999999900e+01 1.266108655589311738e+01
5.990659999999999741e+01 1.271479876053161284e+01
5.923799999999999955e+01 1.256628914935613572e+01
5.857079999999999842e+01 1.239415200110643767e+01
5.790359999999999729e+01 1.244439820970161037e+01
5.723629999999999995e+01 1.239196877727509261e+01
5.656750000000000256e+01 1.225041437576979142e+01
5.590010000000000190e+01 1.229038648643801679e+01
5.523270000000000124e+01 1.223791036506848329e+01
5.456360000000000099e+01 1.225400743795370673e+01
5.389609999999999701e+01 1.232115492040097848e+01
5.322849999999999682e+01 1.248410312382307907e+01
5.255930000000000035e+01 1.271564036689423105e+01
5.189159999999999684e+01 1.260509354024495110e+01
5.122379999999999711e+01 1.269278757460503293e+01
5.055440000000000111e+01 1.274294861389045330e+01
4.988660000000000139e+01 1.271099351595842641e+01
4.921860000000000213e+01 1.266553219231530392e+01
4.854910000000000281e+01 1.264030453778083540e+01
4.788100000000000023e+01 1.273828771000693827e+01
4.721289999999999765e+01 1.274730870023898532e+01
4.654319999999999879e+01 1.267447447924411286e+01
4.587500000000000000e+01 1.272792570389511013e+01
4.520669999999999789e+01 1.257305152964380923e+01
4.453679999999999950e+01 1.256503544995027433e+01
4.386840000000000117e+01 1.258100111637365437e+01
4.320000000000000284e+01 1.273358890501774532e+01
4.252989999999999782e+01 1.267082526064175596e+01
4.186129999999999995e+01 1.257414659534387091e+01
4.119270000000000209e+01 1.237836329769931609e+01
4.052250000000000085e+01 1.234300767146363320e+01
3.985379999999999967e+01 1.237608956764946377e+01
3.918500000000000227e+01 1.247058296659092314e+01
3.851460000000000150e+01 1.246936164483963516e+01
3.784570000000000078e+01 1.244086725219034051e+01
3.717519999999999669e+01 1.234080179802820254e+01
3.650619999999999976e+01 1.227480823895908557e+01
3.583709999999999951e+01 1.231804570132232257e+01
3.516640000000000299e+01 1.234763941837902834e+01
3.449719999999999942e+01 1.226471484379383448e+01
3.382800000000000296e+01 1.226697574338738050e+01
3.315709999999999980e+01 1.215659136160143383e+01
3.248780000000000001e+01 1.192372747627041285e+01
3.181680000000000064e+01 1.185766188370438279e+01
3.114730000000000132e+01 1.186688068087936010e+01
3.047779999999999845e+01 1.194760481372060568e+01
2.980669999999999931e+01 1.169076274738312904e+01
2.913700000000000045e+01 1.167613715513615524e+01
2.846730000000000160e+01 1.170237449803334862e+01
2.779599999999999937e+01 1.151033319837146252e+01
2.712620000000000076e+01 1.143772327250640863e+01
2.645479999999999876e+01 1.140589955633073060e+01
2.578490000000000038e+01 1.130622878690148703e+01
2.511329999999999885e+01 1.108353332887764964e+01
2.444330000000000069e+01 1.083395024909496662e+01
2.377319999999999922e+01 1.080933165538913165e+01
2.310150000000000148e+01 1.051170334869229350e+01
2.243130000000000024e+01 1.033388996819557448e+01
2.175949999999999918e+01 1.015551850503077880e+01
2.108909999999999840e+01 9.930037634247694811e+00
2.041870000000000118e+01 9.789758656729242503e+00
1.974680000000000035e+01 9.461770694495482914e+00
1.907629999999999981e+01 9.277296928860037539e+00
1.840419999999999945e+01 9.126380414799685425e+00
1.773349999999999937e+01 8.887423987295225203e+00
1.706129999999999924e+01 8.842200422532227932e+00
1.639059999999999917e+01 8.596552166839325437e+00
1.571979999999999933e+01 8.456338416948632641e+00
1.504739999999999966e+01 8.411166534251737659e+00
1.437650000000000006e+01 8.294729342870203581e+00
1.370410000000000039e+01 8.307550427192511577e+00
1.303299999999999947e+01 8.157202530547110086e+00
1.236040000000000028e+01 8.078135999611278706e+00
1.168929999999999936e+01 7.982265050145034735e+00
1.101660000000000039e+01 8.056289260894033077e+00
1.034529999999999994e+01 8.432794717467880119e+00
9.672489999999999810e+00 8.738366446495522410e+00
9.001129999999999853e+00 9.077070887483900563e+00
8.329710000000000392e+00 9.357785111282423074e+00
7.656710000000000349e+00 9.928566104169359363e+00
6.985170000000000101e+00 1.132996057260277034e+01
6.312050000000000161e+00 1.278599248309935632e+01
5.640399999999999636e+00 1.429980731272814687e+01
4.967170000000000307e+00 1.559567966843352949e+01
4.295410000000000394e+00 1.670772363671532545e+01
3.622059999999999835e+00 1.781904238867114998e+01
2.950180000000000025e+00 1.885943458384966931e+01
2.276720000000000077e+00 2.002748831424122145e+01
1.604729999999999990e+00 2.089525393330261593e+01
9.311519999999999797e-01 2.102971747870921604e+01
2.590439999999999965e-01 2.103391492524128381e+01
