6.869719999999999800e+02 -7.308551879184818634e-03
6.863600000000000136e+02 1.301901031091268895e-02
6.857469999999999573e+02 1.727884814611647946e-02
6.851349999999999909e+02 3.334308524409836105e-02
6.845230000000000246e+02 3.006585816966415164e-02
6.839120000000000346e+02 3.661544845545410681e-02
6.832989999999999782e+02 2.350384400623088677e-02
6.826870000000000118e+02 5.626315392770576962e-02
6.820739999999999554e+02 -2.235739900092620705e-02
6.814610000000000127e+02 -2.629299101631365002e-02
6.808490000000000464e+02 -4.199518152831813872e-02
6.802359999999999900e+02 1.221009169560148804e-03
6.796230000000000473e+02 2.871420292612516037e-02
6.790099999999999909e+02 5.114385214184322126e-03
6.783980000000000246e+02 -1.847472036744153903e-02
6.777859999999999445e+02 -5.368159773006216107e-02
6.771730000000000018e+02 -1.447825830056863328e-02
6.765599999999999454e+02 -6.649657535707539750e-03
6.759470000000000027e+02 -4.984925166139640013e-02
6.753339999999999463e+02 4.831927863945653656e-02
6.747210000000000036e+02 -6.945818148296127592e-02
6.741079999999999472e+02 -3.804740580155283047e-02
6.734940000000000282e+02 1.071901758906716740e-01
6.728809999999999718e+02 1.189787459144241721e-01
6.722680000000000291e+02 1.032715979609579032e-01
6.716539999999999964e+02 3.260477507714620860e-02
6.710410000000000537e+02 -2.721817325014734383e-03
6.704270000000000209e+02 9.044291427787192264e-03
6.698150000000000546e+02 -6.157410096226398344e-02
6.692010000000000218e+02 4.832180335240719021e-02
6.685879999999999654e+02 7.969664216268479429e-02
6.679740000000000464e+02 1.294969788472171736e-02
6.673600000000000136e+02 2.474616884671891615e-02
6.667459999999999809e+02 5.221089705835595118e-02
6.661330000000000382e+02 4.830185180881343271e-02
6.655190000000000055e+02 2.868291535147944604e-02
6.649049999999999727e+02 -2.695104716947530673e-03
6.642910000000000537e+02 -3.406166570425014223e-02
6.636770000000000209e+02 -9.290155915265978226e-02
6.630629999999999882e+02 -1.595810112932543323e-01
6.624479999999999791e+02 -2.066505969885174265e-01
6.618339999999999463e+02 -1.831159837854066386e-01
6.612200000000000273e+02 -2.027258317410040867e-01
6.606059999999999945e+02 -2.301605341734329624e-01
6.599909999999999854e+02 -1.909415568423231124e-01
6.593769999999999527e+02 -1.791680775334500986e-01
6.587619999999999436e+02 -8.505746698177180098e-02
6.581480000000000246e+02 -6.544798664175703606e-02
6.575330000000000155e+02 -4.976126987917658256e-02
6.569189999999999827e+02 2.472613372820992375e-02
6.563039999999999736e+02 9.042859888257729836e-03
6.556889999999999645e+02 5.215765162037935138e-02
6.550750000000000455e+02 9.529372792988928531e-02
6.544600000000000364e+02 1.031206257246153890e-01
6.538450000000000273e+02 1.501529736338854948e-01
6.532300000000000182e+02 1.227086882304714993e-01
6.526150000000000091e+02 7.176756856626757830e-02
6.520000000000000000e+02 8.353023007478500850e-02
6.513849999999999909e+02 1.070149758024162984e-01
6.507699999999999818e+02 1.305228632832336200e-01
6.501549999999999727e+02 4.040464275414935164e-02
6.495389999999999873e+02 5.153493767939296664e-03
6.489239999999999782e+02 -1.444657523793087955e-02
6.483089999999999691e+02 -2.229051336085709212e-02
6.476929999999999836e+02 -8.104942010827781429e-02
6.470779999999999745e+02 2.472412262065679101e-02
6.464629999999999654e+02 1.297883748789594935e-02
6.458469999999999800e+02 -2.232853845470120224e-02
6.452319999999999709e+02 -4.586417281070618440e-02
6.446159999999999854e+02 5.205346559690899461e-02
6.439990000000000236e+02 1.069702943721692612e-01
6.433830000000000382e+02 5.211612918700977287e-02
6.427670000000000528e+02 -1.838140506467438040e-02
6.421520000000000437e+02 4.037097104385883178e-02
6.415359999999999445e+02 -3.401831970888757883e-02
6.409199999999999591e+02 -6.532637103088349828e-02
6.403039999999999736e+02 -8.883396234552894122e-02
6.396879999999999882e+02 -1.123223758677498046e-01
6.390720000000000027e+02 -1.123254231336413694e-01
6.384560000000000173e+02 -9.667663944902706030e-02
6.378400000000000318e+02 -5.753161067316060057e-02
6.372229999999999563e+02 1.191571892389690348e-03
6.366069999999999709e+02 -1.838946542680660462e-02
6.359909999999999854e+02 -3.010616521941406748e-02
6.353730000000000473e+02 2.077048819818329284e-02
6.347569999999999482e+02 -3.011171046608275906e-02
6.341399999999999864e+02 -2.619650648875331000e-02
6.335240000000000009e+02 -4.574613885942239305e-02
6.329070000000000391e+02 -9.269592913876981144e-02
6.322899999999999636e+02 9.017475616488569018e-03
6.316739999999999782e+02 1.290467913753098016e-02
6.310570000000000164e+02 3.635552468197503911e-02
6.304400000000000546e+02 8.330513979421277915e-02
6.298220000000000027e+02 8.731492927528808345e-02
6.292050000000000409e+02 1.224870242419316274e-01
6.285879999999999654e+02 1.420328764940115840e-01
6.279710000000000036e+02 1.107311459106835733e-01
6.273540000000000418e+02 1.850728078771955165e-01
6.267369999999999663e+02 3.253310438219949446e-02
6.261200000000000045e+02 2.080611096846201116e-02
6.255030000000000427e+02 5.204320944281753958e-02
6.248840000000000146e+02 -3.400775793554287885e-02
6.242670000000000528e+02 -4.963209257035600119e-02
6.236499999999999773e+02 -8.482445089206132327e-02
6.230320000000000391e+02 -1.004363513839664490e-01
6.224149999999999636e+02 -1.160467429026238728e-01
6.217980000000000018e+02 -2.098885993484172208e-01
6.211799999999999500e+02 -1.160523611574362096e-01
6.205610000000000355e+02 -8.477007283218833400e-02
6.199429999999999836e+02 -1.785828560023359490e-01
6.193260000000000218e+02 -1.590535154574692633e-01
6.187079999999999700e+02 -1.590542208008585701e-01
6.180900000000000318e+02 -5.355057159079081724e-02
6.174719999999999800e+02 -3.012151671801110292e-02
6.168529999999999518e+02 5.148755754639634287e-03
6.162350000000000136e+02 2.074773347604989132e-02
6.156169999999999618e+02 1.293060727386121517e-02
6.149990000000000236e+02 -4.959590360803480674e-02
6.143809999999999718e+02 2.072782208369908577e-02
6.137630000000000337e+02 7.547382431629702515e-02
6.131430000000000291e+02 1.027790085013864513e-01
6.125249999999999773e+02 9.107799850090086968e-02
6.119070000000000391e+02 1.222951224694714956e-01
6.112889999999999873e+02 8.712864053713421930e-02
6.106699999999999591e+02 7.546384571784112150e-02
6.100510000000000446e+02 2.852498977730666060e-02
6.094320000000000164e+02 6.368739547492527353e-02
6.088139999999999645e+02 9.043016386401529771e-03
6.081950000000000500e+02 7.932955953946239924e-02
6.075760000000000218e+02 4.028676235439085374e-02
6.069560000000000173e+02 7.155319276505812953e-02
6.063379999999999654e+02 2.856723049175292906e-02
6.057190000000000509e+02 7.537529409117339763e-02
6.051000000000000227e+02 9.099929579647368649e-02
6.044809999999999945e+02 1.417633755776034621e-01
6.038609999999999900e+02 1.183213991460996817e-01
6.032419999999999618e+02 1.729834026037690153e-01
6.026230000000000473e+02 1.456465837853073708e-01
6.020040000000000191e+02 1.222668896622869927e-01
6.013830000000000382e+02 9.003978319982605671e-03
6.007640000000000100e+02 1.292387317055513664e-02
6.001449999999999818e+02 -3.780258102632556155e-02
5.995249999999999773e+02 -6.559132535989901404e-03
5.989049999999999727e+02 -7.295868249608565559e-02
5.982849999999999682e+02 -2.220303624866528866e-02
5.976660000000000537e+02 -9.243038402225349504e-02
5.970460000000000491e+02 -1.392958760474688751e-01
5.964249999999999545e+02 -1.158425098450405893e-01
5.958060000000000400e+02 -6.902196045289082926e-02
5.951860000000000355e+02 -1.002325553550038467e-01
5.945670000000000073e+02 -8.071141934747839974e-02
5.939450000000000500e+02 -8.070743450033462940e-02
5.933260000000000218e+02 -1.829312990991978013e-02
5.927060000000000173e+02 -4.952535116735023307e-02
5.920860000000000127e+02 8.980491551956865798e-03
5.914650000000000318e+02 1.681493928628399748e-02
5.908450000000000273e+02 9.013302916894019856e-03
5.902250000000000227e+02 -5.727389439811919614e-02
5.896029999999999518e+02 -3.391306559627051131e-02
5.889829999999999472e+02 -2.608647156596251987e-02
5.883630000000000564e+02 2.850127421518193829e-02
5.877419999999999618e+02 5.573700426433680910e-02
5.871209999999999809e+02 2.460763090133521666e-02
5.865000000000000000e+02 -1.439257118491896886e-02
5.858799999999999955e+02 5.060355053577154753e-03
5.852580000000000382e+02 -3.778317448222952291e-02
5.846380000000000337e+02 -2.678162149158968587e-03
5.840170000000000528e+02 -2.210210147334781827e-02
5.833949999999999818e+02 7.915679011637953566e-02
5.827740000000000009e+02 -3.776728097050641858e-02
5.821539999999999964e+02 -2.613964050508678014e-02
5.815320000000000391e+02 -1.825913717162376548e-02
5.809109999999999445e+02 3.627059005849122414e-02
5.802899999999999636e+02 8.955229721311377261e-03
5.796680000000000064e+02 3.236164342392422455e-02
5.790470000000000255e+02 -1.047886836264790705e-02
5.784260000000000446e+02 2.075295003841349725e-02
5.778049999999999500e+02 -1.195084573946854217e-01
5.771820000000000164e+02 -9.228828811277850486e-02
5.765610000000000355e+02 -1.779613601997749317e-01
5.759379999999999882e+02 -1.935945045741181147e-01
5.753170000000000073e+02 -2.364026425067696502e-01
5.746960000000000264e+02 -2.169728671899559258e-01
5.740729999999999791e+02 -6.884373007047230042e-02
5.734519999999999982e+02 -2.996601698566326091e-02
5.728300000000000409e+02 -2.784997476470230885e-03
5.722069999999999936e+02 7.134737963846624065e-02
5.715860000000000127e+02 7.129336870669236714e-02
5.709640000000000555e+02 6.741241732122052466e-02
5.703410000000000082e+02 6.347297314244994271e-02
5.697190000000000509e+02 5.576623778241562857e-02
5.690979999999999563e+02 3.247728481796415684e-02
5.684740000000000464e+02 -3.383071761906791819e-02
5.678529999999999518e+02 -2.603411366294006157e-02
5.672290000000000418e+02 -7.664261765006043226e-02
5.666069999999999709e+02 -7.664720684283048147e-02
5.659850000000000136e+02 -4.555244050407351863e-02
5.653619999999999663e+02 1.235252761196451842e-03
5.647400000000000091e+02 1.288682780773089780e-02
5.641169999999999618e+02 2.069558515601561607e-02
5.634940000000000282e+02 1.201444481536311122e-03
5.628719999999999573e+02 -4.159053260178299793e-02
5.622480000000000473e+02 -6.573286071196269599e-03
5.616250000000000000e+02 6.734518421456914261e-02
5.610030000000000427e+02 1.722591637568057221e-01
5.603790000000000191e+02 1.607122228670586905e-01
5.597569999999999482e+02 1.217464798177072816e-01
5.591330000000000382e+02 1.840645615067077745e-01
5.585099999999999909e+02 1.995915039108991373e-01
5.578859999999999673e+02 1.800887626877412939e-01
5.572630000000000337e+02 2.579375651808026859e-01
5.566399999999999864e+02 1.802471557050114859e-01
5.560159999999999627e+02 1.723329816165931061e-01
5.553930000000000291e+02 2.452845635872047403e-02
5.547690000000000055e+02 1.286811412949384788e-02
5.541459999999999582e+02 -6.543810283214614686e-03
5.535209999999999582e+02 -6.577077605649224966e-03
5.528980000000000246e+02 1.675476220030449812e-02
5.522749999999999773e+02 6.343139883866322215e-02
5.516509999999999536e+02 7.896419548808084055e-02
5.510270000000000437e+02 1.061510310008577096e-01
5.504030000000000200e+02 1.061876812453031727e-01
5.497789999999999964e+02 1.683001141650323773e-01
5.491549999999999727e+02 1.761336478796305671e-01
5.485309999999999491e+02 1.994564918226918449e-01
5.479059999999999491e+02 2.344044534195714458e-01
5.472830000000000155e+02 2.033064627980417927e-01
5.466589999999999918e+02 2.227713597192114148e-01
5.460339999999999918e+02 2.304826358579015744e-01
5.454099999999999682e+02 2.732028794671737537e-01
5.447849999999999682e+02 2.498980210734392526e-01
5.441609999999999445e+02 1.799317851641560329e-01
5.435359999999999445e+02 2.304361787842229281e-01
5.429120000000000346e+02 2.265894648705638337e-01
5.422870000000000346e+02 1.332730534878393824e-01
5.416630000000000109e+02 1.644139764772502843e-01
5.410370000000000346e+02 1.798863968754431109e-01
5.404130000000000109e+02 7.889264578264705563e-02
5.397880000000000109e+02 9.442656206201309466e-02
5.391630000000000109e+02 5.168633180028783108e-02
5.385380000000000109e+02 5.168371985748771574e-02
5.379139999999999873e+02 5.943210824011436327e-02
5.372880000000000109e+02 4.391950257484168729e-02
5.366630000000000109e+02 8.277738230868060543e-02
5.360370000000000346e+02 9.439791836095966227e-02
5.354130000000000109e+02 7.883558664356854484e-02
5.347870000000000346e+02 1.138028875800093515e-01
5.341620000000000346e+02 1.215122276169347260e-01
5.335359999999999445e+02 1.564989771426990584e-01
5.329109999999999445e+02 1.448524963752730321e-01
5.322849999999999682e+02 1.370725301809031516e-01
5.316599999999999682e+02 1.603738799552060501e-01
5.310339999999999918e+02 2.185580621177995175e-01
5.304089999999999918e+02 2.650833943541694993e-01
5.297830000000000155e+02 2.922727798314218028e-01
5.291580000000000155e+02 3.581282550037148682e-01
5.285309999999999491e+02 3.116310132678292710e-01
5.279049999999999727e+02 3.233160724728739166e-01
5.272799999999999727e+02 3.892269773921290255e-01
5.266530000000000200e+02 4.086088889791646972e-01
5.260280000000000200e+02 4.357994691573032764e-01
5.254009999999999536e+02 4.007906908300009063e-01
5.247759999999999536e+02 2.999638065175505020e-01
5.241490000000000009e+02 3.503324703535612428e-01
5.235230000000000246e+02 2.804610712322160304e-01
5.228959999999999582e+02 3.580551187687158188e-01
5.222709999999999582e+02 4.122753879738647043e-01
5.216440000000000055e+02 4.161834003746504029e-01
5.210159999999999627e+02 3.541301995100768485e-01
5.203909999999999627e+02 3.696256765887864781e-01
5.197630000000000337e+02 3.928674469178342066e-01
5.191380000000000337e+02 4.239382697325791982e-01
5.185099999999999909e+02 3.695607269526196004e-01
5.178840000000000146e+02 3.424742154357028889e-01
5.172569999999999482e+02 3.036243003978218447e-01
5.166299999999999955e+02 2.105396578708733368e-01
5.160030000000000427e+02 2.725439156906833138e-01
5.153759999999999764e+02 3.268301280028793054e-01
5.147500000000000000e+02 3.151753150190274577e-01
5.141219999999999573e+02 3.151508095287079425e-01
5.134940000000000282e+02 3.306645586751505439e-01
5.128680000000000518e+02 3.034906050403900490e-01
5.122400000000000091e+02 3.693803306661089803e-01
5.116139999999999759e+02 3.770959219805605223e-01
5.109859999999999900e+02 3.344806882059307984e-01
5.103580000000000041e+02 2.569093141971554028e-01
5.097309999999999945e+02 2.492047462477787467e-01
5.091030000000000086e+02 2.065356533751092905e-01
5.084759999999999991e+02 2.220402363607916485e-01
5.078480000000000132e+02 2.607478078868569193e-01
5.072200000000000273e+02 2.840131472232790832e-01
5.065930000000000177e+02 2.529312178113468090e-01
5.059649999999999750e+02 2.142303326472521086e-01
5.053360000000000127e+02 2.723234856301219864e-01
5.047090000000000032e+02 3.071786046472534393e-01
5.040810000000000173e+02 2.258337064857222631e-01
5.034519999999999982e+02 2.606039319755445449e-01
5.028249999999999886e+02 2.064882478600840732e-01
5.021960000000000264e+02 1.212298733556274460e-01
5.015690000000000168e+02 5.159540748085737760e-02
5.009399999999999977e+02 1.220459644547565621e-03
5.003109999999999786e+02 -1.043747426159002956e-02
4.996840000000000259e+02 -2.972913879690465208e-02
4.990550000000000068e+02 1.279332273096281739e-02
4.984259999999999877e+02 9.026289196364410683e-02
4.977980000000000018e+02 7.856933085916033288e-02
4.971689999999999827e+02 9.020342901590693019e-02
4.965400000000000205e+02 1.134655146764337874e-01
4.959119999999999777e+02 1.946675215074898102e-01
4.952830000000000155e+02 1.908372121983275826e-01
4.946539999999999964e+02 1.675809450138238677e-01
4.940260000000000105e+02 2.450480267122641387e-01
4.933969999999999914e+02 1.675887346309694603e-01
4.927669999999999959e+02 1.366230716287755442e-01
4.921390000000000100e+02 1.946323317351935644e-01
4.915099999999999909e+02 2.178376300059308435e-01
4.908799999999999955e+02 2.178514275062903849e-01
4.902500000000000000e+02 1.482180189843412821e-01
4.896220000000000141e+02 2.448758655759371017e-01
4.889920000000000186e+02 3.029146246628768302e-01
4.883629999999999995e+02 2.023167629013750968e-01
4.877339999999999804e+02 1.907607056549835978e-01
4.871039999999999850e+02 2.177921780176640121e-01
4.864739999999999895e+02 1.984260658207392669e-01
4.858460000000000036e+02 1.017719758886375531e-01
4.852160000000000082e+02 9.402390023283437037e-02
4.845860000000000127e+02 1.365312230881198241e-01
4.839549999999999841e+02 6.306285998987068431e-02
4.833269999999999982e+02 1.480584801923919003e-01
4.826960000000000264e+02 2.022224397560437592e-01
4.820659999999999741e+02 2.640965288036550285e-01
4.814370000000000118e+02 2.060424374600535735e-01
4.808070000000000164e+02 2.640106866945697850e-01
4.801759999999999877e+02 3.761332928638538853e-01
4.795459999999999923e+02 4.263725390335779131e-01
4.789169999999999732e+02 4.263337292169590564e-01
4.782860000000000014e+02 4.031631842829240808e-01
4.776549999999999727e+02 3.258125086436257090e-01
4.770249999999999773e+02 3.567041399847825645e-01
4.763949999999999818e+02 3.142020886340461949e-01
4.757640000000000100e+02 4.687291661975168111e-01
4.751329999999999814e+02 4.339286522857857542e-01
4.745020000000000095e+02 4.494030062148676730e-01
4.738729999999999905e+02 3.643218566058743502e-01
4.732420000000000186e+02 3.372840482988637145e-01
4.726109999999999900e+02 4.106673745523037322e-01
4.719800000000000182e+02 4.376619600224430084e-01
4.713500000000000227e+02 4.299886493441167357e-01
4.707189999999999941e+02 4.453999393619338387e-01
4.700869999999999891e+02 3.487832976916143690e-01
4.694560000000000173e+02 2.367613452985827815e-01
4.688249999999999886e+02 1.440694078760470231e-01
4.681949999999999932e+02 2.715094846192711575e-01
4.675629999999999882e+02 3.487104696163562667e-01
4.669309999999999832e+02 3.100866534553775034e-01
4.663000000000000114e+02 2.444302304664680014e-01
4.656700000000000159e+02 2.945519507871374731e-01
4.650380000000000109e+02 3.215536954048949236e-01
4.644060000000000059e+02 2.829810496668025976e-01
4.637740000000000009e+02 3.833444927628169574e-01
4.631419999999999959e+02 4.412020940865185592e-01
4.625120000000000005e+02 4.527339755923998621e-01
4.618799999999999955e+02 3.948219534992881696e-01
4.612479999999999905e+02 3.832642201419159123e-01
4.606159999999999854e+02 4.449857292555609578e-01
4.599839999999999804e+02 4.372523949615065852e-01
4.593519999999999754e+02 3.870712367743636140e-01
4.587210000000000036e+02 4.603591501547823484e-01
4.580880000000000223e+02 4.217660125553019945e-01
4.574560000000000173e+02 3.985853929059672285e-01
4.568240000000000123e+02 3.291176570455340289e-01
4.561909999999999741e+02 3.483817868894213965e-01
4.555600000000000023e+02 3.484301793777904166e-01
4.549279999999999973e+02 3.984933596888431406e-01
4.542950000000000159e+02 3.791606714536809308e-01
4.536619999999999777e+02 3.328799980265583214e-01
4.530299999999999727e+02 3.058722547371141021e-01
4.523969999999999914e+02 3.791424843227335639e-01
4.517660000000000196e+02 3.521185119042039013e-01
4.511329999999999814e+02 3.906466230092973668e-01
4.505000000000000000e+02 3.906260445186487407e-01
4.498670000000000186e+02 4.099017446795547026e-01
4.492339999999999804e+02 3.250459335586361465e-01
4.486009999999999991e+02 2.864819408913527599e-01
4.479680000000000177e+02 4.021179722261406519e-01
4.473360000000000127e+02 3.905397903665930870e-01
4.467029999999999745e+02 3.712030170851047806e-01
4.460690000000000168e+02 4.405764266605597390e-01
4.454359999999999786e+02 3.981619828065521283e-01
4.448029999999999973e+02 3.865947231884239721e-01
4.441689999999999827e+02 4.212611375212104714e-01
4.435360000000000014e+02 4.636233772096516881e-01
4.429019999999999868e+02 5.445346164349915696e-01
4.422699999999999818e+02 4.712647306281347870e-01
4.416360000000000241e+02 5.328839583312929840e-01
4.410029999999999859e+02 5.290027239525444402e-01
4.403690000000000282e+02 4.827568909256948482e-01
4.397350000000000136e+02 4.827396523734715506e-01
4.391009999999999991e+02 4.711733353354448650e-01
4.384669999999999845e+02 3.825380614853601813e-01
4.378330000000000268e+02 4.094655525518005601e-01
4.371990000000000123e+02 3.786456738991509918e-01
4.365649999999999977e+02 4.055788258009240255e-01
4.359329999999999927e+02 3.169907988303555801e-01
4.352980000000000018e+02 2.630566004518092305e-01
4.346639999999999873e+02 2.591999315417757854e-01
4.340299999999999727e+02 2.707303612219405520e-01
4.333960000000000150e+02 2.707159980115730891e-01
4.327610000000000241e+02 3.708126046705696455e-01
4.321270000000000095e+02 3.361326412877311265e-01
4.314920000000000186e+02 2.783645622351003657e-01
4.308580000000000041e+02 2.514011163208419442e-01
4.302230000000000132e+02 2.783432905346943653e-01
4.295889999999999986e+02 3.206719064957852527e-01
4.289540000000000077e+02 2.667411679260280333e-01
4.283190000000000168e+02 3.013845107315324956e-01
4.276859999999999786e+02 3.014183933159709228e-01
4.270509999999999877e+02 2.590347016194023966e-01
4.264159999999999968e+02 2.166804557124085429e-01
4.257810000000000059e+02 2.589904860395233488e-01
4.251460000000000150e+02 2.897604172163898428e-01
4.245110000000000241e+02 3.474530831157988109e-01
4.238759999999999764e+02 3.512738097756763489e-01
4.232409999999999854e+02 3.858978608654727860e-01
4.226050000000000182e+02 3.397115056331284078e-01
4.219700000000000273e+02 3.473955771519181557e-01
4.213349999999999795e+02 3.589172510310005837e-01
4.206990000000000123e+02 4.127411766297485185e-01
4.200640000000000214e+02 4.165654746815224962e-01
4.194289999999999736e+02 4.626800534961515443e-01
4.187930000000000064e+02 3.742076137753709286e-01
4.181569999999999823e+02 3.549590621520369305e-01
4.175219999999999914e+02 3.780214229888797517e-01
4.168860000000000241e+02 4.625811091874204584e-01
4.162500000000000000e+02 5.048523516220598806e-01
4.156150000000000091e+02 5.125234460057017660e-01
4.149789999999999850e+02 5.278664205939064269e-01
4.143430000000000177e+02 5.432077449443110106e-01
4.137069999999999936e+02 4.893589053131633393e-01
4.130710000000000264e+02 5.700579848291300600e-01
4.124350000000000023e+02 6.084659973995746318e-01
4.117989999999999782e+02 6.391908876845845411e-01
4.111630000000000109e+02 6.160876623808658747e-01
4.105260000000000105e+02 5.930034570090485513e-01
4.098899999999999864e+02 6.121868133499350773e-01
4.092540000000000191e+02 5.276284272124001085e-01
4.086170000000000186e+02 5.352770151260125564e-01
4.079809999999999945e+02 5.698300050610625167e-01
4.073439999999999941e+02 5.467461401854974978e-01
4.067080000000000268e+02 5.236647937599275826e-01
4.060710000000000264e+02 5.850887266380635499e-01
4.054350000000000023e+02 5.005506968703108406e-01
4.047980000000000018e+02 5.120562058326817434e-01
4.041610000000000014e+02 4.966639601325790743e-01
4.035240000000000009e+02 5.350551923565745049e-01
4.028879999999999768e+02 4.543787677415886961e-01
4.022509999999999764e+02 4.927432478453716014e-01
4.016139999999999759e+02 4.082456775857904452e-01
4.009769999999999754e+02 4.159039680181888521e-01
4.003399999999999750e+02 3.275548131823536879e-01
3.997029999999999745e+02 3.966522298020020987e-01
3.990649999999999977e+02 3.735854140067609852e-01
3.984279999999999973e+02 3.006598147688802625e-01
3.977909999999999968e+02 2.814646642993887116e-01
3.971519999999999868e+02 2.736804389311203733e-01
3.965149999999999864e+02 2.161433643284143835e-01
3.958770000000000095e+02 2.468229642109542321e-01
3.952400000000000091e+02 1.623841671522587571e-01
3.946019999999999754e+02 2.237844754768785749e-01
3.939649999999999750e+02 1.585204738909541666e-01
3.933269999999999982e+02 1.508365950054591786e-01
3.926890000000000214e+02 2.390813963813669951e-01
3.920520000000000209e+02 2.237278167831945608e-01
3.914139999999999873e+02 2.927656876569235678e-01
3.907760000000000105e+02 2.965535178827095053e-01
3.901379999999999768e+02 3.962480296060360563e-01
3.895000000000000000e+02 4.844970924806285550e-01
3.888609999999999900e+02 4.385192748007159524e-01
3.882230000000000132e+02 4.499703563367217218e-01
3.875849999999999795e+02 4.959670994491465201e-01
3.869460000000000264e+02 5.381232295763336282e-01
3.863079999999999927e+02 5.879538444769091265e-01
3.856700000000000159e+02 6.185949665983134782e-01
3.850319999999999823e+02 6.530677095899277695e-01
3.843929999999999723e+02 5.916680563955786232e-01
3.837549999999999955e+02 6.299564721335573214e-01
3.831159999999999854e+02 6.108002931686332682e-01
3.824759999999999991e+02 6.030491204498346081e-01
3.818380000000000223e+02 5.800294876192639837e-01
3.811990000000000123e+02 4.841802418192440172e-01
3.805600000000000023e+02 5.378393776030384599e-01
3.799220000000000255e+02 5.148104561032363913e-01
3.792830000000000155e+02 4.572780181705615732e-01
3.786440000000000055e+02 4.955652587080240923e-01
3.780049999999999955e+02 4.571620238158478067e-01
3.773650000000000091e+02 4.725662284848080597e-01
3.767259999999999991e+02 6.143251678525382120e-01
3.760860000000000127e+02 6.027790070114700249e-01
3.754470000000000027e+02 7.291715377038726631e-01
3.748079999999999927e+02 7.214272011370853610e-01
3.741689999999999827e+02 7.596688513442479973e-01
3.735299999999999727e+02 8.017954433830136729e-01
3.728890000000000100e+02 8.133190281399818033e-01
3.722500000000000000e+02 7.519408427781425486e-01
3.716100000000000136e+02 8.515028614630693049e-01
3.709710000000000036e+02 7.825181865278757476e-01
3.703310000000000173e+02 7.519252081960094980e-01
3.696909999999999741e+02 7.288548236082508236e-01
3.690500000000000114e+02 7.479304929368527644e-01
3.684110000000000014e+02 7.096026955970676786e-01
3.677710000000000150e+02 6.942383596909479371e-01
3.671309999999999718e+02 6.635592760435884419e-01
3.664909999999999854e+02 7.630990542889999340e-01
3.658509999999999991e+02 7.055856634652676318e-01
3.652099999999999795e+02 7.055883270300074006e-01
3.645699999999999932e+02 7.935667465079326854e-01
3.639300000000000068e+02 7.782193347745658407e-01
3.632900000000000205e+02 7.704879492523408757e-01
3.626490000000000009e+02 7.895590594818764352e-01
3.620079999999999814e+02 7.704364635000788830e-01
3.613670000000000186e+02 7.589042599649230558e-01
3.607269999999999754e+02 7.053176277369428426e-01
3.600869999999999891e+02 7.282480074532841074e-01
3.594460000000000264e+02 6.593955643604163530e-01
3.588039999999999736e+02 6.094758990976612001e-01
3.581639999999999873e+02 5.903612154134044721e-01
3.575230000000000246e+02 5.444338242684294560e-01
3.568829999999999814e+02 6.131930128039655425e-01
3.562420000000000186e+02 5.940481468085075933e-01
3.556000000000000227e+02 6.055492407683905620e-01
3.549590000000000032e+02 6.361003323885789928e-01
3.543179999999999836e+02 5.748668689545323174e-01
3.536770000000000209e+02 5.940000127879763170e-01
3.530350000000000250e+02 6.818890857140713635e-01
3.523940000000000055e+02 7.047971886004869013e-01
3.517520000000000095e+02 7.047583259079954754e-01
3.511109999999999900e+02 5.708682060714076467e-01
3.504689999999999941e+02 6.205688150178555462e-01
3.498269999999999982e+02 6.396434647956673603e-01
3.491859999999999786e+02 6.281385650125997921e-01
3.485450000000000159e+02 6.166762094188514842e-01
3.479019999999999868e+02 6.050994123353404808e-01
3.472599999999999909e+02 5.668814250638580798e-01
3.466190000000000282e+02 5.591971600656797659e-01
3.459769999999999754e+02 5.438693600460776656e-01
3.453340000000000032e+02 5.935411498732162672e-01
3.446929999999999836e+02 6.240740752499140953e-01
3.440509999999999877e+02 6.010938926479417743e-01
3.434089999999999918e+02 5.934097701736267272e-01
3.427660000000000196e+02 5.551823410110862111e-01
3.421240000000000236e+02 6.354069496967543751e-01
3.414820000000000277e+02 6.544669692552820273e-01
3.408399999999999750e+02 6.505690267477989286e-01
3.401970000000000027e+02 6.849648244633118610e-01
3.395539999999999736e+02 6.925504483251355703e-01
3.389119999999999777e+02 6.733799159404167956e-01
3.382690000000000055e+02 6.925149472672313955e-01
3.376259999999999764e+02 7.879206392371337353e-01
3.369839999999999804e+02 8.489842316227839136e-01
3.363419999999999845e+02 8.145910172151610285e-01
3.356979999999999791e+02 7.648768661251742484e-01
3.350550000000000068e+02 7.533869498152161448e-01
3.344130000000000109e+02 7.190212210680468896e-01
3.337690000000000055e+02 7.303779266572718587e-01
3.331259999999999764e+02 7.494434977896737848e-01
3.324830000000000041e+02 8.524307773891584006e-01
3.318389999999999986e+02 8.066804486939833652e-01
3.311960000000000264e+02 8.714553987745269348e-01
3.305539999999999736e+02 8.446709644519639903e-01
3.299110000000000014e+02 8.980436796655903997e-01
3.292660000000000196e+02 9.323764585717682074e-01
3.286229999999999905e+02 9.857548096279370453e-01
3.279800000000000182e+02 9.704762462365730258e-01
3.273360000000000127e+02 9.436358420402239933e-01
3.266929999999999836e+02 8.558609692726023566e-01
3.260489999999999782e+02 8.405591109244007209e-01
3.254049999999999727e+02 8.214270848500497824e-01
3.247610000000000241e+02 8.671715225831395646e-01
3.241179999999999950e+02 8.366118076464080788e-01
3.234730000000000132e+02 8.594370241217852424e-01
3.228290000000000077e+02 8.631706274638220044e-01
3.221840000000000259e+02 9.356602793889085001e-01
3.215409999999999968e+02 9.431868939981441491e-01
3.208969999999999914e+02 1.023160020807212911e+00
3.202520000000000095e+02 1.068957508868878081e+00
3.196080000000000041e+02 1.065043136167685089e+00
3.189639999999999986e+02 1.099294640057865369e+00
3.183190000000000168e+02 1.148810822524663600e+00
3.176750000000000114e+02 1.080132226364591164e+00
3.170310000000000059e+02 9.696296208597345867e-01
3.163860000000000241e+02 9.694270912662684703e-01
3.157420000000000186e+02 9.465738572224102754e-01
3.150980000000000132e+02 8.893495614896845813e-01
3.144519999999999982e+02 8.740032110050774961e-01
3.138079999999999927e+02 8.472899473815079796e-01
3.131619999999999777e+02 8.319970449402388502e-01
3.125179999999999723e+02 8.090590638206690555e-01
3.118729999999999905e+02 8.204052319166537099e-01
3.112269999999999754e+02 9.575850604012405842e-01
3.105830000000000268e+02 9.003660541946498785e-01
3.099370000000000118e+02 8.774374163081071210e-01
3.092919999999999732e+02 8.888512122504923507e-01
3.086469999999999914e+02 8.659423050775374442e-01
3.080009999999999764e+02 9.458955815646381549e-01
3.073570000000000277e+02 9.915060191272232482e-01
3.067099999999999795e+02 1.006777396689379378e+00
3.060649999999999977e+02 9.914355541535704308e-01
3.054200000000000159e+02 9.875217073226232323e-01
3.047740000000000009e+02 9.837151359385321037e-01
3.041290000000000191e+02 9.799008390871483121e-01
3.034820000000000277e+02 1.086415296449886103e+00
3.028369999999999891e+02 1.154880007247690799e+00
3.021920000000000073e+02 1.208015774849558799e+00
3.015450000000000159e+02 1.173787211702379318e+00
3.008999999999999773e+02 1.097543036652763204e+00
3.002529999999999859e+02 1.207934712851825187e+00
2.996080000000000041e+02 1.162176496154168959e+00
2.989610000000000127e+02 1.108752437556315362e+00
2.983149999999999977e+02 1.207746750608170050e+00
2.976700000000000159e+02 1.158222932522867232e+00
2.970230000000000246e+02 1.165711859293979247e+00
2.963770000000000095e+02 1.093270909976890692e+00
2.957300000000000182e+02 1.070466244166744296e+00
2.950840000000000032e+02 1.104645509039658302e+00
2.944370000000000118e+02 1.024675671757244944e+00
2.937909999999999968e+02 1.058870063749752788e+00
2.931429999999999723e+02 1.241401848345937475e+00
2.924970000000000141e+02 1.237535432160236315e+00
2.918500000000000227e+02 1.180409822595320568e+00
2.912040000000000077e+02 1.161298251569576667e+00
2.905570000000000164e+02 1.218174748277933706e+00
2.899100000000000250e+02 1.290497438895519045e+00
2.892629999999999768e+02 1.396828832053248259e+00
2.886159999999999854e+02 1.461485746841794109e+00
2.879689999999999941e+02 1.507030171851331701e+00
2.873210000000000264e+02 1.514566498912196302e+00
2.866750000000000114e+02 1.499237780544497634e+00
2.860269999999999868e+02 1.582819855171224699e+00
2.853799999999999955e+02 1.613138597097842686e+00
2.847320000000000277e+02 1.597839401677685789e+00
2.840849999999999795e+02 1.677542570863143734e+00
2.834370000000000118e+02 1.715510917444675210e+00
2.827900000000000205e+02 1.795157251339813076e+00
2.821419999999999959e+02 1.863539077491020546e+00
2.814950000000000045e+02 1.897525480656399921e+00
2.808469999999999800e+02 1.973535861295108385e+00
2.801990000000000123e+02 1.912617684762707881e+00
2.795509999999999877e+02 1.874482689141065750e+00
2.789039999999999964e+02 1.901074146931905462e+00
2.782549999999999955e+02 1.904675159028031750e+00
2.776080000000000041e+02 1.912182249933323197e+00
2.769590000000000032e+02 1.889269232994002179e+00
2.763120000000000118e+02 1.930902255936531642e+00
2.756630000000000109e+02 1.900475072639270291e+00
2.750149999999999864e+02 1.938246420476961163e+00
2.743659999999999854e+02 2.105356344148876069e+00
2.737189999999999941e+02 2.234276859411924221e+00
2.730699999999999932e+02 2.272211090507159525e+00
2.724220000000000255e+02 2.245423262937712217e+00
2.717730000000000246e+02 2.199773542700812268e+00
2.711240000000000236e+02 2.165447193939885828e+00
2.704759999999999991e+02 2.104635322272855102e+00
2.698260000000000218e+02 2.146256070282373862e+00
2.691779999999999973e+02 2.222067144887903023e+00
2.685289999999999964e+02 2.119443668693576921e+00
2.678809999999999718e+02 2.096446702121520289e+00
2.672309999999999945e+02 2.066073073888413880e+00
2.665830000000000268e+02 2.115226780331366463e+00
2.659329999999999927e+02 2.266929324438309745e+00
2.652839999999999918e+02 2.335165505518005169e+00
2.646349999999999909e+02 2.441263479083184418e+00
2.639850000000000136e+02 2.384240238508167131e+00
2.633369999999999891e+02 2.361237123115684344e+00
2.626870000000000118e+02 2.429451914244521227e+00
2.620380000000000109e+02 2.380060623826719457e+00
2.613879999999999768e+02 2.482273787637721885e+00
2.607400000000000091e+02 2.436736494133964648e+00
2.600899999999999750e+02 2.334094548573161454e+00
2.594390000000000214e+02 2.398440171875695803e+00
2.587900000000000205e+02 2.356519979060903047e+00
2.581399999999999864e+02 2.367771669905091247e+00
2.574909999999999854e+02 2.352481071126643286e+00
2.568410000000000082e+02 2.469890212559337161e+00
2.561899999999999977e+02 2.560829376019948533e+00
2.555409999999999968e+02 2.518911726359066794e+00
2.548899999999999864e+02 2.579453243057562961e+00
2.542410000000000139e+02 2.583154027124242358e+00
2.535910000000000082e+02 2.503327417401732369e+00
2.529399999999999977e+02 2.510716420335418864e+00
2.522899999999999920e+02 2.552412261435036189e+00
2.516399999999999864e+02 2.639380010145111033e+00
2.509900000000000091e+02 2.529276482654671199e+00
2.503389999999999986e+02 2.544275612114399454e+00
2.496879999999999882e+02 2.608634916616122901e+00
2.490380000000000109e+02 2.627311405459703320e+00
2.483870000000000005e+02 2.714413036164555759e+00
2.477359999999999900e+02 2.793811002467360360e+00
2.470860000000000127e+02 2.767133153012056201e+00
2.464350000000000023e+02 2.857894166878309772e+00
2.457849999999999966e+02 2.744064259813548290e+00
2.451330000000000098e+02 2.815913632679473810e+00
2.444819999999999993e+02 2.770257370032986000e+00
2.438319999999999936e+02 2.732297485900638812e+00
2.431800000000000068e+02 2.705549892076700491e+00
2.425289999999999964e+02 2.705393388931337295e+00
2.418779999999999859e+02 2.818780627454861243e+00
2.412270000000000039e+02 2.898208063443834970e+00
2.405749999999999886e+02 2.837512210183648520e+00
2.399240000000000066e+02 2.966003067702588591e+00
2.392719999999999914e+02 2.965912848435309446e+00
2.386200000000000045e+02 3.030101806302567535e+00
2.379699999999999989e+02 3.022321438405364713e+00
2.373180000000000121e+02 3.112993301674801039e+00
2.366670000000000016e+02 3.112894672254898687e+00
2.360149999999999864e+02 3.116393223783546773e+00
2.353629999999999995e+02 3.184397168955466206e+00
2.347100000000000080e+02 3.309128562183220712e+00
2.340600000000000023e+02 3.297492366861439095e+00
2.334070000000000107e+02 3.289780218038479198e+00
2.327549999999999955e+02 3.422085485767706992e+00
2.321040000000000134e+02 3.523971070073750766e+00
2.314509999999999934e+02 3.512487445799118202e+00
2.307980000000000018e+02 3.610595921474430536e+00
2.301469999999999914e+02 3.610386272932737839e+00
2.294939999999999998e+02 3.572342508754640988e+00
2.288420000000000130e+02 3.507829741416016667e+00
2.281899999999999977e+02 3.639986411362172714e+00
2.275370000000000061e+02 3.741898521108098841e+00
2.268839999999999861e+02 3.802297804022716221e+00
2.262330000000000041e+02 3.896428611100789308e+00
2.255800000000000125e+02 4.017258745752381621e+00
2.249269999999999925e+02 4.020863372815001391e+00
2.242729999999999961e+02 4.051011732872042970e+00
2.236220000000000141e+02 4.148944415605642533e+00
2.229679999999999893e+02 4.182838290551795346e+00
2.223149999999999977e+02 4.224078034843286034e+00
2.216630000000000109e+02 4.174837817757853564e+00
2.210099999999999909e+02 4.117764339836903709e+00
2.203559999999999945e+02 4.057022988585553769e+00
2.197019999999999982e+02 4.034170679581805530e+00
2.190500000000000114e+02 4.060385820516884792e+00
2.183969999999999914e+02 4.067658689769013236e+00
2.177429999999999950e+02 4.063665630304815757e+00
2.170889999999999986e+02 4.097464488752385670e+00
2.164370000000000118e+02 4.040500440532468929e+00
2.157829999999999870e+02 4.108329445504174338e+00
2.151289999999999907e+02 4.077811830973099738e+00
2.144749999999999943e+02 4.190920808564930766e+00
2.138220000000000027e+02 4.202017793424227321e+00
2.131680000000000064e+02 4.220619728367007717e+00
2.125140000000000100e+02 4.254395097435422102e+00
2.118600000000000136e+02 4.197525629149668980e+00
2.112069999999999936e+02 4.287915238485343394e+00
2.105529999999999973e+02 4.264985677177300261e+00
2.098979999999999961e+02 4.245892176727237732e+00
2.092439999999999998e+02 4.200210805640561595e+00
2.085910000000000082e+02 4.203797925553756087e+00
2.079360000000000070e+02 4.199799082987079046e+00
2.072820000000000107e+02 4.188216746837248650e+00
2.066270000000000095e+02 4.108707040261143639e+00
2.059739999999999895e+02 4.183973661453045167e+00
2.053189999999999884e+02 4.179895134360386955e+00
2.046639999999999873e+02 4.145731647941770959e+00
2.040089999999999861e+02 4.160570079185410997e+00
2.033540000000000134e+02 4.164075060766330161e+00
2.027009999999999934e+02 4.058264955018370479e+00
2.020459999999999923e+02 4.027784509451008965e+00
2.013909999999999911e+02 3.952070551699896406e+00
2.007350000000000136e+02 4.042387483389290104e+00
2.000800000000000125e+02 4.015743614430459019e+00
1.994259999999999877e+02 3.943792649415844842e+00
1.987709999999999866e+02 3.947308529882139982e+00
1.981160000000000139e+02 3.924504553162194043e+00
1.974600000000000080e+02 3.984567345870161148e+00
1.968050000000000068e+02 3.912634600651827554e+00
1.961510000000000105e+02 3.901242642915836889e+00
1.954950000000000045e+02 3.995266865143295210e+00
1.948389999999999986e+02 3.923345692845354726e+00
1.941839999999999975e+02 3.885400169134009207e+00
1.935279999999999916e+02 3.926628573364797870e+00
1.928739999999999952e+02 3.979092255711580872e+00
1.922179999999999893e+02 3.971364179861244015e+00
1.915620000000000118e+02 4.076670149860630588e+00
1.909060000000000059e+02 4.219747662877694871e+00
1.902500000000000000e+02 4.283661732651009579e+00
1.895939999999999941e+02 4.226820009164330649e+00
1.889389999999999930e+02 4.335749799108313596e+00
1.882829999999999870e+02 4.418451598476044850e+00
1.876270000000000095e+02 4.508632979583701683e+00
1.869699999999999989e+02 4.493387273246307601e+00
1.863139999999999930e+02 4.493120839102340724e+00
1.856570000000000107e+02 4.424972544094239346e+00
1.850010000000000048e+02 4.379539856306601919e+00
1.843460000000000036e+02 4.447072401597379709e+00
1.836889999999999930e+02 4.541043943397762739e+00
1.830329999999999870e+02 4.631098747451564357e+00
1.823760000000000048e+02 4.683631515138598544e+00
1.817189999999999941e+02 4.660815275888173126e+00
1.810620000000000118e+02 4.894119038398494936e+00
1.804050000000000011e+02 5.070854000028824693e+00
1.797500000000000000e+02 5.149380455199563222e+00
1.790929999999999893e+02 5.299804881696338121e+00
1.784360000000000070e+02 5.318360145683213247e+00
1.777789999999999964e+02 5.389617915147612237e+00
1.771220000000000141e+02 5.426871293971270660e+00
1.764650000000000034e+02 5.468023746413747332e+00
1.758069999999999879e+02 5.524133596965865145e+00
1.751500000000000057e+02 5.489977326572256899e+00
1.744939999999999998e+02 5.553479253602913168e+00
1.738369999999999891e+02 5.684944418628528950e+00
1.731790000000000020e+02 5.771190140753883036e+00
1.725219999999999914e+02 5.880026234523102246e+00
1.718640000000000043e+02 6.015186975106447953e+00
1.712059999999999889e+02 6.123913499975993879e+00
1.705490000000000066e+02 6.213932821971736686e+00
1.698909999999999911e+02 6.269967211388936867e+00
1.692330000000000041e+02 6.265853889633266505e+00
1.685749999999999886e+02 6.254183164975875897e+00
1.679190000000000111e+02 6.344092128305898193e+00
1.672609999999999957e+02 6.332417924922053132e+00
1.666030000000000086e+02 6.474961469410770221e+00
1.659449999999999932e+02 6.395601703531610838e+00
1.652870000000000061e+02 6.286191666323168725e+00
1.646279999999999859e+02 6.315872641399592702e+00
1.639699999999999989e+02 6.409480609077075286e+00
1.633120000000000118e+02 6.544503422516497970e+00
1.626539999999999964e+02 6.577981349332755023e+00
1.619950000000000045e+02 6.517404099249819005e+00
1.613369999999999891e+02 6.513277745299323129e+00
1.606779999999999973e+02 6.441423491948869540e+00
1.600190000000000055e+02 6.471082014057779830e+00
1.593609999999999900e+02 6.538413584696114000e+00
1.587040000000000077e+02 6.568144913789953243e+00
1.580449999999999875e+02 6.631564725691143636e+00
1.573859999999999957e+02 6.623616156591635828e+00
1.567270000000000039e+02 6.690840224287045501e+00
1.560680000000000121e+02 6.682970016580635608e+00
1.554089999999999918e+02 6.716415811342909770e+00
1.547500000000000000e+02 6.768606454674953810e+00
1.540910000000000082e+02 6.760732678814588503e+00
1.534319999999999879e+02 6.790353183379522761e+00
1.527729999999999961e+02 6.816237130575093950e+00
1.521140000000000043e+02 6.793268651069273467e+00
1.514540000000000077e+02 6.811683596799556817e+00
1.507949999999999875e+02 6.830015705307490137e+00
1.501359999999999957e+02 7.081189169513299575e+00
1.494759999999999991e+02 7.182249788838697135e+00
1.488170000000000073e+02 7.238114697158803068e+00
1.481570000000000107e+02 7.414185299424191911e+00
1.474970000000000141e+02 7.432555477454426907e+00
1.468379999999999939e+02 7.540951372636332195e+00
1.461779999999999973e+02 7.611864794574341175e+00
1.455180000000000007e+02 7.769055617208948661e+00
1.448580000000000041e+02 7.839946460828230101e+00
1.441980000000000075e+02 7.715573180505608697e+00
1.435380000000000109e+02 7.827728801877284148e+00
1.428779999999999859e+02 7.906061910358999079e+00
1.422179999999999893e+02 8.051999010605124241e+00
1.415579999999999927e+02 8.122850722566376191e+00
1.408979999999999961e+02 8.174887439476362871e+00
1.402379999999999995e+02 8.219379458517199311e+00
1.395769999999999982e+02 8.248870621745181708e+00
1.389170000000000016e+02 8.391014061064149487e+00
1.382560000000000002e+02 8.653081555782650369e+00
1.375960000000000036e+02 8.821358033850968283e+00
1.369350000000000023e+02 8.967167259359099418e+00
1.362750000000000057e+02 9.045382744277269182e+00
1.356140000000000043e+02 9.213684648236744934e+00
1.349540000000000077e+02 9.370624405248630495e+00
1.342930000000000064e+02 9.632617390546760916e+00
1.336320000000000050e+02 9.890771066619379326e+00
1.329710000000000036e+02 1.006643249305670018e+01
1.323100000000000023e+02 1.019331176431235875e+01
1.316490000000000009e+02 1.046636759346128365e+01
1.309879999999999995e+02 1.058567496429813737e+01
1.303269999999999982e+02 1.067881015617815166e+01
1.296659999999999968e+02 1.094806124422160210e+01
1.290049999999999955e+02 1.108990861578759102e+01
1.283420000000000130e+02 1.115675990679087981e+01
1.276809999999999974e+02 1.124983705101193721e+01
1.270190000000000055e+02 1.144401868759236507e+01
1.263580000000000041e+02 1.138714085645750806e+01
1.256959999999999980e+02 1.129270860412063016e+01
1.250349999999999966e+02 1.138567316925179007e+01
1.243730000000000047e+02 1.143378515827229869e+01
1.237120000000000033e+02 1.144053501454177102e+01
1.230499999999999972e+02 1.152230382432593458e+01
1.223880000000000052e+02 1.155526538263124081e+01
1.217259999999999991e+02 1.141222404505880839e+01
1.210639999999999930e+02 1.122048975257875902e+01
1.204030000000000058e+02 1.126106964462429083e+01
1.197409999999999997e+02 1.124169340987605104e+01
1.190780000000000030e+02 1.101634900170237330e+01
1.184150000000000063e+02 1.098914196898075346e+01
1.177530000000000001e+02 1.088744005945056870e+01
1.170909999999999940e+02 1.072953577527711033e+01
1.164279999999999973e+02 1.057537009293999475e+01
1.157660000000000053e+02 1.053735980538927564e+01
1.151039999999999992e+02 1.046555053874524610e+01
1.144410000000000025e+02 1.031522943019142602e+01
1.137789999999999964e+02 1.017600527578243330e+01
1.131159999999999997e+02 1.018298230799728366e+01
1.124539999999999935e+02 1.012996877030118092e+01
1.117890000000000015e+02 1.006555965467270042e+01
1.111269999999999953e+02 1.009121661836018191e+01
1.104639999999999986e+02 1.000822730443422159e+01
1.098010000000000019e+02 9.944000544101104566e+00
1.091380000000000052e+02 9.849876275345492260e+00
1.084749999999999943e+02 9.834320419567388782e+00
1.078119999999999976e+02 9.601858790985767556e+00
1.071490000000000009e+02 9.485468789680002288e+00
1.064849999999999994e+02 9.128858497289582985e+00
1.058209999999999980e+02 8.832891999963514706e+00
1.051580000000000013e+02 8.447199112338036997e+00
1.044950000000000045e+02 8.353286898575532859e+00
1.038319999999999936e+02 8.064935999626692720e+00
1.031680000000000064e+02 7.813859383842861384e+00
1.025049999999999955e+02 7.581473339811392265e+00
1.018400000000000034e+02 7.509766566286164569e+00
1.011760000000000019e+02 7.356011597288877546e+00
1.005130000000000052e+02 7.452794858594393723e+00
9.984900000000000375e+01 7.489725632863847515e+00
9.918529999999999802e+01 7.493059761762646431e+00
9.852150000000000318e+01 7.469989521168661994e+00
9.785769999999999413e+01 7.704887908074319114e+00
9.719230000000000302e+01 7.985210145622641420e+00
9.652830000000000155e+01 8.253792772575858194e+00
9.586430000000000007e+01 8.477297289655922441e+00
9.520029999999999859e+01 8.764381927417574047e+00
9.453610000000000468e+01 9.159751183798555019e+00
9.387199999999999989e+01 9.555071591192378477e+00
9.320619999999999550e+01 9.835497378673998981e+00
9.254200000000000159e+01 1.015228580046623463e+01
9.187760000000000105e+01 1.023751890010963272e+01
9.121320000000000050e+01 1.039374910085614800e+01
9.054879999999999995e+01 1.046402957308981208e+01
8.988280000000000314e+01 1.073995470361037974e+01
8.921819999999999595e+01 1.083634347190185210e+01
8.855360000000000298e+01 1.083938413349672203e+01
8.788890000000000668e+01 1.083492223364903495e+01
8.722419999999999618e+01 1.109930292348739300e+01
8.655939999999999657e+01 1.132243552783753238e+01
8.589300000000000068e+01 1.161723710431452439e+01
8.522809999999999775e+01 1.176200249734778325e+01
8.456319999999999482e+01 1.199263215733559207e+01
8.389820000000000277e+01 1.205155944155715275e+01
8.323160000000000025e+01 1.224142173322386107e+01
8.256650000000000489e+01 1.235628004187305606e+01
8.190130000000000621e+01 1.257576950415652384e+01
8.123609999999999332e+01 1.269808958114703223e+01
8.057080000000000553e+01 1.262265604204334579e+01
7.990389999999999304e+01 1.274890528494520581e+01
7.923850000000000193e+01 1.294574663495858147e+01
7.857299999999999329e+01 1.318366701796745133e+01
7.790749999999999886e+01 1.336554710019551706e+01
7.724039999999999395e+01 1.348446493281857883e+01
7.657479999999999620e+01 1.367379714234341748e+01
7.590909999999999513e+01 1.363185333348097750e+01
7.524339999999999407e+01 1.382493909352797345e+01
7.457760000000000389e+01 1.393606523563488686e+01
7.391020000000000323e+01 1.380831302681598238e+01
7.324429999999999552e+01 1.381865073772846131e+01
7.257829999999999870e+01 1.365378930778118693e+01
7.191230000000000189e+01 1.358584449994064336e+01
7.124469999999999459e+01 1.364451562860396194e+01
7.057850000000000534e+01 1.361016249034466341e+01
6.991230000000000189e+01 1.378454844763427367e+01
6.924609999999999843e+01 1.367538226331719819e+01
6.857829999999999870e+01 1.373065017157440870e+01
6.791190000000000282e+01 1.375588050713852795e+01
6.724550000000000693e+01 1.371025833217625589e+01
6.657750000000000057e+01 1.373918753855987518e+01
6.591100000000000136e+01 1.363778481289840094e+01
6.524439999999999884e+01 1.367049956898702234e+01
6.457769999999999300e+01 1.362497335045085833e+01
6.390950000000000131e+01 1.353083761627493686e+01
6.324269999999999925e+01 1.355236526006814479e+01
6.257589999999999719e+01 1.364454718732740801e+01
6.190899999999999892e+01 1.371072538661197626e+01
6.124060000000000059e+01 1.372869456249949671e+01
6.057359999999999900e+01 1.377619190686209727e+01
5.990659999999999741e+01 1.383502724119322913e+01
5.923799999999999955e+01 1.367382225092920400e+01
5.857079999999999842e+01 1.348689667416626037e+01
5.790359999999999729e+01 1.354195747088485824e+01
5.723629999999999995e+01 1.348528702503086585e+01
5.656750000000000256e+01 1.333162324598363746e+01
5.590010000000000190e+01 1.337550347203971413e+01
5.523270000000000124e+01 1.331877293055789657e+01
5.456360000000000099e+01 1.333667196276951827e+01
5.389609999999999701e+01 1.341013357003672191e+01
5.322849999999999682e+01 1.358787031912405041e+01
5.255930000000000035e+01 1.384027359125403578e+01
5.189159999999999684e+01 1.372034019071679722e+01
5.122379999999999711e+01 1.381618663507695111e+01
5.055440000000000111e+01 1.387118347858335632e+01
4.988660000000000139e+01 1.383679351026308169e+01
4.921860000000000213e+01 1.378769889913190383e+01
4.854910000000000281e+01 1.376062944799936005e+01
4.788100000000000023e+01 1.386769267868914746e+01
4.721289999999999765e+01 1.387790956680391297e+01
4.654319999999999879e+01 1.379901029584423533e+01
4.587500000000000000e+01 1.385759968640426187e+01
4.520669999999999789e+01 1.368937064827288985e+01
4.453679999999999950e+01 1.368103471170736896e+01
4.386840000000000117e+01 1.369880999711205050e+01
4.320000000000000284e+01 1.386535148538673567e+01
4.252989999999999782e+01 1.379740498548379968e+01
4.186129999999999995e+01 1.369252227876105188e+01
4.119270000000000209e+01 1.347971131420684721e+01
4.052250000000000085e+01 1.344159566967968189e+01
3.985379999999999967e+01 1.347800798307930314e+01
3.918500000000000227e+01 1.358130377393506549e+01
3.851460000000000150e+01 1.358036373494938331e+01
3.784570000000000078e+01 1.354971893236828073e+01
3.717519999999999669e+01 1.344112096200674777e+01
3.650619999999999976e+01 1.336962681348292570e+01
3.583709999999999951e+01 1.341710569856809343e+01
3.516640000000000299e+01 1.344972679205338473e+01
3.449719999999999942e+01 1.335978435140690834e+01
3.382800000000000296e+01 1.336263084513173105e+01
3.315709999999999980e+01 1.324276854791282787e+01
3.248780000000000001e+01 1.298947178268722524e+01
3.181680000000000064e+01 1.291787344353596367e+01
3.114730000000000132e+01 1.292828826316408097e+01
3.047779999999999845e+01 1.301660697187804061e+01
2.980669999999999931e+01 1.273715147226237399e+01
2.913700000000000045e+01 1.272158297618099354e+01
2.846730000000000160e+01 1.275053661552529860e+01
2.779599999999999937e+01 1.254165651284133176e+01
2.712620000000000076e+01 1.246289977244794045e+01
2.645479999999999876e+01 1.242858262570313066e+01
2.578490000000000038e+01 1.232033023659723270e+01
2.511329999999999885e+01 1.207800942302560543e+01
2.444330000000000069e+01 1.180637287909796562e+01
2.377319999999999922e+01 1.177988447225092905e+01
2.310150000000000148e+01 1.145586398240025261e+01
2.243130000000000024e+01 1.126240455524363604e+01
2.175949999999999918e+01 1.106832653818663914e+01
2.108909999999999840e+01 1.082289146697189253e+01
2.041870000000000118e+01 1.067030773081384432e+01
1.974680000000000035e+01 1.031311734192231278e+01
1.907629999999999981e+01 1.011233748350283257e+01
1.840419999999999945e+01 9.948125521377116698e+00
1.773349999999999937e+01 9.687933641686125696e+00
1.706129999999999924e+01 9.638916296846089082e+00
1.639059999999999917e+01 9.371405498820342572e+00
1.571979999999999933e+01 9.218820513802594263e+00
1.504739999999999966e+01 9.169841877599548496e+00
1.437650000000000006e+01 9.043164267461401451e+00
1.370410000000000039e+01 9.057405310576625013e+00
1.303299999999999947e+01 8.893744648660208085e+00
1.236040000000000028e+01 8.807794976462666625e+00
1.168929999999999936e+01 8.703516978658768721e+00
1.101660000000000039e+01 8.784485305398545663e+00
1.034529999999999994e+01 9.195289510100714381e+00
9.672489999999999810e+00 9.528768433846368069e+00
9.001129999999999853e+00 9.898396887336200933e+00
8.329710000000000392e+00 1.020480768407909267e+01
7.656710000000000349e+00 1.082756852931080971e+01
6.985170000000000101e+00 1.235621442425031624e+01
6.312050000000000161e+00 1.394453842202935157e+01
5.640399999999999636e+00 1.559597462586143379e+01
4.967170000000000307e+00 1.700980399785543185e+01
4.295410000000000394e+00 1.822321208894366862e+01
3.622059999999999835e+00 1.943590126481488767e+01
2.950180000000000025e+00 2.057129551586295335e+01
2.276720000000000077e+00 2.184601090439718973e+01
1.604729999999999990e+00 2.279323519394254305e+01
9.311519999999999797e-01 2.294058290656195709e+01
2.590439999999999965e-01 2.294583101680745685e+01
