6.869719999999999800e+02 -8.174880757701874154e-03
6.863600000000000136e+02 1.456272197355009020e-02
6.857469999999999573e+02 1.932831063436271993e-02
6.851349999999999909e+02 3.729918931696486750e-02
6.845230000000000246e+02 3.363424773274342749e-02
6.839120000000000346e+02 4.096254727007701130e-02
6.832989999999999782e+02 2.629517274856289777e-02
6.826870000000000118e+02 6.294709896183652009e-02
6.820739999999999554e+02 -2.501424873929844472e-02
6.814610000000000127e+02 -2.941851344078943303e-02
6.808490000000000464e+02 -4.698883920666848540e-02
6.802359999999999900e+02 1.366245451812913778e-03
6.796230000000000473e+02 3.213076918554972489e-02
6.790099999999999909e+02 5.723113375856590801e-03
6.783980000000000246e+02 -2.067432423994667104e-02
6.777859999999999445e+02 -6.007495052816386183e-02
6.771730000000000018e+02 -1.620312845297236862e-02
6.765599999999999454e+02 -7.442115449614851441e-03
6.759470000000000027e+02 -5.579179561789759240e-02
6.753339999999999463e+02 5.408124907150380078e-02
6.747210000000000036e+02 -7.774353048222897022e-02
6.741079999999999472e+02 -4.258733682509328877e-02
6.734940000000000282e+02 1.199844664132302813e-01
6.728809999999999718e+02 1.331846016536815114e-01
6.722680000000000291e+02 1.156059315519402941e-01
6.716539999999999964e+02 3.650018347165518567e-02
6.710410000000000537e+02 -3.047104936641437719e-03
6.704270000000000209e+02 1.012552637479485242e-02
6.698150000000000546e+02 -6.893753037132618888e-02
6.692010000000000218e+02 5.410225990387818040e-02
6.685879999999999654e+02 8.923329029004431479e-02
6.679740000000000464e+02 1.449977146211292069e-02
6.673600000000000136e+02 2.770920930658534939e-02
6.667459999999999809e+02 5.846446236032008803e-02
6.661330000000000382e+02 5.408903204031092343e-02
6.655190000000000055e+02 3.212057934071789467e-02
6.649049999999999727e+02 -3.018216410600187312e-03
6.642910000000000537e+02 -3.814655040924686685e-02
6.636770000000000209e+02 -1.040463982863778641e-01
6.630629999999999882e+02 -1.787310160496973221e-01
6.624479999999999791e+02 -2.314568645325721097e-01
6.618339999999999463e+02 -2.051040921163033159e-01
6.612200000000000273e+02 -2.270763130498986426e-01
6.606059999999999945e+02 -2.578150559379447926e-01
6.599909999999999854e+02 -2.138910345313382866e-01
6.593769999999999527e+02 -2.007092728988156272e-01
6.587619999999999436e+02 -9.528706679668400015e-02
6.581480000000000246e+02 -7.332169440676966632e-02
6.575330000000000155e+02 -5.574967911204116444e-02
6.569189999999999827e+02 2.770268257827884426e-02
6.563039999999999736e+02 1.013178898047161977e-02
6.556889999999999645e+02 5.844038771286684530e-02
6.550750000000000455e+02 1.067761065502897122e-01
6.544600000000000364e+02 1.155500226620092968e-01
6.538450000000000273e+02 1.682570102132528445e-01
6.532300000000000182e+02 1.375084167447839512e-01
6.526150000000000091e+02 8.042608755424353328e-02
6.520000000000000000e+02 9.361105320659951490e-02
6.513849999999999909e+02 1.199341217061329762e-01
6.507699999999999818e+02 1.462849153166742855e-01
6.501549999999999727e+02 4.528548022413435986e-02
6.495389999999999873e+02 5.776226873504772610e-03
6.489239999999999782e+02 -1.619280745096034896e-02
6.483089999999999691e+02 -2.498573227849258671e-02
6.476929999999999836e+02 -9.085246486174571034e-02
6.470779999999999745e+02 2.771548363012647093e-02
6.464629999999999654e+02 1.454963640018806792e-02
6.458469999999999800e+02 -2.503176326834967783e-02
6.452319999999999709e+02 -5.141851041771827030e-02
6.446159999999999854e+02 5.835934137857969051e-02
6.439990000000000236e+02 1.199330167709876799e-01
6.433830000000000382e+02 5.843358506747558384e-02
6.427670000000000528e+02 -2.061028050291307742e-02
6.421520000000000437e+02 4.526777913898366590e-02
6.415359999999999445e+02 -3.814588314659799612e-02
6.409199999999999591e+02 -7.325515221249818965e-02
6.403039999999999736e+02 -9.961930444192904077e-02
6.396879999999999882e+02 -1.259637511063670112e-01
6.390720000000000027e+02 -1.259714716745422014e-01
6.384560000000000173e+02 -1.084252730426557981e-01
6.378400000000000318e+02 -6.452534778432186813e-02
6.372229999999999563e+02 1.336469158389898921e-03
6.366069999999999709e+02 -2.062636241362175368e-02
6.359909999999999854e+02 -3.376943792961812491e-02
6.353730000000000473e+02 2.329860933930973793e-02
6.347569999999999482e+02 -3.377797260808799995e-02
6.341399999999999864e+02 -2.938707880722446139e-02
6.335240000000000009e+02 -5.131949188802314293e-02
6.329070000000000391e+02 -1.039928446157173253e-01
6.322899999999999636e+02 1.011678843851714082e-02
6.316739999999999782e+02 1.447837352482140953e-02
6.310570000000000164e+02 4.079039253560706735e-02
6.304400000000000546e+02 9.347041491552021686e-02
6.298220000000000027e+02 9.797286587432439686e-02
6.292050000000000409e+02 1.374428971102596153e-01
6.285879999999999654e+02 1.593808044483754904e-01
6.279710000000000036e+02 1.242601416171484341e-01
6.273540000000000418e+02 2.076919123897914554e-01
6.267369999999999663e+02 3.651046820873226489e-02
6.261200000000000045e+02 2.335058330898968221e-02
6.255030000000000427e+02 5.840981431060304069e-02
6.248840000000000146e+02 -3.816934767159232272e-02
6.242670000000000528e+02 -5.570757589857327358e-02
6.236499999999999773e+02 -9.521111960050579470e-02
6.230320000000000391e+02 -1.127385671197525113e-01
6.224149999999999636e+02 -1.302655225708319875e-01
6.217980000000000018e+02 -2.356135865373903404e-01
6.211799999999999500e+02 -1.302808068493684357e-01
6.205610000000000355e+02 -9.516648313477897581e-02
6.199429999999999836e+02 -2.004916142399124357e-01
6.193260000000000218e+02 -1.785725433476011703e-01
6.187079999999999700e+02 -1.785794992894480238e-01
6.180900000000000318e+02 -6.012644231530823308e-02
6.174719999999999800e+02 -3.382152844764511890e-02
6.168529999999999518e+02 5.781409198585550288e-03
6.162350000000000136e+02 2.329791642374698379e-02
6.156169999999999618e+02 1.452045921149901220e-02
6.149990000000000236e+02 -5.569577444743344791e-02
6.143809999999999718e+02 2.327797115563242855e-02
6.137630000000000337e+02 8.476231838204760505e-02
6.131430000000000291e+02 1.154319314991087281e-01
6.125249999999999773e+02 1.022939715454776327e-01
6.119070000000000391e+02 1.373601400774719372e-01
6.112889999999999873e+02 9.786503513391756059e-02
6.106699999999999591e+02 8.476578912712837144e-02
6.100510000000000446e+02 3.204219314673258795e-02
6.094320000000000164e+02 7.154269385766957867e-02
6.088139999999999645e+02 1.015874738576639895e-02
6.081950000000000500e+02 8.912036500562603436e-02
6.075760000000000218e+02 4.526050068613916150e-02
6.069560000000000173e+02 8.038982914123825319e-02
6.063379999999999654e+02 3.209632309635009756e-02
6.057190000000000509e+02 8.468982732278855508e-02
6.051000000000000227e+02 1.022481233912912874e-01
6.044809999999999945e+02 1.592929114800768209e-01
6.038609999999999900e+02 1.329568809770065030e-01
6.032419999999999618e+02 1.943869268658903471e-01
6.026230000000000473e+02 1.636733685280908068e-01
6.020040000000000191e+02 1.374047307688236463e-01
6.013830000000000382e+02 1.011911232721525444e-02
6.007640000000000100e+02 1.452498769351791806e-02
6.001449999999999818e+02 -4.248735069485869847e-02
5.995249999999999773e+02 -7.372244759989141083e-03
5.989049999999999727e+02 -8.200596915281184451e-02
5.982849999999999682e+02 -2.495720794856193248e-02
5.976660000000000537e+02 -1.038995132461564413e-01
5.970460000000000491e+02 -1.565857252377261533e-01
5.964249999999999545e+02 -1.302258044024649231e-01
5.958060000000000400e+02 -7.759460318978173010e-02
5.951860000000000355e+02 -1.126855404319491577e-01
5.945670000000000073e+02 -9.074224426777710573e-02
5.939450000000000500e+02 -9.074094393400787550e-02
5.933260000000000218e+02 -2.056804044604478021e-02
5.927060000000000173e+02 -5.568620722598498218e-02
5.920860000000000127e+02 1.009799994366831523e-02
5.914650000000000318e+02 1.890800751851057226e-02
5.908450000000000273e+02 1.013560357517761731e-02
5.902250000000000227e+02 -6.440766474375429762e-02
5.896029999999999518e+02 -3.813845804842611736e-02
5.889829999999999472e+02 -2.933773742926276684e-02
5.883630000000000564e+02 3.205462883942331032e-02
5.877419999999999618e+02 6.268813157380444256e-02
5.871209999999999809e+02 2.767749223980187426e-02
5.865000000000000000e+02 -1.618864701237349504e-02
5.858799999999999955e+02 5.692045585852454834e-03
5.852580000000000382e+02 -4.250118985420677648e-02
5.846380000000000337e+02 -3.012691982273585888e-03
5.840170000000000528e+02 -2.486375279594993729e-02
5.833949999999999818e+02 8.905054061238143470e-02
5.827740000000000009e+02 -4.248927866693225780e-02
5.821539999999999964e+02 -2.940887975731360307e-02
5.815320000000000391e+02 -2.054349861334334865e-02
5.809109999999999445e+02 4.080975993282930092e-02
5.802899999999999636e+02 1.007630759925792936e-02
5.796680000000000064e+02 3.641418117077795114e-02
5.790470000000000255e+02 -1.179151582619223856e-02
5.784260000000000446e+02 2.335341357858763955e-02
5.778049999999999500e+02 -1.344882834292953910e-01
5.771820000000000164e+02 -1.038598598701402920e-01
5.765610000000000355e+02 -2.002821039555781057e-01
5.759379999999999882e+02 -2.178837255395875416e-01
5.753170000000000073e+02 -2.660721305180465124e-01
5.746960000000000264e+02 -2.442124410339144847e-01
5.740729999999999791e+02 -7.748936438686607198e-02
5.734519999999999982e+02 -3.373044180511321904e-02
5.728300000000000409e+02 -3.134968237728192296e-03
5.722069999999999936e+02 8.031593606540356201e-02
5.715860000000000127e+02 8.025796557064938941e-02
5.709640000000000555e+02 7.589169486919543350e-02
5.703410000000000082e+02 7.145926773551540545e-02
5.697190000000000509e+02 6.278507443046166259e-02
5.690979999999999563e+02 3.656622330698622303e-02
5.684740000000000464e+02 -3.809140628895577724e-02
5.678529999999999518e+02 -2.931392184007504398e-02
5.672290000000000418e+02 -8.630120666110967231e-02
5.666069999999999709e+02 -8.630942746097158835e-02
5.659850000000000136e+02 -5.129664002268726625e-02
5.653619999999999663e+02 1.391068442093004861e-03
5.647400000000000091e+02 1.451289536935391165e-02
5.641169999999999618e+02 2.330779291238637557e-02
5.634940000000000282e+02 1.353139439497375940e-03
5.628719999999999573e+02 -4.684343251408524395e-02
5.622480000000000473e+02 -7.403757726994161445e-03
5.616250000000000000e+02 7.585629481006038455e-02
5.610030000000000427e+02 1.940362214240766991e-01
5.603790000000000191e+02 1.810359513631181194e-01
5.597569999999999482e+02 1.371474489086606519e-01
5.591330000000000382e+02 2.073561661000809520e-01
5.585099999999999909e+02 2.248558836848437437e-01
5.578859999999999673e+02 2.028916992141443776e-01
5.572630000000000337e+02 2.906080894882221988e-01
5.566399999999999864e+02 2.030845875167675008e-01
5.560159999999999627e+02 1.941745988420281732e-01
5.553930000000000291e+02 2.763819524591916085e-02
5.547690000000000055e+02 1.450006146350224338e-02
5.541459999999999582e+02 -7.373965370751698126e-03
5.535209999999999582e+02 -7.411717675534731410e-03
5.528980000000000246e+02 1.888163645095566195e-02
5.522749999999999773e+02 7.148601975774372674e-02
5.516509999999999536e+02 8.899437058825594715e-02
5.510270000000000437e+02 1.196387959897444314e-01
5.504030000000000200e+02 1.196843744436523888e-01
5.497789999999999964e+02 1.896982088319358051e-01
5.491549999999999727e+02 1.985348059376614571e-01
5.485309999999999491e+02 2.248319419117764673e-01
5.479059999999999491e+02 2.642355408684103901e-01
5.472830000000000155e+02 2.291880919576656517e-01
5.466589999999999918e+02 2.511399132065846307e-01
5.460339999999999918e+02 2.598424748358231229e-01
5.454099999999999682e+02 3.080156126725579480e-01
5.447849999999999682e+02 2.817512358238683512e-01
5.441609999999999445e+02 2.028740197014037849e-01
5.435359999999999445e+02 2.598272947473710404e-01
5.429120000000000346e+02 2.554990913716209677e-01
5.422870000000000346e+02 1.502822062621109733e-01
5.416630000000000109e+02 1.854041681549308540e-01
5.410370000000000346e+02 2.028591879428865985e-01
5.404130000000000109e+02 8.897099215602780053e-02
5.397880000000000109e+02 1.064931495843671611e-01
5.391630000000000109e+02 5.829331985662009052e-02
5.385380000000000109e+02 5.829246624978129399e-02
5.379139999999999873e+02 6.703403606108984669e-02
5.372880000000000109e+02 4.953900330450489858e-02
5.366630000000000109e+02 9.337210252357247553e-02
5.360370000000000346e+02 1.064837883146591974e-01
5.354130000000000109e+02 8.893218428516110052e-02
5.347870000000000346e+02 1.283824236571532718e-01
5.341620000000000346e+02 1.370843516381198557e-01
5.335359999999999445e+02 1.765611068375926573e-01
5.329109999999999445e+02 1.634275015910846285e-01
5.322849999999999682e+02 1.546554513995728741e-01
5.316599999999999682e+02 1.809522820455551351e-01
5.310339999999999918e+02 2.466112658811369929e-01
5.304089999999999918e+02 2.991191620959362529e-01
5.297830000000000155e+02 3.298114603097435649e-01
5.291580000000000155e+02 4.041397764592395969e-01
5.285309999999999491e+02 3.516813788810215780e-01
5.279049999999999727e+02 3.648813499842596397e-01
5.272799999999999727e+02 4.392815400718960706e-01
5.266530000000000200e+02 4.611726371490403875e-01
5.260280000000000200e+02 4.918787637607427987e-01
5.254009999999999536e+02 4.523813682744683429e-01
5.247759999999999536e+02 3.385880309913992803e-01
5.241490000000000009e+02 3.954566219165727148e-01
5.235230000000000246e+02 3.165969615104677892e-01
5.228959999999999582e+02 4.042032140113416272e-01
5.222709999999999582e+02 4.654284853591685311e-01
5.216440000000000055e+02 4.698573590099731634e-01
5.210159999999999627e+02 3.998158436116632242e-01
5.203909999999999627e+02 4.173254337261217417e-01
5.197630000000000337e+02 4.435826275595723400e-01
5.191380000000000337e+02 4.786816718748566624e-01
5.185099999999999909e+02 4.172974774039519552e-01
5.178840000000000146e+02 3.867261589281637546e-01
5.172569999999999482e+02 3.428687856784324861e-01
5.166299999999999955e+02 2.377612582712453348e-01
5.160030000000000427e+02 3.077934882451859866e-01
5.153759999999999764e+02 3.691142250383655510e-01
5.147500000000000000e+02 3.559644557667413500e-01
5.141219999999999573e+02 3.559497234517391417e-01
5.134940000000000282e+02 3.734854426922282200e-01
5.128680000000000518e+02 3.428049087486481628e-01
5.122400000000000091e+02 4.172452012571492008e-01
5.116139999999999759e+02 4.259760458362427116e-01
5.109859999999999900e+02 3.778506738126895526e-01
5.103580000000000041e+02 2.902316808394919678e-01
5.097309999999999945e+02 2.815380311115281975e-01
5.091030000000000086e+02 2.333413002675233383e-01
5.084759999999999991e+02 2.508673030216733157e-01
5.078480000000000132e+02 2.946109426880140214e-01
5.072200000000000273e+02 3.209094331054193616e-01
5.065930000000000177e+02 2.858000387644457074e-01
5.059649999999999750e+02 2.420787389851475901e-01
5.053360000000000127e+02 3.077348277049118952e-01
5.047090000000000032e+02 3.471349455142159202e-01
5.040810000000000173e+02 2.552184006758277945e-01
5.034519999999999982e+02 2.945235734871326505e-01
5.028249999999999886e+02 2.333728155842719754e-01
5.021960000000000264e+02 1.370188953052915992e-01
5.015690000000000168e+02 5.831733823740402334e-02
5.009399999999999977e+02 1.379513518462970652e-03
5.003109999999999786e+02 -1.179814822821798406e-02
4.996840000000000259e+02 -3.360598318958271657e-02
4.990550000000000068e+02 1.446217236971211392e-02
4.984259999999999877e+02 1.020411455389335087e-01
4.977980000000000018e+02 8.882495946710212975e-02
4.971689999999999827e+02 1.019813886697182453e-01
4.965400000000000205e+02 1.282855308493461022e-01
4.959119999999999777e+02 2.201015900025583838e-01
4.952830000000000155e+02 2.157787460006952984e-01
4.946539999999999964e+02 1.894899410198260248e-01
4.940260000000000105e+02 2.770949669041420371e-01
4.933969999999999914e+02 1.895126396032375538e-01
4.927669999999999959e+02 1.545017360508577631e-01
4.921390000000000100e+02 2.201102244676687025e-01
4.915099999999999909e+02 2.463622011536526213e-01
4.908799999999999955e+02 2.463868653854277835e-01
4.902500000000000000e+02 1.676386365922745980e-01
4.896220000000000141e+02 2.769714635417278026e-01
4.889920000000000186e+02 3.426299031041982746e-01
4.883629999999999995e+02 2.288510175482283970e-01
4.877339999999999804e+02 2.157872905957694265e-01
4.871039999999999850e+02 2.463741904621823686e-01
4.864739999999999895e+02 2.244748281706970272e-01
4.858460000000000036e+02 1.151365147220064222e-01
4.852160000000000082e+02 1.063748928069416511e-01
4.845860000000000127e+02 1.544716757699392262e-01
4.839549999999999841e+02 7.135206931061284508e-02
4.833269999999999982e+02 1.675259761456025787e-01
4.826960000000000264e+02 2.288201445017659930e-01
4.820659999999999741e+02 2.988433667667695359e-01
4.814370000000000118e+02 2.331597613197520513e-01
4.808070000000000164e+02 2.987682576583943761e-01
4.801759999999999877e+02 4.256677786807115393e-01
4.795459999999999923e+02 4.825410424925118957e-01
4.789169999999999732e+02 4.825149065494805933e-01
4.782860000000000014e+02 4.563078835232022845e-01
4.776549999999999727e+02 3.687745367884231462e-01
4.770249999999999773e+02 4.037544921138069842e-01
4.763949999999999818e+02 3.556594343579196904e-01
4.757640000000000100e+02 5.305952050790258001e-01
4.751329999999999814e+02 4.912196726483563647e-01
4.745020000000000095e+02 5.087559263578208535e-01
4.738729999999999905e+02 4.124532889356957166e-01
4.732420000000000186e+02 3.818575989716626595e-01
4.726109999999999900e+02 4.649560806311557326e-01
4.719800000000000182e+02 4.955376179167679807e-01
4.713500000000000227e+02 4.868676234100262623e-01
4.707189999999999941e+02 5.043362232428120207e-01
4.700869999999999891e+02 3.949497302104261753e-01
4.694560000000000173e+02 2.681100246023602751e-01
4.688249999999999886e+02 1.631511501387398200e-01
4.681949999999999932e+02 3.074818367665537178e-01
4.675629999999999882e+02 3.949258808274016541e-01
4.669309999999999832e+02 3.511962205579568508e-01
4.663000000000000114e+02 2.768457147090384596e-01
4.656700000000000159e+02 3.336267755664025780e-01
4.650380000000000109e+02 3.642240849389070667e-01
4.644060000000000059e+02 3.205447539549804437e-01
4.637740000000000009e+02 4.342468900460860759e-01
4.631419999999999959e+02 4.998057232419474971e-01
4.625120000000000005e+02 5.128883932321569583e-01
4.618799999999999955e+02 4.472983073811432342e-01
4.612479999999999905e+02 4.342205977298572717e-01
4.606159999999999854e+02 5.041669956692402810e-01
4.599839999999999804e+02 4.954236267059284327e-01
4.593519999999999754e+02 4.385828137565918605e-01
4.587210000000000036e+02 5.216433302596501509e-01
4.580880000000000223e+02 4.779304304863393194e-01
4.574560000000000173e+02 4.516798171930423433e-01
4.568240000000000123e+02 3.729723995072508069e-01
4.561909999999999741e+02 3.948182227137155276e-01
4.555600000000000023e+02 3.948877835176234363e-01
4.549279999999999973e+02 4.516429535963681352e-01
4.542950000000000159e+02 4.297478166299429914e-01
4.536619999999999777e+02 3.773065495945220893e-01
4.530299999999999727e+02 3.467072751978965139e-01
4.523969999999999914e+02 4.297754239474770865e-01
4.517660000000000196e+02 3.991574057999037750e-01
4.511329999999999814e+02 4.428490021312748715e-01
4.505000000000000000e+02 4.428422594864237505e-01
4.498670000000000186e+02 4.647120118072316508e-01
4.492339999999999804e+02 3.685234612057893266e-01
4.486009999999999991e+02 3.248133949903449502e-01
4.479680000000000177e+02 4.559386868641725488e-01
4.473360000000000127e+02 4.428274218701491183e-01
4.467029999999999745e+02 4.209175189075103352e-01
4.460690000000000168e+02 4.996007439370885317e-01
4.454359999999999786e+02 4.515209483202040630e-01
4.448029999999999973e+02 4.384199746151479227e-01
4.441689999999999827e+02 4.777515811848321858e-01
4.435360000000000014e+02 5.258142686583874292e-01
4.429019999999999868e+02 6.176022469535806803e-01
4.422699999999999818e+02 5.345207849793359722e-01
4.416360000000000241e+02 6.044336659085274288e-01
4.410029999999999859e+02 6.000538481117908551e-01
4.403690000000000282e+02 5.476172821890640252e-01
4.397350000000000136e+02 5.476183440797101065e-01
4.391009999999999991e+02 5.345176779634842612e-01
4.384669999999999845e+02 4.339826609589383377e-01
4.378330000000000268e+02 4.645489233091087411e-01
4.371990000000000123e+02 4.295991862696076358e-01
4.365649999999999977e+02 4.601740157693946509e-01
4.359329999999999927e+02 3.596746208469296380e-01
4.352980000000000018e+02 2.984892824742586548e-01
4.346639999999999873e+02 2.941242273869820179e-01
4.340299999999999727e+02 3.072198418408955689e-01
4.333960000000000150e+02 3.072151331630883497e-01
4.327610000000000241e+02 4.208231145918377436e-01
4.321270000000000095e+02 3.814803551290945616e-01
4.314920000000000186e+02 3.159307199875857064e-01
4.308580000000000041e+02 2.853392479663027781e-01
4.302230000000000132e+02 3.159304571673168249e-01
4.295889999999999986e+02 3.639888318902089193e-01
4.289540000000000077e+02 3.027844925109144381e-01
4.283190000000000168e+02 3.421219568183250237e-01
4.276859999999999786e+02 3.421733327557552884e-01
4.270509999999999877e+02 2.940700553561800268e-01
4.264159999999999968e+02 2.459965659524269155e-01
4.257810000000000059e+02 2.940421350671478251e-01
4.251460000000000150e+02 3.289889197894919071e-01
4.245110000000000241e+02 3.945071170222696488e-01
4.238759999999999764e+02 3.988603873977366043e-01
4.232409999999999854e+02 4.381915248902603088e-01
4.226050000000000182e+02 3.857610317485004603e-01
4.219700000000000273e+02 3.945016799377331074e-01
4.213349999999999795e+02 4.076011323510822515e-01
4.206990000000000123e+02 4.687436024898113951e-01
4.200640000000000214e+02 4.731047538344111958e-01
4.194289999999999736e+02 5.254982863924615444e-01
4.187930000000000064e+02 4.250300768525794859e-01
4.181569999999999823e+02 4.031826478412551817e-01
4.175219999999999914e+02 4.293944976473353381e-01
4.168860000000000241e+02 5.254658336313666744e-01
4.162500000000000000e+02 5.735053905333465929e-01
4.156150000000000091e+02 5.822417809697472135e-01
4.149789999999999850e+02 5.996946894193458943e-01
4.143430000000000177e+02 6.171470563639736007e-01
4.137069999999999936e+02 5.559897041065043899e-01
4.130710000000000264e+02 6.477013987928796901e-01
4.124350000000000023e+02 6.913670337989246129e-01
4.117989999999999782e+02 7.263057527403614655e-01
4.111630000000000109e+02 7.000804978243868604e-01
4.105260000000000105e+02 6.738749015977140155e-01
4.098899999999999864e+02 6.957009440333926653e-01
4.092540000000000191e+02 5.996300341958503699e-01
4.086170000000000186e+02 6.083456199459942315e-01
4.079809999999999945e+02 6.476400244799990213e-01
4.073439999999999941e+02 6.214278295011207431e-01
4.067080000000000268e+02 5.952164606376413314e-01
4.060710000000000264e+02 6.650585777366077034e-01
4.054350000000000023e+02 5.689876363512009760e-01
4.047980000000000018e+02 5.820884917953591531e-01
4.041610000000000014e+02 5.646127091939401321e-01
4.035240000000000009e+02 6.082795452167554240e-01
4.028879999999999768e+02 5.165819928850095000e-01
4.022509999999999764e+02 5.602199232502367288e-01
4.016139999999999759e+02 4.641689661392989774e-01
4.009769999999999754e+02 4.728944425519722716e-01
4.003399999999999750e+02 3.724532569087367628e-01
3.997029999999999745e+02 4.510392525994644242e-01
3.990649999999999977e+02 4.248259410356353127e-01
3.984279999999999973e+02 3.419110660233897203e-01
3.977909999999999968e+02 3.200945724884703414e-01
3.971519999999999868e+02 3.112539718358563468e-01
3.965149999999999864e+02 2.458270768800714656e-01
3.958770000000000095e+02 2.807308035637309240e-01
3.952400000000000091e+02 1.846991343229835991e-01
3.946019999999999754e+02 2.545469133083831936e-01
3.939649999999999750e+02 1.803183486844368022e-01
3.933269999999999982e+02 1.715844744853701753e-01
3.926890000000000214e+02 2.719779934597569837e-01
3.920520000000000209e+02 2.545216069194474184e-01
3.914139999999999873e+02 3.330746402140980500e-01
3.907760000000000105e+02 3.373969833854815192e-01
3.901379999999999768e+02 4.508394980821756048e-01
3.895000000000000000e+02 5.512679546141247000e-01
3.888609999999999900e+02 4.989729697792676388e-01
3.882230000000000132e+02 5.120224151527091871e-01
3.875849999999999795e+02 5.643839815589705156e-01
3.869460000000000264e+02 6.123790458397436742e-01
3.863079999999999927e+02 6.691116080326003912e-01
3.856700000000000159e+02 7.040094086905862580e-01
3.850319999999999823e+02 7.432707587362619162e-01
3.843929999999999723e+02 6.734164858389189989e-01
3.837549999999999955e+02 7.170227340182632192e-01
3.831159999999999854e+02 6.952458613013010602e-01
3.824759999999999991e+02 6.864496462522395870e-01
3.818380000000000223e+02 6.602719423853106173e-01
3.811990000000000123e+02 5.511840421810374480e-01
3.805600000000000023e+02 6.122925485153055680e-01
3.799220000000000255e+02 5.860983799133482330e-01
3.792830000000000155e+02 5.206193430874306305e-01
3.786440000000000055e+02 5.642319106752883284e-01
3.780049999999999955e+02 5.205275956331008036e-01
3.773650000000000091e+02 5.380877980196864252e-01
3.767259999999999991e+02 6.995287965060253965e-01
3.760860000000000127e+02 6.864078870936428656e-01
3.754470000000000027e+02 8.303681616067103421e-01
3.748079999999999927e+02 8.215808953064431819e-01
3.741689999999999827e+02 8.651650748916963618e-01
3.735299999999999727e+02 9.131772614763787876e-01
3.728890000000000100e+02 9.263376999823237368e-01
3.722500000000000000e+02 8.564636455243751501e-01
3.716100000000000136e+02 9.699028869093082594e-01
3.709710000000000036e+02 8.913606117593761979e-01
3.703310000000000173e+02 8.565456881474836637e-01
3.696909999999999741e+02 8.302976588618549147e-01
3.690500000000000114e+02 8.520615017925942114e-01
3.684110000000000014e+02 8.084289057215757746e-01
3.677710000000000150e+02 7.909555664738363578e-01
3.671309999999999718e+02 7.560318845047000469e-01
3.664909999999999854e+02 8.694772290167420703e-01
3.658509999999999991e+02 8.039776190659446709e-01
3.652099999999999795e+02 8.040120217496232735e-01
3.645699999999999932e+02 9.042979305645042487e-01
3.639300000000000068e+02 8.868435611343129521e-01
3.632900000000000205e+02 8.780672500973286665e-01
3.626490000000000009e+02 8.998362977811781294e-01
3.620079999999999814e+02 8.780771535566869179e-01
3.613670000000000186e+02 8.649675291013556588e-01
3.607269999999999754e+02 8.039230745117268429e-01
3.600869999999999891e+02 8.300915766547714014e-01
3.594460000000000264e+02 7.516396802626812423e-01
3.588039999999999736e+02 6.947638616287981073e-01
3.581639999999999873e+02 6.730006108213193450e-01
3.575230000000000246e+02 6.206685300170240449e-01
3.568829999999999814e+02 6.990830751223283679e-01
3.562420000000000186e+02 6.772830852732127926e-01
3.556000000000000227e+02 6.904227158717720636e-01
3.549590000000000032e+02 7.252842243358856855e-01
3.543179999999999836e+02 6.554912412318175674e-01
3.536770000000000209e+02 6.773343103994330372e-01
3.530350000000000250e+02 7.775841478303261445e-01
3.523940000000000055e+02 8.037386205955533436e-01
3.517520000000000095e+02 8.037258462645918700e-01
3.511109999999999900e+02 6.510593760467791036e-01
3.504689999999999941e+02 7.077693334771762990e-01
3.498269999999999982e+02 7.295529482991452985e-01
3.491859999999999786e+02 7.164589970209226388e-01
3.485450000000000159e+02 7.034125513757636394e-01
3.479019999999999868e+02 6.902346282488767137e-01
3.472599999999999909e+02 6.466649306739717940e-01
3.466190000000000282e+02 6.379242135746322484e-01
3.459769999999999754e+02 6.204628734186440342e-01
3.453340000000000032e+02 6.771566508675957996e-01
3.446929999999999836e+02 7.120188878260571563e-01
3.440509999999999877e+02 6.858273116003964498e-01
3.434089999999999918e+02 6.770866402039658061e-01
3.427660000000000196e+02 6.334937257446275893e-01
3.421240000000000236e+02 7.250629829951588112e-01
3.414820000000000277e+02 7.468417844993614496e-01
3.408399999999999750e+02 7.424229083580731192e-01
3.401970000000000027e+02 7.817058944657434560e-01
3.395539999999999736e+02 7.903940675061386090e-01
3.389119999999999777e+02 7.685454095646803152e-01
3.382690000000000055e+02 7.904159081853047164e-01
3.376259999999999764e+02 8.993446346511122513e-01
3.369839999999999804e+02 9.690817675906985285e-01
3.363419999999999845e+02 9.298599580528338349e-01
3.356979999999999791e+02 8.731455470135716102e-01
3.350550000000000068e+02 8.600632197303271775e-01
3.344130000000000109e+02 8.208638544724016217e-01
3.337690000000000055e+02 8.338621528315706133e-01
3.331259999999999764e+02 8.556628852355682158e-01
3.324830000000000041e+02 9.732851555865799087e-01
3.318389999999999986e+02 9.210850186930031880e-01
3.311960000000000264e+02 9.950858223449149387e-01
3.305539999999999736e+02 9.645396888284858417e-01
3.299110000000000014e+02 1.025527218286210074e+00
3.292660000000000196e+02 1.064776066902799245e+00
3.286229999999999905e+02 1.125778853932177581e+00
3.279800000000000182e+02 1.108373915015050892e+00
3.273360000000000127e+02 1.077762452629628109e+00
3.266929999999999836e+02 9.775501663161494381e-01
3.260489999999999782e+02 9.601107547306652057e-01
3.254049999999999727e+02 9.382948633746732714e-01
3.247610000000000241e+02 9.905868915511855111e-01
3.241179999999999950e+02 9.557158418638134201e-01
3.234730000000000132e+02 9.818296365971052042e-01
3.228290000000000077e+02 9.861341337672344665e-01
3.221840000000000259e+02 1.068992902313198323e+00
3.215409999999999968e+02 1.077634846121772183e+00
3.208969999999999914e+02 1.169054348188633741e+00
3.202520000000000095e+02 1.221430844511940395e+00
3.196080000000000041e+02 1.217006552099292760e+00
3.189639999999999986e+02 1.256195144767547900e+00
3.183190000000000168e+02 1.312831021415026944e+00
3.176750000000000114e+02 1.234396053220220724e+00
3.170310000000000059e+02 1.108155655529052375e+00
3.163860000000000241e+02 1.107968384466903489e+00
3.157420000000000186e+02 1.081892278619934089e+00
3.150980000000000132e+02 1.016527925596800053e+00
3.144519999999999982e+02 9.990269575877681607e-01
3.138079999999999927e+02 9.685310388666572567e-01
3.131619999999999777e+02 9.510878661115480526e-01
3.125179999999999723e+02 9.249034564370423039e-01
3.118729999999999905e+02 9.379116799393724113e-01
3.112269999999999754e+02 1.094783550609337519e+00
3.105830000000000268e+02 1.029407534661754164e+00
3.099370000000000118e+02 1.003232899494046482e+00
3.092919999999999732e+02 1.016323686535886228e+00
3.086469999999999914e+02 9.901689463161106319e-01
3.080009999999999764e+02 1.081635513382824598e+00
3.073570000000000277e+02 1.133836524028539072e+00
3.067099999999999795e+02 1.151346314670344428e+00
3.060649999999999977e+02 1.133846825422640148e+00
3.054200000000000159e+02 1.129415996022943736e+00
3.047740000000000009e+02 1.125107583764815455e+00
3.041290000000000191e+02 1.120789927697408928e+00
3.034820000000000277e+02 1.242668846031174557e+00
3.028369999999999891e+02 1.321033407920426672e+00
3.021920000000000073e+02 1.381869226807442619e+00
3.015450000000000159e+02 1.342768589508217536e+00
3.008999999999999773e+02 1.255598442317222618e+00
3.002529999999999859e+02 1.381943026360504367e+00
2.996080000000000041e+02 1.329646459848164541e+00
2.989610000000000127e+02 1.268575021179959572e+00
2.983149999999999977e+02 1.381894527230418168e+00
2.976700000000000159e+02 1.325282937052573828e+00
2.970230000000000246e+02 1.333905757307961126e+00
2.963770000000000095e+02 1.251063019048460623e+00
2.957300000000000182e+02 1.225016289797250302e+00
2.950840000000000032e+02 1.264181083299544817e+00
2.944370000000000118e+02 1.172709062293882276e+00
2.937909999999999968e+02 1.211892234891521092e+00
2.931429999999999723e+02 1.420859890006709758e+00
2.924970000000000141e+02 1.416491565447202783e+00
2.918500000000000227e+02 1.351159689199737501e+00
2.912040000000000077e+02 1.329337108853215987e+00
2.905570000000000164e+02 1.394499846125379028e+00
2.899100000000000250e+02 1.477350523392482184e+00
2.892629999999999768e+02 1.599142343958911194e+00
2.886159999999999854e+02 1.673231567104377815e+00
2.879689999999999941e+02 1.725444318187491444e+00
2.873210000000000264e+02 1.734143030594337276e+00
2.866750000000000114e+02 1.716661245565490823e+00
2.860269999999999868e+02 1.812437957298263180e+00
2.853799999999999955e+02 1.847229658508304340e+00
2.847320000000000277e+02 1.829784390259561633e+00
2.840849999999999795e+02 1.921135070653042787e+00
2.834370000000000118e+02 1.964696291414149698e+00
2.827900000000000205e+02 2.055994754578872818e+00
2.821419999999999959e+02 2.134398981585673205e+00
2.814950000000000045e+02 2.173413148716385468e+00
2.808469999999999800e+02 2.260566563860301859e+00
2.801990000000000123e+02 2.190877279709340542e+00
2.795509999999999877e+02 2.147281237876164983e+00
2.789039999999999964e+02 2.177830815105200823e+00
2.782549999999999955e+02 2.182044713961425852e+00
2.776080000000000041e+02 2.190733781644633726e+00
2.769590000000000032e+02 2.164570959462768673e+00
2.763120000000000118e+02 2.212360354631075943e+00
2.756630000000000109e+02 2.177586497808816635e+00
2.750149999999999864e+02 2.220955538556138809e+00
2.743659999999999854e+02 2.412537954934371509e+00
2.737189999999999941e+02 2.560372448908264431e+00
2.730699999999999932e+02 2.603949201827167048e+00
2.724220000000000255e+02 2.573354994030989218e+00
2.717730000000000246e+02 2.521141027342370666e+00
2.711240000000000236e+02 2.481900969962375747e+00
2.704759999999999991e+02 2.412300285138017752e+00
2.698260000000000218e+02 2.460105715558585704e+00
2.691779999999999973e+02 2.547106363759504610e+00
2.685289999999999964e+02 2.429570364197817689e+00
2.678809999999999718e+02 2.403306193915093925e+00
2.672309999999999945e+02 2.368583462194925993e+00
2.665830000000000268e+02 2.425032901288101339e+00
2.659329999999999927e+02 2.599060695232629392e+00
2.652839999999999918e+02 2.677403498615178012e+00
2.646349999999999909e+02 2.799165239301816044e+00
2.639850000000000136e+02 2.733893854078587538e+00
2.633369999999999891e+02 2.707627649423969274e+00
2.626870000000000118e+02 2.785963395710847390e+00
2.620380000000000109e+02 2.729435619131659330e+00
2.613879999999999768e+02 2.846769372111609187e+00
2.607400000000000091e+02 2.794659415431514304e+00
2.600899999999999750e+02 2.677050353785528358e+00
2.594390000000000214e+02 2.750963269750868800e+00
2.587900000000000205e+02 2.702992145447501660e+00
2.581399999999999864e+02 2.716009370158184222e+00
2.574909999999999854e+02 2.698580291558020594e+00
2.568410000000000082e+02 2.833378861670683424e+00
2.561899999999999977e+02 2.937821929248893849e+00
2.555409999999999968e+02 2.889851638098503539e+00
2.548899999999999864e+02 2.959430130070238807e+00
2.542410000000000139e+02 2.963797415828114179e+00
2.535910000000000082e+02 2.872325674865052747e+00
2.529399999999999977e+02 2.880922201765960367e+00
2.522899999999999920e+02 2.928886277867254417e+00
2.516399999999999864e+02 3.028805835979659467e+00
2.509900000000000091e+02 2.902576288217776135e+00
2.503389999999999986e+02 2.919909225128345831e+00
2.496879999999999882e+02 2.993893585891759912e+00
2.490380000000000109e+02 3.015452181513073704e+00
2.483870000000000005e+02 3.115549790176508349e+00
2.477359999999999900e+02 3.206813180208257563e+00
2.470860000000000127e+02 3.176322150551249557e+00
2.464350000000000023e+02 3.280639485425276280e+00
2.457849999999999966e+02 3.150101151111754483e+00
2.451330000000000098e+02 3.232715364878179454e+00
2.444819999999999993e+02 3.180432239712728482e+00
2.438319999999999936e+02 3.136980927036896016e+00
2.431800000000000068e+02 3.106399937298248926e+00
2.425289999999999964e+02 3.106348292758827512e+00
2.418779999999999859e+02 3.236673619496468479e+00
2.412270000000000039e+02 3.328013659497311760e+00
2.405749999999999886e+02 3.258451188386024100e+00
2.399240000000000066e+02 3.406143914382099069e+00
2.392719999999999914e+02 3.406181072988505587e+00
2.386200000000000045e+02 3.480042263635541477e+00
2.379699999999999989e+02 3.471249661283223542e+00
2.373180000000000121e+02 3.575537557350107587e+00
2.366670000000000016e+02 3.575571934500473947e+00
2.360149999999999864e+02 3.579738575526959288e+00
2.353629999999999995e+02 3.658004707547072076e+00
2.347100000000000080e+02 3.801444662422388099e+00
2.340600000000000023e+02 3.788233622729711758e+00
2.334070000000000107e+02 3.779530457491374396e+00
2.327549999999999955e+02 3.931694855914104725e+00
2.321040000000000134e+02 4.048920466002498664e+00
2.314509999999999934e+02 4.035893639604816840e+00
2.307980000000000018e+02 4.148793730226032928e+00
2.301469999999999914e+02 4.148724515879847807e+00
2.294939999999999998e+02 4.105178553529969854e+00
2.288420000000000130e+02 4.031210471426767583e+00
2.281899999999999977e+02 4.183258875400624355e+00
2.275370000000000061e+02 4.300560155013717356e+00
2.268839999999999861e+02 4.370158579798862242e+00
2.262330000000000041e+02 4.478533077852092426e+00
2.255800000000000125e+02 4.617606504903349673e+00
2.249269999999999925e+02 4.621941986470808672e+00
2.242729999999999961e+02 4.656791179719712126e+00
2.236220000000000141e+02 4.769566285234670744e+00
2.229679999999999893e+02 4.808730559426973805e+00
2.223149999999999977e+02 4.856343229996501698e+00
2.216630000000000109e+02 4.799932147984152131e+00
2.210099999999999909e+02 4.734510209608301601e+00
2.203559999999999945e+02 4.664865741669793842e+00
2.197019999999999982e+02 4.638783074668709538e+00
2.190500000000000114e+02 4.669121346738307921e+00
2.183969999999999914e+02 4.677679458306090332e+00
2.177429999999999950e+02 4.673282610007517768e+00
2.170889999999999986e+02 4.712348570946264026e+00
2.164370000000000118e+02 4.647029674747248151e+00
2.157829999999999870e+02 4.725237989176291897e+00
2.151289999999999907e+02 4.690333753415379725e+00
2.144749999999999943e+02 4.820634059966140583e+00
2.138220000000000027e+02 4.833600114923163993e+00
2.131680000000000064e+02 4.855200933744900027e+00
2.125140000000000100e+02 4.894259121083098130e+00
2.118600000000000136e+02 4.829038362874955581e+00
2.112069999999999936e+02 4.933232983164794305e+00
2.105529999999999973e+02 4.907057859802939959e+00
2.098979999999999961e+02 4.885294637620511971e+00
2.092439999999999998e+02 4.832936210302606561e+00
2.085910000000000082e+02 4.837265859233831122e+00
2.079360000000000070e+02 4.832867070146069643e+00
2.072820000000000107e+02 4.819740658825100610e+00
2.066270000000000095e+02 4.728440351614603188e+00
2.059739999999999895e+02 4.815261155371430846e+00
2.053189999999999884e+02 4.810769126748273727e+00
2.046639999999999873e+02 4.771649601038483013e+00
2.040089999999999861e+02 4.788929364166793157e+00
2.033540000000000134e+02 4.793164954504099740e+00
2.027009999999999934e+02 4.671565126203283569e+00
2.020459999999999923e+02 4.636673131783446422e+00
2.013909999999999911e+02 4.549704492432337766e+00
2.007350000000000136e+02 4.653875063869425510e+00
2.000800000000000125e+02 4.623395137591229442e+00
1.994259999999999877e+02 4.540747351777595142e+00
1.987709999999999866e+02 4.544986530270342051e+00
1.981160000000000139e+02 4.518919768303401696e+00
1.974600000000000080e+02 4.588273129428940500e+00
1.968050000000000068e+02 4.505631358307190304e+00
1.961510000000000105e+02 4.492701623992958915e+00
1.954950000000000045e+02 4.601174627004139595e+00
1.948389999999999986e+02 4.518536675743590081e+00
1.941839999999999975e+02 4.475023070872026665e+00
1.935279999999999916e+02 4.522698808196809139e+00
1.928739999999999952e+02 4.583319372111088974e+00
1.922179999999999893e+02 4.574610833243745844e+00
1.915620000000000118e+02 4.696110902582481650e+00
1.909060000000000059e+02 4.861133942637121841e+00
1.902500000000000000e+02 4.934971102705860702e+00
1.895939999999999941e+02 4.869692549165093531e+00
1.889389999999999930e+02 4.995400570756639347e+00
1.882829999999999870e+02 5.090899909485345098e+00
1.876270000000000095e+02 5.195025625128463886e+00
1.869699999999999989e+02 5.177678108520940015e+00
1.863139999999999930e+02 5.177589997550025913e+00
1.856570000000000107e+02 5.099276146392057285e+00
1.850010000000000048e+02 5.047133625727881601e+00
1.843460000000000036e+02 5.125176957795021693e+00
1.836889999999999930e+02 5.233699385264874770e+00
1.830329999999999870e+02 5.337716345881085900e+00
1.823760000000000048e+02 5.398493480950180334e+00
1.817189999999999941e+02 5.372422609999137677e+00
1.810620000000000118e+02 5.641586163286070210e+00
1.804050000000000011e+02 5.845561405424895440e+00
1.797500000000000000e+02 5.936335965678340543e+00
1.790929999999999893e+02 6.110008342610871779e+00
1.784360000000000070e+02 6.131660495251035847e+00
1.777789999999999964e+02 6.214079046519967342e+00
1.771220000000000141e+02 6.257296861525078135e+00
1.764650000000000034e+02 6.305014295489715259e+00
1.758069999999999879e+02 6.369983898936400379e+00
1.751500000000000057e+02 6.330866649416093672e+00
1.744939999999999998e+02 6.404366807280532647e+00
1.738369999999999891e+02 6.556253361672708557e+00
1.731790000000000020e+02 6.656001041273383656e+00
1.725219999999999914e+02 6.781811751403932220e+00
1.718640000000000043e+02 6.937996855889372760e+00
1.712059999999999889e+02 7.063704440812878182e+00
1.705490000000000066e+02 7.167843347725969316e+00
1.698909999999999911e+02 7.232787955210502773e+00
1.692330000000000041e+02 7.228351154089180497e+00
1.685749999999999886e+02 7.215195357737147930e+00
1.679190000000000111e+02 7.319230870337416484e+00
1.672609999999999957e+02 7.306073916166312188e+00
1.666030000000000086e+02 7.470853346582826404e+00
1.659449999999999932e+02 7.379602458851560520e+00
1.652870000000000061e+02 7.253668670575527777e+00
1.646279999999999859e+02 7.288229334474147336e+00
1.639699999999999989e+02 7.396564517240594050e+00
1.633120000000000118e+02 7.552703932635962403e+00
1.626539999999999964e+02 7.591663550610504352e+00
1.619950000000000045e+02 7.522073102200025119e+00
1.613369999999999891e+02 7.517631947618624189e+00
1.606779999999999973e+02 7.435015994586105847e+00
1.600190000000000055e+02 7.469569202653608464e+00
1.593609999999999900e+02 7.547612789302500680e+00
1.587040000000000077e+02 7.582256943890477885e+00
1.580449999999999875e+02 7.655796702622192917e+00
1.573859999999999957e+02 7.646948200567255327e+00
1.567270000000000039e+02 7.724889333085760867e+00
1.560680000000000121e+02 7.716133616088614033e+00
1.554089999999999918e+02 7.755082557871368465e+00
1.547500000000000000e+02 7.815679486541641019e+00
1.540910000000000082e+02 7.806922577375651429e+00
1.534319999999999879e+02 7.841463163053036922e+00
1.527729999999999961e+02 7.871691625941068970e+00
1.521140000000000043e+02 7.845503376783615757e+00
1.514540000000000077e+02 7.867108956104805095e+00
1.507949999999999875e+02 7.888620257644288536e+00
1.501359999999999957e+02 8.179075146131403073e+00
1.494759999999999991e+02 8.296161407093832096e+00
1.488170000000000073e+02 8.361049792778647571e+00
1.481570000000000107e+02 8.564804977269794506e+00
1.474970000000000141e+02 8.586395707077828732e+00
1.468379999999999939e+02 8.711993700030083332e+00
1.461779999999999973e+02 8.794298100348479252e+00
1.455180000000000007e+02 8.976293748947327344e+00
1.448580000000000041e+02 9.058590662042151465e+00
1.441980000000000075e+02 8.915268955134386886e+00
1.435380000000000109e+02 9.045253556438536791e+00
1.428779999999999859e+02 9.136164476928103184e+00
1.422179999999999893e+02 9.305209152611604750e+00
1.415579999999999927e+02 9.387493080907564291e+00
1.408979999999999961e+02 9.448038943234246645e+00
1.402379999999999995e+02 9.499870015110202459e+00
1.395769999999999982e+02 9.534367674195717512e+00
1.389170000000000016e+02 9.699081288635765574e+00
1.382560000000000002e+02 1.000243473421822848e+01
1.375960000000000036e+02 1.019739243351076041e+01
1.369350000000000023e+02 1.036639470447401123e+01
1.362750000000000057e+02 1.045726660760991145e+01
1.356140000000000043e+02 1.065229954267558554e+01
1.349540000000000077e+02 1.083421193557469131e+01
1.342930000000000064e+02 1.113760748623175090e+01
1.336320000000000050e+02 1.143659003640734007e+01
1.329710000000000036e+02 1.164020954820412790e+01
1.323100000000000023e+02 1.178743562348910068e+01
1.316490000000000009e+02 1.210371885450601326e+01
1.309879999999999995e+02 1.224222111552245629e+01
1.303269999999999982e+02 1.235046630737643802e+01
1.296659999999999968e+02 1.266241480033720634e+01
1.290049999999999955e+02 1.282703021823648903e+01
1.283420000000000130e+02 1.290491447958802240e+01
1.276809999999999974e+02 1.301314040641869596e+01
1.270190000000000055e+02 1.323833340366838485e+01
1.263580000000000041e+02 1.317310934319387528e+01
1.256959999999999980e+02 1.306443419655125382e+01
1.250349999999999966e+02 1.317255596418066332e+01
1.243730000000000047e+02 1.322879402892482403e+01
1.237120000000000033e+02 1.323717848363484428e+01
1.230499999999999972e+02 1.333236847874670161e+01
1.223880000000000052e+02 1.337108990039399359e+01
1.217259999999999991e+02 1.320614547095683555e+01
1.210639999999999930e+02 1.298483717389316716e+01
1.204030000000000058e+02 1.303236458985644575e+01
1.197409999999999997e+02 1.301050722192153231e+01
1.190780000000000030e+02 1.275026245044978701e+01
1.184150000000000063e+02 1.271932818510260965e+01
1.177530000000000001e+02 1.260216298725768702e+01
1.170909999999999940e+02 1.241993083143968235e+01
1.164279999999999973e+02 1.224201147161153358e+01
1.157660000000000053e+02 1.219854280560471160e+01
1.151039999999999992e+02 1.211594143980886962e+01
1.144410000000000025e+02 1.194243681241683674e+01
1.137789999999999964e+02 1.178176436719673603e+01
1.131159999999999997e+02 1.179035767020524972e+01
1.124539999999999935e+02 1.172948796441944808e+01
1.117890000000000015e+02 1.165541981887344036e+01
1.111269999999999953e+02 1.168563958071920261e+01
1.104639999999999986e+02 1.159004482759214483e+01
1.098010000000000019e+02 1.151617074874412339e+01
1.091380000000000052e+02 1.140766439376291608e+01
1.084749999999999943e+02 1.139014685118737980e+01
1.078119999999999976e+02 1.112139577509051946e+01
1.071490000000000009e+02 1.098706760910199343e+01
1.064849999999999994e+02 1.057446785967102798e+01
1.058209999999999980e+02 1.023208216898904332e+01
1.051580000000000013e+02 9.785721635770556759e+00
1.044950000000000045e+02 9.677352391055876524e+00
1.038319999999999936e+02 9.343705005798510044e+00
1.031680000000000064e+02 9.053215385099484536e+00
1.025049999999999955e+02 8.784355768180061474e+00
1.018400000000000034e+02 8.701654715125867412e+00
1.011760000000000019e+02 8.523871491027112057e+00
1.005130000000000052e+02 8.636399232165539175e+00
9.984900000000000375e+01 8.679576570191869678e+00
9.918529999999999802e+01 8.683821923325220737e+00
9.852150000000000318e+01 8.657465993432756690e+00
9.785769999999999413e+01 8.930097892201306564e+00
9.719230000000000302e+01 9.255404150049344025e+00
9.652830000000000155e+01 9.567130656245209863e+00
9.586430000000000007e+01 9.826631454025612555e+00
9.520029999999999859e+01 1.015985859405212288e+01
9.453610000000000468e+01 1.061864664876267383e+01
9.387199999999999989e+01 1.107741848267540163e+01
9.320619999999999550e+01 1.140302619747813040e+01
9.254200000000000159e+01 1.177082128104501102e+01
9.187760000000000105e+01 1.187016599140594764e+01
9.121320000000000050e+01 1.205184266803090232e+01
9.054879999999999995e+01 1.213386994329931490e+01
8.988280000000000314e+01 1.245437762745533483e+01
8.921819999999999595e+01 1.256670755195389866e+01
8.855360000000000298e+01 1.257078862469430547e+01
8.788890000000000668e+01 1.256616887836636565e+01
8.722419999999999618e+01 1.287336190229160593e+01
8.655939999999999657e+01 1.313273914782844187e+01
8.589300000000000068e+01 1.347527238091150892e+01
8.522809999999999775e+01 1.364379434719386452e+01
8.456319999999999482e+01 1.391193732480631340e+01
8.389820000000000277e+01 1.398091371264106897e+01
8.323160000000000025e+01 1.420180114324155696e+01
8.256650000000000489e+01 1.433568762148271603e+01
8.190130000000000621e+01 1.459098400625862091e+01
8.123609999999999332e+01 1.473355773441804928e+01
8.057080000000000553e+01 1.464668116199238668e+01
7.990389999999999304e+01 1.479383127071018400e+01
7.923850000000000193e+01 1.502291178199776311e+01
7.857299999999999329e+01 1.529968514866830276e+01
7.790749999999999886e+01 1.551144534537130681e+01
7.724039999999999395e+01 1.565015174128784103e+01
7.657479999999999620e+01 1.587059598169398278e+01
7.590909999999999513e+01 1.582261583133201199e+01
7.524339999999999407e+01 1.604744459480751928e+01
7.457760000000000389e+01 1.617715382265894775e+01
7.391020000000000323e+01 1.602957118775066547e+01
7.324429999999999552e+01 1.604228464779430396e+01
7.257829999999999870e+01 1.585159903281729399e+01
7.191230000000000189e+01 1.577341857836020722e+01
7.124469999999999459e+01 1.584224297191837927e+01
7.057850000000000534e+01 1.580305959857778930e+01
6.991230000000000189e+01 1.600625519741135605e+01
6.924609999999999843e+01 1.588020104857519321e+01
6.857829999999999870e+01 1.594509103595776800e+01
6.791190000000000282e+01 1.597510192664186057e+01
6.724550000000000693e+01 1.592282886680758480e+01
6.657750000000000057e+01 1.595713935750584156e+01
6.591100000000000136e+01 1.584007292815816470e+01
6.524439999999999884e+01 1.587877857214490263e+01
6.457769999999999300e+01 1.582660411625568742e+01
6.390950000000000131e+01 1.571795994958113596e+01
6.324269999999999925e+01 1.574366989671470485e+01
6.257589999999999719e+01 1.585146440525966760e+01
6.190899999999999892e+01 1.592905774391529405e+01
6.124060000000000059e+01 1.595064820309185194e+01
6.057359999999999900e+01 1.600654796790207612e+01
5.990659999999999741e+01 1.607562703128835579e+01
5.923799999999999955e+01 1.588902652982940999e+01
5.857079999999999842e+01 1.567251920093501028e+01
5.790359999999999729e+01 1.573720673052035224e+01
5.723629999999999995e+01 1.567205076831155353e+01
5.656750000000000256e+01 1.549416390122475740e+01
5.590010000000000190e+01 1.554585790870812190e+01
5.523270000000000124e+01 1.548061520660950308e+01
5.456360000000000099e+01 1.550211552706806373e+01
5.389609999999999701e+01 1.558820325095427073e+01
5.322849999999999682e+01 1.579551581315121389e+01
5.255930000000000035e+01 1.608965041523113726e+01
5.189159999999999684e+01 1.595094018244022216e+01
5.122379999999999711e+01 1.606308947843384161e+01
5.055440000000000111e+01 1.612775565033371095e+01
4.988660000000000139e+01 1.608849303743550863e+01
4.921860000000000213e+01 1.603212889079910752e+01
4.854910000000000281e+01 1.600137308272297432e+01
4.788100000000000023e+01 1.612659460568722380e+01
4.721289999999999765e+01 1.613920083508840264e+01
4.654319999999999879e+01 1.604816847541032843e+01
4.587500000000000000e+01 1.611703211480914533e+01
4.520669999999999789e+01 1.592208993633466996e+01
4.453679999999999950e+01 1.591311187918949877e+01
4.386840000000000117e+01 1.593450418347053876e+01
4.320000000000000284e+01 1.612895168504724808e+01
4.252989999999999782e+01 1.605063683116489059e+01
4.186129999999999995e+01 1.592934327251296622e+01
4.119270000000000209e+01 1.568247374128587168e+01
4.052250000000000085e+01 1.563883575630791256e+01
3.985379999999999967e+01 1.568190699431280066e+01
3.918500000000000227e+01 1.580280597976650903e+01
3.851460000000000150e+01 1.580242646562975928e+01
3.784570000000000078e+01 1.576747871769207698e+01
3.717519999999999669e+01 1.564181331439458411e+01
3.650619999999999976e+01 1.555931579959797872e+01
3.583709999999999951e+01 1.561527584090066689e+01
3.516640000000000299e+01 1.565394996077335144e+01
3.449719999999999942e+01 1.554996966596473129e+01
3.382800000000000296e+01 1.555398559290192040e+01
3.315709999999999980e+01 1.541516534528719085e+01
3.248780000000000001e+01 1.512100035863120517e+01
3.181680000000000064e+01 1.503833469359272712e+01
3.114730000000000132e+01 1.505114001153682857e+01
3.047779999999999845e+01 1.515464656682714306e+01
2.980669999999999931e+01 1.482996195037167197e+01
2.913700000000000045e+01 1.481250615069309795e+01
2.846730000000000160e+01 1.484689102828613727e+01
2.779599999999999937e+01 1.460433145086117968e+01
2.712620000000000076e+01 1.451327957283508496e+01
2.645479999999999876e+01 1.447397419270054542e+01
2.578490000000000038e+01 1.434855709003451274e+01
2.511329999999999885e+01 1.406698389405996785e+01
2.444330000000000069e+01 1.375123878061366334e+01
2.377319999999999922e+01 1.372100959370493989e+01
2.310150000000000148e+01 1.334420315146855351e+01
2.243130000000000024e+01 1.311945032767626707e+01
2.175949999999999918e+01 1.289395795930280642e+01
2.108909999999999840e+01 1.260861324035811037e+01
2.041870000000000118e+01 1.243141892196482878e+01
1.974680000000000035e+01 1.201582243093808700e+01
1.907629999999999981e+01 1.178242938879461654e+01
1.840419999999999945e+01 1.159162562321253098e+01
1.773349999999999937e+01 1.128896189428436792e+01
1.706129999999999924e+01 1.123235628486545679e+01
1.639059999999999917e+01 1.092111955843839866e+01
1.571979999999999933e+01 1.074379140159556911e+01
1.504739999999999966e+01 1.068719866733903423e+01
1.437650000000000006e+01 1.054003961240709586e+01
1.370410000000000039e+01 1.055712008052265816e+01
1.303299999999999947e+01 1.036683332970559590e+01
1.236040000000000028e+01 1.026711689069018441e+01
1.168929999999999936e+01 1.014602433700609119e+01
1.101660000000000039e+01 1.024088053427485079e+01
1.034529999999999994e+01 1.072028199465152198e+01
9.672489999999999810e+00 1.110957503574424443e+01
9.001129999999999853e+00 1.154105125120466724e+01
8.329710000000000392e+00 1.189885491763495118e+01
7.656710000000000349e+00 1.262557525205670927e+01
6.985170000000000101e+00 1.440872390654890367e+01
6.312050000000000161e+00 1.626163193980731236e+01
5.640399999999999636e+00 1.818831071716659409e+01
4.967170000000000307e+00 1.983805389627686466e+01
4.295410000000000394e+00 2.125418998681342941e+01
3.622059999999999835e+00 2.266961977072023515e+01
2.950180000000000025e+00 2.399501790922727906e+01
2.276720000000000077e+00 2.548305641960359935e+01
1.604729999999999990e+00 2.658919788886851876e+01
9.311519999999999797e-01 2.676231382113129698e+01
2.590439999999999965e-01 2.676966320448586600e+01
