6.869719999999999800e+02 -4.007075319784224841e-03
6.863600000000000136e+02 7.135325065586939179e-03
6.857469999999999573e+02 9.466508898278375508e-03
6.851349999999999909e+02 1.826082022517517070e-02
6.845230000000000246e+02 1.645990977707880235e-02
6.839120000000000346e+02 2.003815460296332063e-02
6.832989999999999782e+02 1.285793318219235863e-02
6.826870000000000118e+02 3.076772724582888321e-02
6.820739999999999554e+02 -1.222169218355999114e-02
6.814610000000000127e+02 -1.436774746602330864e-02
6.808490000000000464e+02 -2.293965896415505260e-02
6.802359999999999900e+02 6.667221231437893457e-04
6.796230000000000473e+02 1.567332217525024135e-02
6.790099999999999909e+02 2.790589751415137581e-03
6.783980000000000246e+02 -1.007671251910124792e-02
6.777859999999999445e+02 -2.926879028838642177e-02
6.771730000000000018e+02 -7.891029173684432213e-03
6.765599999999999454e+02 -3.622884637256681278e-03
6.759470000000000027e+02 -2.714886478224699459e-02
6.753339999999999463e+02 2.630578021837843769e-02
6.747210000000000036e+02 -3.779999792315274360e-02
6.741079999999999472e+02 -2.069812226648111778e-02
6.734940000000000282e+02 5.829053673501423394e-02
6.728809999999999718e+02 6.467699059404945217e-02
6.722680000000000291e+02 5.611753274663951185e-02
6.716539999999999964e+02 1.771070205309467280e-02
6.710410000000000537e+02 -1.477918933654211826e-03
6.704270000000000209e+02 4.909111530831113297e-03
6.698150000000000546e+02 -3.340900818865166072e-02
6.692010000000000218e+02 2.620868101262843058e-02
6.685879999999999654e+02 4.320945186995657494e-02
6.679740000000000464e+02 7.018345001153755529e-03
6.673600000000000136e+02 1.340661997779353000e-02
6.667459999999999809e+02 2.827539238711759481e-02
6.661330000000000382e+02 2.614854928018833791e-02
6.655190000000000055e+02 1.552183571359046742e-02
6.649049999999999727e+02 -1.457912017647285769e-03
6.642910000000000537e+02 -1.841863076975721117e-02
6.636770000000000209e+02 -5.021692985858282332e-02
6.630629999999999882e+02 -8.622713771690508622e-02
6.624479999999999791e+02 -1.116181096310885357e-01
6.618339999999999463e+02 -9.886889264529502563e-02
6.612200000000000273e+02 -1.094152432379532913e-01
6.606059999999999945e+02 -1.241751882355870557e-01
6.599909999999999854e+02 -1.029767779176234410e-01
6.593769999999999527e+02 -9.659052315204337547e-02
6.587619999999999436e+02 -4.583750948488550525e-02
6.581480000000000246e+02 -3.525654227468351387e-02
6.575330000000000155e+02 -2.679596350553288542e-02
6.569189999999999827e+02 1.330971662466929814e-02
6.563039999999999736e+02 4.865782667151507569e-03
6.556889999999999645e+02 2.805428152103415715e-02
6.550750000000000455e+02 5.123654437720245175e-02
6.544600000000000364e+02 5.542364488123110305e-02
6.538450000000000273e+02 8.067099564507564102e-02
6.532300000000000182e+02 6.590109570563404406e-02
6.526150000000000091e+02 3.852825179960112784e-02
6.520000000000000000e+02 4.482583655898841196e-02
6.513849999999999909e+02 5.740673466503216221e-02
6.507699999999999818e+02 6.999037926474449556e-02
6.501549999999999727e+02 2.165790276214002094e-02
6.495389999999999873e+02 2.761340052656890715e-03
6.489239999999999782e+02 -7.737777310721177457e-03
6.483089999999999691e+02 -1.193450706034573927e-02
6.476929999999999836e+02 -4.337775320863219986e-02
6.470779999999999745e+02 1.322729180481031948e-02
6.464629999999999654e+02 6.940945754745032545e-03
6.458469999999999800e+02 -1.193646135622831485e-02
6.452319999999999709e+02 -2.450876833114394582e-02
6.446159999999999854e+02 2.780544346583637902e-02
6.439990000000000236e+02 5.711829776766967626e-02
6.433830000000000382e+02 2.781738385688403703e-02
6.427670000000000528e+02 -9.807420781204730098e-03
6.421520000000000437e+02 2.153165681493418929e-02
6.415359999999999445e+02 -1.813647554836805495e-02
6.409199999999999591e+02 -3.481450765024731581e-02
6.403039999999999736e+02 -4.732409874342806411e-02
6.396879999999999882e+02 -5.981375921765931525e-02
6.390720000000000027e+02 -5.979216574364325243e-02
6.384560000000000173e+02 -5.144214581692272553e-02
6.378400000000000318e+02 -3.060097597908459366e-02
6.372229999999999563e+02 6.335484619502126198e-04
6.366069999999999709e+02 -9.773716108553336460e-03
6.359909999999999854e+02 -1.599473267796101827e-02
6.353730000000000473e+02 1.103058474343260494e-02
6.347569999999999482e+02 -1.598519713763000075e-02
6.341399999999999864e+02 -1.390132890941972281e-02
6.335240000000000009e+02 -2.426598550616045069e-02
6.329070000000000391e+02 -4.915122328058214862e-02
6.322899999999999636e+02 4.779568932277837925e-03
6.316739999999999782e+02 6.837246340867651762e-03
6.310570000000000164e+02 1.925459226875837065e-02
6.304400000000000546e+02 4.410273317110414287e-02
6.298220000000000027e+02 4.620741142143387770e-02
6.292050000000000409e+02 6.479519826581030262e-02
6.285879999999999654e+02 7.510539464077047034e-02
6.279710000000000036e+02 5.853039554342549106e-02
6.273540000000000418e+02 9.778755736690611378e-02
6.267369999999999663e+02 1.718287038661487839e-02
6.261200000000000045e+02 1.098475173010589681e-02
6.255030000000000427e+02 2.746581170650494105e-02
6.248840000000000146e+02 -1.794050854376308402e-02
6.242670000000000528e+02 -2.617267876870199919e-02
6.236499999999999773e+02 -4.471316267893238328e-02
6.230320000000000391e+02 -5.292168099507327944e-02
6.224149999999999636e+02 -6.112293651218932838e-02
6.217980000000000018e+02 -1.105066874264487159e-01
6.211799999999999500e+02 -6.107757333496442037e-02
6.205610000000000355e+02 -4.459622071394274412e-02
6.199429999999999836e+02 -9.391244615840771415e-02
6.193260000000000218e+02 -8.360932787958887114e-02
6.187079999999999700e+02 -8.357653353907937288e-02
6.180900000000000318e+02 -2.812748268684676575e-02
6.174719999999999800e+02 -1.581506912316284555e-02
6.168529999999999518e+02 2.702238489248922661e-03
6.162350000000000136e+02 1.088477247014470357e-02
6.156169999999999618e+02 6.781016939255289817e-03
6.149990000000000236e+02 -2.599853228780336922e-02
6.143809999999999718e+02 1.086134767053819651e-02
6.137630000000000337e+02 3.953241289636656719e-02
6.131430000000000291e+02 5.381305590925653665e-02
6.125249999999999773e+02 4.766761669193238932e-02
6.119070000000000391e+02 6.398021991066370207e-02
6.112889999999999873e+02 4.556423310704668661e-02
6.106699999999999591e+02 3.944829324619120864e-02
6.100510000000000446e+02 1.490530412589217112e-02
6.094320000000000164e+02 3.326555667535756322e-02
6.088139999999999645e+02 4.721508450269233485e-03
6.081950000000000500e+02 4.140266193347248019e-02
6.075760000000000218e+02 2.101750980886920792e-02
6.069560000000000173e+02 3.731411970505803949e-02
6.063379999999999654e+02 1.489148744458702357e-02
6.057190000000000509e+02 3.927573657682412872e-02
6.051000000000000227e+02 4.739784877296708554e-02
6.044809999999999945e+02 7.380908614385012223e-02
6.038609999999999900e+02 6.157917718514612643e-02
6.032419999999999618e+02 8.999119275558185860e-02
6.026230000000000473e+02 7.573920894951083338e-02
6.020040000000000191e+02 6.355564328222831905e-02
6.013830000000000382e+02 4.678469718163108179e-03
6.007640000000000100e+02 6.712536585517627288e-03
6.001449999999999818e+02 -1.962636763584973271e-02
5.995249999999999773e+02 -3.403995677621601997e-03
5.989049999999999727e+02 -3.784805749443692635e-02
5.982849999999999682e+02 -1.151338162650972566e-02
5.976660000000000537e+02 -4.791035576977220600e-02
5.970460000000000491e+02 -7.217330965747963123e-02
5.964249999999999545e+02 -5.999701745696141980e-02
5.958060000000000400e+02 -3.573327364792375921e-02
5.951860000000000355e+02 -5.187017889499422052e-02
5.945670000000000073e+02 -4.175106356403358865e-02
5.939450000000000500e+02 -4.173195806252838480e-02
5.933260000000000218e+02 -9.455111547395539037e-03
5.927060000000000173e+02 -2.558758135481875237e-02
5.920860000000000127e+02 4.637935637539217747e-03
5.914650000000000318e+02 8.680454477392272189e-03
5.908450000000000273e+02 4.651080602263137943e-03
5.902250000000000227e+02 -2.954263665173690462e-02
5.896029999999999518e+02 -1.748564097758365313e-02
5.889829999999999472e+02 -1.344473634060750628e-02
5.883630000000000564e+02 1.468329650891386784e-02
5.877419999999999618e+02 2.870284016030779164e-02
5.871209999999999809e+02 1.266697496585944202e-02
5.865000000000000000e+02 -7.405651203321125635e-03
5.858799999999999955e+02 2.602722126410975459e-03
5.852580000000000382e+02 -1.942524619179329323e-02
5.846380000000000337e+02 -1.376343082580988196e-03
5.840170000000000528e+02 -1.135389221862069704e-02
5.833949999999999818e+02 4.064623729901454402e-02
5.827740000000000009e+02 -1.938514508491812061e-02
5.821539999999999964e+02 -1.341140565608400954e-02
5.815320000000000391e+02 -9.364306403092837947e-03
5.809109999999999445e+02 1.859391535769645484e-02
5.802899999999999636e+02 4.588954215845307896e-03
5.796680000000000064e+02 1.657631300018626297e-02
5.790470000000000255e+02 -5.365279123609563265e-03
5.784260000000000446e+02 1.062131385924433569e-02
5.778049999999999500e+02 -6.113887015264690694e-02
5.771820000000000164e+02 -4.719381065215146054e-02
5.765610000000000355e+02 -9.096709763188229325e-02
5.759379999999999882e+02 -9.891704501393695781e-02
5.753170000000000073e+02 -1.207397860897301278e-01
5.746960000000000264e+02 -1.107703096829534134e-01
5.740729999999999791e+02 -3.513189054295624142e-02
5.734519999999999982e+02 -1.528571702912619006e-02
5.728300000000000409e+02 -1.420040974910878389e-03
5.722069999999999936e+02 3.636411161950518084e-02
5.715860000000000127e+02 3.632147332689777963e-02
5.709640000000000555e+02 3.432995197226665351e-02
5.703410000000000082e+02 3.231027986173148903e-02
5.697190000000000509e+02 2.837540036478211278e-02
5.690979999999999563e+02 1.651845141993768182e-02
5.684740000000000464e+02 -1.719961856979470086e-02
5.678529999999999518e+02 -1.323028397579797781e-02
5.672290000000000418e+02 -3.893269664218420439e-02
5.666069999999999709e+02 -3.891873897837175994e-02
5.659850000000000136e+02 -2.312023512289525934e-02
5.653619999999999663e+02 6.266920805893615555e-04
5.647400000000000091e+02 6.535252425881114303e-03
5.641169999999999618e+02 1.049087291877722448e-02
5.634940000000000282e+02 6.087725985639166849e-04
5.628719999999999573e+02 -2.106510055280522500e-02
5.622480000000000473e+02 -3.327886957889022827e-03
5.616250000000000000e+02 3.408079738434765388e-02
5.610030000000000427e+02 8.713705922292580563e-02
5.603790000000000191e+02 8.126174532806393347e-02
5.597569999999999482e+02 6.153338555337421745e-02
5.591330000000000382e+02 9.299102797293458400e-02
5.585099999999999909e+02 1.007928166585055074e-01
5.578859999999999673e+02 9.090555288593576977e-02
5.572630000000000337e+02 1.301472075445750665e-01
5.566399999999999864e+02 9.090861411807255044e-02
5.560159999999999627e+02 8.688023376174486279e-02
5.553930000000000291e+02 1.236058290153863558e-02
5.547690000000000055e+02 6.481856265189792250e-03
5.541459999999999582e+02 -3.294815830549521936e-03
5.535209999999999582e+02 -3.310157582842307607e-03
5.528980000000000246e+02 8.428877057635054265e-03
5.522749999999999773e+02 3.189711368881051334e-02
5.516509999999999536e+02 3.969104751892834487e-02
5.510270000000000437e+02 5.333369940358499012e-02
5.504030000000000200e+02 5.332939709016641661e-02
5.497789999999999964e+02 8.448738900291699605e-02
5.491549999999999727e+02 8.838216745254355577e-02
5.485309999999999491e+02 1.000426602476812421e-01
5.479059999999999491e+02 1.175214799879087391e-01
5.472830000000000155e+02 1.018866792930966381e-01
5.466589999999999918e+02 1.115937853807185270e-01
5.460339999999999918e+02 1.154071978763558659e-01
5.454099999999999682e+02 1.367395612767672297e-01
5.447849999999999682e+02 1.250217437065250237e-01
5.441609999999999445e+02 8.997972134991583104e-02
5.435359999999999445e+02 1.151863560697304334e-01
5.429120000000000346e+02 1.132149824185269549e-01
5.422870000000000346e+02 6.656101741307214603e-02
5.416630000000000109e+02 8.207860117993333315e-02
5.410370000000000346e+02 8.976405129216684375e-02
5.404130000000000109e+02 3.935084360714106999e-02
5.397880000000000109e+02 4.707872645803129474e-02
5.391630000000000109e+02 2.575841513487919093e-02
5.385380000000000109e+02 2.574601313725956991e-02
5.379139999999999873e+02 2.959309248053068608e-02
5.372880000000000109e+02 2.185943423377498945e-02
5.366630000000000109e+02 4.118183357739933076e-02
5.360370000000000346e+02 4.694274599354199273e-02
5.354130000000000109e+02 3.918690435168014491e-02
5.347870000000000346e+02 5.654364622065020940e-02
5.341620000000000346e+02 6.034795865159974654e-02
5.335359999999999445e+02 7.769011660007997533e-02
5.329109999999999445e+02 7.187736038569252084e-02
5.322849999999999682e+02 6.798733626455114032e-02
5.316599999999999682e+02 7.951020833701757939e-02
5.310339999999999918e+02 1.083096967432772978e-01
5.304089999999999918e+02 1.313089966785941087e-01
5.297830000000000155e+02 1.447142759044089400e-01
5.291580000000000155e+02 1.772445279925841943e-01
5.285309999999999491e+02 1.541648828320052456e-01
5.279049999999999727e+02 1.598758305800704604e-01
5.272799999999999727e+02 1.923841926969636074e-01
5.266530000000000200e+02 2.018759041593947978e-01
5.260280000000000200e+02 2.152157723745132256e-01
5.254009999999999536e+02 1.978404263107408356e-01
5.247759999999999536e+02 1.480051359373264763e-01
5.241490000000000009e+02 1.727818529768833100e-01
5.235230000000000246e+02 1.382612022403396645e-01
5.228959999999999582e+02 1.764360083723028327e-01
5.222709999999999582e+02 2.030648927060106079e-01
5.216440000000000055e+02 2.048998209123893688e-01
5.210159999999999627e+02 1.742724622810436774e-01
5.203909999999999627e+02 1.818183543424576887e-01
5.197630000000000337e+02 1.931658740845502709e-01
5.191380000000000337e+02 2.083514657564584649e-01
5.185099999999999909e+02 1.815466790463722557e-01
5.178840000000000146e+02 1.681664823079450644e-01
5.172569999999999482e+02 1.490241802890480971e-01
5.166299999999999955e+02 1.032910462966347420e-01
5.160030000000000427e+02 1.336514575350693512e-01
5.153759999999999764e+02 1.602018885172625251e-01
5.147500000000000000e+02 1.544209724642523762e-01
5.141219999999999573e+02 1.543406545523589024e-01
5.134940000000000282e+02 1.618666122193056500e-01
5.128680000000000518e+02 1.484988549974433081e-01
5.122400000000000091e+02 1.806588021759474860e-01
5.116139999999999759e+02 1.843508785243744008e-01
5.109859999999999900e+02 1.634450303536077176e-01
5.103580000000000041e+02 1.254838146229158291e-01
5.097309999999999945e+02 1.216666539690542670e-01
5.091030000000000086e+02 1.007899587219816262e-01
5.084759999999999991e+02 1.083081397895268999e-01
5.078480000000000132e+02 1.271325769247776127e-01
5.072200000000000273e+02 1.384144052269357661e-01
5.065930000000000177e+02 1.232117557576908606e-01
5.059649999999999750e+02 1.043126850118255705e-01
5.053360000000000127e+02 1.325401006311698049e-01
5.047090000000000032e+02 1.494375399807132132e-01
5.040810000000000173e+02 1.098154996713103793e-01
5.034519999999999982e+02 1.266664391657030542e-01
5.028249999999999886e+02 1.003187627175249619e-01
5.021960000000000264e+02 5.887107760009657048e-02
5.015690000000000168e+02 2.504432892335104952e-02
5.009399999999999977e+02 5.921436404936919907e-04
5.003109999999999786e+02 -5.061791476103390600e-03
4.996840000000000259e+02 -1.441109103212482971e-02
4.990550000000000068e+02 6.198732038517687504e-03
4.984259999999999877e+02 4.371531565651236295e-02
4.977980000000000018e+02 3.803491943705726575e-02
4.971689999999999827e+02 4.364727632007054520e-02
4.965400000000000205e+02 5.487853839322012761e-02
4.959119999999999777e+02 9.411024419778274419e-02
4.952830000000000155e+02 9.221695953072352181e-02
4.946539999999999964e+02 8.094249710758087690e-02
4.940260000000000105e+02 1.183062273575703760e-01
4.933969999999999914e+02 8.087331254929015778e-02
4.927669999999999959e+02 6.590040005362235442e-02
4.921390000000000100e+02 9.383894228962107176e-02
4.915099999999999909e+02 1.049795520861116216e-01
4.908799999999999955e+02 1.049386557170043643e-01
4.902500000000000000e+02 7.136401205152961835e-02
4.896220000000000141e+02 1.178495484171500490e-01
4.889920000000000186e+02 1.457152926021759443e-01
4.883629999999999995e+02 9.727918357377783598e-02
4.877339999999999804e+02 9.168114338444123546e-02
4.871039999999999850e+02 1.046251296694183652e-01
4.864739999999999895e+02 9.527851419951664791e-02
4.858460000000000036e+02 4.884583111871426686e-02
4.852160000000000082e+02 4.510657666215842770e-02
4.845860000000000127e+02 6.546901199261476179e-02
4.839549999999999841e+02 3.022590045061057662e-02
4.833269999999999982e+02 7.093188249435317116e-02
4.826960000000000264e+02 9.683650526902227995e-02
4.820659999999999741e+02 1.264079024626199033e-01
4.814370000000000118e+02 9.857577219753792253e-02
4.808070000000000164e+02 1.262515067976592298e-01
4.801759999999999877e+02 1.797868696340544636e-01
4.795459999999999923e+02 2.037073780752299834e-01
4.789169999999999732e+02 2.035957802551443818e-01
4.782860000000000014e+02 1.924423950602009714e-01
4.776549999999999727e+02 1.554491455431989133e-01
4.770249999999999773e+02 1.701099205942389614e-01
4.763949999999999818e+02 1.497722513758987239e-01
4.757640000000000100e+02 2.233287537434912318e-01
4.751329999999999814e+02 2.066527826627467812e-01
4.745020000000000095e+02 2.139237782919945485e-01
4.738729999999999905e+02 1.733440727573172524e-01
4.732420000000000186e+02 1.604055948139982979e-01
4.726109999999999900e+02 1.952152510967699872e-01
4.719800000000000182e+02 2.079515042217608134e-01
4.713500000000000227e+02 2.042114969617581099e-01
4.707189999999999941e+02 2.114330414810941805e-01
4.700869999999999891e+02 1.654921745609770622e-01
4.694560000000000173e+02 1.122876183968427866e-01
4.688249999999999886e+02 6.829548957739110804e-02
4.681949999999999932e+02 1.286484761334429350e-01
4.675629999999999882e+02 1.651517847376458292e-01
4.669309999999999832e+02 1.467911568286649204e-01
4.663000000000000114e+02 1.156566158568302222e-01
4.656700000000000159e+02 1.393081167694083244e-01
4.650380000000000109e+02 1.520079248122069016e-01
4.644060000000000059e+02 1.337113200081253006e-01
4.637740000000000009e+02 1.810497960855947663e-01
4.631419999999999959e+02 2.082784110593239868e-01
4.625120000000000005e+02 2.136230877480451151e-01
4.618799999999999955e+02 1.862104519903812760e-01
4.612479999999999905e+02 1.806752189972165579e-01
4.606159999999999854e+02 2.096736413165733726e-01
4.599839999999999804e+02 2.059336339395710092e-01
4.593519999999999754e+02 1.822146155127231104e-01
4.587210000000000036e+02 2.166140002283785948e-01
4.580880000000000223e+02 1.983617837183344612e-01
4.574560000000000173e+02 1.873720022768708415e-01
4.568240000000000123e+02 1.546433629322987724e-01
4.561909999999999741e+02 1.636183081366232861e-01
4.555600000000000023e+02 1.635645209588315885e-01
4.549279999999999973e+02 1.869781614907239375e-01
4.542950000000000159e+02 1.778234789275588146e-01
4.536619999999999777e+02 1.560448468834070845e-01
4.530299999999999727e+02 1.433170765068274288e-01
4.523969999999999914e+02 1.775644414331874199e-01
4.517660000000000196e+02 1.648309014230760761e-01
4.511329999999999814e+02 1.827802731631935351e-01
4.505000000000000000e+02 1.826845438448358172e-01
4.498670000000000186e+02 1.916088776629822077e-01
4.492339999999999804e+02 1.518713096606132129e-01
4.486009999999999991e+02 1.337898852982852271e-01
4.479680000000000177e+02 1.877043920450983117e-01
4.473360000000000127e+02 1.822138452480195625e-01
4.467029999999999745e+02 1.731100495271172546e-01
4.460690000000000168e+02 2.053649402320788242e-01
4.454359999999999786e+02 1.855065783294786441e-01
4.448029999999999973e+02 1.800320443794172498e-01
4.441689999999999827e+02 1.960826730218332148e-01
4.435360000000000014e+02 2.156985840069026161e-01
4.429019999999999868e+02 2.532218459893506579e-01
4.422699999999999818e+02 2.190457669926384188e-01
4.416360000000000241e+02 2.475688848866774983e-01
4.410029999999999859e+02 2.456490134615338106e-01
4.403690000000000282e+02 2.240674970181300019e-01
4.397350000000000136e+02 2.239528060961332168e-01
4.391009999999999991e+02 2.184828149496836069e-01
4.384669999999999845e+02 1.772981328222366926e-01
4.378330000000000268e+02 1.896879314951993578e-01
4.371990000000000123e+02 1.753266914188960079e-01
4.365649999999999977e+02 1.877080547156485812e-01
4.359329999999999927e+02 1.466383051851327113e-01
4.352980000000000018e+02 1.216303697103725823e-01
4.346639999999999873e+02 1.197898357063205549e-01
4.340299999999999727e+02 1.250587839219208797e-01
4.333960000000000150e+02 1.249922828407629416e-01
4.327610000000000241e+02 1.711257511496351302e-01
4.321270000000000095e+02 1.550470059826933866e-01
4.314920000000000186e+02 1.283388130949833228e-01
4.308580000000000041e+02 1.158518219393061682e-01
4.302230000000000132e+02 1.282057714343675381e-01
4.295889999999999986e+02 1.476315239659796719e-01
4.289540000000000077e+02 1.227436875041547359e-01
4.283190000000000168e+02 1.386183941128370234e-01
4.276859999999999786e+02 1.385673939539736332e-01
4.270509999999999877e+02 1.190254521095059359e-01
4.264159999999999968e+02 9.951581690116836909e-02
4.257810000000000059e+02 1.188903350814037724e-01
4.251460000000000150e+02 1.329511366990060728e-01
4.245110000000000241e+02 1.593453190175736500e-01
4.238759999999999764e+02 1.610196738649722625e-01
4.232409999999999854e+02 1.768053743066246852e-01
4.226050000000000182e+02 1.555689149470809995e-01
4.219700000000000273e+02 1.590107717979290514e-01
4.213349999999999795e+02 1.642049236012866065e-01
4.206990000000000123e+02 1.887377519000047743e-01
4.200640000000000214e+02 1.903941537403935902e-01
4.194289999999999736e+02 2.113685448265557876e-01
4.187930000000000064e+02 1.708681035350774202e-01
4.181569999999999823e+02 1.620001192428670855e-01
4.175219999999999914e+02 1.724417352474007514e-01
4.168860000000000241e+02 2.109125029004269292e-01
4.162500000000000000e+02 2.300737988556109392e-01
4.156150000000000091e+02 2.334560240224822780e-01
4.149789999999999850e+02 2.403275198973788551e-01
4.143430000000000177e+02 2.471914417555165222e-01
4.137069999999999936e+02 2.225783242506021720e-01
4.130710000000000264e+02 2.591565487213638996e-01
4.124350000000000023e+02 2.764821748479429075e-01
4.117989999999999782e+02 2.903012821014568923e-01
4.111630000000000109e+02 2.796715780656748862e-01
4.105260000000000105e+02 2.690605594319179228e-01
4.098899999999999864e+02 2.776284712991932691e-01
4.092540000000000191e+02 2.391637307770371201e-01
4.086170000000000186e+02 2.425115247622364745e-01
4.079809999999999945e+02 2.580393718668581582e-01
4.073439999999999941e+02 2.474644477590295655e-01
4.067080000000000268e+02 2.369011198794399586e-01
4.060710000000000264e+02 2.645584672694571982e-01
4.054350000000000023e+02 2.262217859597243641e-01
4.047980000000000018e+02 2.313076314242388520e-01
4.041610000000000014e+02 2.242440001186533360e-01
4.035240000000000009e+02 2.414585070640801745e-01
4.028879999999999768e+02 2.049500003654796121e-01
4.022509999999999764e+02 2.221447690728484137e-01
4.016139999999999759e+02 1.839595785784447490e-01
4.009769999999999754e+02 1.873178489323931994e-01
4.003399999999999750e+02 1.474535580924936640e-01
3.997029999999999745e+02 1.784704136468839020e-01
3.990649999999999977e+02 1.680083431374405911e-01
3.984279999999999973e+02 1.351453642984459524e-01
3.977909999999999968e+02 1.264545219868044301e-01
3.971519999999999868e+02 1.228961186576622983e-01
3.965149999999999864e+02 9.701096032479927800e-02
3.958770000000000095e+02 1.107257153281528406e-01
3.952400000000000091e+02 7.280997327546899489e-02
3.946019999999999754e+02 1.002907662830760382e-01
3.939649999999999750e+02 7.100687272837831465e-02
3.933269999999999982e+02 6.753133259649285458e-02
3.926890000000000214e+02 1.069862202062058371e-01
3.920520000000000209e+02 1.000658136250334729e-01
3.914139999999999873e+02 1.308787544840969153e-01
3.907760000000000105e+02 1.325058871941951766e-01
3.901379999999999768e+02 1.769628936509940187e-01
3.895000000000000000e+02 2.162664528799619901e-01
3.888609999999999900e+02 1.956451562568095881e-01
3.882230000000000132e+02 2.006536078913907784e-01
3.875849999999999795e+02 2.210540512303379723e-01
3.869460000000000264e+02 2.397228518429377342e-01
3.863079999999999927e+02 2.617901132486715188e-01
3.856700000000000159e+02 2.752951651510421871e-01
3.850319999999999823e+02 2.904908744088288142e-01
3.843929999999999723e+02 2.630474095138587431e-01
3.837549999999999955e+02 2.799292616816944634e-01
3.831159999999999854e+02 2.712803804788678774e-01
3.824759999999999991e+02 2.677027126660614376e-01
3.818380000000000223e+02 2.573544369055463243e-01
3.811990000000000123e+02 2.147186143250657542e-01
3.805600000000000023e+02 2.383944597906856588e-01
3.799220000000000255e+02 2.280720567031314094e-01
3.792830000000000155e+02 2.024816836005602361e-01
3.786440000000000055e+02 2.193243514862913690e-01
3.780049999999999955e+02 2.022258243984965675e-01
3.773650000000000091e+02 2.089340183826071395e-01
3.767259999999999991e+02 2.714719846949932291e-01
3.760860000000000127e+02 2.662346659722311104e-01
3.754470000000000027e+02 3.218964565056928739e-01
3.748079999999999927e+02 3.183163071762888929e-01
3.741689999999999827e+02 3.350197922748489598e-01
3.735299999999999727e+02 3.534185854630108037e-01
3.728890000000000100e+02 3.583154891857234237e-01
3.722500000000000000e+02 3.311065303528413772e-01
3.716100000000000136e+02 3.747564739858802452e-01
3.709710000000000036e+02 3.442204453222681981e-01
3.703310000000000173e+02 3.305944779084126761e-01
3.696909999999999741e+02 3.202879457841380506e-01
3.690500000000000114e+02 3.285027050110605473e-01
3.684110000000000014e+02 3.115097838166411837e-01
3.677710000000000150e+02 3.046094013241742449e-01
3.671309999999999718e+02 2.909997165754160120e-01
3.664909999999999854e+02 3.344812556670993531e-01
3.658509999999999991e+02 3.091138961027670717e-01
3.652099999999999795e+02 3.089566987719126190e-01
3.645699999999999932e+02 3.473020664230386245e-01
3.639300000000000068e+02 3.404109205676980610e-01
3.632900000000000205e+02 3.368563683408972165e-01
3.626490000000000009e+02 3.450170138475754933e-01
3.620079999999999814e+02 3.364880009804290251e-01
3.613670000000000186e+02 3.312809695176034963e-01
3.607269999999999754e+02 3.077309744291400473e-01
3.600869999999999891e+02 3.175723172775344882e-01
3.594460000000000264e+02 2.873993274999877001e-01
3.588039999999999736e+02 2.655046854152811053e-01
3.581639999999999873e+02 2.570454842067724233e-01
3.575230000000000246e+02 2.369263152979543541e-01
3.568829999999999814e+02 2.667114570812219032e-01
3.562420000000000186e+02 2.582509489784742818e-01
3.556000000000000227e+02 2.631146823281506064e-01
3.549590000000000032e+02 2.762465181216405274e-01
3.543179999999999836e+02 2.495249191287854662e-01
3.536770000000000209e+02 2.576964487863212527e-01
3.530350000000000250e+02 2.956722634910814440e-01
3.523940000000000055e+02 3.054471731405600798e-01
3.517520000000000095e+02 3.052718748303868135e-01
3.511109999999999900e+02 2.471481133306058231e-01
3.504689999999999941e+02 2.685256561563993949e-01
3.498269999999999982e+02 2.766356096160572653e-01
3.491859999999999786e+02 2.715189125160189509e-01
3.485450000000000159e+02 2.664257610707071455e-01
3.479019999999999868e+02 2.612879147910800448e-01
3.472599999999999909e+02 2.446575505906641024e-01
3.466190000000000282e+02 2.412156009841805449e-01
3.459769999999999754e+02 2.344815072296180525e-01
3.453340000000000032e+02 2.557631283398010269e-01
3.446929999999999836e+02 2.687799868111518942e-01
3.440509999999999877e+02 2.587475911222066327e-01
3.434089999999999918e+02 2.553064503772621285e-01
3.427660000000000196e+02 2.387345975917587182e-01
3.421240000000000236e+02 2.730892071998035631e-01
3.414820000000000277e+02 2.811337906615393178e-01
3.408399999999999750e+02 2.793131095248214124e-01
3.401970000000000027e+02 2.939262368448569140e-01
3.395539999999999736e+02 2.970253586745681407e-01
3.389119999999999777e+02 2.886519783938159001e-01
3.382690000000000055e+02 2.966984807923108147e-01
3.376259999999999764e+02 3.373963035538360411e-01
3.369839999999999804e+02 3.633535238795352895e-01
3.363419999999999845e+02 3.484505539327905077e-01
3.356979999999999791e+02 3.270122550002774187e-01
3.350550000000000068e+02 3.219302540040968608e-01
3.344130000000000109e+02 3.070837539160377050e-01
3.337690000000000055e+02 3.117693190437479944e-01
3.331259999999999764e+02 3.197388951471367147e-01
3.324830000000000041e+02 3.634849348007554437e-01
3.318389999999999986e+02 3.437946141953627799e-01
3.311960000000000264e+02 3.712044583493492311e-01
3.305539999999999736e+02 3.596054819950526005e-01
3.299110000000000014e+02 3.821258710418426463e-01
3.292660000000000196e+02 3.965241920669194675e-01
3.286229999999999905e+02 4.190031596312918660e-01
3.279800000000000182e+02 4.122903667533094341e-01
3.273360000000000127e+02 4.006748775371973825e-01
3.266929999999999836e+02 3.632123033504573995e-01
3.260489999999999782e+02 3.565289149062972895e-01
3.254049999999999727e+02 3.482287018575911941e-01
3.247610000000000241e+02 3.674256578088165859e-01
3.241179999999999950e+02 3.542889682977674592e-01
3.234730000000000132e+02 3.637609100528954031e-01
3.228290000000000077e+02 3.651465404034203721e-01
3.221840000000000259e+02 3.956004877710108114e-01
3.215409999999999968e+02 3.985704255181387601e-01
3.208969999999999914e+02 4.321346421532690218e-01
3.202520000000000095e+02 4.512359483426946483e-01
3.196080000000000041e+02 4.493434488126197279e-01
3.189639999999999986e+02 4.635463593703005869e-01
3.183190000000000168e+02 4.841667366344561407e-01
3.176750000000000114e+02 4.549785913380746116e-01
3.170310000000000059e+02 4.082135339069279945e-01
3.163860000000000241e+02 4.079093711991464422e-01
3.157420000000000186e+02 3.980799304975488062e-01
3.150980000000000132e+02 3.738138588770221205e-01
3.144519999999999982e+02 3.671657931794127805e-01
3.138079999999999927e+02 3.557526341130953229e-01
3.131619999999999777e+02 3.491434466744519627e-01
3.125179999999999723e+02 3.393352551777149562e-01
3.118729999999999905e+02 3.439088388829426024e-01
3.112269999999999754e+02 4.011972579577202103e-01
3.105830000000000268e+02 3.770213893630986468e-01
3.099370000000000118e+02 3.672218062142508788e-01
3.092919999999999732e+02 3.717980086492880254e-01
3.086469999999999914e+02 3.620199504970857962e-01
3.080009999999999764e+02 3.952317419464312365e-01
3.073570000000000277e+02 4.140660788533534475e-01
3.067099999999999795e+02 4.202156485778614226e-01
3.060649999999999977e+02 4.135883783963982263e-01
3.054200000000000159e+02 4.117327760879517240e-01
3.047740000000000009e+02 4.099233050141805612e-01
3.041290000000000191e+02 4.081126863307982799e-01
3.034820000000000277e+02 4.522282576718014702e-01
3.028369999999999891e+02 4.804665466929387008e-01
3.021920000000000073e+02 5.023000751832543687e-01
3.015450000000000159e+02 4.878019195674376807e-01
3.008999999999999773e+02 4.558687200583572685e-01
3.002529999999999859e+02 5.014468957811348826e-01
2.996080000000000041e+02 4.821891501931080404e-01
2.989610000000000127e+02 4.597724458041598239e-01
2.983149999999999977e+02 5.005500186248820205e-01
2.976700000000000159e+02 4.797635620057860151e-01
2.970230000000000246e+02 4.826018214684280605e-01
2.963770000000000095e+02 4.523644011730465486e-01
2.957300000000000182e+02 4.426862191605700492e-01
2.950840000000000032e+02 4.565712909188051061e-01
2.944370000000000118e+02 4.232863335684525774e-01
2.937909999999999968e+02 4.371725560835496571e-01
2.931429999999999723e+02 5.122525741305165026e-01
2.924970000000000141e+02 5.103775454912560239e-01
2.918500000000000227e+02 4.865510299845615672e-01
2.912040000000000077e+02 4.784111190184288653e-01
2.905570000000000164e+02 5.015664812166510389e-01
2.899100000000000250e+02 5.310523781445092295e-01
2.892629999999999768e+02 5.744927833521984439e-01
2.886159999999999854e+02 6.007544887149830481e-01
2.879689999999999941e+02 6.191349471807221505e-01
2.873210000000000264e+02 6.218879709454896432e-01
2.866750000000000114e+02 6.152553289293251071e-01
2.860269999999999868e+02 6.491970672945085452e-01
2.853799999999999955e+02 6.612675075780414247e-01
2.847320000000000277e+02 6.546340267392336543e-01
2.840849999999999795e+02 6.869089817564494327e-01
2.834370000000000118e+02 7.020674427830864150e-01
2.827900000000000205e+02 7.342564935832009976e-01
2.821419999999999959e+02 7.618040185852847923e-01
2.814950000000000045e+02 7.752683902392198956e-01
2.808469999999999800e+02 8.058768755879552881e-01
2.801990000000000123e+02 7.805683301235326610e-01
2.795509999999999877e+02 7.645803965032109684e-01
2.789039999999999964e+02 7.749969523824221662e-01
2.782549999999999955e+02 7.760330243018109808e-01
2.776080000000000041e+02 7.786594099436020544e-01
2.769590000000000032e+02 7.689006108373042103e-01
2.763120000000000118e+02 7.854080826087694867e-01
2.756630000000000109e+02 7.726007176422345912e-01
2.750149999999999864e+02 7.875171553941509028e-01
2.743659999999999854e+02 8.549372744868258822e-01
2.737189999999999941e+02 9.067840172416068434e-01
2.730699999999999932e+02 9.216645932574100142e-01
2.724220000000000255e+02 9.102905961730443085e-01
2.717730000000000246e+02 8.912856723068450782e-01
2.711240000000000236e+02 8.768868088022789831e-01
2.704759999999999991e+02 8.517850901384487194e-01
2.698260000000000218e+02 8.681426279967471293e-01
2.691779999999999973e+02 8.983047903111966992e-01
2.685289999999999964e+02 8.563373951203271384e-01
2.678809999999999718e+02 8.465714194389353242e-01
2.672309999999999945e+02 8.338373123656366293e-01
2.665830000000000268e+02 8.531965319882369725e-01
2.659329999999999927e+02 9.138727927893317560e-01
2.652839999999999918e+02 9.408519918098336987e-01
2.646349999999999909e+02 9.830464666508635929e-01
2.639850000000000136e+02 9.595434725876004212e-01
2.633369999999999891e+02 9.497517968847863923e-01
2.626870000000000118e+02 9.766384771727225633e-01
2.620380000000000109e+02 9.562441615417839325e-01
2.613879999999999768e+02 9.967476290951560181e-01
2.607400000000000091e+02 9.779113377998096546e-01
2.600899999999999750e+02 9.361897079231360497e-01
2.594390000000000214e+02 9.614535550837298716e-01
2.587900000000000205e+02 9.441156125842865565e-01
2.581399999999999864e+02 9.480865907811522053e-01
2.574909999999999854e+02 9.414314591387513698e-01
2.568410000000000082e+02 9.878570422317169974e-01
2.561899999999999977e+02 1.023647600025669346e+00
2.555409999999999968e+02 1.006321587784562155e+00
2.548899999999999864e+02 1.029922699088397398e+00
2.542410000000000139e+02 1.030815726345719607e+00
2.535910000000000082e+02 9.983932761528157007e-01
2.529399999999999977e+02 1.000770301051154831e+00
2.522899999999999920e+02 1.016811799389396809e+00
2.516399999999999864e+02 1.050859277274596382e+00
2.509900000000000091e+02 1.006448843539215376e+00
2.503389999999999986e+02 1.011839917694787649e+00
2.496879999999999882e+02 1.036843204566872512e+00
2.490380000000000109e+02 1.043671246712858158e+00
2.483870000000000005e+02 1.077655572266597472e+00
2.477359999999999900e+02 1.108543713658326269e+00
2.470860000000000127e+02 1.097331554601224557e+00
2.464350000000000023e+02 1.132675366396614480e+00
2.457849999999999966e+02 1.086939448194774060e+00
2.451330000000000098e+02 1.114759737271683093e+00
2.444819999999999993e+02 1.096057127281291121e+00
2.438319999999999936e+02 1.080419561271104500e+00
2.431800000000000068e+02 1.069228428302264167e+00
2.425289999999999964e+02 1.068553142172686599e+00
2.418779999999999859e+02 1.112698762800724550e+00
2.412270000000000039e+02 1.143395260917385192e+00
2.405749999999999886e+02 1.118805410108553833e+00
2.399240000000000066e+02 1.168795857902594548e+00
2.392719999999999914e+02 1.168087006880315082e+00
2.386200000000000045e+02 1.192679190520622212e+00
2.379699999999999989e+02 1.188932858806113657e+00
2.373180000000000121e+02 1.223895186459914131e+00
2.366670000000000016e+02 1.223151036853861395e+00
2.360149999999999864e+02 1.223818527134926448e+00
2.353629999999999995e+02 1.249801340083481094e+00
2.347100000000000080e+02 1.298003520313280701e+00
2.340600000000000023e+02 1.292693402619145226e+00
2.334070000000000107e+02 1.288922601648923916e+00
2.327549999999999955e+02 1.339983001518455730e+00
2.321040000000000134e+02 1.379080156906592025e+00
2.314509999999999934e+02 1.373788251336993893e+00
2.307980000000000018e+02 1.411339901466580171e+00
2.301469999999999914e+02 1.410440482000024032e+00
2.294939999999999998e+02 1.394766955041499834e+00
2.288420000000000130e+02 1.368783581664639204e+00
2.281899999999999977e+02 1.419526945506456306e+00
2.275370000000000061e+02 1.458421194941253773e+00
2.268839999999999861e+02 1.481098858718464140e+00
2.262330000000000041e+02 1.516883572113182810e+00
2.255800000000000125e+02 1.563010994704816525e+00
2.249269999999999925e+02 1.563500849049602515e+00
2.242729999999999961e+02 1.574303163840202524e+00
2.236220000000000141e+02 1.611423097480190414e+00
2.229679999999999893e+02 1.623636669245246411e+00
2.223149999999999977e+02 1.638686134293873664e+00
2.216630000000000109e+02 1.618638207700456855e+00
2.210099999999999909e+02 1.595575957855450033e+00
2.203559999999999945e+02 1.571117855672292896e+00
2.197019999999999982e+02 1.561351689348555727e+00
2.190500000000000114e+02 1.570578315827176441e+00
2.183969999999999914e+02 1.572469058362409911e+00
2.177429999999999950e+02 1.570002562681911851e+00
2.170889999999999986e+02 1.582130338122066160e+00
2.164370000000000118e+02 1.559220503743777630e+00
2.157829999999999870e+02 1.584462814094132588e+00
2.151289999999999907e+02 1.571767314925474501e+00
2.144749999999999943e+02 1.614413132761663094e+00
2.138220000000000027e+02 1.617735567246245898e+00
2.131680000000000064e+02 1.623939226180650452e+00
2.125140000000000100e+02 1.635969266156763302e+00
2.118600000000000136e+02 1.613148406847228378e+00
2.112069999999999936e+02 1.646914562124931036e+00
2.105529999999999973e+02 1.637140099217644140e+00
2.098979999999999961e+02 1.628846283048445143e+00
2.092439999999999998e+02 1.610368859459542223e+00
2.085910000000000082e+02 1.610792166414173554e+00
2.079360000000000070e+02 1.608305990240203487e+00
2.072820000000000107e+02 1.602920810677075814e+00
2.066270000000000095e+02 1.571557684613609895e+00
2.059739999999999895e+02 1.599399603288975902e+00
2.053189999999999884e+02 1.596891483267572243e+00
2.046639999999999873e+02 1.582898449182252865e+00
2.040089999999999861e+02 1.587619514457488945e+00
2.033540000000000134e+02 1.588011812191284289e+00
2.027009999999999934e+02 1.546741829411502511e+00
2.020459999999999923e+02 1.534210661780546658e+00
2.013909999999999911e+02 1.504473929287948986e+00
2.007350000000000136e+02 1.537937202534465753e+00
2.000800000000000125e+02 1.526889439069100574e+00
1.994259999999999877e+02 1.498638572183971229e+00
1.987709999999999866e+02 1.499079280986965523e+00
1.981160000000000139e+02 1.489528897952215658e+00
1.974600000000000080e+02 1.511420506222850513e+00
1.968050000000000068e+02 1.483247894565458136e+00
1.961510000000000105e+02 1.478046138443902091e+00
1.954950000000000045e+02 1.512761556180702849e+00
1.948389999999999986e+02 1.484638746439966628e+00
1.941839999999999975e+02 1.469399089628961708e+00
1.935279999999999916e+02 1.484099796826151563e+00
1.928739999999999952e+02 1.503028548541734954e+00
1.922179999999999893e+02 1.499208203071706658e+00
1.915620000000000118e+02 1.538036685346743759e+00
1.909060000000000059e+02 1.591059272957804360e+00
1.902500000000000000e+02 1.614186364155431930e+00
1.895939999999999941e+02 1.591808279860548625e+00
1.889389999999999930e+02 1.631849063371738850e+00
1.882829999999999870e+02 1.661973586765788546e+00
1.876270000000000095e+02 1.694872416157445549e+00
1.869699999999999989e+02 1.688120964734333596e+00
1.863139999999999930e+02 1.687002266175858578e+00
1.856570000000000107e+02 1.660410509054562000e+00
1.850010000000000048e+02 1.642369883891484195e+00
1.843460000000000036e+02 1.666688956959615497e+00
1.836889999999999930e+02 1.700877361496851314e+00
1.830329999999999870e+02 1.733558682032394271e+00
1.823760000000000048e+02 1.752160580233250275e+00
1.817189999999999941e+02 1.742567568469423289e+00
1.810620000000000118e+02 1.828684086797579100e+00
1.804050000000000011e+02 1.893570832788573854e+00
1.797500000000000000e+02 1.921730109381650342e+00
1.790929999999999893e+02 1.976666164290194594e+00
1.784360000000000070e+02 1.982380852496180568e+00
1.777789999999999964e+02 2.007719804518299789e+00
1.771220000000000141e+02 2.020367116631184512e+00
1.764650000000000034e+02 2.034448387117026691e+00
1.758069999999999879e+02 2.054070948629210136e+00
1.751500000000000057e+02 2.040126389910890126e+00
1.744939999999999998e+02 2.062467938113405452e+00
1.738369999999999891e+02 2.110003967343457632e+00
1.731790000000000020e+02 2.140705354733491994e+00
1.725219999999999914e+02 2.179744112850381832e+00
1.718640000000000043e+02 2.228484330182482154e+00
1.712059999999999889e+02 2.267376151849979760e+00
1.705490000000000066e+02 2.299298883929778103e+00
1.698909999999999911e+02 2.318611352598744624e+00
1.692330000000000041e+02 2.315669818764377386e+00
1.685749999999999886e+02 2.309939053005231280e+00
1.679190000000000111e+02 2.341712854769386176e+00
1.672609999999999957e+02 2.335968714180710837e+00
1.666030000000000086e+02 2.387084562321261316e+00
1.659449999999999932e+02 2.356378537662401129e+00
1.652870000000000061e+02 2.314643818433850697e+00
1.646279999999999859e+02 2.324139985107729345e+00
1.639699999999999989e+02 2.357134687137556917e+00
1.633120000000000118e+02 2.405308423818828256e+00
1.626539999999999964e+02 2.416123296184272018e+00
1.619950000000000045e+02 2.392395347303963415e+00
1.613369999999999891e+02 2.389406380513859229e+00
1.606779999999999973e+02 2.361586498608668094e+00
1.600190000000000055e+02 2.370993488834896024e+00
1.593609999999999900e+02 2.394184282617755954e+00
1.587040000000000077e+02 2.403587412082464514e+00
1.580449999999999875e+02 2.425293310209265307e+00
1.573859999999999957e+02 2.420886024820312343e+00
1.567270000000000039e+02 2.443940595880088384e+00
1.560680000000000121e+02 2.439552495412419919e+00
1.554089999999999918e+02 2.450240808782201185e+00
1.547500000000000000e+02 2.467748317922230150e+00
1.540910000000000082e+02 2.463347274247428054e+00
1.534319999999999879e+02 2.472602970667632682e+00
1.527729999999999961e+02 2.480485705672372365e+00
1.521140000000000043e+02 2.470590185181162024e+00
1.514540000000000077e+02 2.475743979811303230e+00
1.507949999999999875e+02 2.480861899131852955e+00
1.501359999999999957e+02 2.570493882202984803e+00
1.494759999999999991e+02 2.605552527066291368e+00
1.488170000000000073e+02 2.624182394468290713e+00
1.481570000000000107e+02 2.686338149600390413e+00
1.474970000000000141e+02 2.691311448923818350e+00
1.468379999999999939e+02 2.728856984652769491e+00
1.461779999999999973e+02 2.752795780505740808e+00
1.455180000000000007e+02 2.807885024468479429e+00
1.448580000000000041e+02 2.831732448220347642e+00
1.441980000000000075e+02 2.785064221666866846e+00
1.435380000000000109e+02 2.823778047290776527e+00
1.428779999999999859e+02 2.850247896020587035e+00
1.422179999999999893e+02 2.901039488145763734e+00
1.415579999999999927e+02 2.924729951824391438e+00
1.408979999999999961e+02 2.941618335053652888e+00
1.402379999999999995e+02 2.955770314686310130e+00
1.395769999999999982e+02 2.964508564447215111e+00
1.389170000000000016e+02 3.013696495807125952e+00
1.382560000000000002e+02 3.105862052315462751e+00
1.375960000000000036e+02 3.164269013887702098e+00
1.369350000000000023e+02 3.214543130934973458e+00
1.362750000000000057e+02 3.240539020891718192e+00
1.356140000000000043e+02 3.298750163729167628e+00
1.349540000000000077e+02 3.352823321941610590e+00
1.342930000000000064e+02 3.444387134520123350e+00
1.336320000000000050e+02 3.534460852295323807e+00
1.329710000000000036e+02 3.594958303134322186e+00
1.323100000000000023e+02 3.637966481954582054e+00
1.316490000000000009e+02 3.733054682920345257e+00
1.309879999999999995e+02 3.773216913994883459e+00
1.303269999999999982e+02 3.804002568194551070e+00
1.296659999999999968e+02 3.897442705500221205e+00
1.290049999999999955e+02 3.945435449728535104e+00
1.283420000000000130e+02 3.966692630237595996e+00
1.276809999999999974e+02 3.997246059557621134e+00
1.270190000000000055e+02 4.063655178406789581e+00
1.263580000000000041e+02 4.040888878209625723e+00
1.256959999999999980e+02 4.004826547863562070e+00
1.250349999999999966e+02 4.035226922558091900e+00
1.243730000000000047e+02 4.049695658145940236e+00
1.237120000000000033e+02 4.049506393742856147e+00
1.230499999999999972e+02 4.075847455671797626e+00
1.223880000000000052e+02 4.084898171374912401e+00
1.217259999999999991e+02 4.031755426985871082e+00
1.210639999999999930e+02 3.961486225310848042e+00
1.204030000000000058e+02 3.973275823558991782e+00
1.197409999999999997e+02 3.963902728395053643e+00
1.190780000000000030e+02 3.881955627136619569e+00
1.184150000000000063e+02 3.869885902696212909e+00
1.177530000000000001e+02 3.831615635811476128e+00
1.170909999999999940e+02 3.773625017447934216e+00
1.164279999999999973e+02 3.717016440659873133e+00
1.157660000000000053e+02 3.701281373599573321e+00
1.151039999999999992e+02 3.673699451950545036e+00
1.144410000000000025e+02 3.618604626841158467e+00
1.137789999999999964e+02 3.567471827111302396e+00
1.131159999999999997e+02 3.567620491780322034e+00
1.124539999999999935e+02 3.546765601110246635e+00
1.117890000000000015e+02 3.521937378459551571e+00
1.111269999999999953e+02 3.528642707132722212e+00
1.104639999999999986e+02 3.497367071925801429e+00
1.098010000000000019e+02 3.472681566628677885e+00
1.091380000000000052e+02 3.437591212363055870e+00
1.084749999999999943e+02 3.429946207132345659e+00
1.078119999999999976e+02 3.346706565571306857e+00
1.071490000000000009e+02 3.304002394524923947e+00
1.064849999999999994e+02 3.177727887358209546e+00
1.058209999999999980e+02 3.072710840970512614e+00
1.051580000000000013e+02 2.936637473700476786e+00
1.044950000000000045e+02 2.902108882884111285e+00
1.038319999999999936e+02 2.800114537515782320e+00
1.031680000000000064e+02 2.711180740231283526e+00
1.025049999999999955e+02 2.628843852488997879e+00
1.018400000000000034e+02 2.602285440865796051e+00
1.011760000000000019e+02 2.547349334297375645e+00
1.005130000000000052e+02 2.579188997367305003e+00
9.984900000000000375e+01 2.590283198828970956e+00
9.918529999999999802e+01 2.589750168681231202e+00
9.852150000000000318e+01 2.580095751995763909e+00
9.785769999999999413e+01 2.659495010085007660e+00
9.719230000000000302e+01 2.754453291736813192e+00
9.652830000000000155e+01 2.845242543934525692e+00
9.586430000000000007e+01 2.920382138548133888e+00
9.520029999999999859e+01 3.017310246575539256e+00
9.453610000000000468e+01 3.151363737431103651e+00
9.387199999999999989e+01 3.285223302077354912e+00
9.320619999999999550e+01 3.379422627716127447e+00
9.254200000000000159e+01 3.485987276071292218e+00
9.187760000000000105e+01 3.512952204171998716e+00
9.121320000000000050e+01 3.564225569719638553e+00
9.054879999999999995e+01 3.585974565610408060e+00
8.988280000000000314e+01 3.678113867914140744e+00
8.921819999999999595e+01 3.708689052342261760e+00
8.855360000000000298e+01 3.707294383543305649e+00
8.788890000000000668e+01 3.703334090249555732e+00
8.722419999999999618e+01 3.791205215595669920e+00
8.655939999999999657e+01 3.864877759487917341e+00
8.589300000000000068e+01 3.962892158371789986e+00
8.522809999999999775e+01 4.009633459536787292e+00
8.456319999999999482e+01 4.085561856198537178e+00
8.389820000000000277e+01 4.102931042939929718e+00
8.323160000000000025e+01 4.164814865520837905e+00
8.256650000000000489e+01 4.201118818677222144e+00
8.190130000000000621e+01 4.272922292735266581e+00
8.123609999999999332e+01 4.311633941353542276e+00
8.057080000000000553e+01 4.283187983757969164e+00
7.990389999999999304e+01 4.323160389995093666e+00
7.923850000000000193e+01 4.387005065395285008e+00
7.857299999999999329e+01 4.464673038028891483e+00
7.790749999999999886e+01 4.523269266160632185e+00
7.724039999999999395e+01 4.560483188081609462e+00
7.657479999999999620e+01 4.621449666549222179e+00
7.590909999999999513e+01 4.604216909026233040e+00
7.524339999999999407e+01 4.666333114655350833e+00
7.457760000000000389e+01 4.700717428498749406e+00
7.391020000000000323e+01 4.654523560118919434e+00
7.324429999999999552e+01 4.654911187006081974e+00
7.257829999999999870e+01 4.596316511858733911e+00
7.191230000000000189e+01 4.570399952998546844e+00
7.124469999999999459e+01 4.587073476357862667e+00
7.057850000000000534e+01 4.572475250511701006e+00
6.991230000000000189e+01 4.627974335287531993e+00
6.924609999999999843e+01 4.588260658864767194e+00
6.857829999999999870e+01 4.603721971191569118e+00
6.791190000000000282e+01 4.609101075304893769e+00
6.724550000000000693e+01 4.590745238709928344e+00
6.657750000000000057e+01 4.597349178691976235e+00
6.591100000000000136e+01 4.560365750602619173e+00
6.524439999999999884e+01 4.568245671764303850e+00
6.457769999999999300e+01 4.549982985044770167e+00
6.390950000000000131e+01 4.515512491972251574e+00
6.324269999999999925e+01 4.519664468730533180e+00
6.257589999999999719e+01 4.547354580225079879e+00
6.190899999999999892e+01 4.566343110279411199e+00
6.124060000000000059e+01 4.569250583994316273e+00
6.057359999999999900e+01 4.581978201069371259e+00
5.990659999999999741e+01 4.598453713912487473e+00
5.923799999999999955e+01 4.541808937969946669e+00
5.857079999999999842e+01 4.476705941932265453e+00
5.790359999999999729e+01 4.491955603046495327e+00
5.723629999999999995e+01 4.470143825191003728e+00
5.656750000000000256e+01 4.416221344360319989e+00
5.590010000000000190e+01 4.427768599251684201e+00
5.523270000000000124e+01 4.406013604922085491e+00
5.456360000000000099e+01 4.408948711525474629e+00
5.389609999999999701e+01 4.430239522997433177e+00
5.322849999999999682e+01 4.485923294107538872e+00
5.255930000000000035e+01 4.566154806901561614e+00
5.189159999999999684e+01 4.523523660372338107e+00
5.122379999999999711e+01 4.552039568023525717e+00
5.055440000000000111e+01 4.567056276405170756e+00
4.988660000000000139e+01 4.552646033737635101e+00
4.921860000000000213e+01 4.533415975376637874e+00
4.854910000000000281e+01 4.521438593200396205e+00
4.788100000000000023e+01 4.553523517317118241e+00
4.721289999999999765e+01 4.553782992486108405e+00
4.654319999999999879e+01 4.524809249459386784e+00
4.587500000000000000e+01 4.540931328922836130e+00
4.520669999999999789e+01 4.482753011477784710e+00
4.453679999999999950e+01 4.476966398245710188e+00
4.386840000000000117e+01 4.479729812658647781e+00
4.320000000000000284e+01 4.531101755471387271e+00
4.252989999999999782e+01 4.505815526807886329e+00
4.186129999999999995e+01 4.468513178703949151e+00
4.119270000000000209e+01 4.396060226267979765e+00
4.052250000000000085e+01 4.380629050773374722e+00
3.985379999999999967e+01 4.389494397689976068e+00
3.918500000000000227e+01 4.420111356019955196e+00
3.851460000000000150e+01 4.416774837172438239e+00
3.784570000000000078e+01 4.403791861911007466e+00
3.717519999999999669e+01 4.365497860328066970e+00
3.650619999999999976e+01 4.339302213860144697e+00
3.583709999999999951e+01 4.351726532214884813e+00
3.516640000000000299e+01 4.359307553546630132e+00
3.449719999999999942e+01 4.327183571615045743e+00
3.382800000000000296e+01 4.325133630237304239e+00
3.315709999999999980e+01 4.283385288785591882e+00
3.248780000000000001e+01 4.198568204950574589e+00
3.181680000000000064e+01 4.172546846668039322e+00
3.114730000000000132e+01 4.173036947431829624e+00
3.047779999999999845e+01 4.198651853321064387e+00
2.980669999999999931e+01 4.105673458116218200e+00
2.913700000000000045e+01 4.097828266161521071e+00
2.846730000000000160e+01 4.104322063272805465e+00
2.779599999999999937e+01 4.034292559899427033e+00
2.712620000000000076e+01 4.006190912717712216e+00
2.645479999999999876e+01 3.992393513216776491e+00
2.578490000000000038e+01 3.954884636607954640e+00
2.511329999999999885e+01 3.874410821079597778e+00
2.444330000000000069e+01 3.784654289294663521e+00
2.377319999999999922e+01 3.773548911786529292e+00
2.310150000000000148e+01 3.667204916315931928e+00
2.243130000000000024e+01 3.602776878815718842e+00
2.175949999999999918e+01 3.538231660065847883e+00
2.108909999999999840e+01 3.457372346306169852e+00
2.041870000000000118e+01 3.406263241620655968e+00
1.974680000000000035e+01 3.289946402586379381e+00
1.907629999999999981e+01 3.223654667057530787e+00
1.840419999999999945e+01 3.169096388550403098e+00
1.773349999999999937e+01 3.084061829082664907e+00
1.706129999999999924e+01 3.066316956911461666e+00
1.639059999999999917e+01 2.979140735452840083e+00
1.571979999999999933e+01 2.928592332812428811e+00
1.504739999999999966e+01 2.910997418671209758e+00
1.437650000000000006e+01 2.868780664320233154e+00
1.370410000000000039e+01 2.871288716605640445e+00
1.303299999999999947e+01 2.817437589430251244e+00
1.236040000000000028e+01 2.788255810042522320e+00
1.168929999999999936e+01 2.753318871979783644e+00
1.101660000000000039e+01 2.776984790531884517e+00
1.034529999999999994e+01 2.904815370080092496e+00
9.672489999999999810e+00 3.008049811683289665e+00
9.001129999999999853e+00 3.122545373291358395e+00
8.329710000000000392e+00 3.216949164332577382e+00
7.656710000000000349e+00 3.410868207830242138e+00
6.985170000000000101e+00 3.889686356024847136e+00
6.312050000000000161e+00 4.386595457608304827e+00
5.640399999999999636e+00 4.902648815965013007e+00
4.967170000000000307e+00 5.343324412819281832e+00
4.295410000000000394e+00 5.720469329441418616e+00
3.622059999999999835e+00 6.096843583713670967e+00
2.950180000000000025e+00 6.448462526939302109e+00
2.276720000000000077e+00 6.843211999194170225e+00
1.604729999999999990e+00 7.134896256171711748e+00
9.311519999999999797e-01 7.175945317434961446e+00
2.590439999999999965e-01 7.172523431042425734e+00
