686.972	39.846
686.36	39.8484
685.747	39.8174
685.135	39.7916
684.523	39.748
683.912	39.6903
683.299	39.643
682.687	39.6038
682.074	39.6319
681.461	39.6778
680.849	39.7111
680.236	39.7576
679.623	39.8038
679.01	39.7677
678.398	39.7381
677.786	39.7243
677.173	39.7222
676.56	39.6871
675.947	39.6732
675.334	39.6528
674.721	39.6317
674.108	39.59
673.494	39.5733
672.881	39.5622
672.268	39.5844
671.654	39.6417
671.041	39.6889
670.427	39.7389
669.815	39.7722
669.201	39.8055
668.588	39.8
667.974	39.8089
667.36	39.8366
666.746	39.8646
666.133	39.8603
665.519	39.8686
664.905	39.8708
664.291	39.8542
663.677	39.8429
663.063	39.8355
662.448	39.829
661.834	39.8239
661.22	39.8255
660.606	39.8199
659.991	39.7928
659.377	39.7632
658.762	39.7571
658.148	39.7389
657.533	39.7389
656.919	39.75
656.304	39.75
655.689	39.7055
655.075	39.6963
654.46	39.6833
653.845	39.6842
653.23	39.6882
652.615	39.717
652	39.7333
651.385	39.7463
650.77	39.7619
650.155	39.7912
649.539	39.7624
648.924	39.751
648.309	39.7286
647.693	39.6733
647.078	39.6233
646.463	39.651
645.847	39.6111
645.232	39.5985
644.616	39.5986
643.999	39.6041
643.383	39.5764
642.767	39.5819
642.152	39.5778
641.536	39.5774
640.92	39.5571
640.304	39.5446
639.688	39.539
639.072	39.5307
638.456	39.5317
637.84	39.541
637.223	39.559
636.607	39.5868
635.991	39.5896
635.373	39.5777
634.757	39.5611
634.14	39.5417
633.524	39.5144
632.907	39.5033
632.29	39.5033
631.674	39.5056
631.057	39.5059
630.44	39.512
629.822	39.5186
629.205	39.5253
628.588	39.5308
627.971	39.5368
627.354	39.5412
626.737	39.5475
626.12	39.552
625.503	39.5609
624.884	39.5685
624.267	39.5629
623.65	39.5722
623.032	39.5944
622.415	39.6222
621.798	39.6555
621.18	39.7221
620.561	39.7667
619.943	39.7963
619.326	39.8192
618.708	39.8348
618.09	39.8296
617.472	39.8318
616.853	39.8411
616.235	39.846
615.617	39.8137
614.999	39.7912
614.381	39.7334
613.763	39.6723
613.143	39.6
612.525	39.5741
611.907	39.5384
611.289	39.545
610.67	39.5505
610.051	39.6061
609.432	39.6654
608.814	39.7132
608.195	39.7622
607.576	39.8233
606.956	39.8344
606.338	39.84
605.719	39.8612
605.1	39.8667
604.481	39.8279
603.861	39.7944
603.242	39.7222
602.623	39.6889
602.004	39.6667
601.383	39.7001
600.764	39.7222
600.145	39.7889
599.525	39.8166
598.905	39.85
598.285	39.8444
597.666	39.8722
597.046	39.8722
596.425	39.85
595.806	39.8111
595.186	39.7723
594.567	39.6945
593.945	39.6522
593.326	39.63
592.706	39.6022
592.086	39.6077
591.465	39.6244
590.845	39.6333
590.225	39.65
589.603	39.6444
588.983	39.6611
588.363	39.7056
587.742	39.7111
587.121	39.7278
586.5	39.8
585.88	39.8153
585.258	39.8264
584.638	39.863
584.017	39.8747
583.395	39.8667
582.774	39.876
582.154	39.8725
581.532	39.8717
580.911	39.877
580.29	39.8682
579.668	39.8826
579.047	39.825
578.426	39.7915
577.805	39.7134
577.182	39.6801
576.561	39.6245
575.938	39.6321
575.317	39.6211
574.696	39.6517
574.073	39.6475
573.452	39.6419
572.83	39.643
572.207	39.6341
571.586	39.6175
570.964	39.5987
570.341	39.5709
569.719	39.5628
569.098	39.5693
568.474	39.5795
567.853	39.607
567.229	39.6515
566.607	39.6898
565.985	39.7175
565.362	39.7713
564.74	39.8
564.117	39.8444
563.494	39.8611
562.872	39.8792
562.248	39.8761
561.625	39.8761
561.003	39.8595
560.379	39.8595
559.757	39.8248
559.133	39.7778
558.51	39.7334
557.886	39.6611
557.263	39.6056
556.64	39.6111
556.016	39.6611
555.393	39.6999
554.769	39.7667
554.146	39.85
553.521	39.88
552.898	39.8856
552.275	39.8857
551.651	39.8634
551.027	39.7912
550.403	39.757
549.779	39.7098
549.155	39.6806
548.531	39.669
547.906	39.6742
547.283	39.6645
546.659	39.6617
546.034	39.6575
545.41	39.6524
544.785	39.6917
544.161	39.7055
543.536	39.7056
542.912	39.7056
542.287	39.7
541.663	39.6556
541.037	39.6167
540.413	39.6222
539.788	39.6222
539.163	39.6555
538.538	39.7333
537.914	39.8221
537.288	39.8555
536.663	39.9111
536.037	39.9426
535.413	39.9307
534.787	39.9345
534.162	39.9502
533.536	39.9502
532.911	39.941
532.285	39.9417
531.66	39.9247
531.034	39.9256
530.409	39.9034
529.783	39.9145
529.158	39.8923
528.531	39.8723
527.905	39.8723
527.28	39.9111
526.653	39.8833
526.028	39.8445
525.401	39.8111
524.776	39.7612
524.149	39.6945
523.523	39.6667
522.896	39.6686
522.271	39.6748
521.644	39.6701
521.016	39.6682
520.391	39.6639
519.763	39.6513
519.138	39.6401
518.51	39.6286
517.884	39.6198
517.257	39.6175
516.63	39.6381
516.003	39.6542
515.376	39.7371
514.75	39.792
514.122	39.8431
513.494	39.8821
512.868	39.9323
512.24	39.8878
511.614	39.8379
510.986	39.7879
510.358	39.7445
509.731	39.6834
509.103	39.6545
508.476	39.6434
507.848	39.6655
507.22	39.6822
506.593	39.7155
505.965	39.7111
505.336	39.7277
504.709	39.7167
504.081	39.7056
503.452	39.6834
502.825	39.6963
502.196	39.7043
501.569	39.7026
500.94	39.693
500.311	39.6816
499.684	39.6683
499.055	39.6545
498.426	39.6458
497.798	39.6387
497.169	39.6427
496.54	39.643
495.912	39.6543
495.283	39.737
494.654	39.7849
494.026	39.8477
493.397	39.9184
492.767	40.0017
492.139	39.9795
491.51	39.9981
490.88	39.9981
490.25	39.9663
489.622	39.9053
488.992	39.8886
488.363	39.8667
487.734	39.8389
487.104	39.8666
486.474	39.89
485.846	39.9066
485.216	39.9344
484.586	39.9733
483.955	39.9456
483.327	39.889
482.696	39.8279
482.066	39.7722
481.437	39.6945
480.807	39.6667
480.176	39.7111
479.546	39.7667
478.917	39.8276
478.286	39.9013
477.655	39.9772
477.025	40.0122
476.395	40.0333
475.764	40.033
475.133	40.0261
474.502	40.017
473.873	39.9876
473.242	39.9387
472.611	39.9014
471.98	39.8638
471.35	39.7917
470.719	39.7639
470.087	39.7528
469.456	39.7347
468.825	39.7342
468.195	39.7661
467.563	39.7883
466.931	39.8383
466.3	39.8773
465.67	39.9141
465.038	39.9544
464.406	39.9878
463.774	39.9878
463.142	40.0034
462.512	40.0378
461.88	40.0212
461.248	40.01
460.616	40.0156
459.984	39.9888
459.352	39.9666
458.721	39.9832
458.088	39.9902
457.456	40.0069
456.824	40.037
456.191	40.0421
455.56	40.0492
454.928	40.0645
454.295	40.0589
453.662	40.0343
453.03	40.007
452.397	39.9688
451.766	39.9078
451.133	39.8356
450.5	39.8116
449.867	39.7727
449.234	39.7816
448.601	39.7982
447.968	39.826
447.336	39.8333
446.703	39.911
446.069	39.9222
445.436	39.9555
444.803	39.9889
444.169	39.9889
443.536	39.9277
442.902	39.9092
442.27	39.8683
441.636	39.8312
441.003	39.8193
440.369	39.8161
439.735	39.8017
439.101	39.7982
438.467	39.8076
437.833	39.8195
437.199	39.8727
436.565	39.9445
435.933	40.011
435.298	40.0633
434.664	40.1244
434.03	40.1356
433.396	40.0689
432.761	40.0245
432.127	39.9889
431.492	39.9222
430.858	39.8945
430.223	39.9667
429.589	40.0111
428.954	40.0112
428.319	40.0111
427.686	40.0001
427.051	39.9834
426.416	39.9611
425.781	40.0056
425.146	40.0389
424.511	40.0167
423.876	39.9944
423.241	39.985
422.605	39.9809
421.97	39.9949
421.335	40.045
420.699	40.0613
420.064	40.0771
419.429	40.0611
418.793	40.0645
418.157	40.0695
417.522	40.0587
416.886	40.0856
416.25	40.0725
415.615	40.044
414.979	40.0111
414.343	39.9889
413.707	39.9278
413.071	39.9222
412.435	39.9222
411.799	39.9278
411.163	39.9333
410.526	39.9889
409.89	39.9981
409.254	40.0234
408.617	40.0584
407.981	40.0868
407.344	40.1035
406.708	40.0998
406.071	40.119
405.435	40.0951
404.798	40.0667
404.161	39.9889
403.524	39.9667
402.888	39.9111
402.251	39.9
401.614	39.8778
400.977	39.8722
400.34	39.8656
399.703	39.86
399.065	39.8378
398.428	39.8563
397.791	39.8833
397.152	39.9345
396.515	39.9956
395.877	40.0511
395.24	40.1048
394.602	40.1148
393.965	40.1142
393.327	40.1078
392.689	40.1011
392.052	40.0818
391.414	40.1033
390.776	40.1071
390.138	40.1301
389.5	40.1367
388.861	40.1172
388.223	40.0809
387.585	40.0278
386.946	39.9675
386.308	39.9272
385.67	39.905
385.032	39.905
384.393	39.9327
383.755	39.9652
383.116	39.9722
382.476	40.0111
381.838	40.0556
381.199	40.0945
380.56	40.1167
379.922	40.1223
379.283	40.1195
378.644	40.0696
378.005	40.0227
377.365	39.9671
376.726	39.9578
376.086	39.9374
375.447	39.9429
374.808	39.9674
374.169	40.0563
373.53	40.097
372.889	40.1419
372.25	40.1985
371.61	40.2184
370.971	40.1943
370.331	40.2177
369.691	40.2516
369.05	40.2507
368.411	40.2641
367.771	40.2271
367.131	40.1722
366.491	40.1278
365.851	40.1145
365.21	40.1312
364.57	40.1756
363.93	40.2367
363.29	40.2867
362.649	40.2945
362.008	40.2611
361.367	40.2056
360.727	40.1681
360.087	40.101
359.446	40.0622
358.804	40.0306
358.164	40.0305
357.523	40.0179
356.883	40.0628
356.242	40.1031
355.6	40.1626
354.959	40.2422
354.318	40.3243
353.677	40.3448
353.035	40.4001
352.394	40.4254
351.752	40.4334
351.111	40.4349
350.469	40.4511
349.827	40.4389
349.186	40.408
348.545	40.3871
347.902	40.3757
347.26	40.3889
346.619	40.3778
345.977	40.3667
345.334	40.3388
344.693	40.3066
344.051	40.2289
343.409	40.2011
342.766	40.2122
342.124	40.2289
341.482	40.2166
340.84	40.2611
340.197	40.2944
339.554	40.3111
338.912	40.3222
338.269	40.3722
337.626	40.3778
336.984	40.339
336.342	40.2946
335.698	40.2945
335.055	40.2486
334.413	40.201
333.769	40.2068
333.126	40.2165
332.483	40.1873
331.839	40.1897
331.196	40.1979
330.554	40.2153
329.911	40.2349
329.266	40.2546
328.623	40.2727
327.98	40.3002
327.336	40.3
326.693	40.3125
326.049	40.322
325.405	40.3918
324.761	40.4315
324.118	40.4751
323.473	40.5333
322.829	40.5611
322.184	40.5111
321.541	40.4944
320.897	40.4667
320.252	40.4111
319.608	40.3891
318.964	40.3792
318.319	40.3739
317.675	40.385
317.031	40.4293
316.386	40.5125
315.742	40.5891
315.098	40.661
314.452	40.7166
313.808	40.75
313.162	40.7779
312.518	40.8167
311.873	40.8278
311.227	40.8334
310.583	40.8223
309.937	40.8222
309.292	40.8277
308.647	40.8721
308.001	40.9211
307.357	40.9877
306.71	41.01
306.065	41.0267
305.42	40.9823
304.774	40.9611
304.129	40.9001
303.482	40.8388
302.837	40.75
302.192	40.6779
301.545	40.6445
300.9	40.5834
300.253	40.5222
299.608	40.5222
298.961	40.55
298.315	40.5444
297.67	40.6387
297.023	40.7611
296.377	40.8055
295.73	40.8277
295.084	40.9
294.437	40.95
293.791	40.9666
293.143	41.0612
292.497	41.1556
291.85	41.1389
291.204	41.1
290.557	41.1045
289.91	41.0989
289.263	41.121
288.616	41.1711
287.969	41.2655
287.321	41.2889
286.675	41.2889
286.027	41.3055
285.38	41.3167
284.732	41.3056
284.085	41.3478
283.437	41.3818
282.79	41.3951
282.142	41.4351
281.495	41.4658
280.847	41.4813
280.199	41.518
279.551	41.5493
278.904	41.5901
278.255	41.6236
277.608	41.6587
276.959	41.6769
276.312	41.6998
275.663	41.6857
275.015	41.6494
274.366	41.5676
273.719	41.4954
273.07	41.4334
272.422	41.4056
271.773	41.4167
271.124	41.5001
270.476	41.5833
269.826	41.6834
269.178	41.7721
268.529	41.8611
267.881	41.9111
267.231	41.9445
266.583	41.95
265.933	41.9278
265.284	41.85
264.635	41.7723
263.985	41.7389
263.337	41.7
262.687	41.6945
262.038	41.7555
261.388	41.8333
260.74	41.8721
260.09	41.9056
259.439	41.95
258.79	41.9722
258.14	41.9834
257.491	41.9889
256.841	42.0389
256.19	42.1001
255.541	42.124
254.89	42.1621
254.241	42.2133
253.591	42.23
252.94	42.2134
252.29	42.2285
251.64	42.2239
250.99	42.2068
250.339	42.1825
249.688	42.1487
249.038	42.1098
248.387	42.0915
247.736	42.0907
247.086	42.0982
246.435	42.1431
245.785	42.2039
245.133	42.3
244.482	42.4167
243.832	42.5073
243.18	42.6208
242.529	42.712
241.878	42.7564
241.227	42.8025
240.575	42.8567
239.924	42.8915
239.272	42.9504
238.62	43.0004
237.97	42.9655
237.318	42.9538
236.667	42.8946
236.015	42.8944
235.363	42.8834
234.71	42.9389
234.06	42.95
233.407	42.9778
232.755	42.9666
232.104	43.0166
231.451	43.0333
230.798	43.1001
230.147	43.1111
229.494	43.0834
228.842	43.0444
228.19	43.0167
227.537	43.0056
226.884	43.0445
226.233	43.1
225.58	43.1444
224.927	43.2389
224.273	43.2667
223.622	43.3148
222.968	43.3567
222.315	43.3701
221.663	43.3472
221.01	43.358
220.356	43.3584
219.702	43.3545
219.05	43.357
218.397	43.3567
217.743	43.3561
217.089	43.3707
216.437	43.3782
215.783	43.4346
215.129	43.4023
214.475	43.3865
213.822	43.3734
213.168	43.4001
212.514	43.3779
211.86	43.4334
211.207	43.511
210.553	43.5278
209.898	43.5389
209.244	43.6278
208.591	43.7221
207.936	43.7444
207.282	43.7167
206.627	43.6943
205.974	43.5946
205.319	43.5056
204.664	43.4833
204.009	43.5389
203.354	43.5611
202.701	43.5833
202.046	43.5778
201.391	43.5722
200.735	43.5722
200.08	43.5889
199.426	43.5778
198.771	43.5945
198.116	43.6056
197.46	43.65
196.805	43.6555
196.151	43.6943
195.495	43.7776
194.839	43.811
194.184	43.8555
193.528	43.9556
192.874	44.0333
192.218	44.0278
191.562	43.9945
190.906	43.8945
190.25	43.8111
189.594	43.7111
188.939	43.6834
188.283	43.6667
187.627	43.6612
186.97	43.6334
186.314	43.6889
185.657	43.7333
185.001	43.8612
184.346	44.0497
183.689	44.2997
183.033	44.4998
182.376	44.6999
181.719	44.8833
181.062	45.039
180.405	45.1279
179.75	45.1667
179.093	45.2611
178.436	45.3334
177.779	45.3334
177.122	45.3334
176.465	45.3334
175.807	45.2944
175.15	45.2778
174.494	45.3
173.837	45.3555
173.179	45.4389
172.522	45.5222
171.864	45.6055
171.206	45.7611
170.549	45.9278
169.891	46.0667
169.233	46.1889
168.575	46.3445
167.919	46.4499
167.261	46.4888
166.603	46.5278
165.945	46.5556
165.287	46.5
164.628	46.4889
163.97	46.5444
163.312	46.6333
162.654	46.6778
161.995	46.7889
161.337	46.8778
160.678	46.9334
160.019	47.0501
159.361	47.2446
158.704	47.3831
158.045	47.4721
157.386	47.5221
156.727	47.5
156.068	47.4111
155.409	47.3223
154.75	47.2279
154.091	47.139
153.432	47.0834
152.773	47.0278
152.114	46.95
151.454	46.9611
150.795	47.0333
150.136	47.0888
149.476	47.2222
148.817	47.4777
148.157	47.7055
147.497	47.8277
146.838	47.9888
146.178	48.1666
145.518	48.2277
144.858	48.3
144.198	48.5111
143.538	48.6444
142.878	48.6611
142.218	48.75
141.558	48.8666
140.898	48.9333
140.238	49.1332
139.577	49.4554
138.917	49.811
138.256	50.1221
137.596	50.4888
136.935	50.8665
136.275	51.1721
135.614	51.4776
134.954	51.8721
134.293	52.2166
133.632	52.5776
132.971	52.8832
132.31	53.1943
131.649	53.4388
130.988	53.6832
130.327	53.8665
129.666	54.122
129.005	54.3386
128.342	54.5835
127.681	54.7779
127.019	54.9722
126.358	55.1889
125.696	55.4
125.035	55.5277
124.373	55.6611
123.712	55.75
123.05	55.7445
122.388	55.6945
121.726	55.6667
121.064	55.589
120.403	55.5056
119.741	55.4612
119.078	55.4612
118.415	55.4279
117.753	55.45
117.091	55.4167
116.428	55.2834
115.766	55.0112
115.104	54.8557
114.441	54.5669
113.779	54.2947
113.116	54.017
112.454	53.8061
111.789	53.422
111.127	53.161
110.464	52.95
109.801	52.8834
109.138	52.7334
108.475	52.6501
107.812	52.5057
107.149	52.3669
106.485	52.2111
105.821	52.2
105.158	52.1833
104.495	52.2166
103.832	52.1778
103.168	52.1667
102.505	52.1278
101.84	52.1278
101.176	52.1834
100.513	52.3166
99.849	52.4665
99.1853	52.6997
98.5215	52.983
97.8577	53.3717
97.1923	53.8114
96.5283	54.2779
95.8643	54.8111
95.2003	55.3664
94.5361	55.8995
93.872	56.5048
93.2062	57.1281
92.542	57.689
91.8776	58.0943
91.2132	58.4608
90.5488	58.7663
89.8828	58.9389
89.2182	59.0667
88.5536	59.2834
87.8889	59.4333
87.2242	59.4277
86.5594	59.45
85.893	59.5722
85.2281	59.661
84.5632	59.8221
83.8982	60.0608
83.2316	60.1778
82.5665	60.1278
81.9013	59.9946
81.2361	59.828
80.5708	59.7223
79.9039	59.639
79.2385	59.5389
78.573	59.4724
77.9075	59.3448
77.2404	59.1834
76.5748	59.039
75.9091	58.8614
75.2434	58.6726
74.5776	58.4172
73.9102	58.15
73.2443	57.9056
72.5783	57.6001
71.9123	57.3559
71.2447	57.1554
70.5785	56.9389
69.9123	56.7556
69.2461	56.689
68.5783	56.55
67.9119	56.3223
67.2455	56.0947
66.5775	55.8999
65.911	55.6611
65.2444	55.5278
64.5777	55.5167
63.9095	55.5612
63.2427	55.5722
62.5759	55.6665
61.909	55.7499
61.2406	55.8277
60.5736	55.8777
59.9066	55.9388
59.238	55.8833
58.5708	55.7612
57.9036	55.5392
57.2363	55.2616
56.5675	54.9388
55.9001	54.8168
55.2327	54.6779
54.5636	54.5833
53.8961	54.5167
53.2285	54.5778
52.5593	54.5389
51.8916	54.6333
51.2238	54.761
50.5544	54.9168
49.8866	54.9556
49.2186	54.989
48.5491	54.9778
47.881	55.0278
47.2129	55.0555
46.5432	55.0945
45.875	55.1278
45.2067	55.2278
44.5368	55.3001
43.8684	55.2944
43.2	55.3666
42.5299	55.4111
41.8613	55.3333
41.1927	55.2279
40.5225	55.2945
39.8538	55.35
39.185	55.3499
38.5146	55.3
37.8457	55.2834
37.1752	55.1332
36.5062	54.9889
35.8371	54.9666
35.1664	55.0335
34.4972	54.9667
33.828	54.8779
33.1571	54.8389
32.4878	54.7834
31.8168	54.7445
31.1473	54.8166
30.4778	54.9611
29.8067	54.9611
29.137	54.9222
28.4673	54.8724
27.796	54.8222
27.1262	54.7056
26.4548	54.6444
25.7849	54.6223
25.1133	54.5833
24.4433	54.4722
23.7732	54.3668
23.1015	54.1888
22.4313	53.9502
21.7595	53.6388
21.0891	53.3113
20.4187	52.9395
19.7468	52.5779
19.0763	52.2171
18.4042	51.9
17.7335	51.7002
17.0613	51.611
16.3906	51.5833
15.7198	51.6276
15.0474	51.7333
14.3765	51.8943
13.7041	52.0334
13.033	52.2942
12.3604	52.5723
11.6893	52.9219
11.0166	53.4614
10.3453	54.3106
9.67249	55.1784
9.00113	56.1773
8.32971	57.304
7.65671	58.3431
6.98517	59.2051
6.31205	60.1706
5.6404	61.1199
4.96717	61.8517
4.29541	62.3919
3.62206	62.9277
2.95018	63.3442
2.27672	63.6338
1.60473	63.9974
0.931152	64.4195
0.259044	64.7186
-0.414646	64.9077
-1.08687	65.0324
-1.76067	65.0094
-2.43301	64.8394
-3.10693	64.5165
-3.77938	64.0193
-4.45342	63.3834
-5.12598	62.5777
-5.80013	61.6576
-6.47281	60.7085
-7.14708	59.6852
-7.81987	58.6129
-8.49425	57.6022
-9.16716	56.6701
-9.84165	55.8276
-10.5147	55.1006
-11.1893	54.4666
-11.8624	53.8562
-12.5372	53.2334
-13.2104	52.6564
-13.8852	52.2225
-14.5601	51.9278
-15.2336	51.7389
-15.9086	51.6555
-16.5821	51.5834
-17.2572	51.5777
-17.9309	51.5943
-18.6061	51.7
-19.2799	51.8775
-19.9553	52.1
-20.6307	52.2112
-21.3046	52.3277
-21.9802	52.4278
-22.6542	52.5221
-23.3299	52.6389
-24.004	52.8608
-24.6798	53.0944
-25.3556	53.3391
-26.03	53.5332
-26.7059	53.6889
-27.3804	53.7111
-28.0564	53.6667
-28.731	53.6056
-29.4071	53.5167
-30.0834	53.3499
-30.7581	53.1613
-31.4345	52.9833
-32.1093	52.7226
-32.7858	52.5167
-33.4623	52.4445
-34.1373	52.5165
-34.8139	52.5555
-35.4891	52.6443
-36.1658	52.761
-36.8426	52.8277
-37.518	52.7889
-38.1949	52.8611
-38.8719	52.9668
-39.5474	53.0555
-40.2244	53.0833
-40.9001	53.1889
-41.5773	53.2277
-42.2545	53.2277
-42.9303	53.2166
-43.6077	53.2611
-44.2851	53.2611
-44.9611	53.2778
-45.6386	53.3111
-46.3162	53.2778
-46.9924	53.2389
-47.6701	53.261
-48.3463	53.2832
-49.0242	53.3277
-49.7021	53.4501
-50.3785	53.4944
-51.0565	53.3889
-51.7346	53.222
-52.4112	53.0558
-53.0894	52.8501
-53.7676	52.7223
-54.4444	52.6723
-55.1228	52.6666
-55.8012	52.5277
-56.4781	52.4944
-57.1567	52.5166
-57.8353	52.5111
-58.5139	52.489
-59.1911	52.5445
-59.8698	52.4278
-60.5487	52.2833
-61.226	52.1169
-61.905	52.0334
-62.584	51.9946
-63.2615	52.0278
-63.9406	52.0722
-64.6198	52.2
-65.2975	52.261
-65.9768	52.3554
-66.6561	52.4333
-67.3355	52.5223
-68.0135	52.6166
-68.693	52.7221
-69.3726	52.8556
-70.0507	53.0108
-70.7304	53.1443
-71.4101	53.2833
-72.0899	53.4278
-72.7683	53.572
-73.4482	53.7055
-74.1282	53.8278
-74.8082	53.9334
-75.4868	53.9223
-76.167	53.8334
-76.8472	53.8055
-77.5275	53.7833
-78.2063	53.761
-78.8867	53.7722
-79.5671	53.8556
-80.2476	53.8667
-80.9267	53.8389
-81.6073	53.7667
-82.288	53.7945
-82.9687	53.7112
-83.648	53.6002
-84.3289	53.4002
-85.0098	53.2167
-85.6908	52.9999
-86.3718	52.8332
-87.0514	52.6722
-87.7325	52.65
-88.4137	52.5333
-89.095	52.3554
-89.7748	52.1614
-90.4562	51.9891
-91.1376	51.7111
-91.8191	51.4221
-92.5007	51.1386
-93.1808	50.7671
-93.8624	50.3614
-94.5442	50.039
-95.226	49.7777
-95.9078	49.4665
-96.5882	49.1726
-97.2702	48.8891
-97.9522	48.5167
-98.6343	48.1277
-99.3165	47.7887
-99.9971	47.4726
-100.679	47.2113
-101.362	47.0224
-102.044	46.9279
-102.727	46.9556
-103.409	47.1279
-104.09	47.3108
-104.773	47.5442
-105.455	47.7665
-106.138	47.961
-106.821	48.1
-107.504	48.2333
-108.187	48.3167
-108.868	48.4277
-109.551	48.4611
-110.234	48.4722
-110.917	48.4445
-111.601	48.5167
-112.284	48.5334
-112.966	48.5444
-113.649	48.5555
-114.332	48.6722
-115.016	48.6555
-115.699	48.7
-116.383	48.85
-117.067	49.0056
-117.75	49.0557
-118.433	49.1666
-119.117	49.2167
-119.8	49.2444
-120.484	49.2166
-121.168	49.2111
-121.852	49.1333
-122.537	49.0333
-123.221	48.8722
-123.905	48.7221
-124.588	48.5446
-125.272	48.3835
-125.957	48.2501
-126.641	48.1279
-127.326	48.0168
-128.01	48
-128.695	47.9111
-129.38	47.8167
-130.065	47.6611
-130.749	47.5111
-131.434	47.3278
-132.119	47.1944
-132.803	46.9891
-133.488	46.8391
-134.173	46.5447
-134.858	46.2057
-135.543	45.8668
-136.229	45.589
-136.914	45.3279
-137.6	45.1723
-138.285	44.9279
-138.971	44.7279
-139.656	44.4945
-140.342	44.2889
-141.028	44.1667
-141.713	44.1278
-142.399	44.1389
-143.085	44.2221
-143.771	44.2165
-144.456	44.2332
-145.142	44.2943
-145.828	44.3499
-146.514	44.4221
-147.2	44.55
-147.887	44.6055
-148.573	44.5611
-149.259	44.4167
-149.946	44.2834
-150.633	44.139
-151.319	43.9778
-152.006	43.8612
-152.693	43.7556
-153.379	43.5945
-154.066	43.4611
-154.753	43.4222
-155.44	43.4055
-156.127	43.4389
-156.814	43.4556
-157.501	43.4556
-158.189	43.3556
-158.876	43.1945
-159.563	43.0334
-160.251	42.8834
-160.938	42.739
-161.625	42.6223
-162.313	42.5889
-163.001	42.5555
-163.688	42.5555
-164.376	42.5388
-165.064	42.6055
-165.752	42.6555
-166.44	42.7223
-167.128	42.7278
-167.816	42.7335
-168.505	42.6221
-169.193	42.5611
-169.882	42.4722
-170.57	42.4889
-171.258	42.4611
-171.947	42.4611
-172.635	42.4722
-173.324	42.4944
-174.012	42.4722
-174.701	42.5
-175.39	42.4667
-176.078	42.4111
-176.767	42.3389
-177.456	42.2778
-178.145	42.1612
-178.834	42.0501
-179.523	41.928
-180.212	41.8225
-180.903	41.6834
-181.592	41.6334
-182.281	41.6222
-182.971	41.6111
-183.66	41.6055
-184.35	41.6167
-185.039	41.6278
-185.729	41.6167
-186.418	41.5612
-187.108	41.5335
-187.798	41.4446
-188.489	41.3611
-189.179	41.35
-189.869	41.3722
-190.559	41.3833
-191.249	41.4444
-191.939	41.4999
-192.629	41.55
-193.32	41.5777
-194.01	41.6055
-194.702	41.5777
-195.392	41.4833
-196.083	41.3833
-196.773	41.3277
-197.464	41.25
-198.154	41.2
-198.845	41.2167
-199.536	41.1778
-200.228	41.1055
-200.919	41.05
-201.61	41
-202.301	40.8945
-202.992	40.857
-203.683	40.8081
-204.375	40.7415
-205.067	40.7136
-205.759	40.758
-206.45	40.8122
-207.141	40.8641
-207.833	40.9374
-208.525	41.0128
-209.218	41.0179
-209.909	40.9949
-210.601	40.9658
-211.293	40.922
-211.985	40.8704
-212.677	40.8393
-213.37	40.7844
-214.062	40.7549
-214.754	40.7254
-215.446	40.6959
-216.139	40.6664
-216.831	40.6664
-217.525	40.6664
-218.217	40.6664
-218.91	40.6664
-219.602	40.6664
-220.295	40.6664
-220.989	40.6664
-221.682	40.6664
-222.374	40.6664
-223.067	40.6664
-223.76	40.6664
-224.454	40.6696
-225.147	40.6707
-225.841	40.6728
-226.534	40.6551
-227.228	40.6434
-227.922	40.6286
-228.615	40.6127
-229.308	40.5962
-230.002	40.6021
-230.697	40.5971
-231.39	40.5959
-232.084	40.5987
-232.777	40.6001
-233.473	40.5967
-234.166	40.5911
-234.86	40.5873
-235.554	40.5328
-236.25	40.4679
-236.944	40.4444
-237.638	40.4056
-238.332	40.3752
-239.028	40.4139
-239.722	40.4625
-240.416	40.4642
-241.111	40.4808
-241.807	40.4857
-242.501	40.486
-243.196	40.443
-243.89	40.4302
-244.586	40.369
-245.281	40.3257
-245.976	40.239
-246.672	40.2093
-247.367	40.1547
-248.062	40.1527
-248.757	40.1216
-249.454	40.136
-250.149	40.1268
-250.844	40.1369
-251.541	40.15
-252.237	40.1667
-252.932	40.1778
-253.627	40.2111
-254.324	40.2389
-255.02	40.2611
-255.716	40.2944
-256.413	40.2944
-257.109	40.2611
-257.804	40.2223
-258.502	40.2111
-259.198	40.1778
-259.894	40.1889
-260.591	40.2111
-261.288	40.2299
-261.984	40.2317
-262.68	40.2461
-263.378	40.2461
-264.074	40.2406
-264.771	40.2297
-265.469	40.2
-266.165	40.1783
-266.862	40.145
-267.56	40.1394
-268.257	40.1148
-268.955	40.1037
-269.652	40.0941
-270.349	40.0843
-271.047	40.0606
-271.744	40.063
-272.442	40.0602
-273.14	40.0661
-273.837	40.0481
-274.535	40.0227
-275.234	39.974
-275.931	39.9213
-276.628	39.8436
-277.328	39.7991
-278.025	39.8093
-278.724	39.8445
-279.422	39.8731
-280.12	39.9194
-280.819	39.9558
-281.517	39.9391
-282.215	39.9162
-282.915	39.9097
-283.613	39.8943
-284.312	39.8857
-285.01	39.8783
-285.709	39.8791
-286.409	39.8568
-287.107	39.8494
-287.807	39.8387
-288.505	39.8318
-289.204	39.8202
-289.904	39.8166
-290.603	39.797
-291.303	39.741
-292.002	39.7131
-292.702	39.6635
-293.401	39.6615
-294.1	39.6377
-294.801	39.6933
-295.5	39.6522
-296.201	39.68
-296.9	39.6651
-297.601	39.6654
-298.3	39.6335
-298.999	39.6706
-299.7	39.6565
-300.4	39.651
-301.101	39.6557
-301.801	39.6432
-302.502	39.6449
-303.202	39.626
-303.901	39.6241
-304.603	39.6239
-305.303	39.6295
-306.004	39.6241
-306.704	39.6406
-307.406	39.6407
-308.106	39.6393
-308.808	39.6392
-309.508	39.6393
-310.21	39.6392
-310.911	39.6398
-311.613	39.6397
-312.313	39.6415
-313.016	39.6413
-313.716	39.6469
-314.417	39.6463
-315.119	39.6629
-315.82	39.6444
-316.523	39.6055
-317.224	39.5833
-317.926	39.55
-318.627	39.5222
-319.33	39.5278
-320.031	39.5278
-320.734	39.4889
-321.436	39.4612
-322.139	39.4055
-322.84	39.3722
-323.543	39.3667
-324.245	39.4
-324.948	39.4334
-325.65	39.4833
-326.353	39.5055
-327.055	39.4944
-327.758	39.5055
-328.462	39.5222
-329.164	39.5056
-329.868	39.4667
-330.57	39.4501
-331.273	39.3944
-331.976	39.3323
-332.68	39.2938
-333.382	39.2882
-334.086	39.2802
-334.789	39.2798
-335.493	39.2864
-336.195	39.3082
-336.9	39.3083
-337.604	39.3385
-338.307	39.3556
-339.011	39.35
-339.714	39.3056
-340.419	39.2914
-341.122	39.2507
-341.826	39.2104
-342.53	39.1933
-343.234	39.1965
-343.939	39.1849
-344.643	39.1819
-345.348	39.1785
-346.051	39.1822
-346.756	39.2013
-347.46	39.227
-348.165	39.293
-348.87	39.3364
-349.574	39.3747
-350.28	39.4094
-350.984	39.4422
-351.689	39.4352
-352.395	39.4689
-353.099	39.4772
-353.805	39.4786
-354.509	39.4791
-355.215	39.4584
-355.921	39.3861
-356.625	39.3517
-357.331	39.2989
-358.036	39.2436
-358.742	39.2047
-359.448	39.1961
-360.153	39.1721
-360.859	39.1635
-361.564	39.1536
-362.27	39.1501
-362.977	39.1479
-363.682	39.1488
-364.389	39.1498
-365.095	39.1562
-365.801	39.1649
-366.508	39.1812
-367.213	39.1999
-367.92	39.2075
-368.627	39.233
-369.332	39.2722
-370.04	39.3166
-370.747	39.3503
-371.452	39.4169
-372.16	39.4411
-372.867	39.4429
-373.573	39.4152
-374.281	39.3982
-374.988	39.3537
-375.694	39.3519
-376.402	39.3389
-377.11	39.35
-377.816	39.3722
-378.524	39.4222
-379.232	39.4389
-379.938	39.4699
-380.647	39.5089
-381.355	39.4978
-382.061	39.4645
-382.77	39.4201
-383.478	39.4
-384.185	39.3556
-384.893	39.3445
-385.602	39.332
-386.309	39.3439
-387.017	39.3161
-387.726	39.3383
-388.433	39.366
-389.142	39.4119
-389.851	39.4389
-390.56	39.4889
-391.267	39.5055
-391.977	39.5167
-392.686	39.4945
-393.393	39.4446
-394.103	39.4279
-394.812	39.3778
-395.521	39.3167
-396.229	39.2778
-396.939	39.2722
-397.648	39.2444
-398.356	39.2388
-399.066	39.2611
-399.776	39.2945
-400.486	39.2889
-401.194	39.2849
-401.904	39.2738
-402.614	39.2422
-403.324	39.2024
-404.033	39.2024
-404.743	39.2176
-405.453	39.2454
-406.163	39.2824
-406.872	39.2777
-407.583	39.3277
-408.293	39.3222
-409.004	39.3167
-409.713	39.2945
-410.423	39.2889
-411.134	39.2389
-411.845	39.2278
-412.554	39.2211
-413.265	39.2544
-413.976	39.2933
-414.687	39.3711
-415.397	39.4266
-416.108	39.4777
-416.819	39.4966
-417.531	39.53
-418.242	39.5022
-418.952	39.4912
-419.663	39.4356
-420.375	39.3834
-421.087	39.3444
-421.798	39.3389
-422.508	39.3277
-423.22	39.3389
-423.932	39.3778
-424.644	39.4278
-425.356	39.4389
-426.067	39.4537
-426.779	39.4963
-427.491	39.5078
-428.203	39.5023
-428.916	39.5134
-429.626	39.4875
-430.339	39.4227
-431.051	39.3744
-431.764	39.2947
-432.477	39.2355
-433.188	39.2047
-433.9	39.2038
-434.613	39.1917
-435.326	39.2001
-436.039	39.1985
-436.752	39.1964
-437.464	39.1978
-438.177	39.1961
-438.89	39.1956
-439.603	39.1926
-440.316	39.193
-441.03	39.187
-441.743	39.1988
-442.455	39.1934
-443.169	39.1886
-443.882	39.1873
-444.596	39.1949
-445.31	39.206
-446.024	39.235
-446.738	39.2646
-447.45	39.2928
-448.164	39.3184
-448.878	39.3407
-449.592	39.3499
-450.306	39.3944
-451.021	39.4206
-451.735	39.4526
-452.449	39.4795
-453.162	39.5199
-453.877	39.5292
-454.591	39.5494
-455.306	39.5586
-456.021	39.5594
-456.735	39.5394
-457.45	39.5356
-458.165	39.4783
-458.88	39.4204
-459.594	39.3539
-460.309	39.3002
-461.024	39.2502
-461.739	39.2501
-462.454	39.2556
-463.17	39.2666
-463.885	39.3013
-464.6	39.3227
-465.316	39.3949
-466.032	39.4395
-466.747	39.4229
-467.461	39.4258
-468.177	39.4019
-468.893	39.3131
-469.609	39.252
-470.325	39.252
-471.041	39.2145
-471.757	39.1948
-472.473	39.1961
-473.189	39.1978
-473.906	39.2033
-474.622	39.2273
-475.338	39.2494
-476.055	39.3369
-476.771	39.4018
-477.488	39.4541
-478.203	39.4856
-478.92	39.5189
-479.637	39.5022
-480.353	39.5022
-481.07	39.5033
-481.787	39.5256
-482.504	39.4922
-483.221	39.47
-483.939	39.42
-484.656	39.4056
-485.373	39.4
-486.09	39.4222
-486.808	39.3722
-487.525	39.4056
-488.243	39.4222
-488.96	39.3889
-489.678	39.3556
-490.396	39.3833
-491.114	39.3722
-491.832	39.3334
-492.549	39.3444
-493.267	39.4111
-493.985	39.4278
-494.704	39.4111
-495.422	39.45
-496.14	39.4833
-496.858	39.4533
-497.577	39.4533
-498.295	39.4589
-499.014	39.4034
-499.732	39.3422
-500.451	39.3056
-501.169	39.2734
-501.888	39.2567
-502.607	39.2622
-503.326	39.2511
-504.045	39.2511
-504.764	39.25
-505.483	39.2889
-506.202	39.3111
-506.921	39.3778
-507.64	39.4322
-508.36	39.5044
-509.079	39.5378
-509.799	39.5767
-510.518	39.5767
-511.238	39.5834
-511.957	39.5334
-512.677	39.4501
-513.397	39.4002
-514.118	39.3297
-514.838	39.2562
-515.558	39.226
-516.278	39.2288
-516.998	39.2078
-517.718	39.2025
-518.438	39.2038
-519.159	39.2507
-519.879	39.3201
-520.599	39.3687
-521.32	39.4322
-522.04	39.51
-522.761	39.5378
-523.482	39.5323
-524.202	39.5212
-524.923	39.489
-525.646	39.4389
-526.367	39.3555
-527.088	39.2922
-527.809	39.2597
-528.53	39.2294
-529.251	39.2017
-529.972	39.2183
-530.693	39.2483
-531.415	39.2752
-532.136	39.3166
-532.858	39.3833
-533.581	39.4278
-534.302	39.4517
-535.024	39.4795
-535.746	39.4934
-536.468	39.4887
-537.189	39.4959
-537.911	39.5053
-538.633	39.5096
-539.355	39.5179
-540.079	39.5189
-540.801	39.5284
-541.524	39.5117
-542.246	39.4838
-542.968	39.4282
-543.691	39.382
-544.413	39.3042
-545.136	39.2542
-545.86	39.2611
-546.583	39.2834
-547.305	39.2896
-548.028	39.3174
-548.751	39.3322
-549.474	39.2887
-550.197	39.2597
-550.922	39.2407
-551.645	39.224
-552.368	39.2036
-553.091	39.2068
-553.815	39.2137
-554.538	39.2153
-555.263	39.2319
-555.987	39.2709
-556.71	39.3167
-557.434	39.3389
-558.158	39.3612
-558.882	39.361
-559.607	39.332
-560.331	39.2765
-561.055	39.2425
-561.779	39.2142
-562.503	39.19
-563.227	39.186
-563.953	39.1956
-564.677	39.2014
-565.402	39.2191
-566.126	39.2349
-566.851	39.2635
-567.577	39.2621
-568.301	39.3125
-569.026	39.3008
-569.751	39.2984
-570.476	39.2934
-571.202	39.3203
-571.927	39.3004
-572.652	39.3727
-573.377	39.4057
-574.102	39.4209
-574.829	39.4246
-575.554	39.3945
-576.28	39.3326
-577.005	39.2885
-577.732	39.2503
-578.458	39.2336
-579.183	39.2281
-579.909	39.2135
-580.635	39.2216
-581.362	39.226
-582.088	39.226
-582.814	39.2426
-583.54	39.2524
-584.267	39.2666
-584.993	39.2733
-585.72	39.2724
-586.446	39.278
-587.174	39.278
-587.9	39.2947
-588.626	39.3269
-589.353	39.3605
-590.081	39.4162
-590.808	39.48
-591.534	39.5244
-592.261	39.5605
-592.99	39.5768
-593.716	39.5516
-594.443	39.51
-595.17	39.4267
-595.899	39.3682
-596.626	39.3359
-597.353	39.3166
-598.081	39.3333
-598.81	39.3667
-599.537	39.3778
-600.264	39.3834
-600.994	39.4056
-601.721	39.4001
-602.449	39.3667
-603.176	39.359
-603.906	39.32
-604.634	39.2923
-605.362	39.3033
-606.091	39.3145
-606.819	39.3167
-607.547	39.35
-608.277	39.3834
-609.005	39.3812
-609.734	39.4256
-610.462	39.4866
-611.192	39.4922
-611.921	39.47
-612.649	39.4734
-613.379	39.49
-614.108	39.4455
-614.837	39.4622
-615.567	39.4622
-616.296	39.45
-617.025	39.4555
-617.756	39.4736
-618.485	39.4865
-619.214	39.5364
-619.945	39.5653
-620.674	39.5666
-621.403	39.5874
-622.134	39.6051
-622.864	39.6051
-623.593	39.5985
-624.324	39.5804
-625.054	39.5639
-625.784	39.5223
-626.515	39.4722
-627.245	39.4278
-627.975	39.4056
-628.707	39.3445
-629.437	39.3056
-630.167	39.2834
-630.899	39.2664
-631.629	39.2328
-632.361	39.2206
-633.091	39.2206
-633.822	39.2039
-634.554	39.2042
-635.284	39.2072
-636.015	39.2244
-636.747	39.2411
-637.478	39.2578
-638.21	39.2689
-638.941	39.2939
-639.672	39.3111
-640.405	39.2944
-641.136	39.2889
-641.867	39.3278
-642.6	39.35
-643.331	39.3722
-644.064	39.3834
-644.796	39.3667
-645.527	39.3334
-646.26	39.2834
-646.992	39.2778
-647.725	39.289
-648.457	39.2945
-649.189	39.3
-649.922	39.2944
-650.654	39.3
-651.388	39.3222
-652.12	39.3888
-652.854	39.4056
-653.586	39.4611
-654.318	39.4811
-655.052	39.5256
-655.784	39.5477
-656.518	39.5978
-657.251	39.6348
-657.985	39.6574
-658.718	39.6555
-659.451	39.6611
-660.185	39.6556
-660.918	39.6241
-661.652	39.6259
-662.385	39.6111
-663.12	39.6
-663.853	39.5778
-664.586	39.5778
-665.321	39.5111
-666.054	39.4834
-666.789	39.4444
-667.523	39.45
-668.258	39.45
-668.992	39.4833
-669.727	39.4778
-670.46	39.4722
-671.196	39.4277
-671.93	39.4111
-672.665	39.3945
-673.399	39.4056
-674.133	39.3779
-674.869	39.3445
-675.603	39.2834
-676.339	39.2556
-677.073	39.2222
-677.809	39.2611
-678.544	39.3
-679.28	39.3333
-680.014	39.35
-680.751	39.3833
-681.485	39.3722
-682.222	39.3722
-682.956	39.3722
-683.693	39.3619
-684.428	39.3531
-685.164	39.3777
-685.9	39.3655
-686.636	39.3902
-687.372	39.3493
