686.972	47.2097
686.36	47.1864
685.747	47.1537
685.135	47.0838
684.523	47.0371
683.912	46.9404
683.299	46.9403
682.687	46.8898
682.074	46.8606
681.461	46.7178
680.849	46.6434
680.236	46.5981
679.623	46.603
679.01	46.5827
678.398	46.5738
677.786	46.6165
677.173	46.6665
676.56	46.8569
675.947	46.8252
675.334	46.8896
674.721	46.8419
674.108	47.02
673.494	47.1094
672.881	47.1606
672.268	47.1827
671.654	47.191
671.041	47.235
670.427	47.2095
669.815	47.1905
669.201	47.0953
668.588	47.0477
667.974	46.9048
667.36	46.9048
666.746	46.9524
666.133	47.0476
665.519	47.0952
664.905	47.0667
664.291	47.0667
663.677	47.0191
663.063	47
662.448	46.9048
661.834	46.8096
661.22	46.6667
660.606	46.6476
659.991	46.6476
659.377	46.6476
658.762	46.7143
658.148	46.8571
657.533	47.0952
656.919	47.1809
656.304	47.1333
655.689	47.1333
655.075	47.1905
654.46	47.1905
653.845	47.0001
653.23	46.7619
652.615	46.7619
652	46.8214
651.385	47.0595
650.77	47.0793
650.155	47.1587
649.539	47.1333
648.924	47.2087
648.309	47.2603
647.693	47.2857
647.078	47.2857
646.463	47.2857
645.847	47.1429
645.232	47.0478
644.616	46.8573
643.999	46.7617
643.383	46.6368
642.767	46.5971
642.152	46.5865
641.536	46.5349
640.92	46.4815
640.304	46.4525
639.688	46.4612
639.072	46.5543
638.456	46.594
637.84	46.5713
637.223	46.5713
636.607	46.8096
635.991	47.0951
635.373	47.1428
634.757	46.9047
634.14	46.7142
633.524	46.8095
632.907	46.8095
632.29	46.762
631.674	46.5906
631.057	46.543
630.44	46.4954
629.822	46.4534
629.205	46.4629
628.588	46.5105
627.971	46.5334
627.354	46.7143
626.737	46.781
626.12	46.9238
625.503	46.8285
624.884	46.8093
624.267	46.8571
623.65	46.9285
623.032	47.0236
622.415	47.0234
621.798	47.0709
621.18	47.1125
620.561	47.065
619.943	47.1366
619.326	46.9522
618.708	46.8095
618.09	46.6262
617.472	46.6619
616.853	46.6618
616.235	46.75
615.617	46.8571
614.999	47.0475
614.381	47.0633
613.763	47.103
613.143	47.057
612.525	47.1365
611.907	46.9065
611.289	46.8098
610.67	46.5716
610.051	46.6286
609.432	46.581
608.814	46.6285
608.195	46.6189
607.576	46.6664
606.956	46.6307
606.338	46.6236
605.719	46.5284
605.1	46.4692
604.481	46.4463
603.861	46.5166
603.242	46.6116
602.623	46.832
602.004	46.9522
601.383	46.9045
600.764	46.8096
600.145	46.762
599.525	46.9048
598.905	46.8571
598.285	46.7619
597.666	46.619
597.046	46.6189
596.425	46.6189
595.806	46.638
595.186	46.5427
594.567	46.638
593.945	46.5715
593.326	46.6668
592.706	46.6665
592.086	46.8569
591.465	47.0477
590.845	47
590.225	46.9336
589.603	46.6476
588.983	46.6
588.363	46.5
587.742	46.5417
587.121	46.5357
586.5	46.6071
585.88	46.5655
585.258	46.7143
584.638	46.9046
584.017	47.1046
583.395	47.1522
582.774	47.1524
582.154	47.1904
581.532	47.2381
580.911	46.9523
580.29	46.8098
579.668	46.5715
579.047	46.8571
578.426	46.8572
577.805	46.8574
577.182	46.5714
576.561	46.5238
575.938	46.5238
575.317	46.5428
574.696	46.4763
574.073	46.4431
573.452	46.4383
572.83	46.468
572.207	46.5012
571.586	46.4867
570.964	46.5713
570.341	46.7621
569.719	47.0476
569.098	47.1586
568.474	47.1657
567.853	47.1279
567.229	47.1726
566.607	47.1784
565.985	47.1815
565.362	47.1902
564.74	47.1963
564.117	47.231
563.494	47.2095
562.872	47.0477
562.248	46.945
561.625	46.8735
561.003	46.9093
560.379	46.7932
559.757	46.6712
559.133	46.5888
558.51	46.5821
557.886	46.5854
557.263	46.6322
556.64	46.7143
556.016	46.7144
555.393	46.6193
554.769	46.5048
554.146	46.5199
553.521	46.5676
552.898	46.7294
552.275	46.8093
551.651	46.9428
551.027	46.9904
550.403	47.1335
549.779	47.1126
549.155	47.0172
548.531	46.8758
547.906	46.785
547.283	46.7056
546.659	46.589
546.034	46.6148
545.41	46.6362
544.785	46.656
544.161	46.7514
543.536	46.7858
542.912	46.8668
542.287	46.9146
541.663	46.8431
541.037	46.7618
540.413	46.5714
539.788	46.5618
539.163	46.538
538.538	46.5143
537.914	46.5409
537.288	46.5647
536.663	46.7313
536.037	46.7882
535.413	46.9881
534.787	47.013
534.162	47.1284
533.536	47.1824
532.911	47.2654
532.285	47.2667
531.66	47.2509
531.034	47.2382
530.409	47.2738
529.783	47.3214
529.158	47.3214
528.531	47.3571
527.905	47.319
527.28	47.319
526.653	47.2714
526.028	47.2204
525.401	47.1728
524.776	47.1013
524.149	46.9047
523.523	46.7827
522.896	46.6557
522.271	46.6478
521.644	46.5715
521.016	46.5794
520.391	46.5874
519.763	46.6428
519.138	46.6713
518.51	46.8141
517.884	46.8141
517.257	46.9522
516.63	47.0478
516.003	47.1429
515.376	47.0475
514.75	46.9999
514.122	46.9047
513.494	47.0953
512.868	47.1045
512.24	47.3428
511.614	47.2476
510.986	47.1903
510.358	47.0475
509.731	47.0475
509.103	47.0476
508.476	46.9049
507.848	46.7619
507.22	46.6191
506.593	46.6667
505.965	46.6453
505.336	46.6715
504.709	46.6334
504.081	46.655
503.452	46.7239
502.825	46.7619
502.196	46.8094
501.569	46.857
500.94	46.9523
500.311	47
499.684	46.9048
499.055	46.8097
498.426	46.9526
497.798	47.095
497.169	47.3332
496.54	47.3333
495.912	47.4285
495.283	47.4284
494.654	47.4285
494.026	47.4286
493.397	47.3334
492.767	47.2858
492.139	47.048
491.51	46.8573
490.88	46.6666
490.25	46.6551
489.622	46.6789
488.992	46.6932
488.363	46.7522
487.734	46.9186
487.104	47.0474
486.474	47.1905
485.846	47.2855
485.216	47.3809
484.586	47.4142
483.955	47.4142
483.327	47.3904
482.696	47.4046
482.066	47.3095
481.437	47.1433
480.807	46.9836
480.176	46.8525
479.546	46.7569
478.917	46.6809
478.286	46.7166
477.655	46.8597
477.025	47.0479
476.395	47.143
475.764	47.1429
475.133	47.0382
474.502	46.9189
473.873	46.8002
473.242	46.6667
472.611	46.6619
471.98	46.7811
471.35	46.8761
470.719	47
470.087	47.1428
469.456	47.238
468.825	47.2378
468.195	47.1427
467.563	46.9999
466.931	46.9523
466.3	47.0953
465.67	47.3804
465.038	47.5711
464.406	47.5237
463.774	47.4286
463.142	47.3813
462.512	47.4289
461.88	47.2386
461.248	47.105
460.616	46.8192
459.984	46.8192
459.352	46.7143
458.721	46.7334
458.088	46.7333
457.456	46.8286
456.824	47.0001
456.191	47
455.56	46.9526
454.928	46.8572
454.295	47.0953
453.662	47.0953
453.03	47.0953
452.397	46.9812
451.766	47.0762
451.133	47.0762
450.5	47.0477
449.867	47.0477
449.234	47.1429
448.601	47.0953
447.968	47.1429
447.336	47.1902
446.703	47.3196
446.069	47.3354
445.436	47.2997
444.803	47.313
444.169	47.2813
443.536	47.2694
442.902	47.2221
442.27	47.238
441.636	47.2382
441.003	47.238
440.369	47.2166
439.735	47.1928
439.101	47.2047
438.467	47.1428
437.833	47.062
437.199	46.9074
436.565	46.8002
435.933	46.7147
435.298	46.7146
434.664	46.705
434.03	46.7049
433.396	46.7017
432.761	46.7069
432.127	46.7045
431.492	46.7044
430.858	46.7053
430.223	46.7047
429.589	46.7048
428.954	46.7049
428.319	46.7
427.686	46.6959
427.051	46.6769
426.416	46.6848
425.781	46.7397
425.146	46.8527
424.511	46.9955
423.876	47.2336
423.241	47.3809
422.605	47.4286
421.97	47.2858
421.335	47.0953
420.699	46.9048
420.064	46.8072
419.429	46.7834
418.793	46.7953
418.157	46.7302
417.522	46.7003
416.886	46.6634
416.25	46.662
415.615	46.655
414.979	46.68
414.343	46.6926
413.707	46.7014
413.071	46.7014
412.435	46.7099
411.799	46.8095
411.163	46.8345
410.526	46.8393
409.89	46.7619
409.254	46.7131
408.617	46.6964
407.981	46.7133
407.344	46.7562
406.708	47.0061
406.071	47.1142
405.435	47.238
404.798	47.1428
404.161	47.1905
403.524	47.1905
402.888	47.2382
402.251	47.1762
401.614	47.0929
400.977	46.9619
400.34	46.8214
399.703	46.7619
399.065	46.6994
398.428	46.7242
397.791	46.7718
397.152	46.8065
396.515	46.8412
395.877	46.7936
395.24	46.8571
394.602	46.8571
393.965	46.9047
393.327	47
392.689	47.1428
392.052	47.2381
391.414	47.1905
390.776	47.0952
390.138	47.1428
389.5	47.1427
388.861	47.095
388.223	47.0476
387.585	47
386.946	47.0477
386.308	46.9524
385.67	46.9048
385.032	46.9999
384.393	47.238
383.755	47.3331
383.116	47.2857
382.476	47.0949
381.838	47.0475
381.199	47.0475
380.56	46.9524
379.922	46.8571
379.283	46.7142
378.644	46.9045
378.005	46.9997
377.365	47.1426
376.726	47.095
376.086	47.1268
375.447	47.0814
374.808	47.01
374.169	46.956
373.53	46.8711
372.889	46.8565
372.25	46.8312
371.61	47.0092
370.971	47.2379
370.331	47.4759
369.691	47.5394
369.05	47.5255
368.411	47.5022
367.771	47.5103
367.131	47.4767
366.491	47.5001
365.851	47.5714
365.21	47.6
364.57	47.5047
363.93	47.4571
363.29	47.4761
362.649	47.5712
362.008	47.3328
361.367	47.1427
360.727	46.9998
360.087	47.0475
359.446	47.0505
358.804	46.9963
358.164	46.9607
357.523	46.9101
356.883	46.8929
356.242	46.9285
355.6	46.9524
354.959	46.9286
354.318	46.9285
353.677	46.9523
353.035	47.0477
352.394	47.1429
351.752	47.2856
351.111	47.4283
350.469	47.4283
349.827	47.3333
349.186	47.0954
348.545	47.0002
347.902	47.0479
347.26	47
346.619	47.0475
345.977	46.9997
345.334	47.1427
344.693	47.2858
344.051	47.2382
343.409	47.267
342.766	47.124
342.124	47.219
341.482	47.3807
340.84	47.5711
340.197	47.6665
339.554	47.6952
338.912	47.6785
338.269	47.6903
337.626	47.6143
336.984	47.5357
336.342	47.4286
335.698	47.2856
335.055	47.2262
334.413	47.1952
333.769	47.1952
333.126	47.1596
332.483	47.1429
331.839	47.1398
331.196	47.1398
330.554	47.124
329.911	47.1272
329.266	47.0794
328.623	47.1429
327.98	47.1904
327.336	47.3811
326.693	47.4667
326.049	47.6095
325.405	47.7049
324.761	47.7857
324.118	47.8095
323.473	47.7857
322.829	47.773
322.184	47.749
321.541	47.7094
320.897	47.6982
320.252	47.6507
319.608	47.6191
318.964	47.4288
318.319	47.3809
317.675	47.3332
317.031	47.4475
316.386	47.4952
315.742	47.6378
315.098	47.6664
314.452	47.7044
313.808	47.6093
313.162	47.7047
312.518	47.6192
311.873	47.6255
311.227	47.5346
310.583	47.5582
309.937	47.5442
309.292	47.5397
308.647	47.5634
308.001	47.5714
307.357	47.619
306.71	47.6667
306.065	47.524
305.42	47.4384
304.774	47.3432
304.129	47.3908
303.482	47.3812
302.837	47.3875
302.192	47.4825
301.545	47.5143
300.9	47.5554
300.253	47.5078
299.608	47.5713
298.961	47.7621
298.315	47.9046
297.67	47.9524
297.023	47.9166
296.377	47.9672
295.73	47.9784
295.084	47.96
294.437	47.8141
293.791	47.8506
293.143	47.8573
292.497	47.9525
291.85	47.8095
291.204	47.6668
290.557	47.4763
289.91	47.381
289.263	47.362
288.616	47.4573
287.969	47.6476
287.321	47.6667
286.675	47.7621
286.027	47.7745
285.38	47.9528
284.732	48.0267
284.085	48.0618
283.437	48.0736
282.79	48.0951
282.142	48.1269
281.495	48.1217
280.847	48.1045
280.199	48.0366
279.551	47.9944
278.904	47.8962
278.255	47.7417
277.608	47.599
276.959	47.5237
276.312	47.5714
275.663	47.7619
275.015	47.9996
274.366	48.1665
273.719	48.1952
273.07	48.1953
272.422	48.2905
271.773	48.3118
271.124	48.3237
270.476	48.2939
269.826	48.2919
269.178	48.1372
268.529	48.07
267.881	47.979
267.231	47.9789
266.583	47.9566
265.933	47.9522
265.284	47.9524
264.635	47.9524
263.985	47.8573
263.337	47.8693
262.687	47.8622
262.038	47.9572
261.388	48.088
260.74	48.2377
260.09	48.3331
259.439	48.3643
258.79	48.3287
258.14	48.4241
257.491	48.298
256.841	48.2669
256.19	48.1336
255.541	48.1407
254.89	48.0767
254.241	48.0337
253.591	48.0426
252.94	48.0443
252.29	48.0499
251.64	48.048
250.99	48.0647
250.339	48.08
249.688	48.1134
249.038	48.1301
248.387	48.1903
247.736	48.1428
247.086	48.3332
246.435	48.3811
245.785	48.4763
245.133	48.3714
244.482	48.2761
243.832	48.3237
243.18	48.3809
242.529	48.3808
241.878	48.2858
241.227	48.238
240.575	48.2667
239.924	48.3143
239.272	48.219
238.62	48.1904
237.97	48.1605
237.318	48.1753
236.667	48.2014
236.015	48.2279
235.363	48.259
234.71	48.303
234.06	48.3064
233.407	48.4034
232.755	48.381
232.104	48.5238
231.451	48.4762
230.798	48.5236
230.147	48.3809
229.494	48.379
228.842	48.4267
228.19	48.4646
227.537	48.5142
226.884	48.5145
226.233	48.524
225.58	48.6667
224.927	48.7333
224.273	48.9714
223.622	48.8761
222.968	48.9999
222.315	48.9644
221.663	49.1072
221.01	49.1115
220.356	49.1854
219.702	49.2044
219.05	49.2165
218.397	49.1307
217.743	49.1363
217.089	49.1677
216.437	49.2628
215.783	49.28
215.129	49.28
214.475	49.3276
213.822	49.4094
213.168	49.4722
212.514	49.5199
211.86	49.539
211.207	49.4287
210.553	49.4286
209.898	49.4095
209.244	49.5999
208.591	49.5999
207.936	49.679
207.282	49.7148
206.627	49.7886
205.974	49.8239
205.319	49.7406
204.664	49.7292
204.009	49.7291
203.354	49.7767
202.701	49.8569
202.046	49.8641
201.391	49.9402
200.735	49.8998
200.08	49.8451
199.426	49.8167
198.771	49.7253
198.116	49.5824
197.46	49.3919
196.805	49.3333
196.151	49.4284
195.495	49.5238
194.839	49.6667
194.184	49.7621
193.528	49.8098
192.874	49.8098
192.218	49.7565
191.562	49.7088
190.906	49.5852
190.25	49.4978
189.594	49.4057
188.939	49.3729
188.283	49.3683
187.627	49.5555
186.97	49.712
186.314	49.9525
185.657	49.9049
185.001	49.9524
184.346	49.8573
183.689	49.8209
183.033	49.6154
182.376	49.4809
181.719	49.371
181.062	49.3499
180.405	49.3701
179.75	49.4529
179.093	49.6795
178.436	49.7936
177.779	50.1904
177.122	50.4285
176.465	50.762
175.807	50.762
175.15	50.7144
174.494	50.4767
173.837	50.5241
173.179	50.3811
172.522	50.2382
171.864	49.7619
171.206	49.5714
170.549	49.7619
169.891	50.2382
169.233	50.81
168.575	51.3814
167.919	51.6682
167.261	51.8256
166.603	51.8316
165.945	51.8487
165.287	51.8049
164.628	51.5613
163.97	51.3043
163.312	51.0001
162.654	50.762
161.995	50.6191
161.337	50.5239
160.678	50.5239
160.019	50.6668
159.361	51.0955
158.704	51.4756
158.045	51.7139
157.386	51.857
156.727	52.1428
156.068	52.5714
155.409	52.8095
154.75	52.7143
154.091	52.619
153.432	52.7619
152.773	52.9958
152.114	53.1704
151.454	53.1484
150.795	53.2205
150.136	53.264
149.476	53.2787
148.817	53.5847
148.157	53.7793
147.497	53.8818
146.838	53.6033
146.178	53.3334
145.518	53.1429
144.858	53.0953
144.198	53.1905
143.538	53.5713
142.878	54.4284
142.218	55.2855
141.558	56.095
140.898	56.7141
140.238	57.5713
139.577	58.4285
138.917	59.2856
138.256	59.9046
137.596	60.6188
136.935	61.2855
136.275	62.1903
135.614	62.9523
134.954	63.6666
134.293	64.0475
133.632	64.4285
132.971	65.2379
132.31	66.5236
131.649	68.2854
130.988	69.9517
130.327	71.8559
129.666	73.8552
129.005	75.7116
128.342	77.1431
127.681	78.7146
127.019	79.8096
126.358	81.3809
125.696	82.3807
125.035	83.8092
124.373	85.4282
123.712	87.1902
123.05	88.5236
122.388	89.5236
121.726	89.6666
121.064	90.2857
120.403	90.381
119.741	90.4763
119.078	90.1434
118.415	89.0944
117.753	88.0473
117.091	86.8571
116.428	85.0479
115.766	83.191
115.104	80.8576
114.441	79.0005
113.779	77.334
113.116	76.2862
112.454	75.6674
111.789	75.5236
111.127	74.9524
110.464	74.619
109.801	74.0953
109.138	74.143
108.475	74
107.812	73.7143
107.149	73.0003
106.485	72.3326
105.821	71.8568
105.158	71.4761
104.495	71.0001
103.832	70.0955
103.168	69.952
102.505	70.4751
101.84	71.9059
101.176	72.9055
100.513	73.8574
99.849	74.381
99.1853	74.6196
98.5215	74.5247
97.8577	74.5245
97.1923	74.8581
96.5283	76.1909
95.8643	77.5237
95.2003	79.475
94.5361	81.4268
93.872	83.6165
93.2062	85.8587
92.542	87.429
91.8776	88.3331
91.2132	89.3798
90.5488	90.8547
89.8828	93.1446
89.2182	94.6199
88.5536	95.1906
87.8889	95.381
87.2242	95.8099
86.5594	96.4286
85.893	96.7622
85.2281	96.8569
84.5632	97.5704
83.8982	98.7125
83.2316	100.096
82.5665	100.524
81.9013	99.9532
81.2361	98.8111
80.5708	98.0013
79.9039	97.7146
79.2385	97.3805
78.573	96.8089
77.9075	96.4758
77.2404	96.4758
76.5748	96.2857
75.9091	95.1912
75.2434	93.2398
74.5776	91.2882
73.9102	89.4276
73.2443	87.9045
72.5783	86.5242
71.9123	85.2868
71.2447	84.0464
70.5785	82.2382
69.9123	80.2394
69.2461	78.0025
68.5783	76.0468
67.9119	74.1429
67.2455	72.7156
66.5775	71.4282
65.911	70.8095
65.2444	69.9528
64.5777	69.2388
63.9095	68.1895
63.2427	67.2855
62.5759	66.6191
61.909	66.0481
61.2406	65.4755
60.5736	64.9048
59.9066	64.7617
59.238	64.5235
58.5708	64.3334
57.9036	63.6191
57.2363	63.0483
56.5675	62.4281
55.9001	62.4284
55.2327	62.4285
54.5636	62.5236
53.8961	62.0479
53.2285	61.6198
52.5593	61.5243
51.8916	61.4764
51.2238	61.3342
50.5544	60.9525
49.8866	60.857
49.2186	61.2376
48.5491	61.4763
47.881	61.3334
47.2129	61.0479
46.5432	60.7619
45.875	60.7617
45.2067	60.7143
44.5368	60.7143
43.8684	60.7142
43.2	60.7617
42.5299	60.7619
41.8613	60.8096
41.1927	60.6193
40.5225	60.6191
39.8538	60.5236
39.185	60.5715
38.5146	60.4761
37.8457	60.8092
37.1752	61.1909
36.5062	61.4287
35.8371	60.953
35.1664	60.6188
34.4972	60.5713
33.828	61.0948
33.1571	61.095
32.4878	60.7626
31.8168	60.2857
31.1473	60.5241
30.4778	60.9996
29.8067	61.3811
29.137	61.3806
28.4673	61.8561
27.796	62.4764
27.1262	63.2852
26.4548	63.5714
25.7849	63.5239
25.1133	63.333
24.4433	62.9051
23.7732	62.3821
23.1015	61.9049
22.4313	61.7617
21.7595	61.9048
21.0891	62.1903
20.4187	62.2377
19.7468	62.6667
19.0763	63.1898
18.4042	63.9052
17.7335	64.4285
17.0613	64.8099
16.3906	65.7613
15.7198	67.2835
15.0474	68.8095
14.3765	69.9994
13.7041	70.9052
13.033	72.7604
12.3604	75.2398
11.6893	77.6654
11.0166	79.953
10.3453	82.2839
9.67249	85.6215
9.00113	89.0949
8.32971	92.2827
7.65671	94.9049
6.98517	97.331
6.31205	99.5244
5.6404	101.076
4.96717	101.828
4.29541	102.143
3.62206	102.349
2.95018	102.404
2.27672	102.429
1.60473	102.453
0.931152	102.486
0.259044	102.504
-0.414646	102.513
-1.08687	102.517
-1.76067	102.528
-2.43301	102.53
-3.10693	102.531
-3.77938	102.53
-4.45342	102.53
-5.12598	102.528
-5.80013	102.463
-6.47281	102.455
-7.14708	102.139
-7.81987	100.267
-8.49425	96.6647
-9.16716	92.2885
-9.84165	88.1415
-10.5147	85.0498
-11.1893	82.0467
-11.8624	79.8114
-12.5372	77.4761
-13.2104	75.7642
-13.8852	74.1913
-14.5601	72.7609
-15.2336	71.0489
-15.9086	69.5231
-16.5821	68.8096
-17.2572	68.715
-17.9309	68.3343
-18.6061	67.285
-19.2799	66.3815
-19.9553	66.1428
-20.6307	65.8568
-21.3046	64.9536
-21.9802	63.9044
-22.6542	63.2383
-23.3299	63.1906
-24.004	62.7149
-24.6798	61.8095
-25.3556	61.0473
-26.03	60.7615
-26.7059	61
-27.3804	60.9523
-28.0564	60.666
-28.731	60.381
-29.4071	60.571
-30.0834	60.7144
-30.7581	60.6672
-31.4345	59.8092
-32.1093	59.0009
-32.7858	58.4763
-33.4623	58.4765
-34.1373	58.3337
-34.8139	58.3808
-35.4891	58.0949
-36.1658	58.4284
-36.8426	58.4289
-37.518	58.429
-38.1949	58.1905
-38.8719	58.143
-39.5474	58.1428
-40.2244	58.238
-40.9001	58
-41.5773	58.238
-42.2545	58.3814
-42.9303	58.4767
-43.6077	58.2381
-44.2851	57.9047
-44.9611	57.6669
-45.6386	57.4761
-46.3162	57.2378
-46.9924	57.1429
-47.6701	57.2384
-48.3463	57.5236
-49.0242	58.0955
-49.7021	58.8101
-50.3785	59.856
-51.0565	60.6187
-51.7346	61.1907
-52.4112	61.048
-53.0894	60.857
-53.7676	60.1903
-54.4444	59.7149
-55.1228	59.2863
-55.8012	59.2856
-56.4781	59.4754
-57.1567	60.285
-57.8353	60.9999
-58.5139	62.1434
-59.1911	62.6661
-59.8698	62.9522
-60.5487	62.9047
-61.226	63.1423
-61.905	63.6667
-62.584	63.8573
-63.2615	63.6672
-63.9406	63.3811
-64.6198	63.667
-65.2975	64.3324
-65.9768	65.0475
-66.6561	65.6672
-67.3355	66.4298
-68.0135	67.3805
-68.693	68.2377
-69.3726	68.6669
-70.0507	69.3327
-70.7304	70
-71.4101	70.6669
-72.0899	71.4291
-72.7683	72.3794
-73.4482	73.9992
-74.1282	75.9048
-74.8082	77.0957
-75.4868	78.0472
-76.167	78.5707
-76.8472	79.8095
-77.5275	80.953
-78.2063	82.1415
-78.8867	82.2376
-79.5671	82.2854
-80.2476	81.9053
-80.9267	82.6187
-81.6073	83.1908
-82.288	83.1906
-82.9687	82.7131
-83.648	82.3803
-84.3289	82.4282
-85.0098	82.7143
-85.6908	82.1902
-86.3718	81.3795
-87.0514	80.952
-87.7325	80.8571
-88.4137	81.3335
-89.095	81.2863
-89.7748	81.0486
-90.4562	80.429
-91.1376	79.3808
-91.8191	78.0945
-92.5007	76.427
-93.1808	74.716
-93.8624	73.382
-94.5442	72.5718
-95.226	72.0954
-95.9078	71.8094
-96.5882	71.5716
-97.2702	71.381
-97.9522	71.1428
-98.6343	70.4281
-99.3165	69.4274
-99.9971	68.2867
-100.679	67.2867
-101.362	66.3339
-102.044	65.1429
-102.727	64.1426
-103.409	63.6189
-104.09	63.3336
-104.773	62.9527
-105.455	63
-106.138	63.3334
-106.821	64.1429
-107.504	63.9047
-108.187	63.428
-108.868	62.8101
-109.551	63.1436
-110.234	63.048
-110.917	62.9051
-111.601	62.1433
-112.284	62.8103
-112.966	63.7604
-113.649	65.1899
-114.332	65.9044
-115.016	66.8568
-115.699	67.6665
-116.383	68.7142
-117.067	69.1429
-117.75	69.5716
-118.433	69.3339
-119.117	69.3337
-119.8	69.3336
-120.484	69.9522
-121.168	70.6188
-121.852	71.1427
-122.537	71.6668
-123.221	72.3333
-123.905	72.4766
-124.588	71.8591
-125.272	70.2394
-125.957	68.858
-126.641	68.0004
-127.326	67.1431
-128.01	66.0477
-128.695	64.762
-129.38	63.7144
-130.065	62.9048
-130.749	62.2855
-131.434	61.4759
-132.119	60.9514
-132.803	60.1905
-133.488	59.6666
-134.173	59.0954
-134.858	58.4289
-135.543	57.6193
-136.229	56.7146
-136.914	55.5716
-137.6	54.762
-138.285	53.8572
-138.971	53.3334
-139.656	53.143
-140.342	53.0953
-141.028	52.9524
-141.713	52.4762
-142.399	51.9999
-143.085	51.8092
-143.771	51.7142
-144.456	51.6667
-145.142	51.3335
-145.828	51
-146.514	50.7143
-147.2	50.7143
-147.887	50.8572
-148.573	50.8572
-149.259	50.6191
-149.946	50.3334
-150.633	50.1429
-151.319	50.1905
-152.006	50.1905
-152.693	50.1429
-153.379	49.9048
-154.066	49.6667
-154.753	49.5238
-155.44	49.5715
-156.127	49.7619
-156.814	49.8571
-157.501	49.9523
-158.189	49.9047
-158.876	49.8096
-159.563	49.7144
-160.251	49.6191
-160.938	49.5239
-161.625	49.5238
-162.313	49.4285
-163.001	49.619
-163.688	49.8095
-164.376	50.0476
-165.064	50.0001
-165.752	49.762
-166.44	49.3335
-167.128	49.0955
-167.816	48.8572
-168.505	48.6664
-169.193	48.4285
-169.882	48.1428
-170.57	48.0953
-171.258	48.0953
-171.947	48.0952
-172.635	48.0476
-173.324	48.1428
-174.012	48.2381
-174.701	48.5238
-175.39	48.619
-176.078	48.6667
-176.767	48.4286
-177.456	48.0953
-178.145	48
-178.834	48.0952
-179.523	48.0476
-180.212	47.9051
-180.903	47.8098
-181.592	47.9525
-182.281	48.0477
-182.971	47.8096
-183.66	47.6572
-184.35	47.5143
-185.039	47.5619
-185.729	47.4285
-186.418	47.3999
-187.108	47.4475
-187.798	47.5428
-188.489	47.6667
-189.179	47.8571
-189.869	48
-190.559	48
-191.249	47.9048
-191.939	47.9048
-192.629	47.9525
-193.32	47.8099
-194.01	47.5245
-194.702	47.3813
-195.392	47.3811
-196.083	47.6191
-196.773	47.4762
-197.464	47.4953
-198.154	47.3524
-198.845	47.4952
-199.536	47.5713
-200.228	47.4759
-200.919	47.4286
-201.61	47.3862
-202.301	47.6719
-202.992	47.7456
-203.683	47.7404
-204.375	47.6064
-205.067	47.5923
-205.759	47.607
-206.45	47.622
-207.141	47.6331
-207.833	47.6422
-208.525	47.6396
-209.218	47.6405
-209.909	47.6325
-210.601	47.6352
-211.293	47.6114
-211.985	47.6431
-212.677	47.6192
-213.37	47.5714
-214.062	47.5238
-214.754	47.3809
-215.446	47.3809
-216.139	47.3334
-216.831	47.4763
-217.525	47.4763
-218.217	47.4762
-218.91	47.4761
-219.602	47.4999
-220.295	47.533
-220.989	47.533
-221.682	47.5556
-222.374	47.5701
-223.067	47.5665
-223.76	47.5677
-224.454	47.5571
-225.147	47.5606
-225.841	47.5289
-226.534	47.5395
-227.228	47.4442
-227.922	47.4285
-228.615	47.1429
-229.308	47.0001
-230.002	46.8095
-230.697	46.8095
-231.39	46.9047
-232.084	46.972
-232.777	47.2101
-233.473	47.2132
-234.166	47.2411
-234.86	47.0623
-235.554	46.964
-236.25	46.8775
-236.944	46.8337
-237.638	46.7624
-238.332	46.6451
-239.028	46.5962
-239.722	46.594
-240.416	46.6425
-241.111	46.6756
-241.807	46.7971
-242.501	46.857
-243.196	46.9997
-243.89	47.0948
-244.586	47.2092
-245.281	47.3048
-245.976	47.3045
-246.672	47.1901
-247.367	47.0474
-248.062	46.8094
-248.757	46.8095
-249.454	46.7619
-250.149	46.9522
-250.844	47.0949
-251.541	47.1744
-252.237	47.1851
-252.932	47.1123
-253.627	47.0714
-254.324	46.9179
-255.02	46.8321
-255.716	46.7462
-256.413	46.8415
-257.109	46.7145
-257.804	46.7027
-258.502	46.5597
-259.198	46.5989
-259.894	46.5393
-260.591	46.5333
-261.288	46.494
-261.984	46.5653
-262.68	46.7139
-263.378	46.7617
-264.074	46.8572
-264.771	46.7618
-265.469	46.8571
-266.165	46.8095
-266.862	46.9047
-267.56	46.8571
-268.257	46.7144
-268.955	46.6093
-269.652	46.657
-270.349	46.6572
-271.047	46.6189
-271.744	46.5569
-272.442	46.6998
-273.14	46.7224
-273.837	46.7432
-274.535	46.7856
-275.234	46.9196
-275.931	47.0276
-276.628	47.0461
-277.328	47.0632
-278.025	47.0551
-278.724	47.0893
-279.422	47.0113
-280.12	46.9051
-280.819	46.6666
-281.517	46.5238
-282.215	46.4405
-282.915	46.4714
-283.613	46.4239
-284.312	46.6025
-285.01	46.7142
-285.709	46.9523
-286.409	46.7141
-287.107	46.524
-287.807	46.3334
-288.505	46.3512
-289.204	46.3692
-289.904	46.3454
-290.603	46.393
-291.303	46.4704
-292.002	46.6369
-292.702	46.8097
-293.401	46.9018
-294.1	46.9255
-294.801	46.8859
-295.5	46.8494
-296.201	46.7778
-296.9	46.6271
-297.601	46.5237
-298.3	46.4286
-298.999	46.381
-299.7	46.3428
-300.4	46.3066
-301.101	46.3066
-301.801	46.2971
-302.502	46.2857
-303.202	46.3048
-303.901	46.3523
-304.603	46.4001
-305.303	46.4128
-306.004	46.4
-306.704	46.3525
-307.406	46.3682
-308.106	46.4284
-308.808	46.3807
-309.508	46.3335
-310.21	46.2501
-310.911	46.2905
-311.613	46.2905
-312.313	46.2786
-313.016	46.3415
-313.716	46.4193
-314.417	46.586
-315.119	46.6975
-315.82	46.7864
-316.523	46.7684
-317.224	46.7362
-317.926	46.6644
-318.627	46.6108
-319.33	46.619
-320.031	46.5714
-320.734	46.4761
-321.436	46.2859
-322.139	46.1904
-322.84	46.2022
-323.543	46.3453
-324.245	46.4522
-324.948	46.5356
-325.65	46.5355
-326.353	46.5222
-327.055	46.4589
-327.758	46.3118
-328.462	46.2396
-329.164	46.2122
-329.868	46.2639
-330.57	46.3851
-331.273	46.4047
-331.976	46.5952
-332.68	46.581
-333.382	46.6049
-334.086	46.462
-334.789	46.4287
-335.493	46.5239
-336.195	46.5712
-336.9	46.7142
-337.604	46.6667
-338.307	46.7143
-339.011	46.6381
-339.714	46.7332
-340.419	46.5427
-341.122	46.3812
-341.826	46.143
-342.53	46.1353
-343.234	46.1115
-343.939	46.0972
-344.643	46.1242
-345.348	46.1957
-346.051	46.305
-346.756	46.2856
-347.46	46.2382
-348.165	46.1905
-348.87	46.1906
-349.574	46.2049
-350.28	46.1572
-350.984	46.1809
-351.689	46.1667
-352.395	46.262
-353.099	46.2857
-353.805	46.4763
-354.509	46.5713
-355.215	46.6191
-355.921	46.5238
-356.625	46.4286
-357.331	46.4286
-358.036	46.4286
-358.742	46.4286
-359.448	46.5238
-360.153	46.6189
-360.859	46.7619
-361.564	46.7715
-362.27	46.8191
-362.977	46.7238
-363.682	46.6669
-364.389	46.381
-365.095	46.2379
-365.801	46.2378
-366.508	46.4285
-367.213	46.6187
-367.92	46.6512
-368.627	46.699
-369.332	46.7188
-370.04	46.7816
-370.747	46.8135
-371.452	46.8413
-372.16	46.7935
-372.867	46.5711
-373.573	46.3335
-374.281	46.0952
-374.988	46.0475
-375.694	46.0475
-376.402	46.0952
-377.11	46.2382
-377.816	46.3332
-378.524	46.4762
-379.232	46.5716
-379.938	46.6191
-380.647	46.6667
-381.355	46.5238
-382.061	46.3813
-382.77	46.2192
-383.478	46.1238
-384.185	46.0763
-384.893	46
-385.602	46
-386.309	46
-387.017	46
-387.726	46
-388.433	46.0238
-389.142	46.0524
-389.851	46.1238
-390.56	46.1476
-391.267	46.2143
-391.977	46.2238
-392.686	46.2715
-393.393	46.2716
-394.103	46.1906
-394.812	46.0953
-395.521	46.1906
-396.229	46.4282
-396.939	46.7142
-397.648	46.7619
-398.356	46.7621
-399.066	46.6667
-399.776	46.4284
-400.486	46.3031
-401.194	46.1891
-401.904	46.213
-402.614	46.1554
-403.324	46.1263
-404.033	46.1978
-404.743	46.3806
-405.453	46.5237
-406.163	46.6668
-406.872	46.7143
-407.583	46.6668
-408.293	46.6668
-409.004	46.5715
-409.713	46.5716
-410.423	46.3333
-411.134	46.2738
-411.845	46.2366
-412.554	46.4268
-413.265	46.3595
-413.976	46.2541
-414.687	46.0635
-415.397	46.2379
-416.108	46.4762
-416.819	46.619
-417.531	46.4286
-418.242	46.2856
-418.952	46.143
-419.663	46.1429
-420.375	46.1048
-421.087	46.2
-421.798	46.2001
-422.508	46.143
-423.22	46.0952
-423.932	46.1904
-424.644	46.3333
-425.356	46.381
-426.067	46.2859
-426.779	46.3334
-427.491	46.3809
-428.203	46.4666
-428.916	46.3713
-429.626	46.4188
-430.339	46.4284
-431.051	46.3332
-431.764	46.1428
-432.477	46.0667
-433.188	46.1619
-433.9	46.2572
-434.613	46.2858
-435.326	46.4763
-436.039	46.6097
-436.752	46.8477
-437.464	46.8952
-438.177	47.0001
-438.89	47.0002
-439.603	47.0001
-440.316	47.0001
-441.03	47.0001
-441.743	47.0001
-442.455	46.9906
-443.169	46.9906
-443.882	46.9429
-444.596	46.9286
-445.31	46.9048
-446.024	46.9286
-446.738	46.9382
-447.45	46.9619
-448.164	46.9857
-448.878	47
-449.592	47
-450.306	47
-451.021	47
-451.735	46.9742
-452.449	46.9345
-453.162	46.8711
-453.877	46.7778
-454.591	46.7223
-455.306	46.6667
-456.021	46.7381
-456.735	46.6429
-457.45	46.6191
-458.165	46.5714
-458.88	46.619
-459.594	46.6191
-460.309	46.619
-461.024	46.7618
-461.739	46.8451
-462.454	46.9404
-463.17	46.9
-463.885	46.9119
-464.6	46.8166
-465.316	46.619
-466.032	46.5714
-466.747	46.3809
-467.461	46.3336
-468.177	46.238
-468.893	46.2856
-469.609	46.4761
-470.325	46.5047
-471.041	46.4571
-471.757	46.5523
-472.473	46.619
-473.189	46.9047
-473.906	46.819
-474.622	46.8667
-475.338	46.581
-476.055	46.6666
-476.771	46.5237
-477.488	46.6664
-478.203	46.4285
-478.92	46.3332
-479.637	46.238
-480.353	46.3333
-481.07	46.3334
-481.787	46.3327
-482.504	46.2216
-483.221	46.2343
-483.939	46.219
-484.656	46.2349
-485.373	46.3174
-486.09	46.2857
-486.808	46.3047
-487.525	46.3048
-488.243	46.4
-488.96	46.3334
-489.678	46.2881
-490.396	46.2524
-491.114	46.2524
-491.832	46.3452
-492.549	46.3333
-493.267	46.3809
-493.985	46.3333
-494.704	46.5238
-495.422	46.619
-496.14	46.5714
-496.858	46.4762
-497.577	46.5714
-498.295	46.7143
-499.014	46.7619
-499.732	46.5714
-500.451	46.5238
-501.169	46.5714
-501.888	46.6191
-502.607	46.6143
-503.326	46.4952
-504.045	46.4952
-504.764	46.4048
-505.483	46.3516
-506.202	46.3026
-506.921	46.2763
-507.64	46.2062
-508.36	46.1558
-509.079	46.1302
-509.799	46.1302
-510.518	46.1302
-511.238	46.1302
-511.957	46.1302
-512.677	46.1302
-513.397	46.1302
-514.118	46.1303
-514.838	46.1303
-515.558	46.1305
-516.278	46.1305
-516.998	46.1312
-517.718	46.1309
-518.438	46.1331
-519.159	46.1826
-519.879	46.1868
-520.599	46.3794
-521.32	46.3809
-522.04	46.4603
-522.761	46.3492
-523.482	46.3523
-524.202	46.2729
-524.923	46.2412
-525.646	46.1905
-526.367	46.3335
-527.088	46.5715
-527.809	46.7143
-528.53	46.762
-529.251	46.6763
-529.972	46.724
-530.693	46.724
-531.415	46.7145
-532.136	46.667
-532.858	46.524
-533.581	46.4369
-534.302	46.3733
-535.024	46.384
-535.746	46.3279
-536.468	46.3237
-537.189	46.3131
-537.911	46.4084
-538.633	46.6188
-539.355	46.7521
-540.079	46.895
-540.801	46.7523
-541.524	46.6191
-542.246	46.381
-542.968	46.3811
-543.691	46.393
-544.413	46.4144
-545.136	46.2717
-545.86	46.3073
-546.583	46.4763
-547.305	46.7143
-548.028	46.7143
-548.751	46.6667
-549.474	46.6667
-550.197	46.7619
-550.922	46.7141
-551.645	46.4761
-552.368	46.3666
-553.091	46.2715
-553.815	46.2953
-554.538	46.2502
-555.263	46.2412
-555.987	46.256
-556.71	46.2678
-557.434	46.2767
-558.158	46.2856
-558.882	46.2856
-559.607	46.2737
-560.331	46.2808
-561.055	46.2333
-561.779	46.3404
-562.503	46.2855
-563.227	46.3713
-563.953	46.3238
-564.677	46.5143
-565.402	46.5238
-566.126	46.5239
-566.851	46.3812
-567.577	46.3335
-568.301	46.3335
-569.026	46.3365
-569.751	46.2888
-570.476	46.2567
-571.202	46.2893
-571.927	46.3636
-572.652	46.467
-573.377	46.4312
-574.102	46.6425
-574.829	46.476
-575.554	46.5238
-576.28	46.2858
-577.005	46.5237
-577.732	46.667
-578.458	46.8096
-579.183	46.7143
-579.909	46.7142
-580.635	46.6665
-581.362	46.6664
-582.088	46.6189
-582.814	46.5237
-583.54	46.4287
-584.267	46.2857
-584.993	46.3143
-585.72	46.4095
-586.446	46.457
-587.174	46.476
-587.9	46.438
-588.626	46.3904
-589.353	46.4381
-590.081	46.4572
-590.808	46.6476
-591.534	46.6952
-592.261	46.7936
-592.99	46.781
-593.716	46.8286
-594.443	46.8445
-595.17	46.8572
-595.899	46.8573
-596.626	46.8572
-597.353	46.8574
-598.081	46.8572
-598.81	46.8095
-599.537	46.6667
-600.264	46.5709
-600.994	46.4917
-601.721	46.472
-602.449	46.3779
-603.176	46.3146
-603.906	46.287
-604.634	46.2866
-605.362	46.2872
-606.091	46.2867
-606.819	46.2894
-607.547	46.2885
-608.277	46.2965
-609.005	46.2984
-609.734	46.3178
-610.462	46.3189
-611.192	46.3784
-611.921	46.4189
-612.649	46.5287
-613.379	46.5122
-614.108	46.6427
-614.837	46.5951
-615.567	46.6855
-616.296	46.6855
-617.025	46.8045
-617.756	46.849
-618.485	46.8522
-619.214	46.8286
-619.945	46.8843
-620.674	46.786
-621.403	46.7502
-622.134	46.6139
-622.864	46.5708
-623.593	46.462
-624.324	46.3691
-625.054	46.3214
-625.784	46.3266
-626.515	46.3175
-627.245	46.4081
-627.975	46.5236
-628.707	46.5237
-629.437	46.4288
-630.167	46.3335
-630.899	46.3931
-631.629	46.4905
-632.361	46.6332
-633.091	46.7638
-633.822	46.8565
-634.554	46.8566
-635.284	46.8566
-636.015	46.8568
-636.747	46.8217
-637.478	46.8695
-638.21	46.8845
-638.941	46.9196
-639.672	46.8839
-640.405	46.8214
-641.136	46.8691
-641.867	46.8572
-642.6	46.8572
-643.331	46.8096
-644.064	46.7415
-644.796	46.6781
-645.527	46.4532
-646.26	46.3066
-646.992	46.1954
-647.725	46.2059
-648.457	46.2234
-649.189	46.2552
-649.922	46.3268
-650.654	46.3807
-651.388	46.5715
-652.12	46.6665
-652.854	46.7218
-653.586	46.6172
-654.318	46.522
-655.052	46.5143
-655.784	46.6189
-656.518	46.6644
-657.251	46.6526
-657.985	46.5096
-658.718	46.4169
-659.451	46.3335
-660.185	46.3335
-660.918	46.3238
-661.652	46.3627
-662.385	46.3753
-663.12	46.481
-663.853	46.5849
-664.586	46.715
-665.321	46.6665
-666.054	46.7143
-666.789	46.7621
-667.523	46.9143
-668.258	47.0097
-668.992	47.0096
-669.727	46.9523
-670.46	46.8571
-671.196	46.6665
-671.93	46.7143
-672.665	46.6191
-673.399	46.6668
-674.133	46.4764
-674.869	46.4286
-675.603	46.3809
-676.339	46.381
-677.073	46.3454
-677.809	46.3001
-678.544	46.3036
-679.28	46.2917
-680.014	46.2828
-680.751	46.2638
-681.485	46.2321
-682.222	46.2121
-682.956	46.2018
-683.693	46.2151
-684.428	46.2125
-685.164	46.2587
-685.9	46.2822
-686.636	46.5163
-687.372	46.9004
