686.972	39.7405
686.36	39.7405
685.747	39.7405
685.135	39.6912
684.523	39.5182
683.912	39.4937
683.299	39.4444
682.687	39.5185
682.074	39.5184
681.461	39.5925
680.849	39.5926
680.236	39.5185
679.623	39.4074
679.01	39.3703
678.398	39.2962
677.786	39.2593
677.173	39.2222
676.56	39.2222
675.947	39.2222
675.334	39.2592
674.721	39.3703
674.108	39.4074
673.494	39.4815
672.881	39.5555
672.268	39.6667
671.654	39.6667
671.041	39.5185
670.427	39.4814
669.815	39.5553
669.201	39.5926
668.588	39.5927
667.974	39.4815
667.36	39.4815
666.746	39.4815
666.133	39.5185
665.519	39.6666
664.905	39.6296
664.291	39.5185
663.677	39.4074
663.063	39.5185
662.448	39.7037
661.834	39.7407
661.22	39.6296
660.606	39.5185
659.991	39.4444
659.377	39.5185
658.762	39.6667
658.148	39.7778
657.533	39.7408
656.919	39.6296
656.304	39.5555
655.689	39.6296
655.075	39.7037
654.46	39.8148
653.845	39.8148
653.23	39.8889
652.615	39.8889
652	39.9629
651.385	39.9259
650.77	39.9259
650.155	39.8148
649.539	39.8148
648.924	39.8519
648.309	39.9037
647.693	39.8296
647.078	39.7926
646.463	39.7037
645.847	39.7408
645.232	39.6667
644.616	39.7407
643.999	39.6295
643.383	39.5747
642.767	39.4488
642.152	39.3748
641.536	39.3555
640.92	39.4444
640.304	39.5555
639.688	39.6296
639.072	39.6666
638.456	39.7111
637.84	39.7852
637.223	39.7114
636.607	39.6671
635.991	39.593
635.373	39.6054
634.757	39.6218
634.14	39.5688
633.524	39.4184
632.907	39.2722
632.29	39.1676
631.674	39.1945
631.057	39.2149
630.44	39.2241
629.822	39.2612
629.205	39.3704
628.588	39.5185
627.971	39.6296
627.354	39.5555
626.737	39.4814
626.12	39.5185
625.503	39.6664
624.884	39.7777
624.267	39.8147
623.65	39.7407
623.032	39.6296
622.415	39.4814
621.798	39.5185
621.18	39.5555
620.561	39.4813
619.943	39.3703
619.326	39.2593
618.708	39.2716
618.09	39.2469
617.472	39.2741
616.853	39.2618
616.235	39.3605
615.617	39.4444
614.999	39.5925
614.381	39.6296
613.763	39.7037
613.143	39.7037
612.525	39.7408
611.907	39.7779
611.289	39.7039
610.67	39.519
610.051	39.2592
609.432	39.1481
608.814	39.1296
608.195	39.1408
607.576	39.1778
606.956	39.1593
606.338	39.1695
605.719	39.1695
605.1	39.1933
604.481	39.2032
603.861	39.2032
603.242	39.2164
602.623	39.2222
602.004	39.2129
601.383	39.1962
600.764	39.1592
600.145	39.1313
599.525	39.222
598.905	39.4075
598.285	39.5185
597.666	39.5926
597.046	39.5555
596.425	39.6296
595.806	39.5926
595.186	39.5556
594.567	39.5186
593.945	39.5928
593.326	39.7777
592.706	39.9628
592.086	40.0369
591.465	40.0492
590.845	40.0316
590.225	40.0496
589.603	40.0651
588.983	40.0767
588.363	40.0864
587.742	40.0957
587.121	40.0833
586.5	40.0602
585.88	40.0231
585.258	39.9675
584.638	39.9537
584.017	39.9906
583.395	39.9907
582.774	40.0369
582.154	39.9999
581.532	39.8886
580.911	39.8889
580.29	39.8886
579.668	40.074
579.047	40.037
578.426	40.0741
577.805	39.9261
577.182	39.6664
576.561	39.3705
575.938	39.3335
575.317	39.3703
574.696	39.5185
574.073	39.4444
573.452	39.4074
572.83	39.3185
572.207	39.2815
571.586	39.3926
570.964	39.4073
570.341	39.4444
569.719	39.3333
569.098	39.2964
568.474	39.3705
567.853	39.5184
567.229	39.6297
566.607	39.7037
565.985	39.7407
565.362	39.8149
564.74	39.8519
564.117	39.8889
563.494	39.7036
562.872	39.5558
562.248	39.3333
561.625	39.3333
561.003	39.2963
560.379	39.321
559.757	39.3041
559.133	39.276
558.51	39.2693
557.886	39.2649
557.263	39.2701
556.64	39.2681
556.016	39.2677
555.393	39.2637
554.769	39.2569
554.146	39.2714
553.521	39.3012
552.898	39.3659
552.275	39.4472
551.651	39.6297
551.027	39.7407
550.403	39.8518
549.779	39.7778
549.155	39.7777
548.531	39.7406
547.906	39.6665
547.283	39.5999
546.659	39.5259
546.034	39.4888
545.41	39.426
544.785	39.3853
544.161	39.4222
543.536	39.4407
542.912	39.4814
542.287	39.5556
541.663	39.7036
541.037	39.7036
540.413	39.6668
539.788	39.5556
539.163	39.5926
538.538	39.6297
537.914	39.6667
537.288	39.6667
536.663	39.5927
536.037	39.5184
535.413	39.4444
534.787	39.4445
534.162	39.4445
533.536	39.4074
532.911	39.3951
532.285	39.3787
531.66	39.3937
531.034	39.3841
530.409	39.3737
529.783	39.3585
529.158	39.3434
528.531	39.3333
527.905	39.3704
527.28	39.5184
526.653	39.5555
526.028	39.6297
525.401	39.6297
524.776	39.7037
524.149	39.7777
523.523	39.8147
522.896	39.9259
522.271	39.9259
521.644	39.926
521.016	39.9631
520.391	39.926
519.763	39.8146
519.138	39.6298
518.51	39.4815
517.884	39.4445
517.257	39.4445
516.63	39.5186
516.003	39.5186
515.376	39.4443
514.75	39.4813
514.122	39.6296
513.494	39.852
512.868	39.8149
512.24	39.6665
511.614	39.5556
510.986	39.5372
510.358	39.5407
509.731	39.4297
509.103	39.374
508.476	39.3702
507.848	39.4073
507.22	39.4443
506.593	39.5184
505.965	39.7778
505.336	40.0373
504.709	40.1853
504.081	39.9999
503.452	39.8888
502.825	39.6667
502.196	39.5926
501.569	39.4685
500.94	39.4563
500.311	39.4397
499.684	39.394
499.055	39.3894
498.426	39.3827
497.798	39.383
497.169	39.3775
496.54	39.3763
495.912	39.3734
495.283	39.372
494.654	39.3781
494.026	39.4116
493.397	39.4353
492.767	39.5645
492.139	39.7404
491.51	39.8517
490.88	39.8518
490.25	39.926
489.622	39.9925
488.992	40.1036
488.363	40.0297
487.734	40.1111
487.104	40.0371
486.474	39.9998
485.846	39.9998
485.216	40.0419
484.586	40.079
483.955	40.0297
483.327	40.031
482.696	40.031
482.066	40.0063
481.437	40.0001
480.807	40.0075
480.176	40.0074
479.546	40.0445
478.917	40.1111
478.286	40.1853
477.655	40.2223
477.025	40.2222
476.395	40.2221
475.764	40.2221
475.133	40.2221
474.502	40.2221
473.873	40.2221
473.242	40.2222
472.611	40.2222
471.98	40.1852
471.35	40.1113
470.719	40.0001
470.087	39.926
469.456	39.963
468.825	40
468.195	40.111
467.563	40.1184
466.931	40.1926
466.3	40.1556
465.67	40.176
465.038	40.176
464.406	40.213
463.774	40.1481
463.142	40.111
462.512	40.0739
461.88	40.074
461.248	39.9999
460.616	39.8888
459.984	39.7036
459.352	39.6666
458.721	39.6295
458.088	39.8148
457.456	39.8889
456.824	39.926
456.191	39.926
455.56	39.9314
454.928	40.0796
454.295	40.1074
453.662	40.1389
453.03	40.0647
452.397	39.9998
451.766	39.8519
451.133	39.7407
450.5	39.7037
449.867	39.8148
449.234	39.8889
448.601	39.8519
447.968	39.6666
447.336	39.5188
446.703	39.4817
446.069	39.5475
445.436	39.6585
444.803	39.6708
444.169	39.6584
443.536	39.6286
442.902	39.6531
442.27	39.7107
441.636	39.7035
441.003	39.7408
440.369	39.6667
439.735	39.6666
439.101	39.7407
438.467	39.9259
437.833	39.963
437.199	39.8889
436.565	39.7036
435.933	39.6668
435.298	39.6206
434.664	39.6205
434.03	39.5942
433.396	39.5553
432.761	39.5552
432.127	39.563
431.492	39.6111
430.858	39.6852
430.223	39.7778
429.589	39.8889
428.954	39.926
428.319	39.8517
427.686	39.7778
427.051	39.8149
426.416	39.9631
425.781	39.926
425.146	39.8643
424.511	39.75
423.876	39.7579
423.241	39.6884
422.605	39.6305
421.97	39.6042
421.335	39.6057
420.699	39.5927
420.064	39.5925
419.429	39.611
418.793	39.6851
418.157	39.7406
417.522	39.9629
416.886	40.0635
416.25	40.1993
415.615	40.1962
414.979	40.2703
414.343	40.3197
413.707	40.2858
413.071	40.1852
412.435	40.0741
411.799	39.963
411.163	39.963
410.526	39.963
409.89	39.9259
409.254	39.8889
408.617	39.8889
407.981	39.8889
407.344	39.8889
406.708	39.926
406.071	40.037
405.435	40.1111
404.798	40.074
404.161	40.1111
403.524	40.1111
402.888	40.1481
402.251	40.1481
401.614	40.2222
400.977	40.2963
400.34	40.2963
399.703	40.2592
399.065	40.2962
398.428	40.3703
397.791	40.4444
397.152	40.3702
396.515	40.2222
395.877	40.1481
395.24	40.1852
394.602	40.2593
393.965	40.2593
393.327	40.2592
392.689	40.2592
392.052	40.1852
391.414	40.2222
390.776	40.2204
390.138	40.2852
389.5	40.2111
388.861	40.1759
388.223	40.2222
387.585	40.2222
386.946	40.2222
386.308	40.2593
385.67	40.2593
385.032	40.2223
384.393	40.037
383.755	40.0371
383.116	40
382.476	39.9628
381.838	39.837
381.199	39.7629
380.56	39.7259
379.922	39.6667
379.283	39.6667
378.644	39.7037
378.005	39.7315
377.365	39.8057
376.726	39.7686
376.086	39.8149
375.447	39.8148
374.808	40.074
374.169	40.185
373.53	40.2962
372.889	40.2592
372.25	40.2962
371.61	40.2592
370.971	40.2963
370.331	40.2593
369.691	40.2594
369.05	40.2223
368.411	40.2592
367.771	40.3416
367.131	40.3909
366.491	40.4568
365.851	40.5363
365.21	40.5701
364.57	40.5998
363.93	40.601
363.29	40.6291
362.649	40.6009
362.008	40.5488
361.367	40.4006
360.727	40.2593
360.087	40.1482
359.446	40.1481
358.804	40.1111
358.164	40.1482
357.523	40.1852
356.883	40.2222
356.242	40.1852
355.6	40.1111
354.959	40.0371
354.318	40.0149
353.677	39.9408
353.035	40.052
352.394	40.0741
351.752	40.148
351.111	40.185
350.469	40.2964
349.827	40.3334
349.186	40.3705
348.545	40.4074
347.902	40.4074
347.26	40.2963
346.619	40.2592
345.977	40.2673
345.334	40.295
344.693	40.234
344.051	40.2259
343.409	40.3092
342.766	40.3705
342.124	40.4444
341.482	40.3334
340.84	40.3112
340.197	40.3484
339.554	40.4223
338.912	40.4075
338.269	40.3333
337.626	40.3333
336.984	40.2962
336.342	40.3332
335.698	40.3518
335.055	40.437
334.413	40.474
333.769	40.6038
333.126	40.7038
332.483	40.7038
331.839	40.6295
331.196	40.5555
330.554	40.5926
329.911	40.5556
329.266	40.5555
328.623	40.5555
327.98	40.6295
327.336	40.7408
326.693	40.8519
326.049	40.926
325.405	40.9259
324.761	40.7408
324.118	40.6595
323.473	40.4816
322.829	40.4594
322.184	40.3185
321.541	40.274
320.897	40.2222
320.252	40.2407
319.608	40.3037
318.964	40.3777
318.319	40.5817
317.675	40.7038
317.031	40.7409
316.386	40.6667
315.742	40.5555
315.098	40.4816
314.452	40.4074
313.808	40.4444
313.162	40.4444
312.518	40.4741
311.873	40.474
311.227	40.6223
310.583	40.7407
309.937	40.8519
309.292	40.926
308.647	40.9999
308.001	41.0741
307.357	41.1052
306.71	41.1126
306.065	41.1127
305.42	41.0816
304.774	40.9259
304.129	40.8889
303.482	40.889
302.837	40.963
302.192	40.852
301.545	40.7036
300.9	40.6667
300.253	40.778
299.608	40.9259
298.961	41.013
298.315	41.0869
297.67	41.1516
297.023	41.2128
296.377	41.2229
295.73	41.2368
295.084	41.259
294.437	41.2491
293.791	41.2445
293.143	41.1852
292.497	41.1112
291.85	40.9628
291.204	41
290.557	41.0739
289.91	41.148
289.263	41.0741
288.616	40.9629
287.969	40.852
287.321	40.7407
286.675	40.7037
286.027	40.7408
285.38	40.7778
284.732	40.7036
284.085	40.8146
283.437	40.9632
282.79	41.2592
282.142	41.4817
281.495	41.6092
280.847	41.7203
280.199	41.7295
279.551	41.7592
278.904	41.7592
278.255	41.5646
277.608	41.5926
276.959	41.4816
276.312	41.4817
275.663	41.2592
275.015	41.1482
274.366	41.074
273.719	41.148
273.07	41.1481
272.422	41.2963
271.773	41.3334
271.124	41.3703
270.476	41.4074
269.826	41.4075
269.178	41.5185
268.529	41.6667
267.881	41.7776
267.231	41.8517
266.583	41.7039
265.933	41.5186
265.284	41.4815
264.635	41.4813
263.985	41.5926
263.337	41.5926
262.687	41.4072
262.038	41.3334
261.388	41.2964
260.74	41.4444
260.09	41.4814
259.439	41.4073
258.79	41.4444
258.14	41.3705
257.491	41.3335
256.841	41.2593
256.19	41.3333
255.541	41.4443
254.89	41.6296
254.241	41.8515
253.591	42.0369
252.94	42.074
252.29	42.185
251.64	42.2223
250.99	42.3704
250.339	42.2963
249.688	42.3704
249.038	42.3703
248.387	42.4074
247.736	42.2592
247.086	42.0003
246.435	41.8519
245.785	41.7778
245.133	41.7778
244.482	41.8149
243.832	41.7777
243.18	41.7408
242.529	41.5184
241.878	41.5555
241.227	41.7777
240.575	42.0741
239.924	42.2961
239.272	42.4073
238.62	42.4443
237.97	42.4444
237.318	42.4444
236.667	42.5272
236.015	42.6088
235.363	42.7199
234.71	42.7111
234.06	42.6668
233.407	42.5556
232.755	42.5185
232.104	42.5925
231.451	42.6667
230.798	42.7777
230.147	42.7037
229.494	42.6666
228.842	42.7038
228.19	42.774
227.537	42.8222
226.884	42.8445
226.233	42.8482
225.58	42.8741
224.927	42.8519
224.273	42.963
223.622	42.9925
222.968	43.0296
222.315	42.9926
221.663	43.0739
221.01	43.037
220.356	43.0986
219.702	43.0658
219.05	43.1685
218.397	43.163
217.743	43.2396
217.089	43.3183
216.437	43.4026
215.783	43.4317
215.129	43.4363
214.475	43.4458
213.822	43.4515
213.168	43.4532
212.514	43.4542
211.86	43.453
211.207	43.4707
210.553	43.4876
209.898	43.504
209.244	43.5037
208.591	43.5383
207.936	43.5731
207.282	43.6124
206.627	43.6161
205.974	43.6202
205.319	43.6196
204.664	43.6759
204.009	43.7297
203.354	43.7713
202.701	43.7571
202.046	43.7148
201.391	43.6887
200.735	43.5514
200.08	43.3332
199.426	43.2593
198.771	43.1483
198.116	43.0741
197.46	42.8519
196.805	42.7407
196.151	42.7777
195.495	42.8518
194.839	42.9629
194.184	43.1111
193.528	43.111
192.874	43.333
192.218	43.4072
191.562	43.6665
190.906	43.7778
190.25	43.7778
189.594	43.7776
188.939	43.7775
188.283	44.0369
187.627	44.2222
186.97	44.2592
186.314	44.2222
185.657	44.1852
185.001	44.074
184.346	44.0743
183.689	44.1113
183.033	44.2224
182.376	43.963
181.719	43.8148
181.062	43.8149
180.405	44.0742
179.75	44.0371
179.093	44.111
178.436	44.0741
177.779	44.0371
177.122	43.963
176.465	43.9629
175.807	44.074
175.15	44.1849
174.494	44.2587
173.837	44.592
173.179	44.8515
172.522	45.185
171.864	45.4073
171.206	45.5555
170.549	45.7777
169.891	45.9258
169.233	45.963
168.575	46.0741
167.919	46.1108
167.261	46.185
166.603	46.111
165.945	46.1851
165.287	46.4814
164.628	46.9258
163.97	47.1111
163.312	47.1852
162.654	47
161.995	46.9629
161.337	47
160.678	47.074
160.019	47.111
159.361	46.8145
158.704	46.4449
158.045	46.1113
157.386	45.9261
156.727	46.0001
156.068	46.1481
155.409	46.4443
154.75	46.6665
154.091	46.7406
153.432	46.8147
152.773	46.7777
152.114	47
151.454	47.2223
150.795	47.3704
150.136	47.2223
149.476	46.963
148.817	46.8518
148.157	46.9259
147.497	47.2221
146.838	47.6666
146.178	48.074
145.518	48.2221
144.858	48.2592
144.198	48.2592
143.538	48.4444
142.878	48.5556
142.218	48.8518
141.558	49.1111
140.898	49.3332
140.238	49.6665
139.577	49.9998
138.917	50.5924
138.256	51.3701
137.596	52.222
136.935	52.9628
136.275	53.2591
135.614	53.5925
134.954	54.1851
134.293	54.8146
133.632	55.7405
132.971	56.3331
132.31	56.9257
131.649	57.1849
130.988	57.8514
130.327	58.8513
129.666	59.9992
129.005	60.7769
128.342	61.0739
127.681	61.2225
127.019	61.6297
126.358	62.2222
125.696	62.6296
125.035	62.8519
124.373	62.8148
123.712	63.037
123.05	63.2591
122.388	63.8517
121.726	64.185
121.064	64.2221
120.403	64.259
119.741	64.3703
119.078	64.5555
118.415	64.5926
117.753	63.9998
117.091	63.3702
116.428	62.5556
115.766	62.2223
115.104	61.8891
114.441	61.4447
113.779	61.1854
113.116	60.7409
112.454	60.445
111.789	60.1853
111.127	60
110.464	59.7777
109.801	59.3334
109.138	58.9262
108.475	58.3339
107.812	57.4823
107.149	56.7786
106.485	56.185
105.821	55.9627
105.158	55.7407
104.495	55.8147
103.832	55.8885
103.168	56.2585
102.505	56.4807
101.84	56.8517
101.176	57.1853
100.513	57.5556
99.849	58.0739
99.1853	58.6663
98.5215	59.1846
97.8577	59.8143
97.1923	60.4826
96.5283	61.5561
95.8643	62.4816
95.2003	63.1849
94.5361	64.2587
93.872	65.3321
93.2062	66.5562
92.542	67.3707
91.8776	67.8148
91.2132	67.9256
90.5488	68.0735
89.8828	68.7786
89.2182	69.926
88.5536	70.5185
87.8889	70.3332
87.2242	69.8516
86.5594	69.8143
85.893	70.2225
85.2281	70.4446
84.5632	70.3337
83.8982	69.9636
83.2316	69.6296
82.5665	69.7036
81.9013	70.111
81.2361	70.5182
80.5708	70.4446
79.9039	70.2961
79.2385	70.7036
78.573	71.4073
77.9075	71.8517
77.2404	71.6291
76.5748	70.7407
75.9091	69.9632
75.2434	69.0748
74.5776	68.6675
73.9102	67.8145
73.2443	66.8518
72.5783	65.63
71.9123	64.8896
71.2447	64.2591
70.5785	63.852
69.9123	63.0374
69.2461	62.4823
68.5783	61.8148
67.9119	61.3707
67.2455	60.6674
66.5775	60.0366
65.911	59.1851
65.2444	58.4817
64.5777	57.7783
63.9095	57.3702
63.2427	57
62.5759	56.5927
61.909	56.4076
61.2406	56.3706
60.5736	56.3703
59.9066	56.1854
59.238	55.8887
58.5708	55.7778
57.9036	55.7779
57.2363	55.63
56.5675	55.4073
55.9001	55.0002
55.2327	54.7042
54.5636	54.4074
53.8961	54.2963
53.2285	54.5182
52.5593	54.6297
51.8916	54.5926
51.2238	54.4444
50.5544	54.4816
49.8866	54.6297
49.2186	54.6297
48.5491	54.6297
47.881	54.6296
47.2129	54.5188
46.5432	54.4444
45.875	54.4075
45.2067	54.4075
44.5368	54.4444
43.8684	54.5555
43.2	54.8146
42.5299	54.8888
41.8613	54.8148
41.1927	54.6667
40.5225	54.5926
39.8538	54.3706
39.185	54.4076
38.5146	54.2966
37.8457	54.2226
37.1752	54.0741
36.5062	54.148
35.8371	54.4442
35.1664	54.6667
34.4972	54.9257
33.828	55.3696
33.1571	55.5924
32.4878	55.8888
31.8168	56.0373
31.1473	56.1112
30.4778	56.0003
29.8067	55.889
29.137	55.8889
28.4673	55.7041
27.796	55.4073
27.1262	55.1852
26.4548	54.9628
25.7849	54.7409
25.1133	54.5556
24.4433	54.6666
23.7732	54.7407
23.1015	54.9259
22.4313	55.3329
21.7595	55.704
21.0891	56.1481
20.4187	56.3698
19.7468	56.5925
19.0763	56.7777
18.4042	56.815
17.7335	56.926
17.0613	56.926
16.3906	56.8517
15.7198	57.2217
15.0474	57.6297
14.3765	58.4438
13.7041	59.1113
13.033	59.5553
12.3604	59.8887
11.6893	60.3327
11.0166	61.5936
10.3453	63.184
9.67249	64.6675
9.00113	65.7402
8.32971	66.628
7.65671	67.8514
6.98517	70.3302
6.31205	72.3881
5.6404	74.6694
4.96717	75.5698
4.29541	76.43
3.62206	76.5549
2.95018	76.5632
2.27672	76.6509
1.60473	76.6452
0.931152	76.6199
0.259044	76.6386
-0.414646	76.6345
-1.08687	76.631
-1.76067	76.6526
-2.43301	76.6734
-3.10693	76.7439
-3.77938	76.7408
-4.45342	76.6713
-5.12598	76.6074
-5.80013	75.9677
-6.47281	74.8792
-7.14708	72.5106
-7.81987	69.5957
-8.49425	66.4807
-9.16716	63.8539
-9.84165	62.148
-10.5147	60.6307
-11.1893	59.1473
-11.8624	57.6679
-12.5372	56.5556
-13.2104	55.9266
-13.8852	55.6298
-14.5601	55.2221
-15.2336	55.0743
-15.9086	54.7406
-16.5821	54.8147
-17.2572	54.8148
-17.9309	54.889
-18.6061	54.8147
-19.2799	54.7038
-19.9553	54.5185
-20.6307	54.5928
-21.3046	54.4074
-21.9802	54.1848
-22.6542	53.6299
-23.3299	53.3704
-24.004	53.4443
-24.6798	53.7038
-25.3556	54.1114
-26.03	54.2963
-26.7059	54.296
-27.3804	54.2962
-28.0564	54.3705
-28.731	54.4446
-29.4071	54.5926
-30.0834	54.4444
-30.7581	54.2967
-31.4345	53.9999
-32.1093	53.9998
-32.7858	53.8516
-33.4623	53.7406
-34.1373	53.5925
-34.8139	53.5186
-35.4891	53.3337
-36.1658	53.1853
-36.8426	53.074
-37.518	52.8521
-38.1949	52.7038
-38.8719	52.9634
-39.5474	53.2961
-40.2244	53.5553
-40.9001	53.5923
-41.5773	53.7035
-42.2545	53.889
-42.9303	53.9999
-43.6077	54.1481
-44.2851	53.9999
-44.9611	53.6302
-45.6386	53.2222
-46.3162	52.7034
-46.9924	52.4817
-47.6701	52.3707
-48.3463	52.4443
-49.0242	52.5185
-49.7021	52.4443
-50.3785	52.6294
-51.0565	52.9258
-51.7346	53.2594
-52.4112	53.7404
-53.0894	53.9628
-53.7676	54.0738
-54.4444	54.0369
-55.1228	53.9999
-55.8012	54.2223
-56.4781	54.1851
-57.1567	54.1852
-57.8353	54.1852
-58.5139	54.3335
-59.1911	54.4444
-59.8698	54.5926
-60.5487	54.4815
-61.226	54.5557
-61.905	54.5556
-62.584	54.8891
-63.2615	55.074
-63.9406	55.1851
-64.6198	55.2962
-65.2975	55.666
-65.9768	55.7775
-66.6561	55.8888
-67.3355	55.815
-68.0135	55.9259
-68.693	55.926
-69.3726	55.7779
-70.0507	55.5192
-70.7304	55.2596
-71.4101	55.3335
-72.0899	55.7781
-72.7683	56.5176
-73.4482	57.1848
-74.1282	57.889
-74.8082	58.4817
-75.4868	59.4433
-76.167	60.2957
-76.8472	61.0369
-77.5275	61.1482
-78.2063	61.2963
-78.8867	61.4075
-79.5671	61.8148
-80.2476	62.037
-80.9267	62.185
-81.6073	62.1108
-82.288	62.2592
-82.9687	62.5929
-83.648	63.1477
-84.3289	63.4813
-85.0098	63.5555
-85.6908	63.1851
-86.3718	62.518
-87.0514	61.9266
-87.7325	61.3337
-88.4137	60.7407
-89.095	59.9996
-89.7748	59.371
-90.4562	58.6672
-91.1376	58.0001
-91.8191	57.4074
-92.5007	57.074
-93.1808	56.8152
-93.8624	56.6299
-94.5442	56.4075
-95.226	56.0369
-95.9078	55.3327
-96.5882	54.5565
-97.2702	54.0005
-97.9522	53.6299
-98.6343	53.4074
-99.3165	53.0368
-99.9971	52.741
-100.679	52.7407
-101.362	52.7777
-102.044	52.8148
-102.727	52.4443
-103.409	52.1479
-104.09	51.7412
-104.773	51.4821
-105.455	51.1486
-106.138	50.8891
-106.821	50.2963
-107.504	49.6296
-108.187	49.2962
-108.868	49.6658
-109.551	49.9627
-110.234	50.2222
-110.917	50.0741
-111.601	50.1852
-112.284	50.1852
-112.966	50.5919
-113.649	51.0738
-114.332	51.3332
-115.016	51.2222
-115.699	51.2222
-116.383	51.4445
-117.067	51.7779
-117.75	52.1485
-118.433	52.3702
-119.117	52.2592
-119.8	52.0741
-120.484	52.1111
-121.168	52.5185
-121.852	52.6296
-122.537	52.4444
-123.221	52.2592
-123.905	51.9628
-124.588	51.9631
-125.272	51.889
-125.957	51.8891
-126.641	51.5928
-127.326	51.0742
-128.01	50.8149
-128.695	50.5927
-129.38	50.4816
-130.065	50.2222
-130.749	49.7777
-131.434	49.2591
-132.119	48.7406
-132.803	48.408
-133.488	48.0376
-134.173	47.556
-134.858	47.0744
-135.543	46.6298
-136.229	46.3334
-136.914	46.1111
-137.6	46.1111
-138.285	46.1481
-138.971	45.963
-139.656	45.7037
-140.342	45.2594
-141.028	45.0001
-141.713	44.7408
-142.399	44.7407
-143.085	44.6666
-143.771	44.4811
-144.456	44.2221
-145.142	44.1849
-145.828	44.185
-146.514	44.3333
-147.2	44.3704
-147.887	44.3705
-148.573	44.0742
-149.259	43.8519
-149.946	43.6667
-150.633	43.4445
-151.319	43.2593
-152.006	43.1852
-152.693	43.2222
-153.379	43.1482
-154.066	43
-154.753	42.8519
-155.44	42.7408
-156.127	42.6297
-156.814	42.5926
-157.501	42.5186
-158.189	42.4815
-158.876	42.4444
-159.563	42.5185
-160.251	42.7036
-160.938	42.8518
-161.625	42.9629
-162.313	43.037
-163.001	43.1481
-163.688	43.2593
-164.376	43.2222
-165.064	43.1112
-165.752	42.9261
-166.44	42.7039
-167.128	42.6298
-167.816	42.5186
-168.505	42.5185
-169.193	42.5185
-169.882	42.4815
-170.57	42.4074
-171.258	42.2963
-171.947	42.3704
-172.635	42.3334
-173.324	42.2593
-174.012	42.1852
-174.701	42.1482
-175.39	42
-176.078	41.8148
-176.767	41.8148
-177.456	41.9259
-178.145	41.9629
-178.834	41.8519
-179.523	41.7409
-180.212	41.7039
-180.903	41.778
-181.592	41.839
-182.281	41.8853
-182.971	41.9222
-183.66	41.9722
-184.35	41.9815
-185.039	41.9593
-185.729	41.9039
-186.418	41.8855
-187.108	41.8337
-187.798	41.6301
-188.489	41.4443
-189.179	41.2591
-189.869	41.1851
-190.559	41.1481
-191.249	41.1851
-191.939	41.2221
-192.629	41.3331
-193.32	41.4072
-194.01	41.6294
-194.702	41.6481
-195.392	41.6852
-196.083	41.5926
-196.773	41.5
-197.464	41.3519
-198.154	41.4075
-198.845	41.4444
-199.536	41.5278
-200.228	41.4885
-200.919	41.5255
-201.61	41.5698
-202.301	41.6091
-202.992	41.6214
-203.683	41.608
-204.375	41.571
-205.067	41.5215
-205.759	41.3333
-206.45	41.1851
-207.141	41.037
-207.833	41.0741
-208.525	41.0371
-209.218	41.037
-209.909	41.037
-210.601	41.037
-211.293	41.1111
-211.985	41.1481
-212.677	41.1852
-213.37	41.1481
-214.062	41.0741
-214.754	40.963
-215.446	40.9631
-216.139	41.0001
-216.831	41.0741
-217.525	40.9257
-218.217	40.7408
-218.91	40.5926
-219.602	40.6666
-220.295	40.8516
-220.989	40.9407
-221.682	40.9037
-222.374	40.7925
-223.067	40.7839
-223.76	40.795
-224.454	40.8136
-225.147	40.8383
-225.841	40.8643
-226.534	40.8828
-227.228	40.8766
-227.922	40.8223
-228.615	40.7853
-229.308	40.5755
-230.002	40.3708
-230.697	40.2223
-231.39	40.2222
-232.084	40.2593
-232.777	40.2223
-233.473	40.2223
-234.166	40.2592
-234.86	40.2962
-235.554	40.3332
-236.25	40.4074
-236.944	40.3704
-237.638	40.3308
-238.332	40.1457
-239.028	40.0588
-239.722	39.9642
-240.416	39.9358
-241.111	39.9109
-241.807	39.8881
-242.501	39.8708
-243.196	39.8653
-243.89	39.8663
-244.586	39.8389
-245.281	39.8079
-245.976	39.7848
-246.672	39.7839
-247.367	39.8184
-248.062	39.8863
-248.757	39.9974
-249.454	40.1482
-250.149	40.2593
-250.844	40.3334
-251.541	40.2221
-252.237	40.1852
-252.932	40.0741
-253.627	40.1112
-254.324	40.1112
-255.02	40.2222
-255.716	40.2592
-256.413	40.2592
-257.109	40.1482
-257.804	40.0002
-258.502	39.9037
-259.198	39.8297
-259.894	39.8667
-260.591	39.8148
-261.288	39.7777
-261.984	39.8146
-262.68	39.8886
-263.378	40.0369
-264.074	40.1111
-264.771	40.1592
-265.469	40.1778
-266.165	40.1779
-266.862	40.1668
-267.56	40.037
-268.257	39.8891
-268.955	39.7779
-269.652	39.8148
-270.349	39.9628
-271.047	40.0741
-271.744	40.1851
-272.442	40.185
-273.14	40.2221
-273.837	40.2074
-274.535	40.2074
-275.234	40.1333
-275.931	40.0372
-276.628	39.8522
-277.328	39.7408
-278.025	39.6667
-278.724	39.5926
-279.422	39.5482
-280.12	39.4741
-280.819	39.474
-281.517	39.4445
-282.215	39.4445
-282.915	39.4445
-283.613	39.4075
-284.312	39.4445
-285.01	39.4445
-285.709	39.5185
-286.409	39.4815
-287.107	39.4815
-287.807	39.5928
-288.505	39.7407
-289.204	39.9258
-289.904	39.9425
-290.603	39.9611
-291.303	39.9518
-292.002	39.9583
-292.702	39.9699
-293.401	39.9787
-294.1	40.0065
-294.801	40.0275
-295.5	40.0419
-296.201	40.0419
-296.9	40.0419
-297.601	40.0476
-298.3	40.058
-298.999	40.0811
-299.7	40.0984
-300.4	40.1111
-301.101	40.1111
-301.801	40.1111
-302.502	40.1111
-303.202	40.0926
-303.901	40.0667
-304.603	39.9926
-305.303	39.9742
-306.004	39.926
-306.704	39.926
-307.406	39.8889
-308.106	39.9629
-308.808	40.0001
-309.508	40.0482
-310.21	40.0482
-310.911	40.0666
-311.613	40.0508
-312.313	40.0138
-313.016	39.9211
-313.716	39.889
-314.417	39.704
-315.119	39.5556
-315.82	39.4399
-316.523	39.4564
-317.224	39.5119
-317.926	39.5473
-318.627	39.6049
-319.33	39.6975
-320.031	39.7776
-320.734	39.8889
-321.436	39.8889
-322.139	39.9259
-322.84	39.8889
-323.543	39.8889
-324.245	39.8519
-324.948	39.7778
-325.65	39.7038
-326.353	39.6295
-327.055	39.6664
-327.758	39.7183
-328.462	39.7555
-329.164	39.7555
-329.868	39.8149
-330.57	39.8444
-331.273	39.9186
-331.976	39.9185
-332.68	39.9629
-333.382	39.8519
-334.086	39.7405
-334.789	39.7036
-335.493	39.7779
-336.195	39.889
-336.9	39.7779
-337.604	39.5924
-338.307	39.4445
-339.011	39.3333
-339.714	39.4073
-340.419	39.4445
-341.122	39.5925
-341.826	39.6666
-342.53	39.7776
-343.234	39.8147
-343.939	39.8148
-344.643	39.7778
-345.348	39.6667
-346.051	39.5928
-346.756	39.4817
-347.46	39.4816
-348.165	39.4446
-348.87	39.3703
-349.574	39.3334
-350.28	39.4816
-350.984	39.6294
-351.689	39.7776
-352.395	39.7407
-353.099	39.7777
-353.805	39.7037
-354.509	39.6667
-355.215	39.5926
-355.921	39.4813
-356.625	39.4001
-357.331	39.326
-358.036	39.363
-358.742	39.3086
-359.448	39.3004
-360.153	39.2783
-360.859	39.2734
-361.564	39.2262
-362.27	39.2112
-362.977	39.1938
-363.682	39.1938
-364.389	39.1738
-365.095	39.1587
-365.801	39.1528
-366.508	39.1484
-367.213	39.1488
-367.92	39.1457
-368.627	39.14
-369.332	39.1439
-370.04	39.1559
-370.747	39.1861
-371.452	39.2066
-372.16	39.2963
-372.867	39.4074
-373.573	39.4814
-374.281	39.4443
-374.988	39.4074
-375.694	39.4074
-376.402	39.5185
-377.11	39.5927
-377.816	39.5928
-378.524	39.5556
-379.232	39.4444
-379.938	39.4444
-380.647	39.4073
-381.355	39.4444
-382.061	39.4814
-382.77	39.5556
-383.478	39.6667
-384.185	39.7777
-384.893	39.7407
-385.602	39.6295
-386.309	39.5185
-387.017	39.5556
-387.726	39.7038
-388.433	39.8147
-389.142	39.8518
-389.851	39.8148
-390.56	39.7853
-391.267	39.7853
-391.977	39.7852
-392.686	39.7824
-393.393	39.7822
-394.103	39.8007
-394.812	39.8007
-395.521	39.8379
-396.229	39.7824
-396.939	39.6296
-397.648	39.5186
-398.356	39.4446
-399.066	39.5187
-399.776	39.4445
-400.486	39.5555
-401.194	39.5553
-401.904	39.5924
-402.614	39.6296
-403.324	39.6544
-404.033	39.7346
-404.743	39.6741
-405.453	39.7234
-406.163	39.6803
-406.872	39.5558
-407.583	39.3705
-408.293	39.2221
-409.004	39.1732
-409.713	39.1362
-410.423	39.1511
-411.134	39.163
-411.845	39.237
-412.554	39.2962
-413.265	39.2592
-413.976	39.2963
-414.687	39.3706
-415.397	39.4817
-416.108	39.4076
-416.819	39.2593
-417.531	39.1711
-418.242	39.1248
-418.952	39.1008
-419.663	39.0752
-420.375	39.0773
-421.087	39.1014
-421.798	39.1039
-422.508	39.222
-423.22	39.4073
-423.932	39.5184
-424.644	39.5926
-425.356	39.6298
-426.067	39.7408
-426.779	39.7038
-427.491	39.7037
-428.203	39.7407
-428.916	39.7036
-429.626	39.6297
-430.339	39.5555
-431.051	39.5926
-431.764	39.7037
-432.477	39.7408
-433.188	39.7926
-433.9	39.7555
-434.613	39.6815
-435.326	39.7037
-436.039	39.5555
-436.752	39.5184
-437.464	39.4445
-438.177	39.4446
-438.89	39.3705
-439.603	39.2593
-440.316	39.2964
-441.03	39.4816
-441.743	39.5927
-442.455	39.7037
-443.169	39.7037
-443.882	39.7408
-444.596	39.5926
-445.31	39.4444
-446.024	39.2962
-446.738	39.2221
-447.45	39.1481
-448.164	39.1851
-448.878	39.2961
-449.592	39.3333
-450.306	39.4074
-451.021	39.5556
-451.735	39.6852
-452.449	39.7593
-453.162	39.6963
-453.877	39.7149
-454.591	39.6408
-455.306	39.5556
-456.021	39.5556
-456.735	39.4815
-457.45	39.3704
-458.165	39.1852
-458.88	39.1112
-459.594	39.1019
-460.309	39.0927
-461.024	39.0556
-461.739	39.0648
-462.454	39.0741
-463.17	39.1481
-463.885	39.2592
-464.6	39.2963
-465.316	39.3333
-466.032	39.4445
-466.747	39.5928
-467.461	39.7038
-468.177	39.6667
-468.893	39.5926
-469.609	39.5926
-470.325	39.6666
-471.041	39.7499
-471.757	39.7814
-472.473	39.7444
-473.189	39.7722
-473.906	39.7778
-474.622	39.7038
-475.338	39.7037
-476.055	39.5925
-476.771	39.5185
-477.488	39.3331
-478.203	39.3331
-478.92	39.3331
-479.637	39.4073
-480.353	39.3333
-481.07	39.4074
-481.787	39.4074
-482.504	39.4075
-483.221	39.3334
-483.939	39.2593
-484.656	39.2223
-485.373	39.1111
-486.09	39.0494
-486.808	39.0222
-487.525	39.0222
-488.243	39.0098
-488.96	39.037
-489.678	39.1111
-490.396	39.1111
-491.114	39.1111
-491.832	39.1111
-492.549	39.2592
-493.267	39.4074
-493.985	39.4444
-494.704	39.3703
-495.422	39.2592
-496.14	39.2593
-496.858	39.2593
-497.577	39.2717
-498.295	39.2511
-499.014	39.2398
-499.732	39.2062
-500.451	39.1156
-501.169	39.0775
-501.888	39.0246
-502.607	39.0987
-503.326	39.1851
-504.045	39.2963
-504.764	39.3703
-505.483	39.3704
-506.202	39.4074
-506.921	39.5555
-507.64	39.637
-508.36	39.7111
-509.079	39.6
-509.799	39.6666
-510.518	39.6852
-511.238	39.7963
-511.957	39.7852
-512.677	39.8038
-513.397	39.6927
-514.118	39.6667
-514.838	39.5926
-515.558	39.6074
-516.278	39.6444
-516.998	39.6074
-517.718	39.5556
-518.438	39.4074
-519.159	39.4445
-519.879	39.5185
-520.599	39.5926
-521.32	39.5926
-522.04	39.5185
-522.761	39.4444
-523.482	39.4814
-524.202	39.5925
-524.923	39.7037
-525.646	39.7407
-526.367	39.7778
-527.088	39.8518
-527.809	39.8889
-528.53	39.8518
-529.251	39.8148
-529.972	39.7408
-530.693	39.6668
-531.415	39.5557
-532.136	39.4815
-532.858	39.5184
-533.581	39.5556
-534.302	39.5927
-535.024	39.6297
-535.746	39.6719
-536.468	39.7286
-537.189	39.7352
-537.911	39.7889
-538.633	39.8282
-539.355	39.8435
-540.079	39.8435
-540.801	39.8435
-541.524	39.8486
-542.246	39.8483
-542.968	39.8634
-543.691	39.8365
-544.413	39.8149
-545.136	39.7408
-545.86	39.7259
-546.583	39.7259
-547.305	39.7259
-548.028	39.6297
-548.751	39.5185
-549.474	39.5556
-550.197	39.6665
-550.922	39.7407
-551.645	39.7407
-552.368	39.5926
-553.091	39.5925
-553.815	39.4815
-554.538	39.5555
-555.263	39.5556
-555.987	39.7036
-556.71	39.7778
-557.434	39.8148
-558.158	39.7777
-558.882	39.7407
-559.607	39.6294
-560.331	39.4815
-561.055	39.3334
-561.779	39.2224
-562.503	39.1854
-563.227	39.173
-563.953	39.1977
-564.677	39.1853
-565.402	39.1975
-566.126	39.1726
-566.851	39.222
-567.577	39.2592
-568.301	39.2963
-569.026	39.3333
-569.751	39.3333
-570.476	39.4444
-571.202	39.5186
-571.927	39.5926
-572.652	39.5925
-573.377	39.5925
-574.102	39.7035
-574.829	39.7407
-575.554	39.7037
-576.28	39.6297
-577.005	39.6666
-577.732	39.7408
-578.458	39.7408
-579.183	39.6667
-579.909	39.5556
-580.635	39.4815
-581.362	39.5186
-582.088	39.6296
-582.814	39.7407
-583.54	39.7408
-584.267	39.7407
-584.993	39.7315
-585.72	39.763
-586.446	39.763
-587.174	39.7908
-587.9	39.7917
-588.626	39.8289
-589.353	39.7363
-590.081	39.7037
-590.808	39.5555
-591.534	39.4445
-592.261	39.2594
-592.99	39.163
-593.716	39.0889
-594.443	39.0519
-595.17	39.037
-595.899	39.1854
-596.626	39.2222
-597.353	39.1852
-598.081	39.1111
-598.81	39.1482
-599.537	39.2963
-600.264	39.2963
-600.994	39.3333
-601.721	39.2963
-602.449	39.3333
-603.176	39.2963
-603.906	39.3704
-604.634	39.4073
-605.362	39.5555
-606.091	39.5185
-606.819	39.6297
-607.547	39.7035
-608.277	39.8093
-609.005	39.8278
-609.734	39.8186
-610.462	39.8272
-611.192	39.7939
-611.921	39.7291
-612.649	39.6397
-613.379	39.5803
-614.108	39.4693
-614.837	39.3706
-615.567	39.2742
-616.296	39.2
-617.025	39.163
-617.756	39.1481
-618.485	39.2221
-619.214	39.2518
-619.945	39.2147
-620.674	39.1778
-621.403	39.2592
-622.134	39.4447
-622.864	39.5185
-623.593	39.5556
-624.324	39.4814
-625.054	39.5184
-625.784	39.5257
-626.515	39.6
-627.245	39.6372
-627.975	39.5188
-628.707	39.3332
-629.437	39.1112
-630.167	39.0594
-630.899	39.0223
-631.629	39.0223
-632.361	39.0371
-633.091	39.0371
-633.822	39.0371
-634.554	39
-635.284	39.0371
-636.015	39.074
-636.747	39.1111
-637.478	39.1112
-638.21	39.1075
-638.941	39.1075
-639.672	39.089
-640.405	39.0695
-641.136	39.0324
-641.867	39.0139
-642.6	38.9999
-643.331	39
-644.064	39.1112
-644.796	39.1111
-645.527	39.1482
-646.26	39.1483
-646.992	39.1482
-647.725	39.2593
-648.457	39.2962
-649.189	39.3334
-649.922	39.2591
-650.654	39.1852
-651.388	39.3335
-652.12	39.4813
-652.854	39.5555
-653.586	39.5557
-654.318	39.4816
-655.052	39.4815
-655.784	39.474
-656.518	39.4725
-657.251	39.4726
-657.985	39.4058
-658.718	39.3334
-659.451	39.2593
-660.185	39.2595
-660.918	39.1854
-661.652	39.1111
-662.385	39.0296
-663.12	39.0296
-663.853	39.0666
-664.586	39.037
-665.321	39.0592
-666.054	39.0592
-666.789	39.0963
-667.523	39.1111
-668.258	39.1037
-668.992	39.0667
-669.727	39.0666
-670.46	39.074
-671.196	39.1111
-671.93	39.2591
-672.665	39.2964
-673.399	39.3334
-674.133	39.3332
-674.869	39.4817
-675.603	39.5556
-676.339	39.5185
-677.073	39.5184
-677.809	39.5185
-678.544	39.4447
-679.28	39.3705
-680.014	39.4443
-680.751	39.4815
-681.485	39.4075
-682.222	39.2963
-682.956	39.1853
-683.693	39.0739
-684.428	39.0263
-685.164	39.0503
-685.9	39.0714
-686.636	39.1411
-687.372	39.3993
