686.972	46.2779
686.36	46.2532
685.747	46.2779
685.135	46.2038
684.523	46.2779
683.912	46.0556
683.299	46.1075
682.687	45.9445
682.074	46.0555
681.461	46.1666
680.849	46.1667
680.236	46.1667
679.623	46.0556
679.01	46.1111
678.398	46.2222
677.786	46.1111
677.173	46.3334
676.56	46.2222
675.947	46.1111
675.334	46.0556
674.721	46.1111
674.108	46.1111
673.494	46.1667
672.881	46.1111
672.268	46.1111
671.654	46.1111
671.041	46.1667
670.427	46.0555
669.815	46.2222
669.201	46.0555
668.588	46.1667
667.974	46
667.36	45.9445
666.746	45.8889
666.133	45.8333
665.519	45.8889
664.905	45.8889
664.291	46
663.677	46.2777
663.063	46.2777
662.448	46.1111
661.834	46.1111
661.22	46.2778
660.606	46.0556
659.991	45.8334
659.377	46.0556
658.762	45.9815
658.148	45.8704
657.533	45.8704
656.919	45.8889
656.304	45.8333
655.689	45.8296
655.075	45.8333
654.46	45.8235
653.845	45.7882
653.23	45.8334
652.615	45.8085
652	45.8334
651.385	45.7639
650.77	45.7803
650.155	45.8021
649.539	45.7799
648.924	45.9444
648.309	45.8677
647.693	45.9184
647.078	45.9445
646.463	46.0555
645.847	46.2777
645.232	46.2777
644.616	46.1666
643.999	46.2778
643.383	45.9444
642.767	46.3333
642.152	46.2278
641.536	46.2215
640.92	46.3055
640.304	46.2963
639.688	46.3191
639.072	46.307
638.456	46.314
637.84	46.3185
637.223	46.3338
636.607	46.2711
635.991	46.1672
635.373	46.222
634.757	46.1929
634.14	46.1733
633.524	46.1111
632.907	46.1591
632.29	46.1526
631.674	46.1515
631.057	46.1671
630.44	46.1675
629.822	46.1108
629.205	46.0307
628.588	45.8609
627.971	45.8471
627.354	45.8235
626.737	45.7985
626.12	45.7877
625.503	45.8888
624.884	46.1112
624.267	45.8889
623.65	45.8889
623.032	46
622.415	45.7779
621.798	45.778
621.18	45.7782
620.561	45.778
619.943	45.7781
619.326	45.7781
618.708	45.7826
618.09	45.7838
617.472	45.7963
616.853	45.917
616.235	46.0557
615.617	46.1667
614.999	46.0555
614.381	46.2778
613.763	46.2
613.143	46.2222
612.525	46.2778
611.907	46.0557
611.289	46.0557
610.67	45.9445
610.051	45.8333
609.432	45.9444
608.814	45.9445
608.195	45.8611
607.576	45.95
606.956	46.04
606.338	46.2778
605.719	46.1666
605.1	45.9999
604.481	46.1666
603.861	45.9444
603.242	46.1667
602.623	46.2778
602.004	46.2223
601.383	46.1778
600.764	46.2222
600.145	46
599.525	45.9446
598.905	45.9444
598.285	46.0556
597.666	45.8889
597.046	45.889
596.425	45.8622
595.806	45.8576
595.186	45.8354
594.567	45.7902
593.945	45.7778
593.326	45.8333
592.706	45.8802
592.086	45.9441
591.465	46.0556
590.845	46.0259
590.225	46.1481
589.603	46.2593
588.983	46.2926
588.363	46.2317
587.742	46.2224
587.121	46.2362
586.5	46.2778
585.88	46.0557
585.258	45.7776
584.638	45.9232
584.017	45.8148
583.395	45.8385
582.774	45.8588
582.154	45.8374
581.532	45.8449
580.911	45.8471
580.29	45.8431
579.668	45.845
579.047	45.8451
578.426	45.8444
577.805	45.8448
577.182	45.8448
576.561	45.8447
575.938	45.8448
575.317	45.828
574.696	45.8146
574.073	45.7777
573.452	45.7777
572.83	45.7777
572.207	45.7777
571.586	45.7777
570.964	45.7777
570.341	45.7777
569.719	45.7777
569.098	45.8193
568.474	45.8297
567.853	45.9442
567.229	45.8631
566.607	45.9444
565.985	45.7779
565.362	45.9999
564.74	45.7778
564.117	45.778
563.494	45.8889
562.872	45.7778
562.248	45.8
561.625	45.8489
561.003	45.9443
560.379	45.8333
559.757	46
559.133	45.9445
558.51	46.2777
557.886	46.0557
557.263	46.0555
556.64	46.1694
556.016	46.1805
555.393	46.2777
554.769	46.3249
554.146	46.261
553.521	46.2854
552.898	46.2873
552.275	46.2779
551.651	46.2034
551.027	46.2223
550.403	45.9444
549.779	45.889
549.155	45.9511
548.531	45.8111
547.906	45.8889
547.283	45.8413
546.659	45.7776
546.034	45.7778
545.41	45.8904
544.785	45.9445
544.161	46.111
543.536	46.1111
542.912	46.1114
542.287	46.0556
541.663	45.8889
541.037	45.9445
540.413	45.8888
539.788	45.7778
539.163	45.7776
538.538	45.8749
537.914	45.9416
537.288	46.0556
536.663	46.2222
536.037	45.8778
535.413	46.0557
534.787	45.9278
534.162	45.8872
533.536	45.7967
532.911	45.7778
532.285	45.7779
531.66	45.7741
531.034	45.7716
530.409	45.776
529.783	45.7751
529.158	45.7763
528.531	45.7765
527.905	45.8621
527.28	45.8376
526.653	45.8365
526.028	45.813
525.401	45.8334
524.776	45.9998
524.149	45.9805
523.523	46.1249
522.896	46.2778
522.271	46.2113
521.644	46.3401
521.016	46.3332
520.391	46.3609
519.763	46.3055
519.138	46.2666
518.51	46.2222
517.884	46.1113
517.257	46.1978
516.63	46.3332
516.003	46.0555
515.376	46.0556
514.75	46.2221
514.122	46.2778
513.494	46.1667
512.868	46.1668
512.24	46.1666
511.614	46.1667
510.986	46.1667
510.358	46.0555
509.731	45.8333
509.103	45.9583
508.476	45.9116
507.848	45.892
507.22	45.8898
506.593	45.867
505.965	45.8829
505.336	45.8799
504.709	45.8766
504.081	45.8798
503.452	45.8788
502.825	45.8784
502.196	45.879
501.569	45.8674
500.94	45.9027
500.311	45.8334
499.684	46.0553
499.055	45.934
498.426	45.9418
497.798	45.9445
497.169	46.0307
496.54	46.2223
495.912	46.1111
495.283	46.2223
494.654	46.2779
494.026	45.9442
493.397	46.0556
492.767	46.1111
492.139	46.0003
491.51	46.0251
490.88	45.9334
490.25	45.9695
489.622	46
488.992	45.8888
488.363	45.9156
487.734	45.8222
487.104	45.8978
486.474	45.8333
485.846	46.1668
485.216	46.2777
484.586	46.2222
483.955	45.7778
483.327	45.8331
482.696	46.2777
482.066	46.5
481.437	46.2781
480.807	46.2779
480.176	46.1667
479.546	46
478.917	46
478.286	46.3889
477.655	45.8333
477.025	45.9778
476.395	46.0084
475.764	45.9445
475.133	45.8972
474.502	45.8333
473.873	45.8333
473.242	45.8888
472.611	45.9777
471.98	46.1112
471.35	46.222
470.719	46.2221
470.087	46.1111
469.456	46.3333
468.825	46.2221
468.195	46.2225
467.563	46.0556
466.931	46.0556
466.3	46
465.67	45.8888
465.038	45.8333
464.406	45.9445
463.774	45.8333
463.142	45.8222
462.512	45.8666
461.88	45.8389
461.248	45.8611
460.616	45.8333
459.984	45.9446
459.352	46.4448
458.721	46.0742
458.088	46.227
457.456	46.3269
456.824	46.4443
456.191	46.4443
455.56	46.4448
454.928	46.3336
454.295	46.2223
453.662	46.1402
453.03	45.9778
452.397	46.1014
451.766	45.9443
451.133	46.2223
450.5	46.111
449.867	46.3333
449.234	46.4445
448.601	46.3334
447.968	46.4584
447.336	46.514
446.703	46.4792
446.069	46.45
445.436	46.4098
444.803	46.3889
444.169	46.0555
443.536	46.2778
442.902	46.3888
442.27	46.111
441.636	45.9444
441.003	46.1666
440.369	46.1111
439.735	46.1111
439.101	46.3889
438.467	46.3889
437.833	46.0555
437.199	46.0555
436.565	46.1222
435.933	46.1112
435.298	46
434.664	46.2777
434.03	46.0555
433.396	46
432.761	45.9445
432.127	46.1666
431.492	46.1111
430.858	46.0001
430.223	46
429.589	46.2222
428.954	46.2779
428.319	46.2779
427.686	46.3887
427.051	46.2224
426.416	46.0001
425.781	46.611
425.146	46.4556
424.511	46.3911
423.876	46.3804
423.241	46.2222
422.605	46.2223
421.97	46.2095
421.335	46.1112
420.699	46.1113
420.064	46.0668
419.429	46.1113
418.793	46.1113
418.157	46.0649
417.522	45.9963
416.886	46.1047
416.25	46.1288
415.615	46.2221
414.979	46.3888
414.343	46.5555
413.707	46.4733
413.071	46.5889
412.435	46.6112
411.799	46.6112
411.163	46.6112
410.526	46.5001
409.89	46.1111
409.254	46.2982
408.617	46.2037
407.981	46.0648
407.344	46.0204
406.708	46.0963
406.071	46.0605
405.435	46.0591
404.798	46.1095
404.161	46.1236
403.524	46.2222
402.888	46.1666
402.251	46.2778
401.614	46.1666
400.977	46.3888
400.34	46.5
399.703	46.2778
399.065	46.2223
398.428	46.3334
397.791	46.0558
397.152	46.1667
396.515	46.2778
395.877	46.1611
395.24	46.1111
394.602	46.0889
393.965	46.1204
393.327	46.1218
392.689	46.1178
392.052	46.1667
391.414	46.0911
390.776	46.1222
390.138	46.1109
389.5	46.4999
388.861	46.6667
388.223	46.4445
387.585	46.4445
386.946	46.5
386.308	46.5
385.67	46.5223
385.032	46.7224
384.393	46.4446
383.755	46.389
383.116	46.1112
382.476	46.1834
381.838	46.2278
381.199	46.1741
380.56	46.1951
379.922	46.199
379.283	46.1894
378.644	46.192
378.005	46.1899
377.365	46.1845
376.726	46.1845
376.086	46.1845
375.447	46.18
374.808	46.1789
374.169	46.1664
373.53	46.1591
372.889	46.1539
372.25	46.1111
371.61	46.1737
370.971	46.3334
370.331	46.1113
369.691	46.2779
369.05	46.3888
368.411	46.2224
367.771	46.3333
367.131	46.2222
366.491	46.6666
365.851	46.6109
365.21	46.7779
364.57	46.6666
363.93	46.5001
363.29	46.4446
362.649	46.4584
362.008	46.3639
361.367	46.2223
360.727	46.1944
360.087	46.2449
359.446	46.333
358.804	46.3638
358.164	46.333
357.523	46.4255
356.883	46.333
356.242	46.6104
355.6	46.8334
354.959	46.5
354.318	46.6999
353.677	46.7224
353.035	46.8332
352.394	46.7511
351.752	46.7222
351.111	46.7777
350.469	46.389
349.827	46.5
349.186	46.5001
348.545	46.389
347.902	46.8333
347.26	46.6111
346.619	46.5
345.977	46.3331
345.334	46.2778
344.693	46.3889
344.051	46.5555
343.409	46.6668
342.766	46.5555
342.124	46.5223
341.482	46.6111
340.84	46.5028
340.197	46.3223
339.554	46.4762
338.912	46.4444
338.269	46.5002
337.626	46.5
336.984	46.611
336.342	46.9443
335.698	46.5556
335.055	46.7778
334.413	46.5559
333.769	46.5554
333.126	46.3334
332.483	46.4445
331.839	46.3333
331.196	46.3556
330.554	46.3333
329.911	46.3333
329.266	46.3148
328.623	46.3074
327.98	46.3185
327.336	46.3184
326.693	46.3666
326.049	46.333
325.405	46.5556
324.761	46.611
324.118	46.722
323.473	46.8333
322.829	46.7223
322.184	46.8331
321.541	46.5
320.897	46.5002
320.252	46.6112
319.608	46.5
318.964	46.3888
318.319	46.5556
317.675	46.6111
317.031	46.7776
316.386	46.3332
315.742	46.4446
315.098	46.6114
314.452	46.4723
313.808	46.4445
313.162	46.3889
312.518	46.3888
311.873	46.4306
311.227	46.4861
310.583	46.5002
309.937	46.7222
309.292	46.5556
308.647	46.4445
308.001	46.4444
307.357	46.4445
306.71	46.4667
306.065	46.4444
305.42	46.5555
304.774	46.5555
304.129	46.5556
303.482	46.5001
302.837	46.6111
302.192	46.7221
301.545	46.9444
300.9	47.1665
300.253	47.0556
299.608	47.2222
298.961	47.2222
298.315	47.2222
297.67	47.2778
297.023	47.2
296.377	47.389
295.73	46.8888
295.084	46.9444
294.437	47
293.791	46.9446
293.143	46.9444
292.497	46.7224
291.85	46.8333
291.204	46.8999
290.557	46.833
289.91	47.1667
289.263	46.7778
288.616	46.8334
287.969	47.111
287.321	47.3334
286.675	47.4445
286.027	47.4445
285.38	47.4667
284.732	47.5556
284.085	47.5554
283.437	47.5889
282.79	47.54
282.142	47.5
281.495	47.5
280.847	47.7222
280.199	46.9447
279.551	46.9444
278.904	47.2038
278.255	47.0093
277.608	47.0204
276.959	46.9445
276.312	46.9999
275.663	47.0971
275.015	47.1106
274.366	47.3333
273.719	47.2222
273.07	47.6111
272.422	47.5003
271.773	47.5556
271.124	47.5
270.476	47.6111
269.826	47.6111
269.178	46.9444
268.529	47.5556
267.881	47.4446
267.231	47.3889
266.583	47.8888
265.933	47.5556
265.284	47.1109
264.635	47.0556
263.985	47.1667
263.337	47.5556
262.687	47.3889
262.038	47.389
261.388	47.2778
260.74	47.3222
260.09	47.1111
259.439	47.4443
258.79	47.4445
258.14	47.3333
257.491	47.5552
256.841	47.3333
256.19	47.3333
255.541	47.3888
254.89	47.4444
254.241	47.2779
253.591	47.5
252.94	47.5556
252.29	47.6111
251.64	47.4445
250.99	47.2222
250.339	47.3889
249.688	47.4998
249.038	47.278
248.387	47.2778
247.736	47.1989
247.086	47.1823
246.435	47.1715
245.785	47.173
245.133	47.1614
244.482	47.151
243.832	47.1834
243.18	47.2338
242.529	47.3335
241.878	47.6663
241.227	48.111
240.575	47.7778
239.924	47.9999
239.272	48.2222
238.62	48.1667
237.97	48.125
237.318	48.1028
236.667	48.1112
236.015	47.8889
235.363	47.7778
234.71	48.1666
234.06	47.9446
233.407	47.7223
232.755	47.7778
232.104	47.9998
231.451	48.0554
230.798	48.3891
230.147	48.2839
229.494	48.4258
228.842	48.3662
228.19	48.3586
227.537	48.3836
226.884	48.3695
226.233	48.3706
225.58	48.3745
224.927	48.4037
224.273	48.3742
223.622	48.5001
222.968	48.2223
222.315	48.4444
221.663	48.5003
221.01	48.2221
220.356	48.2778
219.702	48.389
219.05	48.1665
218.397	48.4999
217.743	48.2778
217.089	48.611
216.437	48.4722
215.783	48.4611
215.129	48.5
214.475	48.4444
213.822	48.3334
213.168	48.6112
212.514	48.6111
211.86	48.5694
211.207	48.5917
210.553	48.5544
209.898	48.4444
209.244	48.5554
208.591	48.5344
207.936	48.5834
207.282	48.549
206.627	48.5166
205.974	48.5551
205.319	48.111
204.664	48.3333
204.009	48.5
203.354	48.7221
202.701	48.5003
202.046	48.6112
201.391	48.3889
200.735	48.4445
200.08	48.3336
199.426	48.5889
198.771	48.8332
198.116	48.6194
197.46	48.6306
196.805	48.722
196.151	48.3894
195.495	48.3337
194.839	48.2223
194.184	48.1666
193.528	48.278
192.874	48.111
192.218	48.1107
191.562	48.222
190.906	48.4444
190.25	48.3332
189.594	48.1663
188.939	48.0005
188.283	48.0559
187.627	47.8332
186.97	48.0556
186.314	47.8334
185.657	48.0558
185.001	48.1669
184.346	48.7217
183.689	48.8333
183.033	49.0556
182.376	49.2777
181.719	49.389
181.062	49.6112
180.405	49.7222
179.75	49.7219
179.093	49.7223
178.436	49.0557
177.779	49.6668
177.122	49.9444
176.465	49.7222
175.807	49.7223
175.15	49.6668
174.494	49.6666
173.837	49.1112
173.179	49.3889
172.522	49.8891
171.864	49.389
171.206	49.2222
170.549	49.5
169.891	49.8334
169.233	50.0559
168.575	50.0559
167.919	50.2035
167.261	50.1605
166.603	50.3269
165.945	50.3171
165.287	50.3102
164.628	50.4363
163.97	50.4728
163.312	50.4558
162.654	50.455
161.995	50.457
161.337	50.453
160.678	50.4444
160.019	50.4515
159.361	50.5555
158.704	50.5548
158.045	50.566
157.386	50.5784
156.727	50.586
156.068	50.6073
155.409	50.6086
154.75	50.5996
154.091	50.631
153.432	50.5967
152.773	50.3334
152.114	50.6665
151.454	51.0555
150.795	51.2777
150.136	51.2221
149.476	51.9999
148.817	52.111
148.157	52.7777
147.497	52.9999
146.838	53.6666
146.178	53.2222
145.518	53.7221
144.858	53.9444
144.198	54.1111
143.538	54.3333
142.878	54.5555
142.218	55.111
141.558	55.111
140.898	55.8887
140.238	56.8887
139.577	57.6664
138.917	58.2775
138.256	58.7221
137.596	59.0554
136.935	60.3332
136.275	60.8887
135.614	62.1109
134.954	62.8886
134.293	63.6664
133.632	64.6107
132.971	65.4441
132.31	66.9997
131.649	68.5553
130.988	69.0551
130.327	69.8328
129.666	70.1663
129.005	71.499
128.342	73.3899
127.681	74.223
127.019	75.1114
126.358	75.7777
125.696	76.6663
125.035	78.333
124.373	79.8885
123.712	81.3887
123.05	81.8332
122.388	81.8886
121.726	82.6663
121.064	82.9999
120.403	83.7779
119.741	83.2785
119.078	82.7787
118.415	82.333
117.753	81.9441
117.091	81.4999
116.428	80.1667
115.766	79.0557
115.104	78.7225
114.441	77.1672
113.779	75.8902
113.116	74.5019
112.454	73.5572
111.789	72.1101
111.127	70.7773
110.464	70.611
109.801	69.6111
109.138	69.4998
108.475	69.4996
107.812	70.2218
107.149	70.6107
106.485	69.778
105.821	69.7776
105.158	70.6667
104.495	70.8888
103.832	71.4444
103.168	71.1109
102.505	71.2219
101.84	71.8339
101.176	71.667
100.513	72.4445
99.849	73.3334
99.1853	72.9999
98.5215	72.9998
97.8577	73.8881
97.1923	75.1673
96.5283	76.3895
95.8643	77.0555
95.2003	78.9434
94.5361	80.7201
93.872	82.4972
93.2062	83.501
92.542	85.7781
91.8776	87.5551
91.2132	86.9442
90.5488	88.055
89.8828	89.8895
89.2182	90.7783
88.5536	91.6666
87.8889	92.3326
87.2242	93.777
86.5594	94.2763
85.893	93.945
85.2281	96.3889
84.5632	96.278
83.8982	96.2221
83.2316	96.4445
82.5665	96.6667
81.9013	97.111
81.2361	96.3336
80.5708	95.8336
79.9039	96.1665
79.2385	95.5
78.573	95.1673
77.9075	94.2787
77.2404	93.277
76.5748	92.0553
75.9091	89.6115
75.2434	89.3902
74.5776	87.6691
73.9102	85.4435
73.2443	83.6667
72.5783	82.6676
71.9123	80.7238
71.2447	79.0549
70.5785	77.6111
69.9123	77.2784
69.2461	76.1672
68.5783	75.0554
67.9119	74.5558
67.2455	73.5564
66.5775	72.3883
65.911	72.1111
65.2444	70.7785
64.5777	69.0018
63.9095	67.6659
63.2427	66.3889
62.5759	65.6118
61.909	64.6679
61.2406	64.4443
60.5736	63.5001
59.9066	62.3332
59.238	62.7224
58.5708	62.6111
57.9036	61.9448
57.2363	62.0559
56.5675	62.0555
55.9001	61.7223
55.2327	61.6109
54.5636	61.6667
53.8961	62.0554
53.2285	61.333
52.5593	61.111
51.8916	61.7224
51.2238	61.1115
50.5544	61.111
49.8866	61.2223
49.2186	60.7778
48.5491	60.2777
47.881	59.8888
47.2129	60.222
46.5432	61.1111
45.875	60.4445
45.2067	60.5557
44.5368	60.2222
43.8684	59.8889
43.2	59.6668
42.5299	59.333
41.8613	59.5001
41.1927	59.3335
40.5225	59.4447
39.8538	59.9442
39.185	59.6106
38.5146	59.889
37.8457	59.8888
37.1752	59.9445
36.5062	60.8333
35.8371	60.5002
35.1664	60.4999
34.4972	59.6112
33.828	59.2225
33.1571	59.8889
32.4878	59.6666
31.8168	59.8889
31.1473	59.9444
30.4778	59.8886
29.8067	59.889
29.137	60.1665
28.4673	60.6109
27.796	61.1111
27.1262	60.8886
26.4548	61.1668
25.7849	61.3888
25.1133	61.778
24.4433	61.7222
23.7732	61.8334
23.1015	62.0556
22.4313	62.4998
21.7595	63.6117
21.0891	63.6109
20.4187	63.9437
19.7468	64.8889
19.0763	65.61
18.4042	66.4449
17.7335	67.1109
17.0613	68.2227
16.3906	68.6665
15.7198	68.2769
15.0474	69.1667
14.3765	70.555
13.7041	71.6114
13.033	72.9431
12.3604	75.1116
11.6893	76.554
11.0166	77.7789
10.3453	79.9987
9.67249	83.7243
9.00113	87.1659
8.32971	90.6066
7.65671	93.8888
6.98517	95.5524
6.31205	97.6118
5.6404	97.4933
4.96717	99.639
4.29541	100.775
3.62206	99.978
2.95018	100.798
2.27672	101.185
1.60473	100.853
0.931152	101.101
0.259044	101.203
-0.414646	101.208
-1.08687	101.171
-1.76067	101.194
-2.43301	101.191
-3.10693	101.185
-3.77938	101.19
-4.45342	101.208
-5.12598	101.178
-5.80013	101.221
-6.47281	101.086
-7.14708	100.329
-7.81987	99.5476
-8.49425	98.61
-9.16716	93.3359
-9.84165	90.4436
-10.5147	88.0577
-11.1893	85.4995
-11.8624	81.9465
-12.5372	79.7223
-13.2104	77.8908
-13.8852	76.2229
-14.5601	74.6097
-15.2336	71.6124
-15.9086	70.4988
-16.5821	68.4456
-17.2572	67.111
-17.9309	66.4453
-18.6061	65.8889
-19.2799	64.4447
-19.9553	64.2224
-20.6307	62.8331
-21.3046	63.5005
-21.9802	62.4995
-22.6542	61.3901
-23.3299	60.3889
-24.004	60.0565
-24.6798	59.6111
-25.3556	59.6667
-26.03	59.7776
-26.7059	59.2222
-27.3804	58.8888
-28.0564	59.3889
-28.731	59.2782
-29.4071	59.2779
-30.0834	58.6105
-30.7581	58.0559
-31.4345	57.2776
-32.1093	56.7225
-32.7858	57.5001
-33.4623	57.7223
-34.1373	57.3329
-34.8139	57.6668
-35.4891	57.777
-36.1658	58.2776
-36.8426	58.6114
-37.518	59.2777
-38.1949	59.3889
-38.8719	58.9999
-39.5474	58.5557
-40.2244	58.7222
-40.9001	59.1665
-41.5773	59.2777
-42.2545	59.2222
-42.9303	58.8888
-43.6077	58.9999
-44.2851	59.1667
-44.9611	59.0002
-45.6386	59.1111
-46.3162	59.0553
-46.9924	58.8333
-47.6701	58.6111
-48.3463	58.3891
-49.0242	58.7222
-49.7021	58.5
-50.3785	58.3332
-51.0565	58.6111
-51.7346	58.1665
-52.4112	58.0004
-53.0894	57.6667
-53.7676	57.5555
-54.4444	58.1112
-55.1228	57.8888
-55.8012	57.8889
-56.4781	57.8885
-57.1567	57.8332
-57.8353	58.3889
-58.5139	58.6668
-59.1911	59.1109
-59.8698	59.5555
-60.5487	59.8336
-61.226	59.8328
-61.905	60.2776
-62.584	61.5004
-63.2615	62.1659
-63.9406	62.8887
-64.6198	63.389
-65.2975	63.6105
-65.9768	64.4997
-66.6561	64.6666
-67.3355	65.4446
-68.0135	65.5557
-68.693	65.4444
-69.3726	65.8889
-70.0507	66.3882
-70.7304	67.1108
-71.4101	67.5555
-72.0899	67.5559
-72.7683	68.6657
-73.4482	69.4439
-74.1282	70.5555
-74.8082	71.5004
-75.4868	72.61
-76.167	73.6104
-76.8472	74.4999
-77.5275	75.6672
-78.2063	77.3322
-78.8867	77.8883
-79.5671	78.2222
-80.2476	79.1113
-80.9267	79.3888
-81.6073	80.1665
-82.288	80.6111
-82.9687	81.2781
-83.648	81.8327
-84.3289	82.0548
-85.0098	81.4999
-85.6908	81.9444
-86.3718	81.9998
-87.0514	82.3339
-87.7325	81.5559
-88.4137	81.6667
-89.095	80.9999
-89.7748	79.8341
-90.4562	77.9451
-91.1376	77.6115
-91.8191	76.833
-92.5007	74.9986
-93.1808	73.7799
-93.8624	73.0012
-94.5442	71.7779
-95.226	70.8889
-95.9078	70.111
-96.5882	69.3343
-97.2702	68.7783
-97.9522	67.5558
-98.6343	67.4997
-99.3165	66.6102
-99.9971	65.1685
-100.679	64.2786
-101.362	63.1669
-102.044	62.9445
-102.727	63.2777
-103.409	62.9446
-104.09	63.0553
-104.773	62.3334
-105.455	61.6669
-106.138	62.2779
-106.821	61.8332
-107.504	61.8887
-108.187	60.9995
-108.868	60.445
-109.551	60.1112
-110.234	59.9999
-110.917	60.3333
-111.601	60.5555
-112.284	60.8336
-112.966	61.2769
-113.649	62.1098
-114.332	63.4436
-115.016	63.7773
-115.699	64.5555
-116.383	65.3891
-117.067	66.167
-117.75	66.6667
-118.433	66.6668
-119.117	67.3333
-119.8	67.4997
-120.484	67.6664
-121.168	67.4445
-121.852	67.1667
-122.537	66.7777
-123.221	66.8889
-123.905	67.2776
-124.588	67.0563
-125.272	65.7786
-125.957	64.8893
-126.641	63.6115
-127.326	63.4448
-128.01	63.3891
-128.695	62.8891
-129.38	61.7779
-130.065	60.7778
-130.749	59.8888
-131.434	59.6108
-132.119	58.8884
-132.803	58.8899
-133.488	58.2788
-134.173	56.723
-134.858	56.1114
-135.543	55.4446
-136.229	54.7779
-136.914	54.4446
-137.6	54.4445
-138.285	54.5
-138.971	53.8888
-139.656	53.8333
-140.342	53.9445
-141.028	53.2223
-141.713	52.8889
-142.399	53.1666
-143.085	52.6107
-143.771	51.944
-144.456	51.4447
-145.142	50.9448
-145.828	50.4447
-146.514	50.1112
-147.2	50.1667
-147.887	50.0557
-148.573	49.7222
-149.259	49.9445
-149.946	49.7222
-150.633	49.5555
-151.319	49.6666
-152.006	49.6111
-152.693	49.2779
-153.379	49.2779
-154.066	49.2779
-154.753	48.6668
-155.44	48.3334
-156.127	48.0001
-156.814	47.5001
-157.501	47.5
-158.189	47.2223
-158.876	47.4445
-159.563	47.5555
-160.251	47.1111
-160.938	47.3888
-161.625	47.6666
-162.313	47.8888
-163.001	47.701
-163.688	47.7665
-164.376	47.7943
-165.064	47.744
-165.752	47.7778
-166.44	47.7101
-167.128	47.6944
-167.816	47.6582
-168.505	47.6111
-169.193	47.5494
-169.882	47.6111
-170.57	47.426
-171.258	47.2779
-171.947	47.389
-172.635	47.1667
-173.324	47.2777
-174.012	47.1667
-174.701	47.0556
-175.39	47.0555
-176.078	47.0232
-176.767	46.926
-177.456	46.9122
-178.145	46.6669
-178.834	47.0003
-179.523	46.927
-180.212	47.0002
-180.903	47.0555
-181.592	46.9444
-182.281	46.3889
-182.971	46.6555
-183.66	46.3888
-184.35	46.5
-185.039	46.7222
-185.729	46.9446
-186.418	46.6666
-187.108	46.833
-187.798	46.8329
-188.489	46.9445
-189.179	46.8776
-189.869	46.9444
-190.559	46.8333
-191.249	46.8334
-191.939	46.7779
-192.629	46.6113
-193.32	46.2778
-194.01	46.2777
-194.702	46.3334
-195.392	46.4445
-196.083	46.5
-196.773	46.5
-197.464	46.5
-198.154	46.3334
-198.845	46.2224
-199.536	46.2225
-200.228	46.3333
-200.919	46.264
-201.61	46.2778
-202.301	46.3527
-202.992	46.5553
-203.683	46.3331
-204.375	46.3333
-205.067	46.222
-205.759	46.2777
-206.45	46.2638
-207.141	46.2223
-207.833	46.2252
-208.525	46.1623
-209.218	46.2001
-209.909	46.1668
-210.601	46.5
-211.293	46.3334
-211.985	46.4889
-212.677	46.7222
-213.37	46.7221
-214.062	46.708
-214.754	46.7016
-215.446	46.6861
-216.139	46.6603
-216.831	46.6603
-217.525	46.6603
-218.217	46.6603
-218.91	46.6603
-219.602	46.6529
-220.295	46.6496
-220.989	46.3889
-221.682	46.3882
-222.374	46.3889
-223.067	46.3868
-223.76	46.3889
-224.454	46.3827
-225.147	46.3889
-225.841	46.3704
-226.534	46.3889
-227.228	46.3334
-227.922	46.3889
-228.615	46.2223
-229.308	46.3888
-230.002	46.1112
-230.697	46.5
-231.39	46.3444
-232.084	46.4444
-232.777	46.2776
-233.473	46.2356
-234.166	46.1111
-234.86	46.0002
-235.554	46.0794
-236.25	46.0403
-236.944	45.9706
-237.638	45.9608
-238.332	45.9638
-239.028	45.9651
-239.722	45.9632
-240.416	45.9591
-241.111	45.9553
-241.807	45.9444
-242.501	45.9445
-243.196	46.1111
-243.89	46.0553
-244.586	46.1667
-245.281	46.2776
-245.976	46.1666
-246.672	46.2917
-247.367	46.3731
-248.062	46.5557
-248.757	46.5741
-249.454	46.6111
-250.149	46.5556
-250.844	46.389
-251.541	46.2778
-252.237	46.3889
-252.932	46.4999
-253.627	46.3885
-254.324	46.4629
-255.02	46.4814
-255.716	46.5556
-256.413	46.5648
-257.109	46.6112
-257.804	46.6112
-258.502	46.1666
-259.198	46.3889
-259.894	46.4999
-260.591	46.5556
-261.288	46.3333
-261.984	46.3334
-262.68	46.2777
-263.378	46.6358
-264.074	46.4707
-264.771	46.5312
-265.469	46.6358
-266.165	46.6358
-266.862	46.5847
-267.56	46.5642
-268.257	46.4823
-268.955	46.4823
-269.652	46.4823
-270.349	46.4823
-271.047	46.4823
-271.744	46.4823
-272.442	46.4034
-273.14	46.2737
-273.837	46.1667
-274.535	45.8334
-275.234	45.8333
-275.931	45.8334
-276.628	45.8889
-277.328	46
-278.025	46
-278.724	45.9446
-279.422	45.8333
-280.12	46.2776
-280.819	46.3334
-281.517	46.4444
-282.215	46.4444
-282.915	46.3889
-283.613	46.389
-284.312	46.3888
-285.01	46.2222
-285.709	46.2779
-286.409	46.0555
-287.107	45.8335
-287.807	45.9334
-288.505	45.7778
-289.204	45.7222
-289.904	45.6666
-290.603	45.722
-291.303	45.711
-292.002	45.6944
-292.702	45.7499
-293.401	45.8888
-294.1	45.8333
-294.801	45.8333
-295.5	45.8336
-296.201	45.8888
-296.9	45.7776
-297.601	45.7779
-298.3	46
-298.999	45.8333
-299.7	46
-300.4	46.1109
-301.101	46.3333
-301.801	46.1668
-302.502	45.9998
-303.202	45.7222
-303.901	45.778
-304.603	45.7716
-305.303	45.6853
-306.004	45.6729
-306.704	45.6379
-307.406	45.6312
-308.106	45.6366
-308.808	45.623
-309.508	45.618
-310.21	45.6136
-310.911	45.6182
-311.613	45.6166
-312.313	45.6026
-313.016	45.5998
-313.716	45.6433
-314.417	45.6751
-315.119	45.7222
-315.82	45.8886
-316.523	45.8889
-317.224	45.7776
-317.926	46
-318.627	45.9446
-319.33	45.8473
-320.031	45.6669
-320.734	45.7695
-321.436	45.7777
-322.139	45.6112
-322.84	45.6444
-323.543	45.6955
-324.245	45.7221
-324.948	45.7222
-325.65	45.9447
-326.353	45.8333
-327.055	45.8335
-327.758	45.7222
-328.462	45.7778
-329.164	45.7556
-329.868	45.7222
-330.57	45.7222
-331.273	45.7222
-331.976	45.6654
-332.68	45.6201
-333.382	45.6692
-334.086	45.6516
-334.789	45.6469
-335.493	45.6559
-336.195	45.6221
-336.9	45.6039
-337.604	45.6107
-338.307	45.5604
-339.011	45.6112
-339.714	45.6666
-340.419	45.6667
-341.122	45.9997
-341.826	46.3333
-342.53	46.1111
-343.234	46.0001
-343.939	46.3333
-344.643	46.3334
-345.348	46.1667
-346.051	46.1668
-346.756	46.1667
-347.46	45.9999
-348.165	45.6667
-348.87	46.0555
-349.574	46.389
-350.28	46.0556
-350.984	45.9445
-351.689	46.1111
-352.395	46.1111
-353.099	45.9444
-353.805	46
-354.509	45.6673
-355.215	45.6112
-355.921	45.6779
-356.625	45.6172
-357.331	45.6111
-358.036	45.5185
-358.742	45.5322
-359.448	45.5324
-360.153	45.5349
-360.859	45.5555
-361.564	45.5356
-362.27	45.5556
-362.977	45.5434
-363.682	45.5553
-364.389	45.5152
-365.095	45.5285
-365.801	45.5205
-366.508	45.5083
-367.213	45.5064
-367.92	45.5064
-368.627	45.5064
-369.332	45.5248
-370.04	45.523
-370.747	45.5818
-371.452	45.6665
-372.16	45.7222
-372.867	45.9445
-373.573	46.1664
-374.281	46.1667
-374.988	46.1111
-375.694	46.111
-376.402	46.1111
-377.11	45.8333
-377.816	45.8335
-378.524	46.1112
-379.232	45.7777
-379.938	45.7776
-380.647	46.1666
-381.355	46.0557
-382.061	46.2774
-382.77	46.0555
-383.478	46.0555
-384.185	46.2779
-384.893	46.3333
-385.602	46.1889
-386.309	46.2223
-387.017	46.0555
-387.726	45.9444
-388.433	45.611
-389.142	45.7224
-389.851	46.0556
-390.56	45.9444
-391.267	45.5556
-391.977	45.7555
-392.686	45.6667
-393.393	45.5554
-394.103	45.6333
-394.812	45.6027
-395.521	45.5554
-396.229	45.6145
-396.939	45.6323
-397.648	45.6667
-398.356	45.7221
-399.066	45.611
-399.776	45.5
-400.486	45.7222
-401.194	45.8334
-401.904	45.7224
-402.614	45.8889
-403.324	45.7223
-404.033	45.5556
-404.743	45.611
-405.453	45.6667
-406.163	45.8889
-406.872	45.7777
-407.583	45.6667
-408.293	45.5556
-409.004	45.6223
-409.713	45.6114
-410.423	45.5001
-411.134	45.5681
-411.845	45.5557
-412.554	45.551
-413.265	45.5556
-413.976	45.5927
-414.687	45.5556
-415.397	45.6668
-416.108	45.5956
-416.819	45.5805
-417.531	45.5672
-418.242	45.5175
-418.952	45.5175
-419.663	45.5175
-420.375	45.5175
-421.087	45.5175
-421.798	45.5175
-422.508	45.5175
-423.22	45.5157
-423.932	45.5175
-424.644	45.5085
-425.356	45.5085
-426.067	45.4996
-426.779	45.532
-427.491	45.6192
-428.203	45.6112
-428.916	45.9445
-429.626	46.1667
-430.339	45.9862
-431.051	46.0639
-431.764	46.2222
-432.477	46
-433.188	45.7782
-433.9	45.778
-434.613	45.5557
-435.326	45.7778
-436.039	45.7778
-436.752	45.4445
-437.464	45.6444
-438.177	45.6109
-438.89	45.6109
-439.603	46.0556
-440.316	45.8333
-441.03	46.2222
-441.743	45.8889
-442.455	45.7778
-443.169	45.7779
-443.882	45.889
-444.596	45.8333
-445.31	45.7222
-446.024	45.6111
-446.738	45.8889
-447.45	45.833
-448.164	45.9443
-448.878	46.1665
-449.592	46.2777
-450.306	46.2778
-451.021	45.7222
-451.735	45.8888
-452.449	45.8886
-453.162	45.778
-453.877	45.5557
-454.591	45.8888
-455.306	45.6666
-456.021	45.5555
-456.735	45.7778
-457.45	45.6777
-458.165	45.6666
-458.88	45.7222
-459.594	45.8889
-460.309	45.8889
-461.024	46.2777
-461.739	46.068
-462.454	46.1945
-463.17	46.0903
-463.885	46.1112
-464.6	45.7778
-465.316	46
-466.032	45.8888
-466.747	45.6663
-467.461	45.5559
-468.177	45.6805
-468.893	45.6694
-469.609	45.6109
-470.325	45.8333
-471.041	46.0555
-471.757	45.7221
-472.473	45.9444
-473.189	45.9036
-473.906	45.8333
-474.622	45.9629
-475.338	45.9768
-476.055	46.1111
-476.771	45.9999
-477.488	46.1112
-478.203	46.2222
-478.92	46.0002
-479.637	45.7223
-480.353	45.8333
-481.07	46.0556
-481.787	45.8889
-482.504	45.9139
-483.221	45.9028
-483.939	45.8889
-484.656	45.7778
-485.373	45.8334
-486.09	45.9445
-486.808	46.0556
-487.525	46.2777
-488.243	46.0778
-488.96	46.1665
-489.678	45.9444
-490.396	45.9445
-491.114	46.0556
-491.832	46.2223
-492.549	46.1112
-493.267	45.7779
-493.985	46.0371
-494.704	45.9754
-495.422	45.8409
-496.14	45.7999
-496.858	45.5731
-497.577	45.5731
-498.295	45.5981
-499.014	45.6093
-499.732	45.6481
-500.451	45.6543
-501.169	45.6481
-501.888	45.6666
-502.607	45.6296
-503.326	45.6666
-504.045	45.5555
-504.764	45.7778
-505.483	45.6667
-506.202	45.6667
-506.921	45.7223
-507.64	45.6112
-508.36	45.6111
-509.079	45.6111
-509.799	45.6111
-510.518	45.611
-511.238	45.7221
-511.957	45.8332
-512.677	45.9445
-513.397	45.9999
-514.118	45.9998
-514.838	45.6666
-515.558	45.6666
-516.278	45.7499
-516.998	45.6611
-517.718	45.6666
-518.438	45.5555
-519.159	45.7777
-519.879	45.8332
-520.599	45.9444
-521.32	45.6111
-522.04	45.7222
-522.761	46.1667
-523.482	46.0001
-524.202	46.2777
-524.923	46.1666
-525.646	46.1668
-526.367	46.0001
-527.088	46
-527.809	46.0973
-528.53	46.0343
-529.251	46.2223
-529.972	45.852
-530.693	45.6668
-531.415	45.6668
-532.136	45.7285
-532.858	45.6874
-533.581	45.6943
-534.302	45.7034
-535.024	45.6617
-535.746	45.6582
-536.468	45.5619
-537.189	45.6698
-537.911	45.6828
-538.633	45.7776
-539.355	45.7219
-540.079	45.8334
-540.801	45.6111
-541.524	45.6944
-542.246	45.6722
-542.968	45.6111
-543.691	45.6111
-544.413	45.6111
-545.136	45.5988
-545.86	45.589
-546.583	45.5619
-547.305	45.5619
-548.028	45.5619
-548.751	45.602
-549.474	45.6563
-550.197	45.7222
-550.922	45.8334
-551.645	45.6112
-552.368	45.7222
-553.091	45.9998
-553.815	46.2777
-554.538	46.2223
-555.263	46.3333
-555.987	46.2778
-556.71	46.3333
-557.434	46.1111
-558.158	46.2
-558.882	46.1668
-559.607	46.1112
-560.331	46.1667
-561.055	46.1111
-561.779	46.3333
-562.503	46.1666
-563.227	46.1666
-563.953	46.3333
-564.677	45.8333
-565.402	45.7223
-566.126	45.6113
-566.851	45.6113
-567.577	45.6109
-568.301	45.6037
-569.026	45.6111
-569.751	45.574
-570.476	45.5463
-571.202	45.561
-571.927	45.5429
-572.652	45.5124
-573.377	45.521
-574.102	45.537
-574.829	45.5555
-575.554	45.5556
-576.28	45.5555
-577.005	45.6667
-577.732	45.7224
-578.458	45.9445
-579.183	46.1666
-579.909	46.3331
-580.635	46.2013
-581.362	46.2847
-582.088	46.2778
-582.814	46.3611
-583.54	46.2448
-584.267	46.1768
-584.993	46.0556
-585.72	45.9445
-586.446	45.5557
-587.174	45.6111
-587.9	45.7222
-588.626	45.7223
-589.353	45.6334
-590.081	45.6526
-590.808	45.6112
-591.534	45.5741
-592.261	45.5593
-592.99	45.6111
-593.716	45.6377
-594.443	45.6665
-595.17	45.7775
-595.899	46.1112
-596.626	45.8889
-597.353	45.8333
-598.081	45.9448
-598.81	45.7222
-599.537	45.7223
-600.264	45.5002
-600.994	45.5556
-601.721	45.6667
-602.449	45.5742
-603.176	45.5741
-603.906	45.6074
-604.634	45.5
-605.362	45.7222
-606.091	45.6667
-606.819	45.7778
-607.547	45.5555
-608.277	45.6556
-609.005	45.6111
-609.734	45.6666
-610.462	46.0553
-611.192	46.1111
-611.921	46.1111
-612.649	46.2775
-613.379	46.0555
-614.108	46.0556
-614.837	46.0557
-615.567	46.1666
-616.296	46.3889
-617.025	46.3886
-617.756	46.2554
-618.485	46.1111
-619.214	46.2219
-619.945	46.2222
-620.674	46.2555
-621.403	46.3336
-622.134	46.3888
-622.864	46.2778
-623.593	45.9999
-624.324	46.2223
-625.054	46.3333
-625.784	46.0555
-626.515	45.9444
-627.245	46.0556
-627.975	46.0558
-628.707	45.9444
-629.437	45.6112
-630.167	45.6113
-630.899	45.6606
-631.629	45.5742
-632.361	45.5618
-633.091	45.5
-633.822	45.505
-634.554	45.5747
-635.284	45.5845
-636.015	45.7221
-636.747	45.6111
-637.478	45.6111
-638.21	45.8333
-638.941	45.7778
-639.672	45.7778
-640.405	45.9445
-641.136	46.0555
-641.867	46.0554
-642.6	46
-643.331	46
-644.064	46.1111
-644.796	46.1111
-645.527	46
-646.26	46
-646.992	45.7779
-647.725	45.7778
-648.457	45.5556
-649.189	45.66
-649.922	45.6667
-650.654	45.5222
-651.388	45.6011
-652.12	45.5555
-652.854	45.6357
-653.586	45.7777
-654.318	45.7219
-655.052	45.8333
-655.784	46
-656.518	45.7223
-657.251	45.9446
-657.985	45.7221
-658.718	45.6667
-659.451	45.9446
-660.185	45.7778
-660.918	45.5555
-661.652	45.7223
-662.385	45.7777
-663.12	45.6666
-663.853	45.9444
-664.586	46.2776
-665.321	46.1111
-666.054	46
-666.789	46
-667.523	45.9446
-668.258	45.8889
-668.992	45.8889
-669.727	46.0555
-670.46	46
-671.196	45.8
-671.93	45.5556
-672.665	45.4999
-673.399	45.5278
-674.133	45.5557
-674.869	45.5
-675.603	45.5001
-676.339	45.5186
-677.073	45.5062
-677.809	45.4923
-678.544	45.4923
-679.28	45.5426
-680.014	45.4998
-680.751	45.7223
-681.485	45.8332
-682.222	45.8333
-682.956	45.7778
-683.693	45.8889
-684.428	45.9445
-685.164	45.9285
-685.9	45.7858
-686.636	45.7716
-687.372	46.2999
