4.498670000000000186e+02 1.160592077977599872e-15
4.492339999999999804e+02 9.178560478618059373e-16
4.486009999999999991e+02 8.067786649072781870e-16
4.479680000000000177e+02 1.129353844940356986e-15
4.473360000000000127e+02 1.093870972419097567e-15
4.467029999999999745e+02 1.036891329841466696e-15
4.460690000000000168e+02 1.227320254371405995e-15
4.454359999999999786e+02 1.106150915291113213e-15
4.448029999999999973e+02 1.071090072706226585e-15
4.441689999999999827e+02 1.163943952354808982e-15
4.435360000000000014e+02 1.277487635509669235e-15
4.429019999999999868e+02 1.496316591786916923e-15
4.422699999999999818e+02 1.291439940950618163e-15
4.416360000000000241e+02 1.456281535787995317e-15
4.410029999999999859e+02 1.441701254364276233e-15
4.403690000000000282e+02 1.312041547178231559e-15
4.397350000000000136e+02 1.308371997479709939e-15
4.391009999999999991e+02 1.273493011677157887e-15
4.384669999999999845e+02 1.031070220872739074e-15
4.378330000000000268e+02 1.100586006521125312e-15
4.371990000000000123e+02 1.014921509166788799e-15
4.365649999999999977e+02 1.084086969173096262e-15
4.359329999999999927e+02 8.449493855020369631e-16
4.352980000000000018e+02 6.992310222084605153e-16
4.346639999999999873e+02 6.870547012520966280e-16
4.340299999999999727e+02 7.156085906021910372e-16
4.333960000000000150e+02 7.135649944626931217e-16
4.327610000000000241e+02 9.746462136056844670e-16
4.321270000000000095e+02 8.810118625986481921e-16
4.314920000000000186e+02 7.275473588642679235e-16
4.308580000000000041e+02 6.552240562826977763e-16
4.302230000000000132e+02 7.233883706343775881e-16
4.295889999999999986e+02 8.310353306550212289e-16
4.289540000000000077e+02 6.893145525189982573e-16
4.283190000000000168e+02 7.766236606898834322e-16
4.276859999999999786e+02 7.745074925069115011e-16
4.270509999999999877e+02 6.637072923855651604e-16
4.264159999999999968e+02 5.536052149425452985e-16
4.257810000000000059e+02 6.598079120634547762e-16
4.251460000000000150e+02 7.360810427924015806e-16
4.245110000000000241e+02 8.801019339621018105e-16
4.238759999999999764e+02 8.872239402904060560e-16
4.232409999999999854e+02 9.718687399888084139e-16
4.226050000000000182e+02 8.530844120960871870e-16
4.219700000000000273e+02 8.698627680863180012e-16
4.213349999999999795e+02 8.961143405771892984e-16
4.206990000000000123e+02 1.027506085011529716e-15
4.200640000000000214e+02 1.034019904029975220e-15
4.194289999999999736e+02 1.145150339445893272e-15
4.187930000000000064e+02 9.234848351782134279e-16
4.181569999999999823e+02 8.734282740596959350e-16
4.175219999999999914e+02 9.274613922008691051e-16
4.168860000000000241e+02 1.131598620722536182e-15
4.162500000000000000e+02 1.231383437691122140e-15
4.156150000000000091e+02 1.246429532022165953e-15
4.149789999999999850e+02 1.279967536483958809e-15
4.143430000000000177e+02 1.313287433329826014e-15
4.137069999999999936e+02 1.179612424783596925e-15
4.130710000000000264e+02 1.370076106771158670e-15
4.124350000000000023e+02 1.458057089952383372e-15
4.117989999999999782e+02 1.527142050770081112e-15
4.111630000000000109e+02 1.467575879844294268e-15
4.105260000000000105e+02 1.408381767874548690e-15
4.098899999999999864e+02 1.449611782684911142e-15
4.092540000000000191e+02 1.245660804167141427e-15
4.086170000000000186e+02 1.259936595806004766e-15
4.079809999999999945e+02 1.337252650834136100e-15
4.073439999999999941e+02 1.279229930862672544e-15
4.067080000000000268e+02 1.221549222756731667e-15
4.060710000000000264e+02 1.360719588048566997e-15
4.054350000000000023e+02 1.160610165371800705e-15
4.047980000000000018e+02 1.183700090699094716e-15
4.041610000000000014e+02 1.144644875162708585e-15
4.035240000000000009e+02 1.229384517134950520e-15
4.028879999999999768e+02 1.040855000276799882e-15
4.022509999999999764e+02 1.125303067866649339e-15
4.016139999999999759e+02 9.294958634823887713e-16
4.009769999999999754e+02 9.440429853723856435e-16
4.003399999999999750e+02 7.412358091045036936e-16
3.997029999999999745e+02 8.948467321556761507e-16
3.990649999999999977e+02 8.402214087261474264e-16
3.984279999999999973e+02 6.741341811717953940e-16
3.977909999999999968e+02 6.291553882575339508e-16
3.971519999999999868e+02 6.098652702333664058e-16
3.965149999999999864e+02 4.801688234525383862e-16
3.958770000000000095e+02 5.466236371612452118e-16
3.952400000000000091e+02 3.585163255169567494e-16
3.946019999999999754e+02 4.925344801403374876e-16
3.939649999999999750e+02 3.478153916602586914e-16
3.933269999999999982e+02 3.299254946445388239e-16
3.926890000000000214e+02 5.212982563634221535e-16
3.920520000000000209e+02 4.862992873498375299e-16
3.914139999999999873e+02 6.343613262757562842e-16
3.907760000000000105e+02 6.405523214997507018e-16
3.901379999999999768e+02 8.531940713501690866e-16
3.895000000000000000e+02 1.039921286400473748e-15
3.888609999999999900e+02 9.382640008340062858e-16
3.882230000000000132e+02 9.597231454341821089e-16
3.875849999999999795e+02 1.054478316398718854e-15
3.869460000000000264e+02 1.140472865872992574e-15
3.863079999999999927e+02 1.242123273172737384e-15
3.856700000000000159e+02 1.302698946715715710e-15
3.850319999999999823e+02 1.370912515087620916e-15
3.843929999999999723e+02 1.238055250187641327e-15
3.837549999999999955e+02 1.313957961878188604e-15
3.831159999999999854e+02 1.269916859229494022e-15
3.824759999999999991e+02 1.249767276652209104e-15
3.818380000000000223e+02 1.198199428262070330e-15
3.811990000000000123e+02 9.969773085226435546e-16
3.805600000000000023e+02 1.103888378426944078e-15
3.799220000000000255e+02 1.053210832397598812e-15
3.792830000000000155e+02 9.324804611443557810e-16
3.786440000000000055e+02 1.007273636209112780e-15
3.780049999999999955e+02 9.261961772429361062e-16
3.773650000000000091e+02 9.542803983101788110e-16
3.767259999999999991e+02 1.236488348947757571e-15
3.760860000000000127e+02 1.209277028844366640e-15
3.754470000000000027e+02 1.458047569194892840e-15
3.748079999999999927e+02 1.437830270780984609e-15
3.741689999999999827e+02 1.509071005910789517e-15
3.735299999999999727e+02 1.587510737255630317e-15
3.728890000000000100e+02 1.604999711353924438e-15
3.722500000000000000e+02 1.478975932782017149e-15
3.716100000000000136e+02 1.669248643423023964e-15
3.709710000000000036e+02 1.528930278235278047e-15
3.703310000000000173e+02 1.464269978586890811e-15
3.696909999999999741e+02 1.414614797928618549e-15
3.690500000000000114e+02 1.446784541867227831e-15
3.684110000000000014e+02 1.368061900162070922e-15
3.677710000000000150e+02 1.333957257332312416e-15
3.671309999999999718e+02 1.270730310209152058e-15
3.664909999999999854e+02 1.456435181973175945e-15
3.658509999999999991e+02 1.342132124355964481e-15
3.652099999999999795e+02 1.337601612174225086e-15
3.645699999999999932e+02 1.499297035258186550e-15
3.639300000000000068e+02 1.465322436531313784e-15
3.632900000000000205e+02 1.445843453080418227e-15
3.626490000000000009e+02 1.476587193563263717e-15
3.620079999999999814e+02 1.435912371685793648e-15
3.613670000000000186e+02 1.409587282295658392e-15
3.607269999999999754e+02 1.305580198033441717e-15
3.600869999999999891e+02 1.343410084452512246e-15
3.594460000000000264e+02 1.212220336281927511e-15
3.588039999999999736e+02 1.116588519954757384e-15
3.581639999999999873e+02 1.077847021882376634e-15
3.575230000000000246e+02 9.905636404936307001e-16
3.568829999999999814e+02 1.111809818364506206e-15
3.562420000000000186e+02 1.073363879314952246e-15
3.556000000000000227e+02 1.090338364157453345e-15
3.549590000000000032e+02 1.141361692008512799e-15
3.543179999999999836e+02 1.027895711298025834e-15
3.536770000000000209e+02 1.058396824895713358e-15
3.530350000000000250e+02 1.210738059271521251e-15
3.523940000000000055e+02 1.247025306069265585e-15
3.517520000000000095e+02 1.242570197286520590e-15
3.511109999999999900e+02 1.002968187454672976e-15
3.504689999999999941e+02 1.086436853369415766e-15
3.498269999999999982e+02 1.115869105893453694e-15
3.491859999999999786e+02 1.091921257735865439e-15
3.485450000000000159e+02 1.068195458278371532e-15
3.479019999999999868e+02 1.044408006814975977e-15
3.472599999999999909e+02 9.749569423854734976e-16
3.466190000000000282e+02 9.583121686330594466e-16
3.459769999999999754e+02 9.287101846717260106e-16
3.453340000000000032e+02 1.009889179255642562e-15
3.446929999999999836e+02 1.058031230546768499e-15
3.440509999999999877e+02 1.015405056644736303e-15
3.434089999999999918e+02 9.988106816824813840e-16
3.427660000000000196e+02 9.310876218223946562e-16
3.421240000000000236e+02 1.061771843987445908e-15
3.414820000000000277e+02 1.089655121684700748e-15
3.408399999999999750e+02 1.079229951508927219e-15
3.401970000000000027e+02 1.132145484019038143e-15
3.395539999999999736e+02 1.140501676111163822e-15
3.389119999999999777e+02 1.104879325359933804e-15
3.382690000000000055e+02 1.132108550981073210e-15
3.376259999999999764e+02 1.283340556265029538e-15
3.369839999999999804e+02 1.377714773267706600e-15
3.363419999999999845e+02 1.317034156682613555e-15
3.356979999999999791e+02 1.232079281044406308e-15
3.350550000000000068e+02 1.209077098266113160e-15
3.344130000000000109e+02 1.149650691984908863e-15
3.337690000000000055e+02 1.163460215896195625e-15
3.331259999999999764e+02 1.189383045052938341e-15
3.324830000000000041e+02 1.347774221816375739e-15
3.318389999999999986e+02 1.270661769300880996e-15
3.311960000000000264e+02 1.367548048963214175e-15
3.305539999999999736e+02 1.320546934328089588e-15
3.299110000000000014e+02 1.398705577860673527e-15
3.292660000000000196e+02 1.446686584559296021e-15
3.286229999999999905e+02 1.523730267662624822e-15
3.279800000000000182e+02 1.494435413012553617e-15
3.273360000000000127e+02 1.447584374623302103e-15
3.266929999999999836e+02 1.307944976232689434e-15
3.260489999999999782e+02 1.279661183966346045e-15
3.254049999999999727e+02 1.245755736313943617e-15
3.247610000000000241e+02 1.310093333212352388e-15
3.241179999999999950e+02 1.259082632251795624e-15
3.234730000000000132e+02 1.288452433453869917e-15
3.228290000000000077e+02 1.289063639374897962e-15
3.221840000000000259e+02 1.391915431533784013e-15
3.215409999999999968e+02 1.397692034756612416e-15
3.208969999999999914e+02 1.510323453646450790e-15
3.202520000000000095e+02 1.571786624480219020e-15
3.196080000000000041e+02 1.559934671787339543e-15
3.189639999999999986e+02 1.603820414931215097e-15
3.183190000000000168e+02 1.669499706258650516e-15
3.176750000000000114e+02 1.563545299666192713e-15
3.170310000000000059e+02 1.398079286169220408e-15
3.163860000000000241e+02 1.392280603286880574e-15
3.157420000000000186e+02 1.354100819179712162e-15
3.150980000000000132e+02 1.267215441960440778e-15
3.144519999999999982e+02 1.240404342519022796e-15
3.138079999999999927e+02 1.197722975952625394e-15
3.131619999999999777e+02 1.171415876722718946e-15
3.125179999999999723e+02 1.134583095849058312e-15
3.118729999999999905e+02 1.145894580444111466e-15
3.112269999999999754e+02 1.332130202517447608e-15
3.105830000000000268e+02 1.247510609324231299e-15
3.099370000000000118e+02 1.210842874869812554e-15
3.092919999999999732e+02 1.221647725533967184e-15
3.086469999999999914e+02 1.185352701427385561e-15
3.080009999999999764e+02 1.289544931216800341e-15
3.073570000000000277e+02 1.346248320273852710e-15
3.067099999999999795e+02 1.361406821255221617e-15
3.060649999999999977e+02 1.335197137816825280e-15
3.054200000000000159e+02 1.324494324138613947e-15
3.047740000000000009e+02 1.313979922505897641e-15
3.041290000000000191e+02 1.303515847290482179e-15
3.034820000000000277e+02 1.439245793134564480e-15
3.028369999999999891e+02 1.523641191069308477e-15
3.021920000000000073e+02 1.587162308036613280e-15
3.015450000000000159e+02 1.535789679903304499e-15
3.008999999999999773e+02 1.430076729303062448e-15
3.002529999999999859e+02 1.567351628741872189e-15
2.996080000000000041e+02 1.501697233013355012e-15
2.989610000000000127e+02 1.426666899329553954e-15
2.983149999999999977e+02 1.547532754230680186e-15
2.976700000000000159e+02 1.477853420546207802e-15
2.970230000000000246e+02 1.481138692184840683e-15
2.963770000000000095e+02 1.383237103178470766e-15
2.957300000000000182e+02 1.348649246036204960e-15
2.950840000000000032e+02 1.385813135244515679e-15
2.944370000000000118e+02 1.280021598623676301e-15
2.937909999999999968e+02 1.317106580607639679e-15
2.931429999999999723e+02 1.537544189335638077e-15
2.924970000000000141e+02 1.526201898247300048e-15
2.918500000000000227e+02 1.449503739904341842e-15
2.912040000000000077e+02 1.419910630811040437e-15
2.905570000000000164e+02 1.483030715406982442e-15
2.899100000000000250e+02 1.564287948060955833e-15
2.892629999999999768e+02 1.685843966942299077e-15
2.886159999999999854e+02 1.756221111342307342e-15
2.879689999999999941e+02 1.803070385240678958e-15
2.873210000000000264e+02 1.804172148570693589e-15
2.866750000000000114e+02 1.778117971327499233e-15
2.860269999999999868e+02 1.869009416313672395e-15
2.853799999999999955e+02 1.896444980357084986e-15
2.847320000000000277e+02 1.870177905798551601e-15
2.840849999999999795e+02 1.954802607513211109e-15
2.834370000000000118e+02 1.990192179516410224e-15
2.827900000000000205e+02 2.073359462499968375e-15
2.821419999999999959e+02 2.142760772977055737e-15
2.814950000000000045e+02 2.172122725273303015e-15
2.808469999999999800e+02 2.249032336533482251e-15
2.801990000000000123e+02 2.169843099111703973e-15
2.795509999999999877e+02 2.117027172121432085e-15
2.789039999999999964e+02 2.137406799606444335e-15
2.782549999999999955e+02 2.131775572456960251e-15
2.776080000000000041e+02 2.130510364173318653e-15
2.769590000000000032e+02 2.095420853810257221e-15
2.763120000000000118e+02 2.131876412583355478e-15
2.756630000000000109e+02 2.088706646347747741e-15
2.750149999999999864e+02 2.120488841121535462e-15
2.743659999999999854e+02 2.292748006736659135e-15
2.737189999999999941e+02 2.421992528214924203e-15
2.730699999999999932e+02 2.451763918075578466e-15
2.724220000000000255e+02 2.411685224081446831e-15
2.717730000000000246e+02 2.351715709611279189e-15
2.711240000000000236e+02 2.304273043643531697e-15
2.704759999999999991e+02 2.229158164698011870e-15
2.698260000000000218e+02 2.262621556459460703e-15
2.691779999999999973e+02 2.331605893952452657e-15
2.685289999999999964e+02 2.213499495950162714e-15
2.678809999999999718e+02 2.179209502508494312e-15
2.672309999999999945e+02 2.137504609785518661e-15
2.665830000000000268e+02 2.178039159361261239e-15
2.659329999999999927e+02 2.323178231194099480e-15
2.652839999999999918e+02 2.381749676437601731e-15
2.646349999999999909e+02 2.478116929522477137e-15
2.639850000000000136e+02 2.408671420629065977e-15
2.633369999999999891e+02 2.374043672993937709e-15
2.626870000000000118e+02 2.430900663203983808e-15
2.620380000000000109e+02 2.370034909673182698e-15
2.613879999999999768e+02 2.459889301080901107e-15
2.607400000000000091e+02 2.403116645978968594e-15
2.600899999999999750e+02 2.290726938768663275e-15
2.594390000000000214e+02 2.342413513777990848e-15
2.587900000000000205e+02 2.290270437509077776e-15
2.581399999999999864e+02 2.289958765130227589e-15
2.574909999999999854e+02 2.264039489615643003e-15
2.568410000000000082e+02 2.365356635828480711e-15
2.561899999999999977e+02 2.440348898428709482e-15
2.555409999999999968e+02 2.388568213215253877e-15
2.548899999999999864e+02 2.433848188215615789e-15
2.542410000000000139e+02 2.425259986403269059e-15
2.535910000000000082e+02 2.338615927781432113e-15
2.529399999999999977e+02 2.333796925031165863e-15
2.522899999999999920e+02 2.360684623594683236e-15
2.516399999999999864e+02 2.428874325186558083e-15
2.509900000000000091e+02 2.315846389349730726e-15
2.503389999999999986e+02 2.317814349886005748e-15
2.496879999999999882e+02 2.364410913236327828e-15
2.490380000000000109e+02 2.369266461178765847e-15
2.483870000000000005e+02 2.435351428511522971e-15
2.477359999999999900e+02 2.493791505598479153e-15
2.470860000000000127e+02 2.457356090506725663e-15
2.464350000000000023e+02 2.524931496117726679e-15
2.457849999999999966e+02 2.411907636341378108e-15
2.451330000000000098e+02 2.462269521728976581e-15
2.444819999999999993e+02 2.409814679342161742e-15
2.438319999999999936e+02 2.364482510550661256e-15
2.431800000000000068e+02 2.329137552197141176e-15
2.425289999999999964e+02 2.316854352295370047e-15
2.418779999999999859e+02 2.401330838896057557e-15
2.412270000000000039e+02 2.456045679394169548e-15
2.405749999999999886e+02 2.391944072648176111e-15
2.399240000000000066e+02 2.487071957868686415e-15
2.392719999999999914e+02 2.473823780535142475e-15
2.386200000000000045e+02 2.513939089123131158e-15
2.379699999999999989e+02 2.494169876614325037e-15
2.373180000000000121e+02 2.555275659261707418e-15
2.366670000000000016e+02 2.541530214896580399e-15
2.360149999999999864e+02 2.530720788221997536e-15
2.353629999999999995e+02 2.572016204099598329e-15
2.347100000000000080e+02 2.658302002658407865e-15
2.340600000000000023e+02 2.634649841986232991e-15
2.334070000000000107e+02 2.614188095188109338e-15
2.327549999999999955e+02 2.704509136679796466e-15
2.321040000000000134e+02 2.769838540651907874e-15
2.314509999999999934e+02 2.745663539940438520e-15
2.307980000000000018e+02 2.806822214146070412e-15
2.301469999999999914e+02 2.791217238042458750e-15
2.294939999999999998e+02 2.746519578419449713e-15
2.288420000000000130e+02 2.681973324365514704e-15
2.281899999999999977e+02 2.767546642127966875e-15
2.275370000000000061e+02 2.829147822543511821e-15
2.268839999999999861e+02 2.858716501358241257e-15
2.262330000000000041e+02 2.913086118693045307e-15
2.255800000000000125e+02 2.986505643617547378e-15
2.249269999999999925e+02 2.972299423927488680e-15
2.242729999999999961e+02 2.977593124848799191e-15
2.236220000000000141e+02 3.032299402238180317e-15
2.229679999999999893e+02 3.039620760525551499e-15
2.223149999999999977e+02 3.052041848461507308e-15
2.216630000000000109e+02 2.999195394612008964e-15
2.210099999999999909e+02 2.941182023908054622e-15
2.203559999999999945e+02 2.881056193171796132e-15
2.197019999999999982e+02 2.848227865447395883e-15
2.190500000000000114e+02 2.850125787085841712e-15
2.183969999999999914e+02 2.838611323872544956e-15
2.177429999999999950e+02 2.819242588768528924e-15
2.170889999999999986e+02 2.826017891347080282e-15
2.164370000000000118e+02 2.770384832929860348e-15
2.157829999999999870e+02 2.800268450247844641e-15
2.151289999999999907e+02 2.763014178787563724e-15
2.144749999999999943e+02 2.822791923724524241e-15
2.138220000000000027e+02 2.813433917547528208e-15
2.131680000000000064e+02 2.809004305424681398e-15
2.125140000000000100e+02 2.814512527170083768e-15
2.118600000000000136e+02 2.760194730512404923e-15
2.112069999999999936e+02 2.802652705664418295e-15
2.105529999999999973e+02 2.770799513861824059e-15
2.098979999999999961e+02 2.741627871914596508e-15
2.092439999999999998e+02 2.695617582875327643e-15
2.085910000000000082e+02 2.681465824522284894e-15
2.079360000000000070e+02 2.662474895462811636e-15
2.072820000000000107e+02 2.638810662611597251e-15
2.066270000000000095e+02 2.572726411088173422e-15
2.059739999999999895e+02 2.603671704319469075e-15
2.053189999999999884e+02 2.584964273816980129e-15
2.046639999999999873e+02 2.547847372895775318e-15
2.040089999999999861e+02 2.540968222639476401e-15
2.033540000000000134e+02 2.527145103791312989e-15
2.027009999999999934e+02 2.447466129410116060e-15
2.020459999999999923e+02 2.413735885026108932e-15
2.013909999999999911e+02 2.353348999431659297e-15
2.007350000000000136e+02 2.391796706974687401e-15
2.000800000000000125e+02 2.360869599252006937e-15
1.994259999999999877e+02 2.303746996734999930e-15
1.987709999999999866e+02 2.290988150832474379e-15
1.981160000000000139e+02 2.263071425635161268e-15
1.974600000000000080e+02 2.282824051924256915e-15
1.968050000000000068e+02 2.227066551194506936e-15
1.961510000000000105e+02 2.206145848406811115e-15
1.954950000000000045e+02 2.244533178186260896e-15
1.948389999999999986e+02 2.189656920040127312e-15
1.941839999999999975e+02 2.154215068759622552e-15
1.935279999999999916e+02 2.162681909892349597e-15
1.928739999999999952e+02 2.177084147199090892e-15
1.922179999999999893e+02 2.158392843975674601e-15
1.915620000000000118e+02 2.200826428598354863e-15
1.909060000000000059e+02 2.262798931232356735e-15
1.902500000000000000e+02 2.281622015108212999e-15
1.895939999999999941e+02 2.236150607616898288e-15
1.889389999999999930e+02 2.278265641213200859e-15
1.882829999999999870e+02 2.305940855275676120e-15
1.876270000000000095e+02 2.336954904454789578e-15
1.869699999999999989e+02 2.313084790048022336e-15
1.863139999999999930e+02 2.297057756398207742e-15
1.856570000000000107e+02 2.246597062769432284e-15
1.850010000000000048e+02 2.208145159542629374e-15
1.843460000000000036e+02 2.226647961058293956e-15
1.836889999999999930e+02 2.257829045447791393e-15
1.830329999999999870e+02 2.286498638115087300e-15
1.823760000000000048e+02 2.296177067264613674e-15
1.817189999999999941e+02 2.268867093513931852e-15
1.810620000000000118e+02 2.365564631002899853e-15
1.804050000000000011e+02 2.433565919909524522e-15
1.797500000000000000e+02 2.453673127111146124e-15
1.790929999999999893e+02 2.507265231622244613e-15
1.784360000000000070e+02 2.497958168195701956e-15
1.777789999999999964e+02 2.513162958534876110e-15
1.771220000000000141e+02 2.512208078484241836e-15
1.764650000000000034e+02 2.512858059071336304e-15
1.758069999999999879e+02 2.520091698134429140e-15
1.751500000000000057e+02 2.486165627811317572e-15
1.744939999999999998e+02 2.496460313032663225e-15
1.738369999999999891e+02 2.536696833780959596e-15
1.731790000000000020e+02 2.556072984605486711e-15
1.725219999999999914e+02 2.584907899983766439e-15
1.718640000000000043e+02 2.624552948881947322e-15
1.712059999999999889e+02 2.651935405215260711e-15
1.705490000000000066e+02 2.670670603983772773e-15
1.698909999999999911e+02 2.674367155750020774e-15
1.692330000000000041e+02 2.652314419567648110e-15
1.685749999999999886e+02 2.627188344410260506e-15
1.679190000000000111e+02 2.644617696714173043e-15
1.672609999999999957e+02 2.619463562889779249e-15
1.666030000000000086e+02 2.657760927734367273e-15
1.659449999999999932e+02 2.604849028573737010e-15
1.652870000000000061e+02 2.540373389983017088e-15
1.646279999999999859e+02 2.532404870028963621e-15
1.639699999999999989e+02 2.549786119733340433e-15
1.633120000000000118e+02 2.583002212718302228e-15
1.626539999999999964e+02 2.575691286793789645e-15
1.619950000000000045e+02 2.531683748112578761e-15
1.613369999999999891e+02 2.509914721299346733e-15
1.606779999999999973e+02 2.462328805519958868e-15
1.600190000000000055e+02 2.453755681010172132e-15
1.593609999999999900e+02 2.459278227694920353e-15
1.587040000000000077e+02 2.450470397438170351e-15
1.580449999999999875e+02 2.453965899474927738e-15
1.573859999999999957e+02 2.430963099482529529e-15
1.567270000000000039e+02 2.435450737972175484e-15
1.560680000000000121e+02 2.412505719175085993e-15
1.554089999999999918e+02 2.404479559199909320e-15
1.547500000000000000e+02 2.402989373334538850e-15
1.540910000000000082e+02 2.380124607905087242e-15
1.534319999999999879e+02 2.370477104030829891e-15
1.527729999999999961e+02 2.359443365270985675e-15
1.521140000000000043e+02 2.331572807228101761e-15
1.514540000000000077e+02 2.317971282579866488e-15
1.507949999999999875e+02 2.304346962927082803e-15
1.501359999999999957e+02 2.368581630300066542e-15
1.494759999999999991e+02 2.381640651112369670e-15
1.488170000000000073e+02 2.379378820339717660e-15
1.481570000000000107e+02 2.416023598557170548e-15
1.474970000000000141e+02 2.400812779399300514e-15
1.468379999999999939e+02 2.414443884498706045e-15
1.461779999999999973e+02 2.415625234535733899e-15
1.455180000000000007e+02 2.443636161858061189e-15
1.448580000000000041e+02 2.443956021036722485e-15
1.441980000000000075e+02 2.383649862507592406e-15
1.435380000000000109e+02 2.396546271816927455e-15
1.428779999999999859e+02 2.398654491643491922e-15
1.422179999999999893e+02 2.420750961632828050e-15
1.415579999999999927e+02 2.419775659084941505e-15
1.408979999999999961e+02 2.412958107289038490e-15
1.402379999999999995e+02 2.403750341203105965e-15
1.395769999999999982e+02 2.390021438614549891e-15
1.389170000000000016e+02 2.408604096997751374e-15
1.382560000000000002e+02 2.460592239334438848e-15
1.375960000000000036e+02 2.484898038664125752e-15
1.369350000000000023e+02 2.502110290174018666e-15
1.362750000000000057e+02 2.500012874473582514e-15
1.356140000000000043e+02 2.522238120724011887e-15
1.349540000000000077e+02 2.540647678316123939e-15
1.342930000000000064e+02 2.586522479815190812e-15
1.336320000000000050e+02 2.630129336213339587e-15
1.329710000000000036e+02 2.650796078195352803e-15
1.323100000000000023e+02 2.657959600013531703e-15
1.316490000000000009e+02 2.702338314735520532e-15
1.309879999999999995e+02 2.706145128432902266e-15
1.303269999999999982e+02 2.702850897983503465e-15
1.296659999999999968e+02 2.743347366844809187e-15
1.290049999999999955e+02 2.751017562375574475e-15
1.283420000000000130e+02 2.739612629445655884e-15
1.276809999999999974e+02 2.734470480673650483e-15
1.270190000000000055e+02 2.753287035173265763e-15
1.263580000000000041e+02 2.711544661947044229e-15
1.256959999999999980e+02 2.661330189701753152e-15
1.250349999999999966e+02 2.655465685254661778e-15
1.243730000000000047e+02 2.638895562293480116e-15
1.237120000000000033e+02 2.612829336615745714e-15
1.230499999999999972e+02 2.603783179171361670e-15
1.223880000000000052e+02 2.583575054469000142e-15
1.217259999999999991e+02 2.524420637545560258e-15
1.210639999999999930e+02 2.455431650276724362e-15
1.204030000000000058e+02 2.437818917195921769e-15
1.197409999999999997e+02 2.407276504311590058e-15
1.190780000000000030e+02 2.333300328478865756e-15
1.184150000000000063e+02 2.302017070946342408e-15
1.177530000000000001e+02 2.255601669515550958e-15
1.170909999999999940e+02 2.198274912349319310e-15
1.164279999999999973e+02 2.142525368044014824e-15
1.157660000000000053e+02 2.110915219065688197e-15
1.151039999999999992e+02 2.072913879066148516e-15
1.144410000000000025e+02 2.019956714351161896e-15
1.137789999999999964e+02 1.969984871303444365e-15
1.131159999999999997e+02 1.948704438122160280e-15
1.124539999999999935e+02 1.916206549078249027e-15
1.117890000000000015e+02 1.881838092443507476e-15
1.111269999999999953e+02 1.864620343412062295e-15
1.104639999999999986e+02 1.827544826354027315e-15
1.098010000000000019e+02 1.794339974186784483e-15
1.091380000000000052e+02 1.756205906241131963e-15
1.084749999999999943e+02 1.732439336913128631e-15
1.078119999999999976e+02 1.671112163407121466e-15
1.071490000000000009e+02 1.630845623005817675e-15
1.064849999999999994e+02 1.550361609574507280e-15
1.058209999999999980e+02 1.481658681259081308e-15
1.051580000000000013e+02 1.399460651042954134e-15
1.044950000000000045e+02 1.366701095644871605e-15
1.038319999999999936e+02 1.303017708107273446e-15
1.031680000000000064e+02 1.246535086259264811e-15
1.025049999999999955e+02 1.194137860179244289e-15
1.018400000000000034e+02 1.167712772077912567e-15
1.011760000000000019e+02 1.129099498798489148e-15
1.005130000000000052e+02 1.129172590735997652e-15
9.984900000000000375e+01 1.119984582841241576e-15
9.918529999999999802e+01 1.105794726176842129e-15
9.852150000000000318e+01 1.087839306808854180e-15
9.785769999999999413e+01 1.107136281332252120e-15
9.719230000000000302e+01 1.132027586443793954e-15
9.652830000000000155e+01 1.154335090302572565e-15
9.586430000000000007e+01 1.169505713304443796e-15
9.520029999999999859e+01 1.192590013572672663e-15
9.453610000000000468e+01 1.229233616035330633e-15
9.387199999999999989e+01 1.264513975032785440e-15
9.320619999999999550e+01 1.283411184315807789e-15
9.254200000000000159e+01 1.306121849606992528e-15
9.187760000000000105e+01 1.298429439010416968e-15
9.121320000000000050e+01 1.299434031605007088e-15
9.054879999999999995e+01 1.289416643398925706e-15
8.988280000000000314e+01 1.304208427139787408e-15
8.921819999999999595e+01 1.296711575140807761e-15
8.855360000000000298e+01 1.278006692205186743e-15
8.788890000000000668e+01 1.258555372470338759e-15
8.722419999999999618e+01 1.270020020100148527e-15
8.655939999999999657e+01 1.276061584462169606e-15
8.589300000000000068e+01 1.289389996245766809e-15
8.522809999999999775e+01 1.285509406847944700e-15
8.456319999999999482e+01 1.290530291201670077e-15
8.389820000000000277e+01 1.276738432036993673e-15
8.323160000000000025e+01 1.276510628296385055e-15
8.256650000000000489e+01 1.268160291622371366e-15
8.190130000000000621e+01 1.270157013032155568e-15
8.123609999999999332e+01 1.261944871278239112e-15
8.057080000000000553e+01 1.234163254845105117e-15
7.990389999999999304e+01 1.226134664209671040e-15
7.923850000000000193e+01 1.224592514337789319e-15
7.857299999999999329e+01 1.226415448790728444e-15
7.790749999999999886e+01 1.222539004143760832e-15
7.724039999999999395e+01 1.212559596588461362e-15
7.657479999999999620e+01 1.208659573690657030e-15
7.590909999999999513e+01 1.184263975125870758e-15
7.524339999999999407e+01 1.180235839963272199e-15
7.457760000000000389e+01 1.168930187526342640e-15
7.391020000000000323e+01 1.137742547256302880e-15
7.324429999999999552e+01 1.118332182130392014e-15
7.257829999999999870e+01 1.085143627191834106e-15
7.191230000000000189e+01 1.060172134422054506e-15
7.124469999999999459e+01 1.045224890837557051e-15
7.057850000000000534e+01 1.023334583176547197e-15
6.991230000000000189e+01 1.017120075307971332e-15
6.924609999999999843e+01 9.900694230554158994e-16
6.857829999999999870e+01 9.751316842876093218e-16
6.791190000000000282e+01 9.581686942853815415e-16
6.724550000000000693e+01 9.364767883271239828e-16
6.657750000000000057e+01 9.200347172409574272e-16
6.591100000000000136e+01 8.951812633308733227e-16
6.524439999999999884e+01 8.793978355447823583e-16
6.457769999999999300e+01 8.587733042515223104e-16
6.390950000000000131e+01 8.354041242993847963e-16
6.324269999999999925e+01 8.194835588374395183e-16
6.257589999999999719e+01 8.078689965270355589e-16
6.190899999999999892e+01 7.946921207260553641e-16
6.124060000000000059e+01 7.787579023921912513e-16
6.057359999999999900e+01 7.646340642165265414e-16
5.990659999999999741e+01 7.511910490908240934e-16
5.923799999999999955e+01 7.260646232635124029e-16
5.857079999999999842e+01 7.002003594727781780e-16
5.790359999999999729e+01 6.872329776287942465e-16
5.723629999999999995e+01 6.687721344691333211e-16
5.656750000000000256e+01 6.458854411256428446e-16
5.590010000000000190e+01 6.329032130370976265e-16
5.523270000000000124e+01 6.153500996902219271e-16
5.456360000000000099e+01 6.014267122029659564e-16
5.389609999999999701e+01 5.901203040521379244e-16
5.322849999999999682e+01 5.833056858882966193e-16
5.255930000000000035e+01 5.793805841132181384e-16
5.189159999999999684e+01 5.599416332237407186e-16
5.122379999999999711e+01 5.495145499803932552e-16
5.055440000000000111e+01 5.374557196480236177e-16
4.988660000000000139e+01 5.221294914755254316e-16
4.921860000000000213e+01 5.065111309266852733e-16
4.854910000000000281e+01 4.919299406818195795e-16
4.788100000000000023e+01 4.822775009559904319e-16
4.721289999999999765e+01 4.693270398670889838e-16
4.654319999999999879e+01 4.535806909067581796e-16
4.587500000000000000e+01 4.425864881579914455e-16
4.520669999999999789e+01 4.246302753383315059e-16
4.453679999999999950e+01 4.119484463347972246e-16
4.386840000000000117e+01 4.002545290185466117e-16
4.320000000000000284e+01 3.929272351364642708e-16
4.252989999999999782e+01 3.790216417779317937e-16
4.186129999999999995e+01 3.644607338161520275e-16
4.119270000000000209e+01 3.474777411982838967e-16
4.052250000000000085e+01 3.353616135485295058e-16
3.985379999999999967e+01 3.253114113198263159e-16
3.918500000000000227e+01 3.169416824535193507e-16
3.851460000000000150e+01 3.062137106331382071e-16
3.784570000000000078e+01 2.950461456524069860e-16
3.717519999999999669e+01 2.824444153237272697e-16
3.650619999999999976e+01 2.709615024850357472e-16
3.583709999999999951e+01 2.620859901664810251e-16
3.516640000000000299e+01 2.530188657651489048e-16
3.449719999999999942e+01 2.418883808030777247e-16
3.382800000000000296e+01 2.326787618506978997e-16
3.315709999999999980e+01 2.215687174816234885e-16
3.248780000000000001e+01 2.086762332614071245e-16
3.181680000000000064e+01 1.990716451717379261e-16
3.114730000000000132e+01 1.909640367213098425e-16
3.047779999999999845e+01 1.841192294454446998e-16
2.980669999999999931e+01 1.723450422250063033e-16
2.913700000000000045e+01 1.645106235395796327e-16
2.846730000000000160e+01 1.574159007215926411e-16
2.779599999999999937e+01 1.476426122248693686e-16
2.712620000000000076e+01 1.397506177031150334e-16
2.645479999999999876e+01 1.325720455340613761e-16
2.578490000000000038e+01 1.248645594255112953e-16
2.511329999999999885e+01 1.161324546699222093e-16
2.444330000000000069e+01 1.075601609778455633e-16
2.377319999999999922e+01 1.015304266959848964e-16
2.310150000000000148e+01 9.325087215923139370e-17
2.243130000000000024e+01 8.644689049832398596e-17
2.175949999999999918e+01 7.995654064483885659e-17
2.108909999999999840e+01 7.345110502033655174e-17
2.041870000000000118e+01 6.789484532658359051e-17
1.974680000000000035e+01 6.138355139492004692e-17
1.907629999999999981e+01 5.617890001727120590e-17
1.840419999999999945e+01 5.144859237938697983e-17
1.773349999999999937e+01 4.652466740407087149e-17
1.706129999999999924e+01 4.285294321939179503e-17
1.639059999999999917e+01 3.845807385097795723e-17
1.571979999999999933e+01 3.480385878220477330e-17
1.504739999999999966e+01 3.172545520776255394e-17
1.437650000000000006e+01 2.856372188390145477e-17
1.370410000000000039e+01 2.599908057971589216e-17
1.303299999999999947e+01 2.309359837784541585e-17
1.236040000000000028e+01 2.057385058228189469e-17
1.168929999999999936e+01 1.818528743873342032e-17
1.101660000000000039e+01 1.630516021445487812e-17
1.034529999999999994e+01 1.505324903464192234e-17
9.672489999999999810e+00 1.363820629944545718e-17
9.001129999999999853e+00 1.227066092137453200e-17
8.329710000000000392e+00 1.083524558587570559e-17
7.656710000000000349e+00 9.715268707364214782e-18
6.985170000000000101e+00 9.228774495435022838e-18
6.312050000000000161e+00 8.505796372581560339e-18
5.640399999999999636e+00 7.597444346295268940e-18
4.967170000000000307e+00 6.427142964001480512e-18
4.295410000000000394e+00 5.149915057527867399e-18
3.622059999999999835e+00 3.906135575800287722e-18
2.950180000000000025e+00 2.743186646197032595e-18
2.276720000000000077e+00 1.735216172400417952e-18
1.604729999999999990e+00 8.995752518125950921e-19
9.311519999999999797e-01 3.048868980601430037e-19
2.590439999999999965e-01 2.360529664768038532e-20
