4.498670000000000186e+02 1.160620073951972945e-15
4.492339999999999804e+02 9.178839712127142058e-16
4.486009999999999991e+02 8.068065157141354895e-16
4.479680000000000177e+02 1.129381623282626268e-15
4.473360000000000127e+02 1.093898678490580259e-15
4.467029999999999745e+02 1.036918963607308951e-15
4.460690000000000168e+02 1.227347815797178964e-15
4.454359999999999786e+02 1.106178404570641796e-15
4.448029999999999973e+02 1.071117489919219457e-15
4.441689999999999827e+02 1.163971297467364452e-15
4.435360000000000014e+02 1.277514908715382446e-15
4.429019999999999868e+02 1.496343793052237424e-15
4.422699999999999818e+02 1.291467070582267695e-15
4.416360000000000241e+02 1.456308593639369012e-15
4.410029999999999859e+02 1.441728240628662564e-15
4.403690000000000282e+02 1.312068461822785119e-15
4.397350000000000136e+02 1.308398840584790017e-15
4.391009999999999991e+02 1.273519783323174652e-15
4.384669999999999845e+02 1.031096921140152986e-15
4.378330000000000268e+02 1.100612635490445937e-15
4.371990000000000123e+02 1.014948066918577375e-15
4.365649999999999977e+02 1.084113455787964511e-15
4.359329999999999927e+02 8.449758012846707749e-16
4.352980000000000018e+02 6.992573669034062183e-16
4.346639999999999873e+02 6.870809750521298379e-16
4.340299999999999727e+02 7.156347935881240457e-16
4.333960000000000150e+02 7.135911267153901866e-16
4.327610000000000241e+02 9.746722750946853021e-16
4.321270000000000095e+02 8.810378535164194755e-16
4.314920000000000186e+02 7.275732791807073147e-16
4.308580000000000041e+02 6.552499061901190131e-16
4.302230000000000132e+02 7.234141501030351908e-16
4.295889999999999986e+02 8.310610398770754033e-16
4.289540000000000077e+02 6.893401914650624554e-16
4.283190000000000168e+02 7.766492294414854426e-16
4.276859999999999786e+02 7.745329913663302995e-16
4.270509999999999877e+02 6.637327212134743030e-16
4.264159999999999968e+02 5.536305738206268947e-16
4.257810000000000059e+02 6.598332010734424087e-16
4.251460000000000150e+02 7.361062620160806009e-16
4.245110000000000241e+02 8.801270834813092405e-16
4.238759999999999764e+02 8.872490201870303908e-16
4.232409999999999854e+02 9.718937503447904107e-16
4.226050000000000182e+02 8.531093528841003096e-16
4.219700000000000273e+02 8.698876394978553749e-16
4.213349999999999795e+02 8.961391426943464941e-16
4.206990000000000123e+02 1.027530817807524610e-15
4.200640000000000214e+02 1.034044567696069703e-15
4.194289999999999736e+02 1.145174934064339503e-15
4.187930000000000064e+02 9.235093607227746836e-16
4.181569999999999823e+02 8.734527306129890256e-16
4.175219999999999914e+02 9.274857799538464901e-16
4.168860000000000241e+02 1.131622939649508211e-15
4.162500000000000000e+02 1.231407687874862017e-15
4.156150000000000091e+02 1.246453713653395198e-15
4.149789999999999850e+02 1.279991649537535045e-15
4.143430000000000177e+02 1.313311477888683370e-15
4.137069999999999936e+02 1.179636400930721399e-15
4.130710000000000264e+02 1.370100014589590100e-15
4.124350000000000023e+02 1.458080929525213463e-15
4.117989999999999782e+02 1.527165822180455804e-15
4.111630000000000109e+02 1.467599583175413931e-15
4.105260000000000105e+02 1.408405403102817115e-15
4.098899999999999864e+02 1.449635350000612228e-15
4.092540000000000191e+02 1.245684303653634106e-15
4.086170000000000186e+02 1.259960027440247791e-15
4.079809999999999945e+02 1.337276014806179870e-15
4.073439999999999941e+02 1.279253227149846576e-15
4.067080000000000268e+02 1.221572451548930755e-15
4.060710000000000264e+02 1.360742749323490437e-15
4.054350000000000023e+02 1.160633259319188084e-15
4.047980000000000018e+02 1.183723117297016884e-15
4.041610000000000014e+02 1.144667834495219065e-15
4.035240000000000009e+02 1.229407409286154507e-15
4.028879999999999768e+02 1.040877825436124968e-15
4.022509999999999764e+02 1.125325826012911255e-15
4.016139999999999759e+02 9.295185546998565982e-16
4.009769999999999754e+02 9.440656097453830897e-16
4.003399999999999750e+02 7.412583667174087021e-16
3.997029999999999745e+02 8.948692230929214902e-16
3.990649999999999977e+02 8.402438329677479961e-16
3.984279999999999973e+02 6.741565389068977537e-16
3.977909999999999968e+02 6.291776795707349523e-16
3.971519999999999868e+02 6.098874950011710577e-16
3.965149999999999864e+02 4.801909819680655100e-16
3.958770000000000095e+02 5.466457294054493386e-16
3.952400000000000091e+02 3.585383516785944460e-16
3.946019999999999754e+02 4.925564402007398675e-16
3.939649999999999750e+02 3.478372858080261761e-16
3.933269999999999982e+02 3.299473228613796025e-16
3.926890000000000214e+02 5.213200187346408341e-16
3.920520000000000209e+02 4.863209840637999957e-16
3.914139999999999873e+02 6.343829573147385071e-16
3.907760000000000105e+02 6.405738869492232956e-16
3.901379999999999768e+02 8.532155712956589701e-16
3.895000000000000000e+02 1.039942720927563356e-15
3.888609999999999900e+02 9.382853699260002650e-16
3.882230000000000132e+02 9.597444492792427178e-16
3.875849999999999795e+02 1.054499555082597640e-15
3.869460000000000264e+02 1.140494039379563444e-15
3.863079999999999927e+02 1.242144381689929687e-15
3.856700000000000159e+02 1.302719990329449216e-15
3.850319999999999823e+02 1.370933493883869435e-15
3.843929999999999723e+02 1.238076164151044750e-15
3.837549999999999955e+02 1.313978811196360734e-15
3.831159999999999854e+02 1.269937643887458533e-15
3.824759999999999991e+02 1.249787996635449771e-15
3.818380000000000223e+02 1.198220083859089364e-15
3.811990000000000123e+02 9.969978997190387210e-16
3.805600000000000023e+02 1.103908905309356956e-15
3.799220000000000255e+02 1.053231295153173242e-15
3.792830000000000155e+02 9.325008597592671726e-16
3.786440000000000055e+02 1.007293970770174092e-15
3.780049999999999955e+02 9.262164478370178853e-16
3.773650000000000091e+02 9.543006049243074504e-16
3.767259999999999991e+02 1.236508491768955031e-15
3.760860000000000127e+02 1.209297107860046644e-15
3.754470000000000027e+02 1.458067584591920367e-15
3.748079999999999927e+02 1.437850222646516559e-15
3.741689999999999827e+02 1.509090894332041367e-15
3.735299999999999727e+02 1.587530562319873355e-15
3.728890000000000100e+02 1.605019472950599807e-15
3.722500000000000000e+02 1.478995631196676523e-15
3.716100000000000136e+02 1.669268278644440668e-15
3.709710000000000036e+02 1.528949850449765646e-15
3.703310000000000173e+02 1.464289487783613510e-15
3.696909999999999741e+02 1.414634244195471823e-15
3.690500000000000114e+02 1.446803925194043261e-15
3.684110000000000014e+02 1.368081220833102703e-15
3.677710000000000150e+02 1.333976515337508292e-15
3.671309999999999718e+02 1.270749505636641004e-15
3.664909999999999854e+02 1.456454314911144919e-15
3.658509999999999991e+02 1.342151194892658621e-15
3.652099999999999795e+02 1.337620620300653742e-15
3.645699999999999932e+02 1.499315981160147765e-15
3.639300000000000068e+02 1.465341320297227625e-15
3.632900000000000205e+02 1.445862274798766094e-15
3.626490000000000009e+02 1.476605953225845400e-15
3.620079999999999814e+02 1.435931069381484781e-15
3.613670000000000186e+02 1.409605918113395943e-15
3.607269999999999754e+02 1.305598772158544297e-15
3.600869999999999891e+02 1.343428596973758065e-15
3.594460000000000264e+02 1.212238787192106182e-15
3.588039999999999736e+02 1.116606909247133613e-15
3.581639999999999873e+02 1.077865349838001446e-15
3.575230000000000246e+02 9.905819071058891024e-16
3.568829999999999814e+02 1.111828023818242705e-15
3.562420000000000186e+02 1.073382023603948843e-15
3.556000000000000227e+02 1.090356447275973049e-15
3.549590000000000032e+02 1.141379714141440544e-15
3.543179999999999836e+02 1.027913672534954725e-15
3.536770000000000209e+02 1.058414725326297239e-15
3.530350000000000250e+02 1.210755898890823430e-15
3.523940000000000055e+02 1.247043085061851707e-15
3.517520000000000095e+02 1.242587915647854506e-15
3.511109999999999900e+02 1.002985845369161574e-15
3.504689999999999941e+02 1.086454450832925611e-15
3.498269999999999982e+02 1.115886642996282145e-15
3.491859999999999786e+02 1.091938734662180159e-15
3.485450000000000159e+02 1.068212875118311911e-15
3.479019999999999868e+02 1.044425363471685474e-15
3.472599999999999909e+02 9.749742390431627713e-16
3.466190000000000282e+02 9.583294054755772634e-16
3.459769999999999754e+02 9.287273616963500117e-16
3.453340000000000032e+02 1.009906296460137115e-15
3.446929999999999836e+02 1.058048288207844908e-15
3.440509999999999877e+02 1.015422054760282196e-15
3.434089999999999918e+02 9.988276203434066690e-16
3.427660000000000196e+02 9.311045010272754393e-16
3.421240000000000236e+02 1.061788663919853277e-15
3.414820000000000277e+02 1.089671882435730783e-15
3.408399999999999750e+02 1.079246653169737925e-15
3.401970000000000027e+02 1.132162126589020914e-15
3.395539999999999736e+02 1.140518259681884701e-15
3.389119999999999777e+02 1.104895850114563927e-15
3.382690000000000055e+02 1.132125016919618296e-15
3.376259999999999764e+02 1.283356963479242591e-15
3.369839999999999804e+02 1.377731121940517956e-15
3.363419999999999845e+02 1.317050446905615881e-15
3.356979999999999791e+02 1.232095512727596886e-15
3.350550000000000068e+02 1.209093271592467488e-15
3.344130000000000109e+02 1.149666807137036012e-15
3.337690000000000055e+02 1.163476272785139893e-15
3.331259999999999764e+02 1.189399043861435019e-15
3.324830000000000041e+02 1.347790162636680137e-15
3.318389999999999986e+02 1.270677652135343130e-15
3.311960000000000264e+02 1.367563873994326761e-15
3.305539999999999736e+02 1.320562701737980493e-15
3.299110000000000014e+02 1.398721287652024681e-15
3.292660000000000196e+02 1.446702236645894195e-15
3.286229999999999905e+02 1.523745862316178168e-15
3.279800000000000182e+02 1.494450950325761771e-15
3.273360000000000127e+02 1.447599854599965993e-15
3.266929999999999836e+02 1.307960399054740503e-15
3.260489999999999782e+02 1.279676549638003119e-15
3.254049999999999727e+02 1.245771044928449464e-15
3.247610000000000241e+02 1.310108584863013871e-15
3.241179999999999950e+02 1.259097827120220356e-15
3.234730000000000132e+02 1.288467571457021807e-15
3.228290000000000077e+02 1.289078720694513405e-15
3.221840000000000259e+02 1.391930456175626821e-15
3.215409999999999968e+02 1.397707002989911745e-15
3.208969999999999914e+02 1.510338365477099825e-15
3.202520000000000095e+02 1.571801479914612070e-15
3.196080000000000041e+02 1.559949471006809894e-15
3.189639999999999986e+02 1.603835158029650214e-15
3.183190000000000168e+02 1.669514393243077177e-15
3.176750000000000114e+02 1.563559930717700053e-15
3.170310000000000059e+02 1.398093861381890936e-15
3.163860000000000241e+02 1.392295122668375708e-15
3.157420000000000186e+02 1.354115282910877871e-15
3.150980000000000132e+02 1.267229850135555010e-15
3.144519999999999982e+02 1.240418695060334436e-15
3.138079999999999927e+02 1.197737273126932129e-15
3.131619999999999777e+02 1.171430118452986931e-15
3.125179999999999723e+02 1.134597282401628486e-15
3.118729999999999905e+02 1.145908711828130275e-15
3.112269999999999754e+02 1.332144278742569726e-15
3.105830000000000268e+02 1.247524630656112339e-15
3.099370000000000118e+02 1.210856841233220627e-15
3.092919999999999732e+02 1.221661637109230174e-15
3.086469999999999914e+02 1.185366558309735545e-15
3.080009999999999764e+02 1.289558733416959517e-15
3.073570000000000277e+02 1.346262068056331267e-15
3.067099999999999795e+02 1.361420514462319949e-15
3.060649999999999977e+02 1.335210776712891465e-15
3.054200000000000159e+02 1.324507908819209412e-15
3.047740000000000009e+02 1.313993452982819998e-15
3.041290000000000191e+02 1.303529323743409685e-15
3.034820000000000277e+02 1.439259215492188842e-15
3.028369999999999891e+02 1.523654559594827022e-15
3.021920000000000073e+02 1.587175622825923293e-15
3.015450000000000159e+02 1.535802940886193612e-15
3.008999999999999773e+02 1.430089936742036157e-15
3.002529999999999859e+02 1.567364782567449598e-15
2.996080000000000041e+02 1.501710333487579542e-15
2.989610000000000127e+02 1.426679946383677955e-15
2.983149999999999977e+02 1.547545748043943505e-15
2.976700000000000159e+02 1.477866361297469859e-15
2.970230000000000246e+02 1.481151579806452907e-15
2.963770000000000095e+02 1.383249937849428853e-15
2.957300000000000182e+02 1.348662027771637881e-15
2.950840000000000032e+02 1.385825864223255243e-15
2.944370000000000118e+02 1.280034274861288705e-15
2.937909999999999968e+02 1.317119204282793044e-15
2.931429999999999723e+02 1.537556760383196159e-15
2.924970000000000141e+02 1.526214416927057027e-15
2.918500000000000227e+02 1.449516206232740342e-15
2.912040000000000077e+02 1.419923044966419622e-15
2.905570000000000164e+02 1.483043077406225119e-15
2.899100000000000250e+02 1.564300258001849988e-15
2.892629999999999768e+02 1.685856224922704287e-15
2.886159999999999854e+02 1.756233317460151221e-15
2.879689999999999941e+02 1.803082539593957555e-15
2.873210000000000264e+02 1.804184251177693292e-15
2.866750000000000114e+02 1.778130022445913684e-15
2.860269999999999868e+02 1.869021415882452042e-15
2.853799999999999955e+02 1.896456928554134531e-15
2.847320000000000277e+02 1.870189802643040756e-15
2.840849999999999795e+02 1.954814453182878127e-15
2.834370000000000118e+02 1.990203974030870918e-15
2.827900000000000205e+02 2.073371206036794153e-15
2.821419999999999959e+02 2.142772465556311276e-15
2.814950000000000045e+02 2.172134367072394849e-15
2.808469999999999800e+02 2.249043927572916031e-15
2.801990000000000123e+02 2.169854639490622948e-15
2.795509999999999877e+02 2.117038661939041825e-15
2.789039999999999964e+02 2.137418239039825575e-15
2.782549999999999955e+02 2.131786961449868787e-15
2.776080000000000041e+02 2.130521702980463865e-15
2.769590000000000032e+02 2.095432142376149845e-15
2.763120000000000118e+02 2.131887651162233945e-15
2.756630000000000109e+02 2.088717834884880880e-15
2.750149999999999864e+02 2.120499979793810738e-15
2.743659999999999854e+02 2.292759095567132981e-15
2.737189999999999941e+02 2.422003567456885656e-15
2.730699999999999932e+02 2.451774907675815702e-15
2.724220000000000255e+02 2.411696164216514809e-15
2.717730000000000246e+02 2.351726600305138771e-15
2.711240000000000236e+02 2.304283884996621836e-15
2.704759999999999991e+02 2.229168956886644950e-15
2.698260000000000218e+02 2.262632299432635684e-15
2.691779999999999973e+02 2.331616587962105285e-15
2.685289999999999964e+02 2.213510141021385077e-15
2.678809999999999718e+02 2.179220098817262739e-15
2.672309999999999945e+02 2.137515157282360924e-15
2.665830000000000268e+02 2.178049658297162901e-15
2.659329999999999927e+02 2.323188681520356664e-15
2.652839999999999918e+02 2.381760078330167889e-15
2.646349999999999909e+02 2.478127283082518553e-15
2.639850000000000136e+02 2.408681725883581810e-15
2.633369999999999891e+02 2.374053930192716820e-15
2.626870000000000118e+02 2.430910872300246745e-15
2.620380000000000109e+02 2.370045070842463240e-15
2.613879999999999768e+02 2.459899414351120592e-15
2.607400000000000091e+02 2.403126711598953867e-15
2.600899999999999750e+02 2.290736956693178685e-15
2.594390000000000214e+02 2.342423484035957613e-15
2.587900000000000205e+02 2.290280360348916874e-15
2.581399999999999864e+02 2.289968640581008148e-15
2.574909999999999854e+02 2.264049317852319385e-15
2.568410000000000082e+02 2.365366416880582345e-15
2.561899999999999977e+02 2.440358632326312085e-15
2.555409999999999968e+02 2.388577900205575807e-15
2.548899999999999864e+02 2.433857828256843080e-15
2.542410000000000139e+02 2.425269579742133341e-15
2.535910000000000082e+02 2.338625474448624020e-15
2.529399999999999977e+02 2.333806425057921525e-15
2.522899999999999920e+02 2.360694077155605972e-15
2.516399999999999864e+02 2.428883732384597790e-15
2.509900000000000091e+02 2.315855750287916977e-15
2.503389999999999986e+02 2.317823664596507896e-15
2.496879999999999882e+02 2.364420181822638901e-15
2.490380000000000109e+02 2.369275683815066335e-15
2.483870000000000005e+02 2.435360605230687862e-15
2.477359999999999900e+02 2.493800636504226301e-15
2.470860000000000127e+02 2.457365175772987065e-15
2.464350000000000023e+02 2.524940535778077045e-15
2.457849999999999966e+02 2.411916630569580223e-15
2.451330000000000098e+02 2.462278470489420869e-15
2.444819999999999993e+02 2.409823582808759690e-15
2.438319999999999936e+02 2.364491368896923608e-15
2.431800000000000068e+02 2.329146365388643226e-15
2.425289999999999964e+02 2.316863120505777157e-15
2.418779999999999859e+02 2.401339562229767579e-15
2.412270000000000039e+02 2.456054357955659220e-15
2.405749999999999886e+02 2.391952706473467977e-15
2.399240000000000066e+02 2.487080547131105050e-15
2.392719999999999914e+02 2.473832325271180978e-15
2.386200000000000045e+02 2.513947589437894990e-15
2.379699999999999989e+02 2.494178332748775311e-15
2.373180000000000121e+02 2.555284071185002433e-15
2.366670000000000016e+02 2.541538582781619139e-15
2.360149999999999864e+02 2.530729112106469408e-15
2.353629999999999995e+02 2.572024484088990603e-15
2.347100000000000080e+02 2.658310238791208276e-15
2.340600000000000023e+02 2.634658034569168408e-15
2.334070000000000107e+02 2.614196244125981604e-15
2.327549999999999955e+02 2.704517242145325493e-15
2.321040000000000134e+02 2.769846602817401788e-15
2.314509999999999934e+02 2.745671558778990854e-15
2.307980000000000018e+02 2.806830189764039338e-15
2.301469999999999914e+02 2.791225170678167430e-15
2.294939999999999998e+02 2.746527468047202186e-15
2.288420000000000130e+02 2.681981171157521278e-15
2.281899999999999977e+02 2.767554446190572312e-15
2.275370000000000061e+02 2.829155583917846538e-15
2.268839999999999861e+02 2.858724220151136348e-15
2.262330000000000041e+02 2.913093795141336143e-15
2.255800000000000125e+02 2.986513277697963747e-15
2.249269999999999925e+02 2.972307015747101487e-15
2.242729999999999961e+02 2.977600674450275952e-15
2.236220000000000141e+02 3.032306909921994206e-15
2.229679999999999893e+02 3.039628226205920992e-15
2.223149999999999977e+02 3.052049272310121670e-15
2.216630000000000109e+02 2.999202776800142914e-15
2.210099999999999909e+02 2.941189364479271427e-15
2.203559999999999945e+02 2.881063492170227035e-15
2.197019999999999982e+02 2.848235122981071837e-15
2.190500000000000114e+02 2.850133003389184962e-15
2.183969999999999914e+02 2.838618498990091038e-15
2.177429999999999950e+02 2.819249722745393583e-15
2.170889999999999986e+02 2.826024984291615930e-15
2.164370000000000118e+02 2.770391885075479488e-15
2.157829999999999870e+02 2.800275461577745325e-15
2.151289999999999907e+02 2.763021149410332655e-15
2.144749999999999943e+02 2.822798853748838053e-15
2.138220000000000027e+02 2.813440807143964661e-15
2.131680000000000064e+02 2.809011154640079897e-15
2.125140000000000100e+02 2.814519336113359183e-15
2.118600000000000136e+02 2.760201499292549827e-15
2.112069999999999936e+02 2.802659434451673604e-15
2.105529999999999973e+02 2.770806202704017620e-15
2.098979999999999961e+02 2.741634520860137560e-15
2.092439999999999998e+02 2.695624192094532834e-15
2.085910000000000082e+02 2.681472394185048830e-15
2.079360000000000070e+02 2.662481425557629569e-15
2.072820000000000107e+02 2.638817153308528265e-15
2.066270000000000095e+02 2.572732862436875523e-15
2.059739999999999895e+02 2.603678116549645148e-15
2.053189999999999884e+02 2.584970646918797022e-15
2.046639999999999873e+02 2.547853706979464115e-15
2.040089999999999861e+02 2.540974517815345496e-15
2.033540000000000134e+02 2.527151360169754393e-15
2.027009999999999934e+02 2.447472347219567325e-15
2.020459999999999923e+02 2.413742064258828571e-15
2.013909999999999911e+02 2.353355140198290179e-15
2.007350000000000136e+02 2.391802809327478547e-15
2.000800000000000125e+02 2.360875663360406851e-15
1.994259999999999877e+02 2.303753022768033499e-15
1.987709999999999866e+02 2.290994138842811086e-15
1.981160000000000139e+02 2.263077375733853402e-15
1.974600000000000080e+02 2.282829964164817248e-15
1.968050000000000068e+02 2.227072425745958384e-15
1.961510000000000105e+02 2.206151685437743114e-15
1.954950000000000045e+02 2.244538977693488026e-15
1.948389999999999986e+02 2.189662682135465874e-15
1.941839999999999975e+02 2.154220793611743234e-15
1.935279999999999916e+02 2.162687597556291224e-15
1.928739999999999952e+02 2.177089797899783740e-15
1.922179999999999893e+02 2.158398457712062781e-15
1.915620000000000118e+02 2.200832005482671194e-15
1.909060000000000059e+02 2.262804471376919231e-15
1.902500000000000000e+02 2.281627518625427241e-15
1.895939999999999941e+02 2.236156074619249924e-15
1.889389999999999930e+02 2.278271071868671507e-15
1.882829999999999870e+02 2.305946249641345389e-15
1.876270000000000095e+02 2.336960262643401074e-15
1.869699999999999989e+02 2.313090112117511188e-15
1.863139999999999930e+02 2.297063042516551624e-15
1.856570000000000107e+02 2.246602312995084212e-15
1.850010000000000048e+02 2.208150374043391106e-15
1.843460000000000036e+02 2.226653140001532194e-15
1.836889999999999930e+02 2.257834188838360787e-15
1.830329999999999870e+02 2.286503746120531650e-15
1.823760000000000048e+02 2.296182139944674601e-15
1.817189999999999941e+02 2.268872130982468806e-15
1.810620000000000118e+02 2.365569633373858663e-15
1.804050000000000011e+02 2.433570887296933061e-15
1.797500000000000000e+02 2.453678059735100133e-15
1.790929999999999893e+02 2.507270129490625208e-15
1.784360000000000070e+02 2.497963031422798516e-15
1.777789999999999964e+02 2.513167787235062422e-15
1.771220000000000141e+02 2.512212872771985561e-15
1.764650000000000034e+02 2.512862819061184385e-15
1.758069999999999879e+02 2.520096423889081030e-15
1.751500000000000057e+02 2.486170319497613803e-15
1.744939999999999998e+02 2.496464970817006511e-15
1.738369999999999891e+02 2.536701457726484447e-15
1.731790000000000020e+02 2.556077574775937033e-15
1.725219999999999914e+02 2.584912456545627776e-15
1.718640000000000043e+02 2.624557471899492904e-15
1.712059999999999889e+02 2.651939894804094160e-15
1.705490000000000066e+02 2.670675060310119704e-15
1.698909999999999911e+02 2.674371578878945251e-15
1.692330000000000041e+02 2.652318809615012501e-15
1.685749999999999886e+02 2.627192701492021052e-15
1.679190000000000111e+02 2.644622021046036265e-15
1.672609999999999957e+02 2.619467854487854082e-15
1.666030000000000086e+02 2.657765186714875410e-15
1.659449999999999932e+02 2.604853255052980609e-15
1.652870000000000061e+02 2.540377584077399675e-15
1.646279999999999859e+02 2.532409031806010901e-15
1.639699999999999989e+02 2.549790249358761710e-15
1.633120000000000118e+02 2.583006310308757804e-15
1.626539999999999964e+02 2.575695352466034877e-15
1.619950000000000045e+02 2.531687781935216149e-15
1.613369999999999891e+02 2.509918723437719946e-15
1.606779999999999973e+02 2.462332776043210775e-15
1.600190000000000055e+02 2.453759620035769644e-15
1.593609999999999900e+02 2.459282135387947207e-15
1.587040000000000077e+02 2.450474273963265764e-15
1.580449999999999875e+02 2.453969744854773432e-15
1.573859999999999957e+02 2.430966913834952530e-15
1.567270000000000039e+02 2.435454521415093538e-15
1.560680000000000121e+02 2.412509471826507957e-15
1.554089999999999918e+02 2.404483281177935560e-15
1.547500000000000000e+02 2.402993064757358480e-15
1.540910000000000082e+02 2.380128268890983249e-15
1.534319999999999879e+02 2.370480734698172825e-15
1.527729999999999961e+02 2.359446965738239173e-15
1.521140000000000043e+02 2.331576377613820179e-15
1.514540000000000077e+02 2.317974822957319622e-15
1.507949999999999875e+02 2.304350473460561980e-15
1.501359999999999957e+02 2.368585111108403797e-15
1.494759999999999991e+02 2.381644102269644957e-15
1.488170000000000073e+02 2.379382242009961984e-15
1.481570000000000107e+02 2.416026990815012911e-15
1.474970000000000141e+02 2.400816142364299491e-15
1.468379999999999939e+02 2.414447218334618511e-15
1.461779999999999973e+02 2.415628539318009666e-15
1.455180000000000007e+02 2.443639437706538090e-15
1.448580000000000041e+02 2.443959268071325915e-15
1.441980000000000075e+02 2.383653080848343608e-15
1.435380000000000109e+02 2.396549461583937996e-15
1.428779999999999859e+02 2.398657652956966059e-15
1.422179999999999893e+02 2.420754094613066283e-15
1.415579999999999927e+02 2.419778763852332292e-15
1.408979999999999961e+02 2.412961183964067712e-15
1.402379999999999995e+02 2.403753389906354166e-15
1.395769999999999982e+02 2.390024459424580518e-15
1.389170000000000016e+02 2.408607090077621977e-15
1.382560000000000002e+02 2.460595204763260735e-15
1.375960000000000036e+02 2.484900976604780953e-15
1.369350000000000023e+02 2.502113200706176609e-15
1.362750000000000057e+02 2.500015757759941422e-15
1.356140000000000043e+02 2.522240976844797337e-15
1.349540000000000077e+02 2.540650507433859421e-15
1.342930000000000064e+02 2.586525282010658444e-15
1.336320000000000050e+02 2.630132111608425872e-15
1.329710000000000036e+02 2.650798826912033387e-15
1.323100000000000023e+02 2.657962322173885178e-15
1.316490000000000009e+02 2.702341010461720547e-15
1.309879999999999995e+02 2.706147797847208851e-15
1.303269999999999982e+02 2.702853541208280779e-15
1.296659999999999968e+02 2.743349984002510530e-15
1.290049999999999955e+02 2.751020153588752939e-15
1.283420000000000130e+02 2.739615194759009118e-15
1.276809999999999974e+02 2.734473020288244931e-15
1.270190000000000055e+02 2.753289549173330075e-15
1.263580000000000041e+02 2.711547150494302781e-15
1.256959999999999980e+02 2.661332652881010857e-15
1.250349999999999966e+02 2.655468123227449740e-15
1.243730000000000047e+02 2.638897975145174778e-15
1.237120000000000033e+02 2.612831724507700292e-15
1.230499999999999972e+02 2.603785542189516247e-15
1.223880000000000052e+02 2.583577392737236647e-15
1.217259999999999991e+02 2.524422951187863565e-15
1.210639999999999930e+02 2.455433939417170458e-15
1.204030000000000058e+02 2.437821181995418162e-15
1.197409999999999997e+02 2.407278744857489684e-15
1.190780000000000030e+02 2.333302544859187348e-15
1.184150000000000063e+02 2.302019263285926754e-15
1.177530000000000001e+02 2.255603837975317005e-15
1.170909999999999940e+02 2.198277057053935085e-15
1.164279999999999973e+02 2.142527489082640937e-15
1.157660000000000053e+02 2.110917316598970650e-15
1.151039999999999992e+02 2.072915953219044453e-15
1.144410000000000025e+02 2.019958765213691391e-15
1.137789999999999964e+02 1.969986899035988757e-15
1.131159999999999997e+02 1.948706442815308804e-15
1.124539999999999935e+02 1.916208530892199218e-15
1.117890000000000015e+02 1.881840051400880709e-15
1.111269999999999953e+02 1.864622279741796654e-15
1.104639999999999986e+02 1.827546740147880340e-15
1.098010000000000019e+02 1.794341865570878072e-15
1.091380000000000052e+02 1.756207775341688593e-15
1.084749999999999943e+02 1.732441183856478461e-15
1.078119999999999976e+02 1.671113988319682020e-15
1.071490000000000009e+02 1.630847426014113564e-15
1.064849999999999994e+02 1.550363390772406049e-15
1.058209999999999980e+02 1.481660440773689157e-15
1.051580000000000013e+02 1.399462389033845396e-15
1.044950000000000045e+02 1.366702812238972817e-15
1.038319999999999936e+02 1.303019403431602455e-15
1.031680000000000064e+02 1.246536760409149738e-15
1.025049999999999955e+02 1.194139513313897381e-15
1.018400000000000034e+02 1.167714404261835825e-15
1.011760000000000019e+02 1.129101110191096371e-15
1.005130000000000052e+02 1.129174181496220451e-15
9.984900000000000375e+01 1.119986153065873972e-15
9.918529999999999802e+01 1.105796276003190097e-15
9.852150000000000318e+01 1.087840836361968934e-15
9.785769999999999413e+01 1.107137790740371877e-15
9.719230000000000302e+01 1.132029075787164800e-15
9.652830000000000155e+01 1.154336559752068873e-15
9.586430000000000007e+01 1.169507162988683025e-15
9.520029999999999859e+01 1.192591443620376402e-15
9.453610000000000468e+01 1.229235026569468492e-15
9.387199999999999989e+01 1.264515366185268768e-15
9.320619999999999550e+01 1.283412556166587639e-15
9.254200000000000159e+01 1.306123202331820798e-15
9.187760000000000105e+01 1.298430772732898104e-15
9.121320000000000050e+01 1.299435346454638327e-15
9.054879999999999995e+01 1.289417939505298751e-15
8.988280000000000314e+01 1.304209704587932589e-15
8.921819999999999595e+01 1.296712834099964932e-15
8.855360000000000298e+01 1.278007932805337697e-15
8.788890000000000668e+01 1.258556594838837004e-15
8.722419999999999618e+01 1.270021224367220010e-15
8.655939999999999657e+01 1.276062770755455571e-15
8.589300000000000068e+01 1.289391164652955851e-15
8.522809999999999775e+01 1.285510557540060877e-15
8.456319999999999482e+01 1.290531424309440066e-15
8.389820000000000277e+01 1.276739547688622162e-15
8.323160000000000025e+01 1.276511726581319602e-15
8.256650000000000489e+01 1.268161372710954847e-15
8.190130000000000621e+01 1.270158077053049028e-15
8.123609999999999332e+01 1.261945918362805049e-15
8.057080000000000553e+01 1.234164285122300399e-15
7.990389999999999304e+01 1.226135677771159331e-15
7.923850000000000193e+01 1.224593511353072176e-15
7.857299999999999329e+01 1.226416429389213370e-15
7.790749999999999886e+01 1.222539968457453446e-15
7.724039999999999395e+01 1.212560544710798885e-15
7.657479999999999620e+01 1.208660505790458456e-15
7.590909999999999513e+01 1.184264891333123995e-15
7.524339999999999407e+01 1.180236740410483397e-15
7.457760000000000389e+01 1.168931072343793164e-15
7.391020000000000323e+01 1.137743416539671697e-15
7.324429999999999552e+01 1.118333036047652066e-15
7.257829999999999870e+01 1.085144465873718971e-15
7.191230000000000189e+01 1.060172958001729428e-15
7.124469999999999459e+01 1.045225699412490527e-15
7.057850000000000534e+01 1.023335376911796736e-15
6.991230000000000189e+01 1.017120854337103115e-15
6.924609999999999843e+01 9.900701875120974768e-16
6.857829999999999870e+01 9.751324342711010890e-16
6.791190000000000282e+01 9.581694299601333873e-16
6.724550000000000693e+01 9.364775098272097204e-16
6.657750000000000057e+01 9.200354246670041537e-16
6.591100000000000136e+01 8.951819568489656438e-16
6.524439999999999884e+01 8.793985152872991211e-16
6.457769999999999300e+01 8.587739703510116713e-16
6.390950000000000131e+01 8.354047768603412429e-16
6.324269999999999925e+01 8.194841980232541892e-16
6.257589999999999719e+01 8.078696224726979379e-16
6.190899999999999892e+01 7.946927335647092961e-16
6.124060000000000059e+01 7.787585022300601113e-16
6.057359999999999900e+01 7.646346512163865510e-16
5.990659999999999741e+01 7.511916233881794679e-16
5.923799999999999955e+01 7.260651849639998020e-16
5.857079999999999842e+01 7.002009087387258490e-16
5.790359999999999729e+01 6.872335145961155276e-16
5.723629999999999995e+01 6.687726592720453027e-16
5.656750000000000256e+01 6.458859538734384580e-16
5.590010000000000190e+01 6.329037138914829048e-16
5.523270000000000124e+01 6.153505887876334208e-16
5.456360000000000099e+01 6.014271896505320610e-16
5.389609999999999701e+01 5.901207700145772343e-16
5.322849999999999682e+01 5.833061405007310482e-16
5.255930000000000035e+01 5.793810274858976045e-16
5.189159999999999684e+01 5.599420655191313226e-16
5.122379999999999711e+01 5.495149713340896356e-16
5.055440000000000111e+01 5.374561301716826262e-16
4.988660000000000139e+01 5.221298913326869071e-16
4.921860000000000213e+01 5.065115202518152903e-16
4.854910000000000281e+01 4.919303195895259211e-16
4.788100000000000023e+01 4.822778696061519321e-16
4.721289999999999765e+01 4.693273983977618231e-16
4.654319999999999879e+01 4.535810394323747181e-16
4.587500000000000000e+01 4.425868268394406045e-16
4.520669999999999789e+01 4.246306043126081519e-16
4.453679999999999950e+01 4.119487657177494767e-16
4.386840000000000117e+01 4.002548389705499904e-16
4.320000000000000284e+01 3.929275357963781650e-16
4.252989999999999782e+01 3.790219332616212827e-16
4.186129999999999995e+01 3.644610162834802669e-16
4.119270000000000209e+01 3.474780147885302450e-16
4.052250000000000085e+01 3.353618783803414042e-16
3.985379999999999967e+01 3.253116675525124986e-16
3.918500000000000227e+01 3.169419302254840336e-16
3.851460000000000150e+01 3.062139500644596279e-16
3.784570000000000078e+01 2.950463769018768792e-16
3.717519999999999669e+01 2.824446385123634061e-16
3.650619999999999976e+01 2.709617177712701902e-16
3.583709999999999951e+01 2.620861976895203607e-16
3.516640000000000299e+01 2.530190656474470253e-16
3.449719999999999942e+01 2.418885732025492006e-16
3.382800000000000296e+01 2.326789469081257570e-16
3.315709999999999980e+01 2.215688953197940011e-16
3.248780000000000001e+01 2.086764040387613041e-16
3.181680000000000064e+01 1.990718090120508346e-16
3.114730000000000132e+01 1.909641937816172099e-16
3.047779999999999845e+01 1.841193798672343254e-16
2.980669999999999931e+01 1.723451861345205838e-16
2.913700000000000045e+01 1.645107610923573607e-16
2.846730000000000160e+01 1.574160320595496716e-16
2.779599999999999937e+01 1.476427374757019690e-16
2.712620000000000076e+01 1.397507370227761482e-16
2.645479999999999876e+01 1.325721590512030271e-16
2.578490000000000038e+01 1.248646672957250547e-16
2.511329999999999885e+01 1.161325570220030798e-16
2.444330000000000069e+01 1.075602579678570409e-16
2.377319999999999922e+01 1.015305184660186657e-16
2.310150000000000148e+01 9.325095884035658325e-17
2.243130000000000024e+01 8.644697224524648680e-17
2.175949999999999918e+01 7.995661758958964049e-17
2.108909999999999840e+01 7.345117731657364361e-17
2.041870000000000118e+01 6.789491311792676023e-17
1.974680000000000035e+01 6.138361481550896543e-17
1.907629999999999981e+01 5.617895922025975435e-17
1.840419999999999945e+01 5.144864749924278576e-17
1.773349999999999937e+01 4.652471859366994596e-17
1.706129999999999924e+01 4.285299061476641570e-17
1.639059999999999917e+01 3.845811760521317099e-17
1.571979999999999933e+01 3.480389903936656798e-17
1.504739999999999966e+01 3.172549210476476542e-17
1.437650000000000006e+01 2.856375557330206607e-17
1.370410000000000039e+01 2.599911119984853782e-17
1.303299999999999947e+01 2.309362608001027716e-17
1.236040000000000028e+01 2.057387550578864899e-17
1.168929999999999936e+01 1.818530973540540850e-17
1.101660000000000039e+01 1.630518002413400594e-17
1.034529999999999994e+01 1.505326650844708717e-17
9.672489999999999810e+00 1.363822157852618031e-17
9.001129999999999853e+00 1.227067415667494111e-17
8.329710000000000392e+00 1.083525692341057693e-17
7.656710000000000349e+00 9.715278289508429480e-18
6.985170000000000101e+00 9.228782472653486361e-18
6.312050000000000161e+00 8.505802888233929558e-18
5.640399999999999636e+00 7.597449550521004143e-18
4.967170000000000307e+00 6.427147001143247848e-18
4.295410000000000394e+00 5.149918077371895428e-18
3.622059999999999835e+00 3.906137723661575288e-18
2.950180000000000025e+00 2.743188071513837014e-18
2.276720000000000077e+00 1.735217021489756277e-18
1.604729999999999990e+00 8.995756737592292485e-19
9.311519999999999797e-01 3.048870401668597137e-19
2.590439999999999965e-01 2.360530764886493332e-20
