4.498670000000000186e+02 1.160879549001350928e-15
4.492339999999999804e+02 9.181429044364401708e-16
4.486009999999999991e+02 8.070649073038583615e-16
4.479680000000000177e+02 1.129639473430649233e-15
4.473360000000000127e+02 1.094155988244765501e-15
4.467029999999999745e+02 1.037175732306069988e-15
4.460690000000000168e+02 1.227604042780512756e-15
4.454359999999999786e+02 1.106434090888089517e-15
4.448029999999999973e+02 1.071372635766396919e-15
4.441689999999999827e+02 1.164225902187198838e-15
4.435360000000000014e+02 1.277768973358499812e-15
4.429019999999999868e+02 1.496597316963537500e-15
4.422699999999999818e+02 1.291720055665525662e-15
4.416360000000000241e+02 1.456561038388735978e-15
4.410029999999999859e+02 1.441980146096228515e-15
4.403690000000000282e+02 1.312319827357435504e-15
4.397350000000000136e+02 1.308649666388203831e-15
4.391009999999999991e+02 1.273770069597723118e-15
4.384669999999999845e+02 1.031346668088902113e-15
4.378330000000000268e+02 1.100861843317159484e-15
4.371990000000000123e+02 1.015196735827718621e-15
4.365649999999999977e+02 1.084361585984698626e-15
4.359329999999999927e+02 8.452233946733031527e-16
4.352980000000000018e+02 6.995044211425372454e-16
4.346639999999999873e+02 6.873274911982633725e-16
4.340299999999999727e+02 7.158807718492599301e-16
4.333960000000000150e+02 7.138365673002421823e-16
4.327610000000000241e+02 9.749171773651122684e-16
4.321270000000000095e+02 8.812822185304792280e-16
4.314920000000000186e+02 7.278171063023675352e-16
4.308580000000000041e+02 6.554931964782229268e-16
4.302230000000000132e+02 7.236569029236758679e-16
4.295889999999999986e+02 8.313032562898877895e-16
4.289540000000000077e+02 6.895818708382781244e-16
4.283190000000000168e+02 7.768903719903134392e-16
4.276859999999999786e+02 7.747735989964867963e-16
4.270509999999999877e+02 6.639727924512047223e-16
4.264159999999999968e+02 5.538701088833712788e-16
4.257810000000000059e+02 6.600722001793899216e-16
4.251460000000000150e+02 7.363447253841724873e-16
4.245110000000000241e+02 8.803650113312419805e-16
4.238759999999999764e+02 8.874864127392578698e-16
4.232409999999999854e+02 9.721306078205269758e-16
4.226050000000000182e+02 8.533456746632079079e-16
4.219700000000000273e+02 8.701234266455431419e-16
4.213349999999999795e+02 8.963743954341269260e-16
4.206990000000000123e+02 1.027765535522624244e-15
4.200640000000000214e+02 1.034278751452957684e-15
4.194289999999999736e+02 1.145408584088850141e-15
4.187930000000000064e+02 9.237424764015345060e-16
4.181569999999999823e+02 8.736853121741121521e-16
4.175219999999999914e+02 9.277178284655024541e-16
4.168860000000000241e+02 1.131854454501760608e-15
4.162500000000000000e+02 1.231638669298197661e-15
4.156150000000000091e+02 1.246684162717275186e-15
4.149789999999999850e+02 1.280221565635496523e-15
4.143430000000000177e+02 1.313540861253609319e-15
4.137069999999999936e+02 1.179865251796300226e-15
4.130710000000000264e+02 1.370328333190316231e-15
4.124350000000000023e+02 1.458308716096394641e-15
4.117989999999999782e+02 1.527393076958211902e-15
4.111630000000000109e+02 1.467826306396679322e-15
4.105260000000000105e+02 1.408631594170129848e-15
4.098899999999999864e+02 1.449861009988143097e-15
4.092540000000000191e+02 1.245909432800786617e-15
4.086170000000000186e+02 1.260184625153166470e-15
4.079809999999999945e+02 1.337500082160392151e-15
4.073439999999999941e+02 1.279476763553923324e-15
4.067080000000000268e+02 1.221795458079311723e-15
4.060710000000000264e+02 1.360965225391189789e-15
4.054350000000000023e+02 1.160855206001565188e-15
4.047980000000000018e+02 1.183944534007545768e-15
4.041610000000000014e+02 1.144888721480784005e-15
4.035240000000000009e+02 1.229627766794495889e-15
4.028879999999999768e+02 1.041097654546459336e-15
4.022509999999999764e+02 1.125545126143686407e-15
4.016139999999999759e+02 9.297373261013928890e-16
4.009769999999999754e+02 9.442838526688678343e-16
4.003399999999999750e+02 7.414760814148994271e-16
3.997029999999999745e+02 8.950864098173475123e-16
3.990649999999999977e+02 8.404604911446700732e-16
3.984279999999999973e+02 6.743726696196454522e-16
3.977909999999999968e+02 6.293932830748751452e-16
3.971519999999999868e+02 6.101025698990789778e-16
3.965149999999999864e+02 4.804055301719663197e-16
3.958770000000000095e+02 5.468597503473494798e-16
3.952400000000000091e+02 3.587518464442543105e-16
3.946019999999999754e+02 4.927694082247750546e-16
3.939649999999999750e+02 3.480497281771807873e-16
3.933269999999999982e+02 3.301592390128964890e-16
3.926890000000000214e+02 5.215314089320818755e-16
3.920520000000000209e+02 4.865318493953978740e-16
3.914139999999999873e+02 6.345932972217113900e-16
3.907760000000000105e+02 6.407837016978808627e-16
3.901379999999999768e+02 8.534248611532346569e-16
3.895000000000000000e+02 1.040151486162215636e-15
3.888609999999999900e+02 9.384936099851563318e-16
3.882230000000000132e+02 9.599521652550073276e-16
3.875849999999999795e+02 1.054706747245926962e-15
3.869460000000000264e+02 1.140700707181970576e-15
3.863079999999999927e+02 1.242350526225062003e-15
3.856700000000000159e+02 1.302925611871089965e-15
3.850319999999999823e+02 1.371138592706749880e-15
3.843929999999999723e+02 1.238280739712188183e-15
3.837549999999999955e+02 1.314182864591498108e-15
3.831159999999999854e+02 1.270141174576396832e-15
3.824759999999999991e+02 1.249991004080272436e-15
3.818380000000000223e+02 1.198422569974897250e-15
3.811990000000000123e+02 9.971998639698544866e-16
3.805600000000000023e+02 1.104110347977529696e-15
3.799220000000000255e+02 1.053432217337612821e-15
3.792830000000000155e+02 9.327012609282541257e-16
3.786440000000000055e+02 1.007493851209000162e-15
3.780049999999999955e+02 9.264158078319642452e-16
3.773650000000000091e+02 9.544994439488551997e-16
3.767259999999999991e+02 1.236706810925614988e-15
3.760860000000000127e+02 1.209494906625201733e-15
3.754470000000000027e+02 1.458264864069179301e-15
3.748079999999999927e+02 1.438046983127155186e-15
3.741689999999999827e+02 1.509287136108344287e-15
3.735299999999999727e+02 1.587726285685137474e-15
3.728890000000000100e+02 1.605214676577950237e-15
3.722500000000000000e+02 1.479190317003555261e-15
3.716100000000000136e+02 1.669462446117539474e-15
3.709710000000000036e+02 1.529143500696594349e-15
3.703310000000000173e+02 1.464482620293855032e-15
3.696909999999999741e+02 1.414826859269508225e-15
3.690500000000000114e+02 1.446996022325510842e-15
3.684110000000000014e+02 1.368272801940043784e-15
3.677710000000000150e+02 1.334167579915651231e-15
3.671309999999999718e+02 1.270940053990551586e-15
3.664909999999999854e+02 1.456644347346443241e-15
3.658509999999999991e+02 1.342340711716024023e-15
3.652099999999999795e+02 1.337809621014904668e-15
3.645699999999999932e+02 1.499504466879493642e-15
3.639300000000000068e+02 1.465529291331544652e-15
3.632900000000000205e+02 1.446049731459001152e-15
3.626490000000000009e+02 1.476792895021044593e-15
3.620079999999999814e+02 1.436117496625730713e-15
3.613670000000000186e+02 1.409791831121859844e-15
3.607269999999999754e+02 1.305784172048988625e-15
3.600869999999999891e+02 1.343613484062548583e-15
3.594460000000000264e+02 1.212423160996195156e-15
3.588039999999999736e+02 1.116790769286069648e-15
3.581639999999999873e+02 1.078048698032459686e-15
3.575230000000000246e+02 9.907647429776324846e-16
3.568829999999999814e+02 1.112010348488654558e-15
3.562420000000000186e+02 1.073563836598024265e-15
3.556000000000000227e+02 1.090537748121346468e-15
3.549590000000000032e+02 1.141560503962350374e-15
3.543179999999999836e+02 1.028093951658774297e-15
3.536770000000000209e+02 1.058594494081531900e-15
3.530350000000000250e+02 1.210935156811678821e-15
3.523940000000000055e+02 1.247221833275059632e-15
3.517520000000000095e+02 1.242766153690940725e-15
3.511109999999999900e+02 1.003163574370114942e-15
3.504689999999999941e+02 1.086631670332615079e-15
3.498269999999999982e+02 1.116063353331133617e-15
3.491859999999999786e+02 1.092114936962086013e-15
3.485450000000000159e+02 1.068388569720971272e-15
3.479019999999999868e+02 1.044600549133474707e-15
3.472599999999999909e+02 9.751489168969571318e-16
3.466190000000000282e+02 9.585035766538341104e-16
3.459769999999999754e+02 9.289010257518161746e-16
3.453340000000000032e+02 1.010079452948354161e-15
3.446929999999999836e+02 1.058220939052857797e-15
3.440509999999999877e+02 1.015594199520016236e-15
3.434089999999999918e+02 9.989992593660899123e-16
3.427660000000000196e+02 9.312756338754026697e-16
3.421240000000000236e+02 1.061959291731542522e-15
3.414820000000000277e+02 1.089842005562828599e-15
3.408399999999999750e+02 1.079416271965304730e-15
3.401970000000000027e+02 1.132331240622601148e-15
3.395539999999999736e+02 1.140686869310087865e-15
3.389119999999999777e+02 1.105063956478852426e-15
3.382690000000000055e+02 1.132292619594887805e-15
3.376259999999999764e+02 1.283524062825806710e-15
3.369839999999999804e+02 1.377897719101871390e-15
3.363419999999999845e+02 1.317216542243434198e-15
3.356979999999999791e+02 1.232261105043184443e-15
3.350550000000000068e+02 1.209258362032507173e-15
3.344130000000000109e+02 1.149831396847762837e-15
3.337690000000000055e+02 1.163640360575051049e-15
3.331259999999999764e+02 1.189562630879296576e-15
3.324830000000000041e+02 1.347953249252862095e-15
3.318389999999999986e+02 1.270840237944131564e-15
3.311960000000000264e+02 1.367725960146590056e-15
3.305539999999999736e+02 1.320724289384127524e-15
3.299110000000000014e+02 1.398882376390773737e-15
3.292660000000000196e+02 1.446862825303985273e-15
3.286229999999999905e+02 1.523905952822925423e-15
3.279800000000000182e+02 1.494610543060557602e-15
3.273360000000000127e+02 1.447758949170256056e-15
3.266929999999999836e+02 1.308118996616375233e-15
3.260489999999999782e+02 1.279834649802245866e-15
3.254049999999999727e+02 1.245928648081137027e-15
3.247610000000000241e+02 1.310265691391311688e-15
3.241179999999999950e+02 1.259254438182875757e-15
3.234730000000000132e+02 1.288623685903365791e-15
3.228290000000000077e+02 1.289234339685970896e-15
3.221840000000000259e+02 1.392085579336292383e-15
3.215409999999999968e+02 1.397861632250501933e-15
3.208969999999999914e+02 1.510492500464411842e-15
3.202520000000000095e+02 1.571955120258645698e-15
3.196080000000000041e+02 1.560102617872704603e-15
3.189639999999999986e+02 1.603987811816715956e-15
3.183190000000000168e+02 1.669666553587280676e-15
3.176750000000000114e+02 1.563711598786437121e-15
3.170310000000000059e+02 1.398245037578599830e-15
3.163860000000000241e+02 1.392445806635046106e-15
3.157420000000000186e+02 1.354265475817185588e-15
3.150980000000000132e+02 1.267379552389105068e-15
3.144519999999999982e+02 1.240567905548273065e-15
3.138079999999999927e+02 1.197885993782797442e-15
3.131619999999999777e+02 1.171578348169299273e-15
3.125179999999999723e+02 1.134745023112195168e-15
3.118729999999999905e+02 1.146055963189238094e-15
3.112269999999999754e+02 1.332291040413870165e-15
3.105830000000000268e+02 1.247670904571815819e-15
3.099370000000000118e+02 1.211002626299438580e-15
3.092919999999999732e+02 1.221806934504691580e-15
3.086469999999999914e+02 1.185511368457552460e-15
3.080009999999999764e+02 1.289703055987262258e-15
3.073570000000000277e+02 1.346405904984003941e-15
3.067099999999999795e+02 1.361563863914188061e-15
3.060649999999999977e+02 1.335353640625439918e-15
3.054200000000000159e+02 1.324650287622849788e-15
3.047740000000000009e+02 1.314135346358332632e-15
3.041290000000000191e+02 1.303670732875927530e-15
3.034820000000000277e+02 1.439400139317051810e-15
3.028369999999999891e+02 1.523795000049222892e-15
3.021920000000000073e+02 1.587315580347676572e-15
3.015450000000000159e+02 1.535942414419205720e-15
3.008999999999999773e+02 1.430228928223914545e-15
3.002529999999999859e+02 1.567503290947853188e-15
2.996080000000000041e+02 1.501848360704399972e-15
2.989610000000000127e+02 1.426817491392366949e-15
2.983149999999999977e+02 1.547682812038417193e-15
2.976700000000000159e+02 1.478002945471088620e-15
2.970230000000000246e+02 1.481287683123435471e-15
2.963770000000000095e+02 1.383385561506212352e-15
2.957300000000000182e+02 1.348797171481195472e-15
2.950840000000000032e+02 1.385960529183719124e-15
2.944370000000000118e+02 1.280168460790157334e-15
2.937909999999999968e+02 1.317252912379904531e-15
2.931429999999999723e+02 1.537689989631998702e-15
2.924970000000000141e+02 1.526347169268426725e-15
2.918500000000000227e+02 1.449648481393318746e-15
2.912040000000000077e+02 1.420054844149487038e-15
2.905570000000000164e+02 1.483174400343037146e-15
2.899100000000000250e+02 1.564431105162428492e-15
2.892629999999999768e+02 1.685986596778674493e-15
2.886159999999999854e+02 1.756363214484743489e-15
2.879689999999999941e+02 1.803211962262016058e-15
2.873210000000000264e+02 1.804313199233622560e-15
2.866750000000000114e+02 1.778258497831910960e-15
2.860269999999999868e+02 1.869149417615597821e-15
2.853799999999999955e+02 1.896584457847090250e-15
2.847320000000000277e+02 1.870316859249711003e-15
2.840849999999999795e+02 1.954941038317720180e-15
2.834370000000000118e+02 1.990330087452587610e-15
2.827900000000000205e+02 2.073496848961645705e-15
2.821419999999999959e+02 2.142897637747826376e-15
2.814950000000000045e+02 2.172259069748651255e-15
2.808469999999999800e+02 2.249168160502302604e-15
2.801990000000000123e+02 2.169978403169270482e-15
2.795509999999999877e+02 2.117161956864771644e-15
2.789039999999999964e+02 2.137541066434372990e-15
2.782549999999999955e+02 2.131909320369989263e-15
2.776080000000000041e+02 2.130643595371969206e-15
2.769590000000000032e+02 2.095553567302309930e-15
2.763120000000000118e+02 2.132008610569166654e-15
2.756630000000000109e+02 2.088838327842411133e-15
2.750149999999999864e+02 2.120620007530826053e-15
2.743659999999999854e+02 2.292878657878388711e-15
2.737189999999999941e+02 2.422122666289113415e-15
2.730699999999999932e+02 2.451893542112087751e-15
2.724220000000000255e+02 2.411814335489510325e-15
2.717730000000000246e+02 2.351844308219777186e-15
2.711240000000000236e+02 2.304401130074746471e-15
2.704759999999999991e+02 2.229285740363808410e-15
2.698260000000000218e+02 2.262748620410339992e-15
2.691779999999999973e+02 2.331732448389777987e-15
2.685289999999999964e+02 2.213625540716844663e-15
2.678809999999999718e+02 2.179335039019936699e-15
2.672309999999999945e+02 2.137629637107419874e-15
2.665830000000000268e+02 2.178163679694670998e-15
2.659329999999999927e+02 2.323302243612389029e-15
2.652839999999999918e+02 2.381873182361728862e-15
2.646349999999999909e+02 2.478239929593390153e-15
2.639850000000000136e+02 2.408793914711665743e-15
2.633369999999999891e+02 2.374165663288869261e-15
2.626870000000000118e+02 2.431022148804005828e-15
2.620380000000000109e+02 2.370155892003824823e-15
2.613879999999999768e+02 2.460009780018713311e-15
2.607400000000000091e+02 2.403236623724274058e-15
2.600899999999999750e+02 2.290846414429937945e-15
2.594390000000000214e+02 2.342532487242642975e-15
2.587900000000000205e+02 2.290388910979212576e-15
2.581399999999999864e+02 2.290076738497164090e-15
2.574909999999999854e+02 2.264156964311437482e-15
2.568410000000000082e+02 2.365473611750417562e-15
2.561899999999999977e+02 2.440465375479130092e-15
2.555409999999999968e+02 2.388684193595884415e-15
2.548899999999999864e+02 2.433963671069036238e-15
2.542410000000000139e+02 2.425374973931051365e-15
2.535910000000000082e+02 2.338730419895950790e-15
2.529399999999999977e+02 2.333910921649926965e-15
2.522899999999999920e+02 2.360798126159467330e-15
2.516399999999999864e+02 2.428987334379510943e-15
2.509900000000000091e+02 2.315958905855023920e-15
2.503389999999999986e+02 2.317926373633443278e-15
2.496879999999999882e+02 2.364522444916269876e-15
2.490380000000000109e+02 2.369377502237889834e-15
2.483870000000000005e+02 2.435461978888963150e-15
2.477359999999999900e+02 2.493901565990764993e-15
2.470860000000000127e+02 2.457465662363513324e-15
2.464350000000000023e+02 2.525040579387557581e-15
2.457849999999999966e+02 2.412016232475905016e-15
2.451330000000000098e+02 2.462377629935249135e-15
2.444819999999999993e+02 2.409922301076016432e-15
2.438319999999999936e+02 2.364589647266773368e-15
2.431800000000000068e+02 2.329244203115389201e-15
2.425289999999999964e+02 2.316960518874650071e-15
2.418779999999999859e+02 2.401436521851752036e-15
2.412270000000000039e+02 2.456150879443782581e-15
2.405749999999999886e+02 2.392048789771220190e-15
2.399240000000000066e+02 2.487176193528182581e-15
2.392719999999999914e+02 2.473927534717110929e-15
2.386200000000000045e+02 2.514042362555887731e-15
2.379699999999999989e+02 2.494272671499684251e-15
2.373180000000000121e+02 2.555377974858746262e-15
2.366670000000000016e+02 2.541632052673542171e-15
2.360149999999999864e+02 2.530822148181356105e-15
2.353629999999999995e+02 2.572117086980562906e-15
2.347100000000000080e+02 2.658402408472382618e-15
2.340600000000000023e+02 2.634749773665715644e-15
2.334070000000000107e+02 2.614287551291189557e-15
2.327549999999999955e+02 2.704608118683389498e-15
2.321040000000000134e+02 2.769937050031710571e-15
2.314509999999999934e+02 2.745761575998122021e-15
2.307980000000000018e+02 2.806919777638700190e-15
2.301469999999999914e+02 2.791314331173236932e-15
2.294939999999999998e+02 2.746616200503749952e-15
2.288420000000000130e+02 2.682069476886787959e-15
2.281899999999999977e+02 2.767642325849991432e-15
2.275370000000000061e+02 2.829243037515085036e-15
2.268839999999999861e+02 2.858811248350058147e-15
2.262330000000000041e+02 2.913180399907868604e-15
2.255800000000000125e+02 2.986599458398520218e-15
2.249269999999999925e+02 2.972392773052209399e-15
2.242729999999999961e+02 2.977686008385872262e-15
2.236220000000000141e+02 3.032391823102574581e-15
2.229679999999999893e+02 3.039712717370307075e-15
2.223149999999999977e+02 3.052133342783643958e-15
2.216630000000000109e+02 2.999286427907270863e-15
2.210099999999999909e+02 2.941272596260342255e-15
2.203559999999999945e+02 2.881146304671008875e-15
2.197019999999999982e+02 2.848317516892300763e-15
2.190500000000000114e+02 2.850214980680821782e-15
2.183969999999999914e+02 2.838700059715838642e-15
2.177429999999999950e+02 2.819330866964453615e-15
2.170889999999999986e+02 2.826105712703976620e-15
2.164370000000000118e+02 2.770472199651817534e-15
2.157829999999999870e+02 2.800355361752196206e-15
2.151289999999999907e+02 2.763100635889891265e-15
2.144749999999999943e+02 2.822877927242849299e-15
2.138220000000000027e+02 2.813519468993977627e-15
2.131680000000000064e+02 2.809089404929228296e-15
2.125140000000000100e+02 2.814597175558086488e-15
2.118600000000000136e+02 2.760278928611680689e-15
2.112069999999999936e+02 2.802736454991864585e-15
2.105529999999999973e+02 2.770882814562319123e-15
2.098979999999999961e+02 2.741710724139323172e-15
2.092439999999999998e+02 2.695699988147362140e-15
2.085910000000000082e+02 2.681547784363349770e-15
2.079360000000000070e+02 2.662556409352671268e-15
2.072820000000000107e+02 2.638891732076994102e-15
2.066270000000000095e+02 2.572807036299281750e-15
2.059739999999999895e+02 2.603751887481788566e-15
2.053189999999999884e+02 2.585044014430753594e-15
2.046639999999999873e+02 2.547926671819004953e-15
2.040089999999999861e+02 2.541047080732724653e-15
2.033540000000000134e+02 2.527223521917706494e-15
2.027009999999999934e+02 2.447544109774809772e-15
2.020459999999999923e+02 2.413813427155292086e-15
2.013909999999999911e+02 2.353426104196207511e-15
2.007350000000000136e+02 2.391873374582344829e-15
2.000800000000000125e+02 2.360945831245922375e-15
1.994259999999999877e+02 2.303822794656918399e-15
1.987709999999999866e+02 2.291063514899323556e-15
1.981160000000000139e+02 2.263146356730885042e-15
1.974600000000000080e+02 2.282898550276449149e-15
1.968050000000000068e+02 2.227140618352749196e-15
1.961510000000000105e+02 2.206219485919256731e-15
1.954950000000000045e+02 2.244606385634916142e-15
1.948389999999999986e+02 2.189729698324951135e-15
1.941839999999999975e+02 2.154287419435404181e-15
1.935279999999999916e+02 2.162753833210902505e-15
1.928739999999999952e+02 2.177155645367219934e-15
1.922179999999999893e+02 2.158463916602584791e-15
1.915620000000000118e+02 2.200897076597508081e-15
1.909060000000000059e+02 2.262869155519943529e-15
1.902500000000000000e+02 2.281691816603161267e-15
1.895939999999999941e+02 2.236219987240877613e-15
1.889389999999999930e+02 2.278334600531614199e-15
1.882829999999999870e+02 2.306009394573308573e-15
1.876270000000000095e+02 2.337023024661585088e-15
1.869699999999999989e+02 2.313152491459977293e-15
1.863139999999999930e+02 2.297125040588977378e-15
1.856570000000000107e+02 2.246663930043456956e-15
1.850010000000000048e+02 2.208211611476305210e-15
1.843460000000000036e+02 2.226713999226513123e-15
1.836889999999999930e+02 2.257894669535318763e-15
1.830329999999999870e+02 2.286563849702459338e-15
1.823760000000000048e+02 2.296241866677580631e-15
1.817189999999999941e+02 2.268931481710640634e-15
1.810620000000000118e+02 2.365628608944356590e-15
1.804050000000000011e+02 2.433629488559607591e-15
1.797500000000000000e+02 2.453736288678140282e-15
1.790929999999999893e+02 2.507327985831306382e-15
1.784360000000000070e+02 2.498020516019361149e-15
1.777789999999999964e+02 2.513224900948563969e-15
1.771220000000000141e+02 2.512269616466305234e-15
1.764650000000000034e+02 2.512919193603040109e-15
1.758069999999999879e+02 2.520152429588137788e-15
1.751500000000000057e+02 2.486225957787502438e-15
1.744939999999999998e+02 2.496520243130219146e-15
1.738369999999999891e+02 2.536756364382596918e-15
1.731790000000000020e+02 2.556132116101417060e-15
1.725219999999999914e+02 2.584966633980261684e-15
1.718640000000000043e+02 2.624611285778230639e-15
1.712059999999999889e+02 2.651993346019341328e-15
1.705490000000000066e+02 2.670728150306327164e-15
1.698909999999999911e+02 2.674424308003887065e-15
1.692330000000000041e+02 2.652371178769889284e-15
1.685749999999999886e+02 2.627244711580977449e-15
1.679190000000000111e+02 2.644673674063432945e-15
1.672609999999999957e+02 2.619519150253737672e-15
1.666030000000000086e+02 2.657816126142283383e-15
1.659449999999999932e+02 2.604903839057937066e-15
1.652870000000000061e+02 2.540427813578915342e-15
1.646279999999999859e+02 2.532458907189450247e-15
1.639699999999999989e+02 2.549839772087211251e-15
1.633120000000000118e+02 2.583055481310265852e-15
1.626539999999999964e+02 2.575744172671683703e-15
1.619950000000000045e+02 2.531736251748122748e-15
1.613369999999999891e+02 2.509966844327469469e-15
1.606779999999999973e+02 2.462380548421886016e-15
1.600190000000000055e+02 2.453807044849529584e-15
1.593609999999999900e+02 2.459329214111286079e-15
1.587040000000000077e+02 2.450521008069442445e-15
1.580449999999999875e+02 2.454016134248708490e-15
1.573859999999999957e+02 2.431012959475190062e-15
1.567270000000000039e+02 2.435500224263303501e-15
1.560680000000000121e+02 2.412554832847487750e-15
1.554089999999999918e+02 2.404528301339626191e-15
1.547500000000000000e+02 2.403037745030856400e-15
1.540910000000000082e+02 2.380172610250536804e-15
1.534319999999999879e+02 2.370524738121203554e-15
1.527729999999999961e+02 2.359490632205347329e-15
1.521140000000000043e+02 2.331619708108792620e-15
1.514540000000000077e+02 2.318017817959568024e-15
1.507949999999999875e+02 2.304393134469355542e-15
1.501359999999999957e+02 2.368627439117150323e-15
1.494759999999999991e+02 2.381686097771943789e-15
1.488170000000000073e+02 2.379423906510241470e-15
1.481570000000000107e+02 2.416068324816399860e-15
1.474970000000000141e+02 2.400857146876228600e-15
1.468379999999999939e+02 2.414487894866727372e-15
1.461779999999999973e+02 2.415668888387828898e-15
1.455180000000000007e+02 2.443679460333361968e-15
1.448580000000000041e+02 2.443998965277752071e-15
1.441980000000000075e+02 2.383692453660285648e-15
1.435380000000000109e+02 2.396588511030636154e-15
1.428779999999999859e+02 2.398696380070998634e-15
1.422179999999999893e+02 2.420792500430352793e-15
1.415579999999999927e+02 2.419816849412150437e-15
1.408979999999999961e+02 2.412998950309058895e-15
1.402379999999999995e+02 2.403790838082534537e-15
1.395769999999999982e+02 2.390061590001662661e-15
1.389170000000000016e+02 2.408643904589683579e-15
1.382560000000000002e+02 2.460631703790027788e-15
1.375960000000000036e+02 2.484937161683958323e-15
1.369350000000000023e+02 2.502149072427555365e-15
1.362750000000000057e+02 2.500051317664879647e-15
1.356140000000000043e+02 2.522276225533212312e-15
1.349540000000000077e+02 2.540685446450778615e-15
1.342930000000000064e+02 2.586559911966188853e-15
1.336320000000000050e+02 2.630166433586175236e-15
1.329710000000000036e+02 2.650832841999111590e-15
1.323100000000000023e+02 2.657996031460914117e-15
1.316490000000000009e+02 2.702374415042837281e-15
1.309879999999999995e+02 2.706180898820088085e-15
1.303269999999999982e+02 2.702886339674131711e-15
1.296659999999999968e+02 2.743382481066097755e-15
1.290049999999999955e+02 2.751052350358401573e-15
1.283420000000000130e+02 2.739647091443068369e-15
1.276809999999999974e+02 2.734504618909115530e-15
1.270190000000000055e+02 2.753320850401716948e-15
1.263580000000000041e+02 2.711578155902976451e-15
1.256959999999999980e+02 2.661363363151297867e-15
1.250349999999999966e+02 2.655498539935967496e-15
1.243730000000000047e+02 2.638928098983945986e-15
1.237120000000000033e+02 2.612861557057206198e-15
1.230499999999999972e+02 2.603815084152536860e-15
1.223880000000000052e+02 2.583606645261789015e-15
1.217259999999999991e+02 2.524451915425650294e-15
1.210639999999999930e+02 2.455462616523598251e-15
1.204030000000000058e+02 2.437849573560718191e-15
1.197409999999999997e+02 2.407306851611644248e-15
1.190780000000000030e+02 2.333330367541192271e-15
1.184150000000000063e+02 2.302046803069656367e-15
1.177530000000000001e+02 2.255631096462444513e-15
1.170909999999999940e+02 2.198304035422325667e-15
1.164279999999999973e+02 2.142554188093475947e-15
1.157660000000000053e+02 2.110943737859939935e-15
1.151039999999999992e+02 2.072942097919390537e-15
1.144410000000000025e+02 2.019984634131407437e-15
1.137789999999999964e+02 1.970012493784825430e-15
1.131159999999999997e+02 1.948731764184553785e-15
1.124539999999999935e+02 1.916233580499670538e-15
1.117890000000000015e+02 1.881864829231686646e-15
1.111269999999999953e+02 1.864646788237051108e-15
1.104639999999999986e+02 1.827570980119678931e-15
1.098010000000000019e+02 1.794365838242999261e-15
1.091380000000000052e+02 1.756231481941826155e-15
1.084749999999999943e+02 1.732464625616256668e-15
1.078119999999999976e+02 1.671137166474668465e-15
1.071490000000000009e+02 1.630870341803828230e-15
1.064849999999999994e+02 1.550386045047427951e-15
1.058209999999999980e+02 1.481682834785248130e-15
1.051580000000000013e+02 1.399484524426306416e-15
1.044950000000000045e+02 1.366724690267792633e-15
1.038319999999999936e+02 1.303041025356250158e-15
1.031680000000000064e+02 1.246558127109700050e-15
1.025049999999999955e+02 1.194160626443205592e-15
1.018400000000000034e+02 1.167735264332320341e-15
1.011760000000000019e+02 1.129121718863752146e-15
1.005130000000000052e+02 1.129194540430340471e-15
9.984900000000000375e+01 1.120006263171486994e-15
9.918529999999999802e+01 1.105816138683624450e-15
9.852150000000000318e+01 1.087860452874972812e-15
9.785769999999999413e+01 1.107157162385199189e-15
9.719230000000000302e+01 1.132048203281710328e-15
9.652830000000000155e+01 1.154355444919746930e-15
9.586430000000000007e+01 1.169525807142012614e-15
9.520029999999999859e+01 1.192609848076055909e-15
9.453610000000000468e+01 1.229253192576789519e-15
9.387199999999999989e+01 1.264533295105730690e-15
9.320619999999999550e+01 1.283430248728116393e-15
9.254200000000000159e+01 1.306140660438378129e-15
9.187760000000000105e+01 1.298447997653103300e-15
9.121320000000000050e+01 1.299452339532166648e-15
9.054879999999999995e+01 1.289434702088103843e-15
8.988280000000000314e+01 1.304226237478066690e-15
8.921819999999999595e+01 1.296729139139053604e-15
8.855360000000000298e+01 1.278024011355056626e-15
8.788890000000000668e+01 1.258572448231421784e-15
8.722419999999999618e+01 1.270036853973429073e-15
8.655939999999999657e+01 1.276078177917039751e-15
8.589300000000000068e+01 1.289406350219432161e-15
8.522809999999999775e+01 1.285525523396477728e-15
8.456319999999999482e+01 1.290546171844890003e-15
8.389820000000000277e+01 1.276754078264091407e-15
8.323160000000000025e+01 1.276526041078198303e-15
8.256650000000000489e+01 1.268175473020257767e-15
8.190130000000000621e+01 1.270171964550555305e-15
8.123609999999999332e+01 1.261959594461067361e-15
8.057080000000000553e+01 1.234177751206882520e-15
7.990389999999999304e+01 1.226148934764077154e-15
7.923850000000000193e+01 1.224606561153112914e-15
7.857299999999999329e+01 1.226429273396973725e-15
7.790749999999999886e+01 1.222552608109308709e-15
7.724039999999999395e+01 1.212572980961564207e-15
7.657479999999999620e+01 1.208672740545042217e-15
7.590909999999999513e+01 1.184276926012084234e-15
7.524339999999999407e+01 1.180248576469353877e-15
7.457760000000000389e+01 1.168942711213202916e-15
7.391020000000000323e+01 1.137754859216235443e-15
7.324429999999999552e+01 1.118344284444249230e-15
7.257829999999999870e+01 1.085155521436434539e-15
7.191230000000000189e+01 1.060183822210595042e-15
7.124469999999999459e+01 1.045236373297865223e-15
7.057850000000000534e+01 1.023345862364669639e-15
6.991230000000000189e+01 1.017131152852486731e-15
6.924609999999999843e+01 9.900803005897262349e-16
6.857829999999999870e+01 9.751423629755049160e-16
6.791190000000000282e+01 9.581791761895565624e-16
6.724550000000000693e+01 9.364870750965479883e-16
6.657750000000000057e+01 9.200448100669411379e-16
6.591100000000000136e+01 8.951911643100494776e-16
6.524439999999999884e+01 8.794075463129234641e-16
6.457769999999999300e+01 8.587828264500867861e-16
6.390950000000000131e+01 8.354134591848366665e-16
6.324269999999999925e+01 8.194927084845392686e-16
6.257589999999999719e+01 8.078779626213025467e-16
6.190899999999999892e+01 7.947009049308557603e-16
6.124060000000000059e+01 7.787665060001755108e-16
6.057359999999999900e+01 7.646424893093220855e-16
5.990659999999999741e+01 7.511992973750401798e-16
5.923799999999999955e+01 7.260726960328565601e-16
5.857079999999999842e+01 7.002082588143387170e-16
5.790359999999999729e+01 6.872407052654293818e-16
5.723629999999999995e+01 6.687796921034600829e-16
5.656750000000000256e+01 6.458928301149661357e-16
5.590010000000000190e+01 6.329104354755244506e-16
5.523270000000000124e+01 6.153571573221582345e-16
5.456360000000000099e+01 6.014336063648834253e-16
5.389609999999999701e+01 5.901270368923238072e-16
5.322849999999999682e+01 5.833122591434580769e-16
5.255930000000000035e+01 5.793869991734603186e-16
5.189159999999999684e+01 5.599478922176295485e-16
5.122379999999999711e+01 5.495206546621814441e-16
5.055440000000000111e+01 5.374616714374272922e-16
4.988660000000000139e+01 5.221352925284326175e-16
4.921860000000000213e+01 5.065167829923510491e-16
4.854910000000000281e+01 4.919354452317399154e-16
4.788100000000000023e+01 4.822828601063794680e-16
4.721289999999999765e+01 4.693322554291378320e-16
4.654319999999999879e+01 4.535857643596757004e-16
4.587500000000000000e+01 4.425914216445920703e-16
4.520669999999999789e+01 4.246350706659435904e-16
4.453679999999999950e+01 4.119531050130589528e-16
4.386840000000000117e+01 4.002590531952945006e-16
4.320000000000000284e+01 3.929316266569355842e-16
4.252989999999999782e+01 3.790259021624885893e-16
4.186129999999999995e+01 3.644648652177020146e-16
4.119270000000000209e+01 3.474817454795960332e-16
4.052250000000000085e+01 3.353654922803859434e-16
3.985379999999999967e+01 3.253151666596899427e-16
3.918500000000000227e+01 3.169453162632617952e-16
3.851460000000000150e+01 3.062172245148160117e-16
3.784570000000000078e+01 2.950495417686419426e-16
3.717519999999999669e+01 2.824476952974037712e-16
3.650619999999999976e+01 2.709646684820521687e-16
3.583709999999999951e+01 2.620890440797955382e-16
3.516640000000000299e+01 2.530218092493991810e-16
3.449719999999999942e+01 2.418912160294039225e-16
3.382800000000000296e+01 2.326814907467942015e-16
3.315709999999999980e+01 2.215713417181379664e-16
3.248780000000000001e+01 2.086787550299365792e-16
3.181680000000000064e+01 1.990740661648489300e-16
3.114730000000000132e+01 1.909663591187953474e-16
3.047779999999999845e+01 1.841214552053968049e-16
2.980669999999999931e+01 1.723471730873935672e-16
2.913700000000000045e+01 1.645126616752814951e-16
2.846730000000000160e+01 1.574178481072770762e-16
2.779599999999999937e+01 1.476444706333357479e-16
2.712620000000000076e+01 1.397523893243576608e-16
2.645479999999999876e+01 1.325737321627444810e-16
2.578490000000000038e+01 1.248661632550709569e-16
2.511329999999999885e+01 1.161339775051053840e-16
2.444330000000000069e+01 1.075616050277625528e-16
2.377319999999999922e+01 1.015317939690152792e-16
2.310150000000000148e+01 9.325216450556795919e-17
2.243130000000000024e+01 8.644811012039935300e-17
2.175949999999999918e+01 7.995768941517801072e-17
2.108909999999999840e+01 7.345218513479863250e-17
2.041870000000000118e+01 6.789585883727513078e-17
1.974680000000000035e+01 6.138450021788832655e-17
1.907629999999999981e+01 5.617978635430146011e-17
1.840419999999999945e+01 5.144941815972541948e-17
1.773349999999999937e+01 4.652543483430948932e-17
1.706129999999999924e+01 4.285365426044429175e-17
1.639059999999999917e+01 3.845873072157222954e-17
1.571979999999999933e+01 3.480446357145495152e-17
1.504739999999999966e+01 3.172600990250361170e-17
1.437650000000000006e+01 2.856422870860114549e-17
1.370410000000000039e+01 2.599954155103035961e-17
1.303299999999999947e+01 2.309401571056722858e-17
1.236040000000000028e+01 2.057422631636711541e-17
1.168929999999999936e+01 1.818562380596394513e-17
1.101660000000000039e+01 1.630545927156547140e-17
1.034529999999999994e+01 1.505351301203948022e-17
9.672489999999999810e+00 1.363843728236006704e-17
9.001129999999999853e+00 1.227086114684329484e-17
8.329710000000000392e+00 1.083541722140598293e-17
7.656710000000000349e+00 9.715413870110398114e-18
6.985170000000000101e+00 9.228895429134554260e-18
6.312050000000000161e+00 8.505895218332220448e-18
5.640399999999999636e+00 7.597523352274538730e-18
4.967170000000000307e+00 6.427204295330971920e-18
4.295410000000000394e+00 5.149960966439614649e-18
3.622059999999999835e+00 3.906168251404444892e-18
2.950180000000000025e+00 2.743208344872017791e-18
2.276720000000000077e+00 1.735229107817627698e-18
1.604729999999999990e+00 8.995816844547162949e-19
9.311519999999999797e-01 3.048890660239385438e-19
2.590439999999999965e-01 2.360546459867774313e-20
