4.498670000000000186e+02 1.161137459192615885e-15
4.492339999999999804e+02 9.184005797453558854e-16
4.486009999999999991e+02 8.073223475495744283e-16
4.479680000000000177e+02 1.129896678431012345e-15
4.473360000000000127e+02 1.094412958188386284e-15
4.467029999999999745e+02 1.037432466636400171e-15
4.460690000000000168e+02 1.227860540938809656e-15
4.454359999999999786e+02 1.106690353059312221e-15
4.448029999999999973e+02 1.071628661761817162e-15
4.441689999999999827e+02 1.164481691443204887e-15
4.435360000000000014e+02 1.278024526056956252e-15
4.429019999999999868e+02 1.496852632537553108e-15
4.422699999999999818e+02 1.291975134669366534e-15
4.416360000000000241e+02 1.456815879878041342e-15
4.410029999999999859e+02 1.442234750248711969e-15
4.403690000000000282e+02 1.312574193599571110e-15
4.397350000000000136e+02 1.308903794519887752e-15
4.391009999999999991e+02 1.274023959417482250e-15
4.384669999999999845e+02 1.031600319393891918e-15
4.378330000000000268e+02 1.101115255903158468e-15
4.371990000000000123e+02 1.015449909489124586e-15
4.365649999999999977e+02 1.084614520514524134e-15
4.359329999999999927e+02 8.454760906185158575e-16
4.352980000000000018e+02 6.997568771606816632e-16
4.346639999999999873e+02 6.875797074558446704e-16
4.340299999999999727e+02 7.161327481337087889e-16
4.333960000000000150e+02 7.140883033975828425e-16
4.327610000000000241e+02 9.751686726806026735e-16
4.321270000000000095e+02 8.815334732263287045e-16
4.314920000000000186e+02 7.280681197803073250e-16
4.308580000000000041e+02 6.557439688983004831e-16
4.302230000000000132e+02 7.239074336840699951e-16
4.295889999999999986e+02 8.315535455484747982e-16
4.289540000000000077e+02 6.898319179896581512e-16
4.283190000000000168e+02 7.771401768083780441e-16
4.276859999999999786e+02 7.750231620180057325e-16
4.270509999999999877e+02 6.642221126835538198e-16
4.264159999999999968e+02 5.541191860960751605e-16
4.257810000000000059e+02 6.603210341405073098e-16
4.251460000000000150e+02 7.365933158602920618e-16
4.245110000000000241e+02 8.806133580874767584e-16
4.238759999999999764e+02 8.877345155392417539e-16
4.232409999999999854e+02 9.723784664264103173e-16
4.226050000000000182e+02 8.535932884505285129e-16
4.219700000000000273e+02 8.703707957582134968e-16
4.213349999999999795e+02 8.966215196298172440e-16
4.206990000000000123e+02 1.028012414171229116e-15
4.200640000000000214e+02 1.034525384695024316e-15
4.194289999999999736e+02 1.145654971677528573e-15
4.187930000000000064e+02 9.239886177010154697e-16
4.181569999999999823e+02 8.739312069337200083e-16
4.175219999999999914e+02 9.279634768212675883e-16
4.168860000000000241e+02 1.132099855812105108e-15
4.162500000000000000e+02 1.231883823307842392e-15
4.156150000000000091e+02 1.246929069558839498e-15
4.149789999999999850e+02 1.280466224661571146e-15
4.143430000000000177e+02 1.313785272204270699e-15
4.137069999999999936e+02 1.180109414410065821e-15
4.130710000000000264e+02 1.370572247204142937e-15
4.124350000000000023e+02 1.458552381245670702e-15
4.117989999999999782e+02 1.527636492976753561e-15
4.111630000000000109e+02 1.468069473016729044e-15
4.105260000000000105e+02 1.408874510729575179e-15
4.098899999999999864e+02 1.450103676608405507e-15
4.092540000000000191e+02 1.246151849209350360e-15
4.086170000000000186e+02 1.260426790681858272e-15
4.079809999999999945e+02 1.337741996927131928e-15
4.073439999999999941e+02 1.279718426886461364e-15
4.067080000000000268e+02 1.222036870093222065e-15
4.060710000000000264e+02 1.361206385410119067e-15
4.054350000000000023e+02 1.161096114138733677e-15
4.047980000000000018e+02 1.184185189582466867e-15
4.041610000000000014e+02 1.145129124207155241e-15
4.035240000000000009e+02 1.229867916384377510e-15
4.028879999999999768e+02 1.041337551108341016e-15
4.022509999999999764e+02 1.125784768988726323e-15
4.016139999999999759e+02 9.299767149367147942e-16
4.009769999999999754e+02 9.445229871999384798e-16
4.003399999999999750e+02 7.417149613455255047e-16
3.997029999999999745e+02 8.953250348496717101e-16
3.990649999999999977e+02 8.406988605783039129e-16
3.984279999999999973e+02 6.746107835537751764e-16
3.977909999999999968e+02 6.296311412066190885e-16
3.971519999999999868e+02 6.103401711192882550e-16
3.965149999999999864e+02 4.806428749780098430e-16
3.958770000000000095e+02 5.470968380280182616e-16
3.952400000000000091e+02 3.589886770926764375e-16
3.946019999999999754e+02 4.930059811253636570e-16
3.939649999999999750e+02 3.482860434206286888e-16
3.933269999999999982e+02 3.303952958792101935e-16
3.926890000000000214e+02 5.217672071037845583e-16
3.920520000000000209e+02 4.867673889595144515e-16
3.914139999999999873e+02 6.348285774515828366e-16
3.907760000000000105e+02 6.410187222708402896e-16
3.901379999999999768e+02 8.536596217448734694e-16
3.895000000000000000e+02 1.040385986446382252e-15
3.888609999999999900e+02 9.387278492251721056e-16
3.882230000000000132e+02 9.601861435294759385e-16
3.875849999999999795e+02 1.054940464223433546e-15
3.869460000000000264e+02 1.140934162118996180e-15
3.863079999999999927e+02 1.242583719196476822e-15
3.856700000000000159e+02 1.303158542540175231e-15
3.850319999999999823e+02 1.371371260735011886e-15
3.843929999999999723e+02 1.238513144346887964e-15
3.837549999999999955e+02 1.314415005902504089e-15
3.831159999999999854e+02 1.270373051806315769e-15
3.824759999999999991e+02 1.250222616468285851e-15
3.818380000000000223e+02 1.198653918000644013e-15
3.811990000000000123e+02 9.974309468689001780e-16
3.805600000000000023e+02 1.104341165397711622e-15
3.799220000000000255e+02 1.053662769341241922e-15
3.792830000000000155e+02 9.329315467437920918e-16
3.786440000000000055e+02 1.007723870478817692e-15
3.780049999999999955e+02 9.266455601965997085e-16
3.773650000000000091e+02 9.547289286284689078e-16
3.767259999999999991e+02 1.236936027975039676e-15
3.760860000000000127e+02 1.209723855259764953e-15
3.754470000000000027e+02 1.458493544341155119e-15
3.748079999999999927e+02 1.438275394667849932e-15
3.741689999999999827e+02 1.509515278547206724e-15
3.735299999999999727e+02 1.587954158649754848e-15
3.728890000000000100e+02 1.605442278848857579e-15
3.722500000000000000e+02 1.479417649048608225e-15
3.716100000000000136e+02 1.669689507134929777e-15
3.709710000000000036e+02 1.529370290729594167e-15
3.703310000000000173e+02 1.464709138535694938e-15
3.696909999999999741e+02 1.415053105335300418e-15
3.690500000000000114e+02 1.447221995402284462e-15
3.684110000000000014e+02 1.368498502491471945e-15
3.677710000000000150e+02 1.334393007124949716e-15
3.671309999999999718e+02 1.271165207465206284e-15
3.664909999999999854e+02 1.456869226692024291e-15
3.658509999999999991e+02 1.342565316536179111e-15
3.652099999999999795e+02 1.338033950481476372e-15
3.645699999999999932e+02 1.499728521021531175e-15
3.639300000000000068e+02 1.465753069746906051e-15
3.632900000000000205e+02 1.446273233743607998e-15
3.626490000000000009e+02 1.477016120336470077e-15
3.620079999999999814e+02 1.436340444562731939e-15
3.613670000000000186e+02 1.410014501269235572e-15
3.607269999999999754e+02 1.306006564427912670e-15
3.600869999999999891e+02 1.343835598259189051e-15
3.594460000000000264e+02 1.212644996159124019e-15
3.588039999999999736e+02 1.117012324559928576e-15
3.581639999999999873e+02 1.078269973868790295e-15
3.575230000000000246e+02 9.909857385171175464e-16
3.568829999999999814e+02 1.112231063744560544e-15
3.562420000000000186e+02 1.073784270705744634e-15
3.556000000000000227e+02 1.090757900212279493e-15
3.549590000000000032e+02 1.141780374044452311e-15
3.543179999999999836e+02 1.028313539299057932e-15
3.536770000000000209e+02 1.058813798845006905e-15
3.530350000000000250e+02 1.211154177819017525e-15
3.523940000000000055e+02 1.247440570528896634e-15
3.517520000000000095e+02 1.242984606306543670e-15
3.511109999999999900e+02 1.003381742347453656e-15
3.504689999999999941e+02 1.086849552781524520e-15
3.498269999999999982e+02 1.116280949803120723e-15
3.491859999999999786e+02 1.092332247453120690e-15
3.485450000000000159e+02 1.068605593779892925e-15
3.479019999999999868e+02 1.044817285411259006e-15
3.472599999999999909e+02 9.753653653841483974e-16
3.466190000000000282e+02 9.587197373410624490e-16
3.459769999999999754e+02 9.291168977296892428e-16
3.453340000000000032e+02 1.010295035303263154e-15
3.446929999999999836e+02 1.058436232221490277e-15
3.440509999999999877e+02 1.015809202584638049e-15
3.434089999999999918e+02 9.992139718576843992e-16
3.427660000000000196e+02 9.314900548691745835e-16
3.421240000000000236e+02 1.062173421207299981e-15
3.414820000000000277e+02 1.090055843045330636e-15
3.408399999999999750e+02 1.079629816977229950e-15
3.401970000000000027e+02 1.132544492227862353e-15
3.395539999999999736e+02 1.140899827025690175e-15
3.389119999999999777e+02 1.105276620277895091e-15
3.382690000000000055e+02 1.132504988532743813e-15
3.376259999999999764e+02 1.283736136413179759e-15
3.369839999999999804e+02 1.378109497307837936e-15
3.363419999999999845e+02 1.317428024576018574e-15
3.356979999999999791e+02 1.232472290084271712e-15
3.350550000000000068e+02 1.209469249745607589e-15
3.344130000000000109e+02 1.150041987196594516e-15
3.337690000000000055e+02 1.163850652130492079e-15
3.331259999999999764e+02 1.189772623600822187e-15
3.324830000000000041e+02 1.348162942634250186e-15
3.318389999999999986e+02 1.271049631010305879e-15
3.311960000000000264e+02 1.367935052852998296e-15
3.305539999999999736e+02 1.320933081686471795e-15
3.299110000000000014e+02 1.399090867306785741e-15
3.292660000000000196e+02 1.447071013376925273e-15
3.286229999999999905e+02 1.524113838472006333e-15
3.279800000000000182e+02 1.494818125764606433e-15
3.273360000000000127e+02 1.447966227933592691e-15
3.266929999999999836e+02 1.308325971385085367e-15
3.260489999999999782e+02 1.280041319574709652e-15
3.254049999999999727e+02 1.246135012325942655e-15
3.247610000000000241e+02 1.310471749574884489e-15
3.241179999999999950e+02 1.259460190245977996e-15
3.234730000000000132e+02 1.288829130355099464e-15
3.228290000000000077e+02 1.289439476462767225e-15
3.221840000000000259e+02 1.392290407416895786e-15
3.215409999999999968e+02 1.398066152048549260e-15
3.208969999999999914e+02 1.510696710954307791e-15
3.202520000000000095e+02 1.572159020410069887e-15
3.196080000000000041e+02 1.560306207615452159e-15
3.189639999999999986e+02 1.604191090597688296e-15
3.183190000000000168e+02 1.669869520367046076e-15
3.176750000000000114e+02 1.563914253490832400e-15
3.170310000000000059e+02 1.398447379647990891e-15
3.163860000000000241e+02 1.392647835020851225e-15
3.157420000000000186e+02 1.354467190441301818e-15
3.150980000000000132e+02 1.267580952685354709e-15
3.144519999999999982e+02 1.240768989969470717e-15
3.138079999999999927e+02 1.198086762735451019e-15
3.131619999999999777e+02 1.171778800098287632e-15
3.125179999999999723e+02 1.134945158423201863e-15
3.118729999999999905e+02 1.146255780812166996e-15
3.112269999999999754e+02 1.332490539273732826e-15
3.105830000000000268e+02 1.247870085073106389e-15
3.099370000000000118e+02 1.211201486867069254e-15
3.092919999999999732e+02 1.222005475045775170e-15
3.086469999999999914e+02 1.185709588382208363e-15
3.080009999999999764e+02 1.289900954204952790e-15
3.073570000000000277e+02 1.346603481897373964e-15
3.067099999999999795e+02 1.361761117427692674e-15
3.060649999999999977e+02 1.335550571139173202e-15
3.054200000000000159e+02 1.324846894535945265e-15
3.047740000000000009e+02 1.314331628564619564e-15
3.041290000000000191e+02 1.303866690272321912e-15
3.034820000000000277e+02 1.439595770286109334e-15
3.028369999999999891e+02 1.523990304989398778e-15
3.021920000000000073e+02 1.587510558647126752e-15
3.015450000000000159e+02 1.536137064448197403e-15
3.008999999999999773e+02 1.430423250380009766e-15
3.002529999999999859e+02 1.567697283593089955e-15
2.996080000000000041e+02 1.502042024235785356e-15
2.989610000000000127e+02 1.427010824163690234e-15
2.983149999999999977e+02 1.547875813933483311e-15
2.976700000000000159e+02 1.478195616374425294e-15
2.970230000000000246e+02 1.481480021376417091e-15
2.963770000000000095e+02 1.383577566988984125e-15
2.957300000000000182e+02 1.348988843041458809e-15
2.950840000000000032e+02 1.386151866699202358e-15
2.944370000000000118e+02 1.280359463102204051e-15
2.937909999999999968e+02 1.317443579363849069e-15
2.931429999999999723e+02 1.537880319602237789e-15
2.924970000000000141e+02 1.526537162617504845e-15
2.918500000000000227e+02 1.449838136949843916e-15
2.912040000000000077e+02 1.420244161784073447e-15
2.905570000000000164e+02 1.483363378877922760e-15
2.899100000000000250e+02 1.564619743940269718e-15
2.892629999999999768e+02 1.686174895139951074e-15
2.886159999999999854e+02 1.756551171767764814e-15
2.879689999999999941e+02 1.803399577802925501e-15
2.873210000000000264e+02 1.804500471836655493e-15
2.866750000000000114e+02 1.778445427888366845e-15
2.860269999999999868e+02 1.869336003393580662e-15
2.853799999999999955e+02 1.896770699204878425e-15
2.847320000000000277e+02 1.870502754978757771e-15
2.840849999999999795e+02 1.955126588274084065e-15
2.834370000000000118e+02 1.990515290421330915e-15
2.827900000000000205e+02 2.073681704796641019e-15
2.821419999999999959e+02 2.143082145227748991e-15
2.814950000000000045e+02 2.172443228725215041e-15
2.808469999999999800e+02 2.249351969747801757e-15
2.801990000000000123e+02 2.170161861991985218e-15
2.795509999999999877e+02 2.117345064570859354e-15
2.789039999999999964e+02 2.137723822871330689e-15
2.782549999999999955e+02 2.132091723752827066e-15
2.776080000000000041e+02 2.130825646089585678e-15
2.769590000000000032e+02 2.095735263561183259e-15
2.763120000000000118e+02 2.132189952758332275e-15
2.756630000000000109e+02 2.089019314159817675e-15
2.750149999999999864e+02 2.120800637815715103e-15
2.743659999999999854e+02 2.293058930869054953e-15
2.737189999999999941e+02 2.422302582375019056e-15
2.730699999999999932e+02 2.452073099474105344e-15
2.724220000000000255e+02 2.411993533963001839e-15
2.717730000000000246e+02 2.352023146530365437e-15
2.711240000000000236e+02 2.304579607499287403e-15
2.704759999999999991e+02 2.229463856734856039e-15
2.698260000000000218e+02 2.262926373885185451e-15
2.691779999999999973e+02 2.331909839356896224e-15
2.685289999999999964e+02 2.213802567886101000e-15
2.678809999999999718e+02 2.179511702220291103e-15
2.672309999999999945e+02 2.137805934479087795e-15
2.665830000000000268e+02 2.178339611627129237e-15
2.659329999999999927e+02 2.323477808237326240e-15
2.652839999999999918e+02 2.382048379502407070e-15
2.646349999999999909e+02 2.478414758506587606e-15
2.639850000000000136e+02 2.408968374083094813e-15
2.633369999999999891e+02 2.374339753509597486e-15
2.626870000000000118e+02 2.431195867984446678e-15
2.620380000000000109e+02 2.370329239963220288e-15
2.613879999999999768e+02 2.460182755430399325e-15
2.607400000000000091e+02 2.403409226980870636e-15
2.600899999999999750e+02 2.291018643624907120e-15
2.594390000000000214e+02 2.342704341037771363e-15
2.587900000000000205e+02 2.290560389766112818e-15
2.581399999999999864e+02 2.290247840933859540e-15
2.574909999999999854e+02 2.264327690212094205e-15
2.568410000000000082e+02 2.365643959766994545e-15
2.561899999999999977e+02 2.440635344258192878e-15
2.555409999999999968e+02 2.388853783531590906e-15
2.548899999999999864e+02 2.434132880218786872e-15
2.542410000000000139e+02 2.425543802690144737e-15
2.535910000000000082e+02 2.338898866901333468e-15
2.529399999999999977e+02 2.334078985533174559e-15
2.522899999999999920e+02 2.360965806727415415e-15
2.516399999999999864e+02 2.429154630849332215e-15
2.509900000000000091e+02 2.316125817442154795e-15
2.503389999999999986e+02 2.318092898957652483e-15
2.496879999999999882e+02 2.364688583187134957e-15
2.490380000000000109e+02 2.369543253259661267e-15
2.483870000000000005e+02 2.435627341272673819e-15
2.477359999999999900e+02 2.494066538940935055e-15
2.470860000000000127e+02 2.457630245683054558e-15
2.464350000000000023e+02 2.525204771678878254e-15
2.457849999999999966e+02 2.412180033541112665e-15
2.451330000000000098e+02 2.462541037767337650e-15
2.444819999999999993e+02 2.410085315473895702e-15
2.438319999999999936e+02 2.364752268031487545e-15
2.431800000000000068e+02 2.329406428227797127e-15
2.425289999999999964e+02 2.317122348132702381e-15
2.418779999999999859e+02 2.401597954445665262e-15
2.412270000000000039e+02 2.456311914562276389e-15
2.405749999999999886e+02 2.392209425989088771e-15
2.399240000000000066e+02 2.487336430642378267e-15
2.392719999999999914e+02 2.474087371297008040e-15
2.386200000000000045e+02 2.514201797781864915e-15
2.379699999999999989e+02 2.494431705785625664e-15
2.373180000000000121e+02 2.555536606149826230e-15
2.366670000000000016e+02 2.541790280765945068e-15
2.360149999999999864e+02 2.530979971631213645e-15
2.353629999999999995e+02 2.572274504961393801e-15
2.347100000000000080e+02 2.658559419532606283e-15
2.340600000000000023e+02 2.634906378848897239e-15
2.334070000000000107e+02 2.614443747893070510e-15
2.327549999999999955e+02 2.704763906497445236e-15
2.321040000000000134e+02 2.770092428854023311e-15
2.314509999999999934e+02 2.745916543736904010e-15
2.307980000000000018e+02 2.807074333456209546e-15
2.301469999999999914e+02 2.791468475496054528e-15
2.294939999999999998e+02 2.746769931228941037e-15
2.288420000000000130e+02 2.682222793808536356e-15
2.281899999999999977e+02 2.767795228128661203e-15
2.275370000000000061e+02 2.829395523672102749e-15
2.268839999999999861e+02 2.858963317541130035e-15
2.262330000000000041e+02 2.913332052568656118e-15
2.255800000000000125e+02 2.986750692404385070e-15
2.249269999999999925e+02 2.972543587555932728e-15
2.242729999999999961e+02 2.977836401894941461e-15
2.236220000000000141e+02 3.032541796702369960e-15
2.229679999999999893e+02 3.039862268275213260e-15
2.223149999999999977e+02 3.052282470788595374e-15
2.216630000000000109e+02 2.999435132810305312e-15
2.210099999999999909e+02 2.941420876560861703e-15
2.203559999999999945e+02 2.881294158863748385e-15
2.197019999999999982e+02 2.848464944120858737e-15
2.190500000000000114e+02 2.850361981397729067e-15
2.183969999999999914e+02 2.838846632412464627e-15
2.177429999999999950e+02 2.819477010127612017e-15
2.170889999999999986e+02 2.826251425474695731e-15
2.164370000000000118e+02 2.770617482490693516e-15
2.157829999999999870e+02 2.800500212481676743e-15
2.151289999999999907e+02 2.763245053649427717e-15
2.144749999999999943e+02 2.823021911171432727e-15
2.138220000000000027e+02 2.813663018895499180e-15
2.131680000000000064e+02 2.809232519277858223e-15
2.125140000000000100e+02 2.814739853491647941e-15
2.118600000000000136e+02 2.760421169267680880e-15
2.112069999999999936e+02 2.802878258178128715e-15
2.105529999999999973e+02 2.771024178746550359e-15
2.098979999999999961e+02 2.741851647785063045e-15
2.092439999999999998e+02 2.695840471063137147e-15
2.085910000000000082e+02 2.681687826361520669e-15
2.079360000000000070e+02 2.662696008217875244e-15
2.072820000000000107e+02 2.639030887621451100e-15
2.066270000000000095e+02 2.572945746979486407e-15
2.059739999999999895e+02 2.603890153793791608e-15
2.053189999999999884e+02 2.585181834148670775e-15
2.046639999999999873e+02 2.548064044076750619e-15
2.040089999999999861e+02 2.541184004664372498e-15
2.033540000000000134e+02 2.527359996657534135e-15
2.027009999999999934e+02 2.447680135832877709e-15
2.020459999999999923e+02 2.413949002293518706e-15
2.013909999999999911e+02 2.353561227549743699e-15
2.007350000000000136e+02 2.392008044594995605e-15
2.000800000000000125e+02 2.361080047744056693e-15
1.994259999999999877e+02 2.303956557471341767e-15
1.987709999999999866e+02 2.291196822473948279e-15
1.981160000000000139e+02 2.263279208203244365e-15
1.974600000000000080e+02 2.283030944086381700e-15
1.968050000000000068e+02 2.227272554336076454e-15
1.961510000000000105e+02 2.206350963916464710e-15
1.954950000000000045e+02 2.244737403384438445e-15
1.948389999999999986e+02 2.189860254965300379e-15
1.941839999999999975e+02 2.154417514810849756e-15
1.935279999999999916e+02 2.162883465758199382e-15
1.928739999999999952e+02 2.177284815642660201e-15
1.922179999999999893e+02 2.158592622336146252e-15
1.915620000000000118e+02 2.201025316932629787e-15
1.909060000000000059e+02 2.262996929601214692e-15
1.902500000000000000e+02 2.281819123576379238e-15
1.895939999999999941e+02 2.236346826253104682e-15
1.889389999999999930e+02 2.278460971446536385e-15
1.882829999999999870e+02 2.306135295826684515e-15
1.876270000000000095e+02 2.337148455404617413e-15
1.869699999999999989e+02 2.313277450126194136e-15
1.863139999999999930e+02 2.297249527050535546e-15
1.856570000000000107e+02 2.246787942734495162e-15
1.850010000000000048e+02 2.208335150274873842e-15
1.843460000000000036e+02 2.226837064016260324e-15
1.836889999999999930e+02 2.258017258028753012e-15
1.830329999999999870e+02 2.286685961786919859e-15
1.823760000000000048e+02 2.296363500789893787e-15
1.817189999999999941e+02 2.269052637015241404e-15
1.810620000000000118e+02 2.365749284607772013e-15
1.804050000000000011e+02 2.433749683750516322e-15
1.797500000000000000e+02 2.453856004033854370e-15
1.790929999999999893e+02 2.507447219061134292e-15
1.784360000000000070e+02 2.498139266298861587e-15
1.777789999999999964e+02 2.513343167455734406e-15
1.771220000000000141e+02 2.512387398381652900e-15
1.764650000000000034e+02 2.513036490109656940e-15
1.758069999999999879e+02 2.520269239131089008e-15
1.751500000000000057e+02 2.486342280294723238e-15
1.744939999999999998e+02 2.496636078536154002e-15
1.738369999999999891e+02 2.536871711139511382e-15
1.731790000000000020e+02 2.556246972660865923e-15
1.725219999999999914e+02 2.585081000286813662e-15
1.718640000000000043e+02 2.624725160287188794e-15
1.712059999999999889e+02 2.652106727934821132e-15
1.705490000000000066e+02 2.670841039586174257e-15
1.698909999999999911e+02 2.674536703109674376e-15
1.692330000000000041e+02 2.652483078915886897e-15
1.685749999999999886e+02 2.627356115985010054e-15
1.679190000000000111e+02 2.644784583457325226e-15
1.672609999999999957e+02 2.619629562354681182e-15
1.666030000000000086e+02 2.657926040179281366e-15
1.659449999999999932e+02 2.605013254263902359e-15
1.652870000000000061e+02 2.540536729190755183e-15
1.646279999999999859e+02 2.532567321687175611e-15
1.639699999999999989e+02 2.549947685475850338e-15
1.633120000000000118e+02 2.583162892839284957e-15
1.626539999999999964e+02 2.575851081594914284e-15
1.619950000000000045e+02 2.531842656558340733e-15
1.613369999999999891e+02 2.510072745051952091e-15
1.606779999999999973e+02 2.462485943560413892e-15
1.600190000000000055e+02 2.453911933672192596e-15
1.593609999999999900e+02 2.459433596663016562e-15
1.587040000000000077e+02 2.450624884403419088e-15
1.580449999999999875e+02 2.454119502110054438e-15
1.573859999999999957e+02 2.431115818154127322e-15
1.567270000000000039e+02 2.435602573055355618e-15
1.560680000000000121e+02 2.412656671053585911e-15
1.554089999999999918e+02 2.404629628266216905e-15
1.547500000000000000e+02 2.403138559990008386e-15
1.540910000000000082e+02 2.380272912560056957e-15
1.534319999999999879e+02 2.370624527104746200e-15
1.527729999999999961e+02 2.359589907192526243e-15
1.521140000000000043e+02 2.331718468435296989e-15
1.514540000000000077e+02 2.318116062184812012e-15
1.507949999999999875e+02 2.304490862723011711e-15
1.501359999999999957e+02 2.368724650753843678e-15
1.494759999999999991e+02 2.381782791367455385e-15
1.488170000000000073e+02 2.379520082216851833e-15
1.481570000000000107e+02 2.416163981221457506e-15
1.474970000000000141e+02 2.400952283359421435e-15
1.468379999999999939e+02 2.414582511603967433e-15
1.461779999999999973e+02 2.415762983984840428e-15
1.455180000000000007e+02 2.443773034191421235e-15
1.448580000000000041e+02 2.444092016805597964e-15
1.441980000000000075e+02 2.383784982274244717e-15
1.435380000000000109e+02 2.396680516154761052e-15
1.428779999999999859e+02 2.398787861137199858e-15
1.422179999999999893e+02 2.420883456878535550e-15
1.415579999999999927e+02 2.419907280690351907e-15
1.408979999999999961e+02 2.413088855873591804e-15
1.402379999999999995e+02 2.403880217398120473e-15
1.395769999999999982e+02 2.390150441743040941e-15
1.389170000000000016e+02 2.408732229036594930e-15
1.382560000000000002e+02 2.460719499633222641e-15
1.375960000000000036e+02 2.485024429222601135e-15
1.369350000000000023e+02 2.502235810369056520e-15
1.362750000000000057e+02 2.500137526328365331e-15
1.356140000000000043e+02 2.522361903643411956e-15
1.349540000000000077e+02 2.540770594347335100e-15
1.342930000000000064e+02 2.586644528391825924e-15
1.336320000000000050e+02 2.630250518096576453e-15
1.329710000000000036e+02 2.650916394160074107e-15
1.323100000000000023e+02 2.658079050848515126e-15
1.316490000000000009e+02 2.702456901243594946e-15
1.309879999999999995e+02 2.706262851431127196e-15
1.303269999999999982e+02 2.702967758303348562e-15
1.296659999999999968e+02 2.743463365332329349e-15
1.290049999999999955e+02 2.751132699891598782e-15
1.283420000000000130e+02 2.739726904264897022e-15
1.276809999999999974e+02 2.734583896290807226e-15
1.270190000000000055e+02 2.753399591196834727e-15
1.263580000000000041e+02 2.711656360598019511e-15
1.256959999999999980e+02 2.661441030622711342e-15
1.250349999999999966e+02 2.655575670695421557e-15
1.243730000000000047e+02 2.639004691931572106e-15
1.237120000000000033e+02 2.612937612730502642e-15
1.230499999999999972e+02 2.603890601476145798e-15
1.223880000000000052e+02 2.583681623985943674e-15
1.217259999999999991e+02 2.524526355313764188e-15
1.210639999999999930e+02 2.455536517352455693e-15
1.204030000000000058e+02 2.437922935935429138e-15
1.197409999999999997e+02 2.407379674521859318e-15
1.190780000000000030e+02 2.333402649989675712e-15
1.184150000000000063e+02 2.302118544888167420e-15
1.177530000000000001e+02 2.255702298312955411e-15
1.170909999999999940e+02 2.198374697166092343e-15
1.164279999999999973e+02 2.142624308790406155e-15
1.157660000000000053e+02 2.111013318217087732e-15
1.151039999999999992e+02 2.073011137843070014e-15
1.144410000000000025e+02 2.020053132726839701e-15
1.137789999999999964e+02 1.970080451805879094e-15
1.131159999999999997e+02 1.948799180767880147e-15
1.124539999999999935e+02 1.916300456431345036e-15
1.117890000000000015e+02 1.881931162047349228e-15
1.111269999999999953e+02 1.864712580389262439e-15
1.104639999999999986e+02 1.827636230811009893e-15
1.098010000000000019e+02 1.794430547509843951e-15
1.091380000000000052e+02 1.756295649837926709e-15
1.084749999999999943e+02 1.732528252212936762e-15
1.078119999999999976e+02 1.671200251861082002e-15
1.071490000000000009e+02 1.630932886087200537e-15
1.064849999999999994e+02 1.550448047537456236e-15
1.058209999999999980e+02 1.481744295626512847e-15
1.051580000000000013e+02 1.399545444597655167e-15
1.044950000000000045e+02 1.366785069951303783e-15
1.038319999999999936e+02 1.303100864753340210e-15
1.031680000000000064e+02 1.246617425626983296e-15
1.025049999999999955e+02 1.194219385136341611e-15
1.018400000000000034e+02 1.167793481835122148e-15
1.011760000000000019e+02 1.129179396272591645e-15
1.005130000000000052e+02 1.129251678861033802e-15
9.984900000000000375e+01 1.120062862134988910e-15
9.918529999999999802e+01 1.105872198768880952e-15
9.852150000000000318e+01 1.087915974367585270e-15
9.785769999999999413e+01 1.107212145673857122e-15
9.719230000000000302e+01 1.132102647481497575e-15
9.652830000000000155e+01 1.154409351598956443e-15
9.586430000000000007e+01 1.169579176757017781e-15
9.520029999999999859e+01 1.192662681106290495e-15
9.453610000000000468e+01 1.229305489363655761e-15
9.387199999999999989e+01 1.264585056256624861e-15
9.320619999999999550e+01 1.283481473424630014e-15
9.254200000000000159e+01 1.306191350545484087e-15
9.187760000000000105e+01 1.298498153609851203e-15
9.121320000000000050e+01 1.299501961963621873e-15
9.054879999999999995e+01 1.289483791644608843e-15
8.988280000000000314e+01 1.304274793554764929e-15
8.921819999999999595e+01 1.296777163560448419e-15
8.855360000000000298e+01 1.278071504849781364e-15
8.788890000000000668e+01 1.258619411475009790e-15
8.722419999999999618e+01 1.270083287748320319e-15
8.655939999999999657e+01 1.276124082953511570e-15
8.589300000000000068e+01 1.289451726085648486e-15
8.522809999999999775e+01 1.285570372150495407e-15
8.456319999999999482e+01 1.290590494381077328e-15
8.389820000000000277e+01 1.276797875426616321e-15
8.323160000000000025e+01 1.276569312558948302e-15
8.256650000000000489e+01 1.268218220985537785e-15
8.190130000000000621e+01 1.270214189934048685e-15
8.123609999999999332e+01 1.262001298305476445e-15
8.057080000000000553e+01 1.234218934507361059e-15
7.990389999999999304e+01 1.226189597377401338e-15
7.923850000000000193e+01 1.224646705388111768e-15
7.857299999999999329e+01 1.226468900344230884e-15
7.790749999999999886e+01 1.222591718969588602e-15
7.724039999999999395e+01 1.212611575731913933e-15
7.657479999999999620e+01 1.208710821654109305e-15
7.590909999999999513e+01 1.184314494683191182e-15
7.524339999999999407e+01 1.180285634036917875e-15
7.457760000000000389e+01 1.168979258969413428e-15
7.391020000000000323e+01 1.137790897344782872e-15
7.324429999999999552e+01 1.118379815531475782e-15
7.257829999999999870e+01 1.085190546881407512e-15
7.191230000000000189e+01 1.060218343524613566e-15
7.124469999999999459e+01 1.045270390823124143e-15
7.057850000000000534e+01 1.023379378744886988e-15
6.991230000000000189e+01 1.017164169710589795e-15
6.924609999999999843e+01 9.901128195864159207e-16
6.857829999999999870e+01 9.751743846201619230e-16
6.791190000000000282e+01 9.582107032653943797e-16
6.724550000000000693e+01 9.365181093814946188e-16
6.657750000000000057e+01 9.200753522019853129e-16
6.591100000000000136e+01 8.952212172607272046e-16
6.524439999999999884e+01 8.794371119052308020e-16
6.457769999999999300e+01 8.588119065519958714e-16
6.390950000000000131e+01 8.354420546936215586e-16
6.324269999999999925e+01 8.195208224432635485e-16
6.257589999999999719e+01 8.079055970982478840e-16
6.190899999999999892e+01 7.947280619659986080e-16
6.124060000000000059e+01 7.787931866826531279e-16
6.057359999999999900e+01 7.646686968397760755e-16
5.990659999999999741e+01 7.512250339987903489e-16
5.923799999999999955e+01 7.260979629191211849e-16
5.857079999999999842e+01 7.002330592869413133e-16
5.790359999999999729e+01 6.872650417085061024e-16
5.723629999999999995e+01 6.688035668790125309e-16
5.656750000000000256e+01 6.459162446727919721e-16
5.590010000000000190e+01 6.329333933096262807e-16
5.523270000000000124e+01 6.153796610091063486e-16
5.456360000000000099e+01 6.014556573836492369e-16
5.389609999999999701e+01 5.901486390048351883e-16
5.322849999999999682e+01 5.833334150096714653e-16
5.255930000000000035e+01 5.794077105122137954e-16
5.189159999999999684e+01 5.599681628592016415e-16
5.122379999999999711e+01 5.495404874240417300e-16
5.055440000000000111e+01 5.374810682174426790e-16
4.988660000000000139e+01 5.221542573620537050e-16
4.921860000000000213e+01 5.065353187953313968e-16
4.854910000000000281e+01 4.919535541513300154e-16
4.788100000000000023e+01 4.823005461949314622e-16
4.721289999999999765e+01 4.693495218989334597e-16
4.654319999999999879e+01 4.536026134863609476e-16
4.587500000000000000e+01 4.426078576936654497e-16
4.520669999999999789e+01 4.246510969611934643e-16
4.453679999999999950e+01 4.119687240302516125e-16
4.386840000000000117e+01 4.002742693549536781e-16
4.320000000000000284e+01 3.929464435235867189e-16
4.252989999999999782e+01 3.790403223595104137e-16
4.186129999999999995e+01 3.644788933257218711e-16
4.119270000000000209e+01 3.474953852491569039e-16
4.052250000000000085e+01 3.353787466090998552e-16
3.985379999999999967e+01 3.253280402923583210e-16
3.918500000000000227e+01 3.169578130857479837e-16
3.851460000000000150e+01 3.062293476480142354e-16
3.784570000000000078e+01 2.950612961280203804e-16
3.717519999999999669e+01 2.824590841569202663e-16
3.650619999999999976e+01 2.709756968736512974e-16
3.583709999999999951e+01 2.620997162279828536e-16
3.516640000000000299e+01 2.530321286652717071e-16
3.449719999999999942e+01 2.419011879249023048e-16
3.382800000000000296e+01 2.326911196102533459e-16
3.315709999999999980e+01 2.215806312548675460e-16
3.248780000000000001e+01 2.086877106872393140e-16
3.181680000000000064e+01 1.990826918178202615e-16
3.114730000000000132e+01 1.909746602919838716e-16
3.047779999999999845e+01 1.841294367545673657e-16
2.980669999999999931e+01 1.723548391972586399e-16
2.913700000000000045e+01 1.645200180189307052e-16
2.846730000000000160e+01 1.574248997713455432e-16
2.779599999999999937e+01 1.476512220727423037e-16
2.712620000000000076e+01 1.397588464602332187e-16
2.645479999999999876e+01 1.325798996350571631e-16
2.578490000000000038e+01 1.248720471228343076e-16
2.511329999999999885e+01 1.161395825566085364e-16
2.444330000000000069e+01 1.075669375047518267e-16
2.377319999999999922e+01 1.015368594859541173e-16
2.310150000000000148e+01 9.325696818513937996e-17
2.243130000000000024e+01 8.645265837999670583e-17
2.175949999999999918e+01 7.996198757827121906e-17
2.108909999999999840e+01 7.345623973126503036e-17
2.041870000000000118e+01 6.789967595731681513e-17
1.974680000000000035e+01 6.138808552985148982e-17
1.907629999999999981e+01 5.618314661824866041e-17
1.840419999999999945e+01 5.145255922270222820e-17
1.773349999999999937e+01 4.652836361649079534e-17
1.706129999999999924e+01 4.285637685871648165e-17
1.639059999999999917e+01 3.846125424687394147e-17
1.571979999999999933e+01 3.480679473379718932e-17
1.504739999999999966e+01 3.172815510356003186e-17
1.437650000000000006e+01 2.856619530592563541e-17
1.370410000000000039e+01 2.600133620187284427e-17
1.303299999999999947e+01 2.309564589049752873e-17
1.236040000000000028e+01 2.057569891847528640e-17
1.168929999999999936e+01 1.818694652750898445e-17
1.101660000000000039e+01 1.630663922184922633e-17
1.034529999999999994e+01 1.505455804397119515e-17
9.672489999999999810e+00 1.363935477086175496e-17
9.001129999999999853e+00 1.227165913481907194e-17
8.329710000000000392e+00 1.083610356573210869e-17
7.656710000000000349e+00 9.715996312165096307e-18
6.985170000000000101e+00 9.229382291104330259e-18
6.312050000000000161e+00 8.506294502748868579e-18
5.640399999999999636e+00 7.597843572234621132e-18
4.967170000000000307e+00 6.427453720216706487e-18
4.295410000000000394e+00 5.150148302593565307e-18
3.622059999999999835e+00 3.906302040382561991e-18
2.950180000000000025e+00 2.743297490542587677e-18
2.276720000000000077e+00 1.735282431816222441e-18
1.604729999999999990e+00 8.996082920177973442e-19
9.311519999999999797e-01 3.048980640263724674e-19
2.590439999999999965e-01 2.360616404317801864e-20
