4.498670000000000186e+02 1.160689077352713852e-15
4.492339999999999804e+02 9.179528074940450311e-16
4.486009999999999991e+02 8.068751850154763540e-16
4.479680000000000177e+02 1.129450125743579125e-15
4.473360000000000127e+02 1.093967014514168623e-15
4.467029999999999745e+02 1.036987133070039013e-15
4.460690000000000168e+02 1.227415818576403760e-15
4.454359999999999786e+02 1.106246241069710836e-15
4.448029999999999973e+02 1.071185160278649773e-15
4.441689999999999827e+02 1.164038801565725698e-15
4.435360000000000014e+02 1.277582246955910342e-15
4.429019999999999868e+02 1.496410965314316911e-15
4.422699999999999818e+02 1.291534077530520595e-15
4.416360000000000241e+02 1.456375434892310670e-15
4.410029999999999859e+02 1.441794916589377829e-15
4.403690000000000282e+02 1.312134972372294243e-15
4.397350000000000136e+02 1.308465185865537415e-15
4.391009999999999991e+02 1.273585963477791110e-15
4.384669999999999845e+02 1.031162936311455657e-15
4.378330000000000268e+02 1.100678485821443076e-15
4.371990000000000123e+02 1.015013752552461434e-15
4.365649999999999977e+02 1.084178976868117272e-15
4.359329999999999927e+02 8.450411584730813342e-16
4.352980000000000018e+02 6.993225595659804885e-16
4.346639999999999873e+02 6.871460035920250453e-16
4.340299999999999727e+02 7.156996581494781925e-16
4.333960000000000150e+02 7.136558274425303058e-16
4.327610000000000241e+02 9.747368118740581204e-16
4.321270000000000095e+02 8.811022267510329275e-16
4.314920000000000186e+02 7.276374887578458973e-16
4.308580000000000041e+02 6.553139525127158176e-16
4.302230000000000132e+02 7.234780330592168232e-16
4.295889999999999986e+02 8.311247598697000131e-16
4.289540000000000077e+02 6.894037483831000396e-16
4.283190000000000168e+02 7.767126234312541191e-16
4.276859999999999786e+02 7.745962230868107447e-16
4.270509999999999877e+02 6.637957902984412929e-16
4.264159999999999968e+02 5.536934804169797406e-16
4.257810000000000059e+02 6.598959453282747773e-16
4.251460000000000150e+02 7.361688440766806132e-16
4.245110000000000241e+02 8.801895034951604578e-16
4.238759999999999764e+02 8.873112783018113217e-16
4.232409999999999854e+02 9.719558467083757928e-16
4.226050000000000182e+02 8.531712873901838391e-16
4.219700000000000273e+02 8.699494125493135421e-16
4.213349999999999795e+02 8.962007544396430201e-16
4.206990000000000123e+02 1.027592268141646035e-15
4.200640000000000214e+02 1.034105857021782571e-15
4.194289999999999736e+02 1.145236062530698490e-15
4.187930000000000064e+02 9.235703282260656815e-16
4.181569999999999823e+02 8.735135373031342613e-16
4.175219999999999914e+02 9.275464262334655814e-16
4.168860000000000241e+02 1.131683425416190052e-15
4.162500000000000000e+02 1.231468013279129551e-15
4.156150000000000091e+02 1.246513879097756616e-15
4.149789999999999850e+02 1.280051654920889736e-15
4.143430000000000177e+02 1.313371323362155786e-15
4.137069999999999936e+02 1.179696086645636951e-15
4.130710000000000264e+02 1.370159540697475951e-15
4.124350000000000023e+02 1.458140296177798924e-15
4.117989999999999782e+02 1.527225029529672723e-15
4.111630000000000109e+02 1.467658631373395515e-15
4.105260000000000105e+02 1.408464292052023474e-15
4.098899999999999864e+02 1.449694080103702422e-15
4.092540000000000191e+02 1.245742875063352314e-15
4.086170000000000186e+02 1.260018440060386313e-15
4.079809999999999945e+02 1.337334269039289691e-15
4.073439999999999941e+02 1.279311322900611803e-15
4.067080000000000268e+02 1.221630389219829208e-15
4.060710000000000264e+02 1.360800528820100988e-15
4.054350000000000023e+02 1.160690881043917949e-15
4.047980000000000018e+02 1.183780581156341476e-15
4.041610000000000014e+02 1.144725140644010910e-15
4.035240000000000009e+02 1.229464557879494586e-15
4.028879999999999768e+02 1.040934816876276333e-15
4.022509999999999764e+02 1.125382660208152261e-15
4.016139999999999759e+02 9.295752318058928077e-16
4.009769999999999754e+02 9.441221299181287189e-16
4.003399999999999750e+02 7.413147301129867195e-16
3.997029999999999745e+02 8.949254298676651948e-16
3.990649999999999977e+02 8.402998830326968532e-16
3.984279999999999973e+02 6.742124326645549255e-16
3.977909999999999968e+02 6.292334171780647276e-16
3.971519999999999868e+02 6.099430761258218998e-16
3.965149999999999864e+02 4.802464072574454072e-16
3.958770000000000095e+02 5.467009987728891015e-16
3.952400000000000091e+02 3.585934655264205318e-16
3.946019999999999754e+02 4.926113984432045750e-16
3.939649999999999750e+02 3.478920888473854087e-16
3.933269999999999982e+02 3.300019706128094644e-16
3.926890000000000214e+02 5.213745113573029369e-16
3.920520000000000209e+02 4.863753219598441411e-16
3.914139999999999873e+02 6.344371404007323991e-16
3.907760000000000105e+02 6.406279153849727987e-16
3.901379999999999768e+02 8.532694452411864911e-16
3.895000000000000000e+02 1.039996440543107253e-15
3.888609999999999900e+02 9.383389351304953166e-16
3.882230000000000132e+02 9.597978604751314430e-16
3.875849999999999795e+02 1.054552812430768812e-15
3.869460000000000264e+02 1.140547142800361833e-15
3.863079999999999927e+02 1.242197331585693681e-15
3.856700000000000159e+02 1.302772786861720766e-15
3.850319999999999823e+02 1.370986137214409794e-15
3.843929999999999723e+02 1.238128654202085842e-15
3.837549999999999955e+02 1.314031148370103684e-15
3.831159999999999854e+02 1.269989828107083475e-15
3.824759999999999991e+02 1.249840027825125479e-15
3.818380000000000223e+02 1.198271962660148315e-15
3.811990000000000123e+02 9.970496260560914503e-16
3.805600000000000023e+02 1.103960479346217531e-15
3.799220000000000255e+02 1.053282717291834135e-15
3.792830000000000155e+02 9.325521299257738572e-16
3.786440000000000055e+02 1.007345089129007617e-15
3.780049999999999955e+02 9.262674145528835330e-16
3.773650000000000091e+02 9.543514199252076610e-16
3.767259999999999991e+02 1.236559155457227602e-15
3.760860000000000127e+02 1.209347620164660567e-15
3.754470000000000027e+02 1.458117945915144807e-15
3.748079999999999927e+02 1.437900433154178955e-15
3.741689999999999827e+02 1.509140954190194572e-15
3.735299999999999727e+02 1.587580471694798006e-15
3.728890000000000100e+02 1.605069231538586429e-15
3.722500000000000000e+02 1.479045239635191977e-15
3.716100000000000136e+02 1.669317736865862417e-15
3.709710000000000036e+02 1.528999158856124422e-15
3.703310000000000173e+02 1.464338646308266345e-15
3.696909999999999741e+02 1.414683253006585520e-15
3.690500000000000114e+02 1.446852784226482956e-15
3.684110000000000014e+02 1.368129930722560716e-15
3.677710000000000150e+02 1.334025076019311043e-15
3.671309999999999718e+02 1.270797917279875111e-15
3.664909999999999854e+02 1.456502577685129513e-15
3.658509999999999991e+02 1.342199308966944365e-15
3.652099999999999795e+02 1.337668585613077412e-15
3.645699999999999932e+02 1.499363798112933759e-15
3.639300000000000068e+02 1.465388989060622776e-15
3.632900000000000205e+02 1.445909795543249751e-15
3.626490000000000009e+02 1.476653325891250353e-15
3.620079999999999814e+02 1.435978294139291445e-15
3.613670000000000186e+02 1.409652995135320601e-15
3.607269999999999754e+02 1.305645701846613541e-15
3.600869999999999891e+02 1.343475379499620138e-15
3.594460000000000264e+02 1.212285422498107384e-15
3.588039999999999736e+02 1.116653397276665284e-15
3.581639999999999873e+02 1.077911691222493493e-15
3.575230000000000246e+02 9.906281017892063801e-16
3.568829999999999814e+02 1.111874072202212223e-15
3.562420000000000186e+02 1.073427925633449932e-15
3.556000000000000227e+02 1.090402202896936197e-15
3.549590000000000032e+02 1.141425323756136692e-15
3.543179999999999836e+02 1.027959136317706552e-15
3.536770000000000209e+02 1.058460043451668423e-15
3.530350000000000250e+02 1.210801071306790764e-15
3.523940000000000055e+02 1.247088112170557744e-15
3.517520000000000095e+02 1.242632797398303926e-15
3.511109999999999900e+02 1.003030582163431059e-15
3.504689999999999941e+02 1.086499042621052657e-15
3.498269999999999982e+02 1.115931089954824275e-15
3.491859999999999786e+02 1.091983037193117027e-15
3.485450000000000159e+02 1.068257033398135170e-15
3.479019999999999868e+02 1.044469377227879377e-15
3.472599999999999909e+02 9.750181086781617510e-16
3.466190000000000282e+02 9.583731313912310094e-16
3.459769999999999754e+02 9.287709438463306950e-16
3.453340000000000032e+02 1.009949734799195083e-15
3.446929999999999836e+02 1.058091583361527333e-15
3.440509999999999877e+02 1.015465206683830887e-15
3.434089999999999918e+02 9.988706292158279688e-16
3.427660000000000196e+02 9.311473668054204319e-16
3.421240000000000236e+02 1.061831387005904157e-15
3.414820000000000277e+02 1.089714463009435029e-15
3.408399999999999750e+02 1.079289091411092691e-15
3.401970000000000027e+02 1.132204422456992023e-15
3.395539999999999736e+02 1.140560413357528154e-15
3.389119999999999777e+02 1.104937861999904345e-15
3.382690000000000055e+02 1.132166886975215197e-15
3.376259999999999764e+02 1.283398691886905339e-15
3.369839999999999804e+02 1.377772709102175520e-15
3.363419999999999845e+02 1.317091893003014518e-15
3.356979999999999791e+02 1.232136817504133948e-15
3.350550000000000068e+02 1.209134435450544670e-15
3.344130000000000109e+02 1.149707830478455081e-15
3.337690000000000055e+02 1.163517155355764574e-15
3.331259999999999764e+02 1.189439786063574119e-15
3.324830000000000041e+02 1.347830764654168421e-15
3.318389999999999986e+02 1.270718113934681422e-15
3.311960000000000264e+02 1.367604195977733149e-15
3.305539999999999736e+02 1.320602884307065838e-15
3.299110000000000014e+02 1.398761330774345304e-15
3.292660000000000196e+02 1.446742140073687227e-15
3.286229999999999905e+02 1.523785626668261995e-15
3.279800000000000182e+02 1.494490575787763450e-15
3.273360000000000127e+02 1.447639341142201084e-15
3.266929999999999836e+02 1.307999747079208577e-15
3.260489999999999782e+02 1.279715759116116451e-15
3.254049999999999727e+02 1.245810116047448921e-15
3.247610000000000241e+02 1.310147517810401436e-15
3.241179999999999950e+02 1.259136622297872736e-15
3.234730000000000132e+02 1.288506228624732631e-15
3.228290000000000077e+02 1.289117240254682989e-15
3.221840000000000259e+02 1.391968838103565198e-15
3.215409999999999968e+02 1.397745247900902219e-15
3.208969999999999914e+02 1.510376473346979390e-15
3.202520000000000095e+02 1.571839450720360581e-15
3.196080000000000041e+02 1.559987305150676599e-15
3.189639999999999986e+02 1.603872855701498945e-15
3.183190000000000168e+02 1.669551954421567865e-15
3.176750000000000114e+02 1.563597355804990438e-15
3.170310000000000059e+02 1.398131150568640219e-15
3.163860000000000241e+02 1.392332275934928629e-15
3.157420000000000186e+02 1.354152300659303227e-15
3.150980000000000132e+02 1.267266732557310723e-15
3.144519999999999982e+02 1.240455441927771420e-15
3.138079999999999927e+02 1.197773885052013373e-15
3.131619999999999777e+02 1.171466595209795688e-15
3.125179999999999723e+02 1.134633624601469835e-15
3.118729999999999905e+02 1.145944919455313575e-15
3.112269999999999754e+02 1.332180351782574020e-15
3.105830000000000268e+02 1.247560569719254657e-15
3.099370000000000118e+02 1.210892646097935185e-15
3.092919999999999732e+02 1.221697308177887901e-15
3.086469999999999914e+02 1.185402095777089238e-15
3.080009999999999764e+02 1.289594137271356517e-15
3.073570000000000277e+02 1.346297338906430221e-15
3.067099999999999795e+02 1.361455651884867598e-15
3.060649999999999977e+02 1.335245781316487291e-15
3.054200000000000159e+02 1.324542780799975083e-15
3.047740000000000009e+02 1.314028192331991664e-15
3.041290000000000191e+02 1.303563930863121616e-15
3.034820000000000277e+02 1.439293690170291492e-15
3.028369999999999891e+02 1.523688902438251829e-15
3.021920000000000073e+02 1.587209834032168091e-15
3.015450000000000159e+02 1.535837020245778360e-15
3.008999999999999773e+02 1.430123884860884720e-15
3.002529999999999859e+02 1.567398599237867718e-15
2.996080000000000041e+02 1.501744019314818580e-15
2.989610000000000127e+02 1.426713501161836141e-15
2.983149999999999977e+02 1.547579172175510690e-15
2.976700000000000159e+02 1.477899655184286661e-15
2.970230000000000246e+02 1.481184743245317631e-15
2.963770000000000095e+02 1.383282971242744574e-15
2.957300000000000182e+02 1.348694931119474612e-15
2.950840000000000032e+02 1.385858637927958274e-15
2.944370000000000118e+02 1.280066918924116269e-15
2.937909999999999968e+02 1.317151719106034227e-15
2.931429999999999723e+02 1.537589145769711070e-15
2.924970000000000141e+02 1.526246673478982604e-15
2.918500000000000227e+02 1.449548333953725460e-15
2.912040000000000077e+02 1.419955044258639179e-15
2.905570000000000164e+02 1.483074948274527060e-15
2.899100000000000250e+02 1.564332000650334519e-15
2.892629999999999768e+02 1.685887839555758959e-15
2.886159999999999854e+02 1.756264804282449742e-15
2.879689999999999941e+02 1.803113898810463935e-15
2.873210000000000264e+02 1.804215482796908691e-15
2.866750000000000114e+02 1.778161127066880929e-15
2.860269999999999868e+02 1.869052393318137341e-15
2.853799999999999955e+02 1.896487779207090841e-15
2.847320000000000277e+02 1.870220526524205636e-15
2.840849999999999795e+02 1.954845050694750102e-15
2.834370000000000118e+02 1.990234445185610281e-15
2.827900000000000205e+02 2.073401551236843816e-15
2.821419999999999959e+02 2.142802684815057813e-15
2.814950000000000045e+02 2.172164460792225559e-15
2.808469999999999800e+02 2.249073895768448112e-15
2.801990000000000123e+02 2.169884482370960550e-15
2.795509999999999877e+02 2.117068379713589258e-15
2.789039999999999964e+02 2.137447832110856541e-15
2.782549999999999955e+02 2.131816429642219482e-15
2.776080000000000041e+02 2.130551046888934230e-15
2.769590000000000032e+02 2.095461361827468158e-15
2.763120000000000118e+02 2.131916746750493722e-15
2.756630000000000109e+02 2.088746806438708794e-15
2.750149999999999864e+02 2.120528827715968402e-15
2.743659999999999854e+02 2.292787819879104233e-15
2.737189999999999941e+02 2.422032168751348004e-15
2.730699999999999932e+02 2.451803385785208780e-15
2.724220000000000255e+02 2.411724519543493338e-15
2.717730000000000246e+02 2.351754832873700294e-15
2.711240000000000236e+02 2.304311995020711742e-15
2.704759999999999991e+02 2.229196944768834737e-15
2.698260000000000218e+02 2.262660165010827451e-15
2.691779999999999973e+02 2.331644331827143228e-15
2.685289999999999964e+02 2.213537763200433622e-15
2.678809999999999718e+02 2.179247599712788859e-15
2.672309999999999945e+02 2.137542536736135293e-15
2.665830000000000268e+02 2.178076916898595961e-15
2.659329999999999927e+02 2.323215819113163236e-15
2.652839999999999918e+02 2.381787095317374643e-15
2.646349999999999909e+02 2.478154179681122192e-15
2.639850000000000136e+02 2.408708502125893681e-15
2.633369999999999891e+02 2.374080586666341663e-15
2.626870000000000118e+02 2.430937408853788347e-15
2.620380000000000109e+02 2.370071487878818898e-15
2.613879999999999768e+02 2.459925711905179256e-15
2.607400000000000091e+02 2.403152890256870745e-15
2.600899999999999750e+02 2.290763016307494374e-15
2.594390000000000214e+02 2.342449424644190733e-15
2.587900000000000205e+02 2.290306182536802563e-15
2.581399999999999864e+02 2.289994344386690987e-15
2.574909999999999854e+02 2.264074903678510892e-15
2.568410000000000082e+02 2.365391884766734245e-15
2.561899999999999977e+02 2.440383982313215191e-15
2.555409999999999968e+02 2.388603132877135889e-15
2.548899999999999864e+02 2.433882943474231269e-15
2.542410000000000139e+02 2.425294578088522949e-15
2.535910000000000082e+02 2.338650355966752376e-15
2.529399999999999977e+02 2.333831189791876882e-15
2.522899999999999920e+02 2.360718725508574743e-15
2.516399999999999864e+02 2.428908264580526543e-15
2.509900000000000091e+02 2.315880166551064272e-15
2.503389999999999986e+02 2.317847964973618082e-15
2.496879999999999882e+02 2.364444366539308448e-15
2.490380000000000109e+02 2.369299753274355438e-15
2.483870000000000005e+02 2.435384559481344181e-15
2.477359999999999900e+02 2.493824475772811083e-15
2.470860000000000127e+02 2.457388900462485958e-15
2.464350000000000023e+02 2.524964145939248910e-15
2.457849999999999966e+02 2.411940126605359039e-15
2.451330000000000098e+02 2.462301852276858325e-15
2.444819999999999993e+02 2.409846850751444125e-15
2.438319999999999936e+02 2.364514523397713270e-15
2.431800000000000068e+02 2.329169406327673856e-15
2.425289999999999964e+02 2.316886048286557813e-15
2.418779999999999859e+02 2.401362377081789731e-15
2.412270000000000039e+02 2.456077060108740534e-15
2.405749999999999886e+02 2.391975295985165321e-15
2.399240000000000066e+02 2.487103024404834791e-15
2.392719999999999914e+02 2.473854690365870631e-15
2.386200000000000045e+02 2.513969842585390775e-15
2.379699999999999989e+02 2.494200474523580960e-15
2.373180000000000121e+02 2.555306101476587096e-15
2.366670000000000016e+02 2.541560501993272963e-15
2.360149999999999864e+02 2.530750920300556582e-15
2.353629999999999995e+02 2.572046181499020660e-15
2.347100000000000080e+02 2.658331825481649690e-15
2.340600000000000023e+02 2.634679511281961821e-15
2.334070000000000107e+02 2.614217610588233603e-15
2.327549999999999955e+02 2.704538498760900912e-15
2.321040000000000134e+02 2.769867749989419593e-15
2.314509999999999934e+02 2.745692596407101233e-15
2.307980000000000018e+02 2.806851118084825621e-15
2.301469999999999914e+02 2.791245990262248997e-15
2.294939999999999998e+02 2.746548178797417011e-15
2.288420000000000130e+02 2.682001773477592990e-15
2.281899999999999977e+02 2.767574940317714540e-15
2.275370000000000061e+02 2.829175969924221123e-15
2.268839999999999861e+02 2.858744498275370559e-15
2.262330000000000041e+02 2.913113965951718670e-15
2.255800000000000125e+02 2.986533341103751525e-15
2.249269999999999925e+02 2.972326971987941389e-15
2.242729999999999961e+02 2.977620523602611358e-15
2.236220000000000141e+02 3.032326652716478344e-15
2.229679999999999893e+02 3.039647862393297481e-15
2.223149999999999977e+02 3.052068802294614276e-15
2.216630000000000109e+02 2.999222200985216520e-15
2.210099999999999909e+02 2.941208682944196297e-15
2.203559999999999945e+02 2.881082704995734013e-15
2.197019999999999982e+02 2.848254230410323745e-15
2.190500000000000114e+02 2.850152005986893008e-15
2.183969999999999914e+02 2.838637396838402069e-15
2.177429999999999950e+02 2.819268515927922516e-15
2.170889999999999986e+02 2.826043673052927000e-15
2.164370000000000118e+02 2.770410469978701053e-15
2.157829999999999870e+02 2.800293942549184365e-15
2.151289999999999907e+02 2.763039526695612058e-15
2.144749999999999943e+02 2.822817127593932142e-15
2.138220000000000027e+02 2.813458977952805719e-15
2.131680000000000064e+02 2.809029222501370994e-15
2.125140000000000100e+02 2.814537301274140001e-15
2.118600000000000136e+02 2.760219362000215428e-15
2.112069999999999936e+02 2.802677195110062395e-15
2.105529999999999973e+02 2.770823861404767235e-15
2.098979999999999961e+02 2.741652077696385256e-15
2.092439999999999998e+02 2.695641647470808849e-15
2.085910000000000082e+02 2.681489748505101248e-15
2.079360000000000070e+02 2.662498678761864287e-15
2.072820000000000107e+02 2.638834305801410835e-15
2.066270000000000095e+02 2.572749914315247693e-15
2.059739999999999895e+02 2.603695068370962577e-15
2.053189999999999884e+02 2.584987498627973158e-15
2.046639999999999873e+02 2.547870458828608648e-15
2.040089999999999861e+02 2.540991170056938092e-15
2.033540000000000134e+02 2.527167913056633255e-15
2.027009999999999934e+02 2.447488801307150484e-15
2.020459999999999923e+02 2.413758419497700203e-15
2.013909999999999911e+02 2.353371396842385003e-15
2.007350000000000136e+02 2.391818967481156549e-15
2.000800000000000125e+02 2.360891723428670010e-15
1.994259999999999877e+02 2.303768985155083888e-15
1.987709999999999866e+02 2.291010003654498060e-15
1.981160000000000139e+02 2.263093143225953671e-15
1.974600000000000080e+02 2.282845634445482460e-15
1.968050000000000068e+02 2.227087999220084414e-15
1.961510000000000105e+02 2.206167162509421199e-15
1.954950000000000045e+02 2.244554358325561241e-15
1.948389999999999986e+02 2.189677966586347301e-15
1.941839999999999975e+02 2.154235982286245130e-15
1.935279999999999916e+02 2.162702690567154040e-15
1.928739999999999952e+02 2.177104795797018654e-15
1.922179999999999893e+02 2.158413360464316516e-15
1.915620000000000118e+02 2.200846813350229984e-15
1.909060000000000059e+02 2.262819184620446779e-15
1.902500000000000000e+02 2.281642137505965114e-15
1.895939999999999941e+02 2.236170599398217949e-15
1.889389999999999930e+02 2.278285502950714308e-15
1.882829999999999870e+02 2.305960587145391242e-15
1.876270000000000095e+02 2.336974506832001821e-15
1.869699999999999989e+02 2.313104263111958136e-15
1.863139999999999930e+02 2.297077100722206472e-15
1.856570000000000107e+02 2.246616278534801002e-15
1.850010000000000048e+02 2.208164247322494460e-15
1.843460000000000036e+02 2.226666921424521584e-15
1.836889999999999930e+02 2.257847878390009227e-15
1.830329999999999870e+02 2.286517344206099074e-15
1.823760000000000048e+02 2.296195646690951862e-15
1.817189999999999941e+02 2.268885546656266411e-15
1.810620000000000118e+02 2.365582958242370506e-15
1.804050000000000011e+02 2.433584121627745889e-15
1.797500000000000000e+02 2.453691204070567651e-15
1.790929999999999893e+02 2.507283183823903258e-15
1.784360000000000070e+02 2.497975996022635838e-15
1.777789999999999964e+02 2.513180662370597451e-15
1.771220000000000141e+02 2.512225658712743670e-15
1.764650000000000034e+02 2.512875516077088138e-15
1.758069999999999879e+02 2.520109032115703273e-15
1.751500000000000057e+02 2.486182839340807300e-15
1.744939999999999998e+02 2.496477402681770084e-15
1.738369999999999891e+02 2.536713801749989175e-15
1.731790000000000020e+02 2.556089831096982597e-15
1.725219999999999914e+02 2.584924625569992394e-15
1.718640000000000043e+02 2.624569553767594605e-15
1.712059999999999889e+02 2.651951889789835312e-15
1.705490000000000066e+02 2.670686968819215414e-15
1.698909999999999911e+02 2.674383401054255468e-15
1.692330000000000041e+02 2.652330545731637477e-15
1.685749999999999886e+02 2.627204351825455471e-15
1.679190000000000111e+02 2.644633586131660301e-15
1.672609999999999957e+02 2.619479334341641774e-15
1.666030000000000086e+02 2.657776581613521298e-15
1.659449999999999932e+02 2.604864565273590230e-15
1.652870000000000061e+02 2.540388809897468658e-15
1.646279999999999859e+02 2.532420173375818037e-15
1.639699999999999989e+02 2.549801307084670945e-15
1.633120000000000118e+02 2.583017284469485528e-15
1.626539999999999964e+02 2.575706243340702955e-15
1.619950000000000045e+02 2.531698589677410673e-15
1.613369999999999891e+02 2.509929448453740174e-15
1.606779999999999973e+02 2.462343418488309661e-15
1.600190000000000055e+02 2.453770180191550811e-15
1.593609999999999900e+02 2.459292613660652327e-15
1.587040000000000077e+02 2.450484670758260084e-15
1.580449999999999875e+02 2.453980060206435906e-15
1.573859999999999957e+02 2.430977148026524060e-15
1.567270000000000039e+02 2.435464674730234305e-15
1.560680000000000121e+02 2.412519544549286774e-15
1.554089999999999918e+02 2.404493273592834602e-15
1.547500000000000000e+02 2.403002977149282356e-15
1.540910000000000082e+02 2.380138101545241651e-15
1.534319999999999879e+02 2.370490487900493144e-15
1.527729999999999961e+02 2.359456639774768870e-15
1.521140000000000043e+02 2.331585972771122444e-15
1.514540000000000077e+02 2.317984339403329531e-15
1.507949999999999875e+02 2.304359911602160182e-15
1.501359999999999957e+02 2.368594471233402644e-15
1.494759999999999991e+02 2.381653384548552790e-15
1.488170000000000073e+02 2.379391446849605415e-15
1.481570000000000107e+02 2.416036118387613687e-15
1.474970000000000141e+02 2.400825192960239283e-15
1.468379999999999939e+02 2.414456192360670683e-15
1.461779999999999973e+02 2.415637436948986979e-15
1.455180000000000007e+02 2.443648259234091492e-15
1.448580000000000041e+02 2.443968013787532734e-15
1.441980000000000075e+02 2.383661751045707157e-15
1.435380000000000109e+02 2.396558056555385600e-15
1.428779999999999859e+02 2.398666172995859312e-15
1.422179999999999893e+02 2.420762540013188030e-15
1.415579999999999927e+02 2.419787134907896490e-15
1.408979999999999961e+02 2.412969480969717854e-15
1.402379999999999995e+02 2.403761613157164068e-15
1.395769999999999982e+02 2.390032609104977182e-15
1.389170000000000016e+02 2.408615166595065472e-15
1.382560000000000002e+02 2.460603208303944717e-15
1.375960000000000036e+02 2.484908907576129990e-15
1.369350000000000023e+02 2.502121059296149829e-15
1.362750000000000057e+02 2.500023544375938151e-15
1.356140000000000043e+02 2.522248691676545722e-15
1.349540000000000077e+02 2.540658150888722500e-15
1.342930000000000064e+02 2.586532854280148769e-15
1.336320000000000050e+02 2.630139612992862789e-15
1.329710000000000036e+02 2.650806257712174454e-15
1.323100000000000023e+02 2.657969682690931295e-15
1.316490000000000009e+02 2.702348300997306880e-15
1.309879999999999995e+02 2.706155018703421794e-15
1.303269999999999982e+02 2.702860692687638235e-15
1.296659999999999968e+02 2.743357066407978475e-15
1.290049999999999955e+02 2.751027167223739504e-15
1.283420000000000130e+02 2.739622139720669228e-15
1.276809999999999974e+02 2.734479897088484626e-15
1.270190000000000055e+02 2.753296358014472852e-15
1.263580000000000041e+02 2.711553891784424019e-15
1.256959999999999980e+02 2.661339326824238965e-15
1.250349999999999966e+02 2.655474730231834854e-15
1.243730000000000047e+02 2.638904515416670336e-15
1.237120000000000033e+02 2.612838198454322904e-15
1.230499999999999972e+02 2.603791950019048326e-15
1.223880000000000052e+02 2.583583734758490021e-15
1.217259999999999991e+02 2.524429227710100108e-15
1.210639999999999930e+02 2.455440150750102878e-15
1.204030000000000058e+02 2.437827328546987733e-15
1.197409999999999997e+02 2.407284826840076299e-15
1.190780000000000030e+02 2.333308562487037346e-15
1.184150000000000063e+02 2.302025216871520167e-15
1.177530000000000001e+02 2.255609727927468375e-15
1.170909999999999940e+02 2.198282883685093284e-15
1.164279999999999973e+02 2.142533252610767445e-15
1.157660000000000053e+02 2.110923017432843327e-15
1.151039999999999992e+02 2.072921591672487944e-15
1.144410000000000025e+02 2.019964341507467631e-15
1.137789999999999964e+02 1.969992413578834586e-15
1.131159999999999997e+02 1.948711895829864436e-15
1.124539999999999935e+02 1.916213922787170332e-15
1.117890000000000015e+02 1.881845382217574823e-15
1.111269999999999953e+02 1.864627550073065615e-15
1.104639999999999986e+02 1.827551950220128411e-15
1.098010000000000019e+02 1.794347015702591672e-15
1.091380000000000052e+02 1.756212865851816612e-15
1.084749999999999943e+02 1.732446215064435805e-15
1.078119999999999976e+02 1.671118960545358492e-15
1.071490000000000009e+02 1.630852339577861042e-15
1.064849999999999994e+02 1.550368245907301178e-15
1.058209999999999980e+02 1.481665237801997593e-15
1.051580000000000013e+02 1.399467128365086330e-15
1.044950000000000045e+02 1.366707494195386660e-15
1.038319999999999936e+02 1.303024028335902540e-15
1.031680000000000064e+02 1.246541328499205632e-15
1.025049999999999955e+02 1.194144024999178184e-15
1.018400000000000034e+02 1.167718859697794072e-15
1.011760000000000019e+02 1.129105509788155486e-15
1.005130000000000052e+02 1.129178525663811472e-15
9.984900000000000375e+01 1.119990442046698240e-15
9.918529999999999802e+01 1.105800510148987080e-15
9.852150000000000318e+01 1.087845015991764831e-15
9.785769999999999413e+01 1.107141916181960087e-15
9.719230000000000302e+01 1.132033147239396449e-15
9.652830000000000155e+01 1.154340577657837097e-15
9.586430000000000007e+01 1.169511127677429747e-15
9.520029999999999859e+01 1.192595355422023565e-15
9.453610000000000468e+01 1.229238885798643605e-15
9.387199999999999989e+01 1.264519173180904735e-15
9.320619999999999550e+01 1.283416311127729844e-15
9.254200000000000159e+01 1.306126905715977209e-15
9.187760000000000105e+01 1.298434424857248984e-15
9.121320000000000050e+01 1.299438947652426328e-15
9.054879999999999995e+01 1.289421490110261538e-15
8.988280000000000314e+01 1.304213204813667268e-15
8.921819999999999595e+01 1.296716284387643739e-15
8.855360000000000298e+01 1.278011333490370484e-15
8.788890000000000668e+01 1.258559946249743121e-15
8.722419999999999618e+01 1.270024526840501880e-15
8.655939999999999657e+01 1.276066024620818595e-15
8.589300000000000068e+01 1.289394370132229097e-15
8.522809999999999775e+01 1.285513715080727074e-15
8.456319999999999482e+01 1.290534534250188558e-15
8.389820000000000277e+01 1.276742610361560629e-15
8.323160000000000025e+01 1.276514742213736423e-15
8.256650000000000489e+01 1.268164341749473484e-15
8.190130000000000621e+01 1.270160999831636703e-15
8.123609999999999332e+01 1.261948795222960043e-15
8.057080000000000553e+01 1.234167116399193932e-15
7.990389999999999304e+01 1.226138463699011504e-15
7.923850000000000193e+01 1.224596252377479552e-15
7.857299999999999329e+01 1.226419125847230181e-15
7.790749999999999886e+01 1.222542620693407615e-15
7.724039999999999395e+01 1.212563152964452853e-15
7.657479999999999620e+01 1.208663070506543405e-15
7.590909999999999513e+01 1.184267412851131934e-15
7.524339999999999407e+01 1.180239219076987349e-15
7.457760000000000389e+01 1.168933508499516156e-15
7.391020000000000323e+01 1.137745810431405314e-15
7.324429999999999552e+01 1.118335388119093490e-15
7.257829999999999870e+01 1.085146776467493173e-15
7.191230000000000189e+01 1.060175227467281870e-15
7.124469999999999459e+01 1.045227928002238358e-15
7.057850000000000534e+01 1.023337565062515870e-15
6.991230000000000189e+01 1.017123002399999161e-15
6.924609999999999843e+01 9.900722958388945207e-16
6.857829999999999870e+01 9.751345031198722156e-16
6.791190000000000282e+01 9.581714597669869373e-16
6.724550000000000693e+01 9.364795009456368293e-16
6.657750000000000057e+01 9.200373773594079631e-16
6.591100000000000136e+01 8.951838715566730066e-16
6.524439999999999884e+01 8.794003923598570653e-16
6.457769999999999300e+01 8.587758101386502802e-16
6.390950000000000131e+01 8.354065796368042238e-16
6.324269999999999925e+01 8.194859642235240798e-16
6.257589999999999719e+01 8.078713524543622310e-16
6.190899999999999892e+01 7.946944276805311072e-16
6.124060000000000059e+01 7.787601607593339676e-16
6.057359999999999900e+01 7.646362745934137101e-16
5.990659999999999741e+01 7.511932119728797887e-16
5.923799999999999955e+01 7.260667390346619153e-16
5.857079999999999842e+01 7.002024287291958397e-16
5.790359999999999729e+01 6.872350008681262542e-16
5.723629999999999995e+01 6.687741121828897171e-16
5.656750000000000256e+01 6.458873737122561700e-16
5.590010000000000190e+01 6.329051010914405930e-16
5.523270000000000124e+01 6.153519437128219473e-16
5.456360000000000099e+01 6.014285125847615901e-16
5.389609999999999701e+01 5.901220614000632707e-16
5.322849999999999682e+01 5.833074006986438937e-16
5.255930000000000035e+01 5.793822567892778848e-16
5.189159999999999684e+01 5.599432643647545577e-16
5.122379999999999711e+01 5.495161400851372296e-16
5.055440000000000111e+01 5.374572691256863872e-16
4.988660000000000139e+01 5.221310009301670777e-16
4.921860000000000213e+01 5.065126008535459670e-16
4.854910000000000281e+01 4.919313715018163700e-16
4.788100000000000023e+01 4.822788932602079207e-16
4.721289999999999765e+01 4.693283941649588510e-16
4.654319999999999879e+01 4.535820076191896843e-16
4.587500000000000000e+01 4.425877678806500061e-16
4.520669999999999789e+01 4.246315185773694089e-16
4.453679999999999950e+01 4.119496535170981674e-16
4.386840000000000117e+01 4.002557007386309808e-16
4.320000000000000284e+01 3.929283719082060687e-16
4.252989999999999782e+01 3.790227440289469283e-16
4.186129999999999995e+01 3.644618021398131421e-16
4.119270000000000209e+01 3.474787761107768985e-16
4.052250000000000085e+01 3.353626154886124702e-16
3.985379999999999967e+01 3.253123808795623278e-16
3.918500000000000227e+01 3.169426201465371258e-16
3.851460000000000150e+01 3.062146169042528428e-16
3.784570000000000078e+01 2.950470210925239139e-16
3.717519999999999669e+01 2.824452603816606680e-16
3.650619999999999976e+01 2.709623177508627436e-16
3.583709999999999951e+01 2.620867761580703148e-16
3.516640000000000299e+01 2.530196229374155192e-16
3.449719999999999942e+01 2.418891097449377855e-16
3.382800000000000296e+01 2.326794630867079662e-16
3.315709999999999980e+01 2.215693914686457474e-16
3.248780000000000001e+01 2.086768805911358188e-16
3.181680000000000064e+01 1.990722663052403395e-16
3.114730000000000132e+01 1.909646322455050213e-16
3.047779999999999845e+01 1.841197998887876060e-16
2.980669999999999931e+01 1.723455880585974712e-16
2.913700000000000045e+01 1.645111453454637370e-16
2.846730000000000160e+01 1.574163990306074724e-16
2.779599999999999937e+01 1.476430875143151682e-16
2.712620000000000076e+01 1.397510705574080877e-16
2.645479999999999876e+01 1.325724764345982348e-16
2.578490000000000038e+01 1.248649689558701293e-16
2.511329999999999885e+01 1.161328433125342332e-16
2.444330000000000069e+01 1.075605293185999407e-16
2.377319999999999922e+01 1.015307752681545698e-16
2.310150000000000148e+01 9.325120145458273585e-17
2.243130000000000024e+01 8.644720109841157939e-17
2.175949999999999918e+01 7.995683304556729037e-17
2.108909999999999840e+01 7.345137979982788972e-17
2.041870000000000118e+01 6.789510302517385362e-17
1.974680000000000035e+01 6.138379251724994107e-17
1.907629999999999981e+01 5.617912514035491376e-17
1.840419999999999945e+01 5.144880200960696905e-17
1.773349999999999937e+01 4.652486211791704655e-17
1.706129999999999924e+01 4.285312352969310245e-17
1.639059999999999917e+01 3.845824033555691559e-17
1.571979999999999933e+01 3.480401198490707035e-17
1.504739999999999966e+01 3.172559564552625102e-17
1.437650000000000006e+01 2.856385013335310186e-17
1.370410000000000039e+01 2.599919716369966592e-17
1.303299999999999947e+01 2.309370386874617659e-17
1.236040000000000028e+01 2.057394550716836952e-17
1.168929999999999936e+01 1.818537237252178551e-17
1.101660000000000039e+01 1.630523568675631632e-17
1.034529999999999994e+01 1.505331561823247952e-17
9.672489999999999810e+00 1.363826452943150719e-17
9.001129999999999853e+00 1.227071137041218003e-17
8.329710000000000392e+00 1.083528880812436248e-17
7.656710000000000349e+00 9.715305243385853101e-18
6.985170000000000101e+00 9.228804916872190930e-18
6.312050000000000161e+00 8.505821224277044563e-18
5.640399999999999636e+00 7.597464199197036403e-18
4.967170000000000307e+00 6.427158367230206261e-18
4.295410000000000394e+00 5.149926581232200607e-18
3.622059999999999835e+00 3.906143773344901150e-18
2.950180000000000025e+00 2.743192086947609782e-18
2.276720000000000077e+00 1.735219414085430305e-18
1.604729999999999990e+00 8.995768629957793218e-19
9.311519999999999797e-01 3.048874407753708740e-19
2.590439999999999965e-01 2.360533866878082642e-20
