4.498670000000000186e+02 1.161045030410627256e-15
4.492339999999999804e+02 9.183081768639460467e-16
4.486009999999999991e+02 8.072299705535327613e-16
4.479680000000000177e+02 1.129804327305984736e-15
4.473360000000000127e+02 1.094320632880039545e-15
4.467029999999999745e+02 1.037340167172964478e-15
4.460690000000000168e+02 1.227768267349328500e-15
4.454359999999999786e+02 1.106598105292086421e-15
4.448029999999999973e+02 1.071536439806848890e-15
4.441689999999999827e+02 1.164389495332140483e-15
4.435360000000000014e+02 1.277932355740811201e-15
4.429019999999999868e+02 1.496760488049742965e-15
4.422699999999999818e+02 1.291883015922012590e-15
4.416360000000000241e+02 1.456723786947090391e-15
4.410029999999999859e+02 1.442142683088853024e-15
4.403690000000000282e+02 1.312482152247843952e-15
4.397350000000000136e+02 1.308811778973545369e-15
4.391009999999999991e+02 1.273931969674714996e-15
4.384669999999999845e+02 1.031508355453831652e-15
4.378330000000000268e+02 1.101023317765885258e-15
4.371990000000000123e+02 1.015357997155670854e-15
4.365649999999999977e+02 1.084522633986882543e-15
4.359329999999999927e+02 8.453842298182221609e-16
4.352980000000000018e+02 6.996650422137885362e-16
4.346639999999999873e+02 6.874878983265443360e-16
4.340299999999999727e+02 7.160409648278859523e-16
4.333960000000000150e+02 7.139965459221107501e-16
4.327610000000000241e+02 9.750769410841090781e-16
4.321270000000000095e+02 8.814417674769337647e-16
4.314920000000000186e+02 7.279764399286775061e-16
4.308580000000000041e+02 6.556523149145470286e-16
4.302230000000000132e+02 7.238158056209267774e-16
4.295889999999999986e+02 8.314619433780619938e-16
4.289540000000000077e+02 6.897403417668081998e-16
4.283190000000000168e+02 7.770486265481347203e-16
4.276859999999999786e+02 7.749316376546097885e-16
4.270509999999999877e+02 6.641306143159415279e-16
4.264159999999999968e+02 5.540277137424444571e-16
4.257810000000000059e+02 6.602295878201206005e-16
4.251460000000000150e+02 7.365018955934827295e-16
4.245110000000000241e+02 8.805219638956551783e-16
4.238759999999999764e+02 8.876431474449018016e-16
4.232409999999999854e+02 9.722871244531349896e-16
4.226050000000000182e+02 8.535019726641902592e-16
4.219700000000000273e+02 8.702795061434406722e-16
4.213349999999999795e+02 8.965302562134999472e-16
4.206990000000000123e+02 1.027921177022696684e-15
4.200640000000000214e+02 1.034434173802124740e-15
4.194289999999999736e+02 1.145563787070516050e-15
4.187930000000000064e+02 9.238974594527486011e-16
4.181569999999999823e+02 8.738400750768305183e-16
4.175219999999999914e+02 9.278723713479631091e-16
4.168860000000000241e+02 1.132008776798848054e-15
4.162500000000000000e+02 1.231792770790736953e-15
4.156150000000000091e+02 1.246838043533412637e-15
4.149789999999999850e+02 1.280375225207964623e-15
4.143430000000000177e+02 1.313694299362119054e-15
4.137069999999999936e+02 1.180018468220196355e-15
4.130710000000000264e+02 1.370481327708578860e-15
4.124350000000000023e+02 1.458461488487638832e-15
4.117989999999999782e+02 1.527545627000692798e-15
4.111630000000000109e+02 1.467978633868294517e-15
4.105260000000000105e+02 1.408783698497938541e-15
4.098899999999999864e+02 1.450012891299460140e-15
4.092540000000000191e+02 1.246061090872444050e-15
4.086170000000000186e+02 1.260336059410113091e-15
4.079809999999999945e+02 1.337651292729944589e-15
4.073439999999999941e+02 1.279627749859630149e-15
4.067080000000000268e+02 1.221946220248505342e-15
4.060710000000000264e+02 1.361115762846026432e-15
4.054350000000000023e+02 1.161005518869403095e-15
4.047980000000000018e+02 1.184094621709156918e-15
4.041610000000000014e+02 1.145038583789551537e-15
4.035240000000000009e+02 1.229777403483470240e-15
4.028879999999999768e+02 1.041247065743087098e-15
4.022509999999999764e+02 1.125694311265990180e-15
4.016139999999999759e+02 9.298862849214397956e-16
4.009769999999999754e+02 9.444325849584013658e-16
4.003399999999999750e+02 7.416245869453417128e-16
3.997029999999999745e+02 8.952346883598040524e-16
3.990649999999999977e+02 8.406085421130506431e-16
3.984279999999999973e+02 6.745204931409451205e-16
3.977909999999999968e+02 6.295408789192594844e-16
3.971519999999999868e+02 6.102499371204794303e-16
3.965149999999999864e+02 4.805526692551383062e-16
3.958770000000000095e+02 5.470066607028539625e-16
3.952400000000000091e+02 3.588985281993670446e-16
3.946019999999999754e+02 4.929158607887331952e-16
3.939649999999999750e+02 3.481959516773942945e-16
3.933269999999999982e+02 3.303052328572877825e-16
3.926890000000000214e+02 5.216771728876988510e-16
3.920520000000000209e+02 4.866773835898768454e-16
3.914139999999999873e+02 6.347386010610195853e-16
3.907760000000000105e+02 6.409287749482145035e-16
3.901379999999999768e+02 8.535697035805103137e-16
3.895000000000000000e+02 1.040296097532075750e-15
3.888609999999999900e+02 9.386379897002592539e-16
3.882230000000000132e+02 9.600963134427943260e-16
3.875849999999999795e+02 1.054850663671231303e-15
3.869460000000000264e+02 1.140844391245543147e-15
3.863079999999999927e+02 1.242493978054660009e-15
3.856700000000000159e+02 1.303068831230764519e-15
3.850319999999999823e+02 1.371281579360297684e-15
3.843929999999999723e+02 1.238423493057854702e-15
3.837549999999999955e+02 1.314325384757510117e-15
3.831159999999999854e+02 1.270283460959763649e-15
3.824759999999999991e+02 1.250133056076643975e-15
3.818380000000000223e+02 1.198564388078932686e-15
3.811990000000000123e+02 9.973414475767286414e-16
3.805600000000000023e+02 1.104251696848600510e-15
3.799220000000000255e+02 1.053573331601918809e-15
3.792830000000000155e+02 9.328421399791622366e-16
3.786440000000000055e+02 1.007634494807190114e-15
3.780049999999999955e+02 9.265562157378970431e-16
3.773650000000000091e+02 9.546396155533669308e-16
3.767259999999999991e+02 1.236846746357771382e-15
3.760860000000000127e+02 1.209634605274664263e-15
3.754470000000000027e+02 1.458404326065351331e-15
3.748079999999999927e+02 1.438186208229452676e-15
3.741689999999999827e+02 1.509426124075983815e-15
3.735299999999999727e+02 1.587865036277142939e-15
3.728890000000000100e+02 1.605353188809060401e-15
3.722500000000000000e+02 1.479328591375752491e-15
3.716100000000000136e+02 1.669600482016480788e-15
3.709710000000000036e+02 1.529281298252986308e-15
3.703310000000000173e+02 1.464620178892241374e-15
3.696909999999999741e+02 1.414964178667062377e-15
3.690500000000000114e+02 1.447133101904917000e-15
3.684110000000000014e+02 1.368409642206782323e-15
3.677710000000000150e+02 1.334304180252079363e-15
3.671309999999999718e+02 1.271076414153190549e-15
3.664909999999999854e+02 1.456780467091659260e-15
3.658509999999999991e+02 1.342476590800034427e-15
3.652099999999999795e+02 1.337945258817176085e-15
3.645699999999999932e+02 1.499639863532180193e-15
3.639300000000000068e+02 1.465664446590439061e-15
3.632900000000000205e+02 1.446184645079763220e-15
3.626490000000000009e+02 1.476927566381071176e-15
3.620079999999999814e+02 1.436251925479662600e-15
3.613670000000000186e+02 1.409926017224215946e-15
3.607269999999999754e+02 1.305918115533453256e-15
3.600869999999999891e+02 1.343747184684177473e-15
3.594460000000000264e+02 1.212556618129887825e-15
3.588039999999999736e+02 1.116923982305470930e-15
3.581639999999999873e+02 1.078181667452412355e-15
3.575230000000000246e+02 9.908974681715865270e-16
3.568829999999999814e+02 1.112142829591985605e-15
3.562420000000000186e+02 1.073696072983238432e-15
3.556000000000000227e+02 1.090669739159715105e-15
3.549590000000000032e+02 1.141692249789388741e-15
3.543179999999999836e+02 1.028225452027956261e-15
3.536770000000000209e+02 1.058725748746264078e-15
3.530350000000000250e+02 1.211066165141412661e-15
3.523940000000000055e+02 1.247352595406586573e-15
3.517520000000000095e+02 1.242896668992829086e-15
3.511109999999999900e+02 1.003293842979824328e-15
3.504689999999999941e+02 1.086761691617850005e-15
3.498269999999999982e+02 1.116193127044220553e-15
3.491859999999999786e+02 1.092244463241522703e-15
3.485450000000000159e+02 1.068517848319791992e-15
3.479019999999999868e+02 1.044729579030737644e-15
3.472599999999999909e+02 9.752776982314708443e-16
3.466190000000000282e+02 9.586321095655504106e-16
3.459769999999999754e+02 9.290293096055681248e-16
3.453340000000000032e+02 1.010207487107811056e-15
3.446929999999999836e+02 1.058348724047250642e-15
3.440509999999999877e+02 1.015721734713021622e-15
3.434089999999999918e+02 9.991265445099157818e-16
3.427660000000000196e+02 9.314026683322098191e-16
3.421240000000000236e+02 1.062086075643254325e-15
3.414820000000000277e+02 1.089968538681718277e-15
3.408399999999999750e+02 1.079542554043678241e-15
3.401970000000000027e+02 1.132457271021194211e-15
3.395539999999999736e+02 1.140812647780515989e-15
3.389119999999999777e+02 1.105189483165159442e-15
3.382690000000000055e+02 1.132417893856798902e-15
3.376259999999999764e+02 1.283649084415100886e-15
3.369839999999999804e+02 1.378022488163930978e-15
3.363419999999999845e+02 1.317341058530946965e-15
3.356979999999999791e+02 1.232385367520299699e-15
3.350550000000000068e+02 1.209382370845224335e-15
3.344130000000000109e+02 1.149955152143326540e-15
3.337690000000000055e+02 1.163763861315564494e-15
3.331259999999999764e+02 1.189685877212200431e-15
3.324830000000000041e+02 1.348076240930625021e-15
3.318389999999999986e+02 1.270962974322714304e-15
3.311960000000000264e+02 1.367848441374927775e-15
3.305539999999999736e+02 1.320846515612433142e-15
3.299110000000000014e+02 1.399004346974998336e-15
3.292660000000000196e+02 1.446984539200906649e-15
3.286229999999999905e+02 1.524027410581326697e-15
3.279800000000000182e+02 1.494731744433822710e-15
3.273360000000000127e+02 1.447879893512617939e-15
3.266929999999999836e+02 1.308239684080462108e-15
3.260489999999999782e+02 1.279955079741854631e-15
3.254049999999999727e+02 1.246048820249549461e-15
3.247610000000000241e+02 1.310385605541989431e-15
3.241179999999999950e+02 1.259374094470692716e-15
3.234730000000000132e+02 1.288743083279724861e-15
3.228290000000000077e+02 1.289353478306142187e-15
3.221840000000000259e+02 1.392204458552165920e-15
3.215409999999999968e+02 1.397980252621284054e-15
3.208969999999999914e+02 1.510610861342429797e-15
3.202520000000000095e+02 1.572073220995311460e-15
3.196080000000000041e+02 1.560220458626307059e-15
3.189639999999999986e+02 1.604105392342657146e-15
3.183190000000000168e+02 1.669783873236559606e-15
3.176750000000000114e+02 1.563828657719233377e-15
3.170310000000000059e+02 1.398361835551083607e-15
3.163860000000000241e+02 1.392562342997874043e-15
3.157420000000000186e+02 1.354381750732483788e-15
3.150980000000000132e+02 1.267495565613878142e-15
3.144519999999999982e+02 1.240683656025982248e-15
3.138079999999999927e+02 1.198001482084121475e-15
3.131619999999999777e+02 1.171693573236800682e-15
3.125179999999999723e+02 1.134859985518681831e-15
3.118729999999999905e+02 1.146170662284828845e-15
3.112269999999999754e+02 1.332405475547887877e-15
3.105830000000000268e+02 1.247785076320311968e-15
3.099370000000000118e+02 1.211116533602875941e-15
3.092919999999999732e+02 1.221920577531398674e-15
3.086469999999999914e+02 1.185624746967047800e-15
3.080009999999999764e+02 1.289816169328770505e-15
3.073570000000000277e+02 1.346518753739114375e-15
3.067099999999999795e+02 1.361676446610077059e-15
3.060649999999999977e+02 1.335465957845217684e-15
3.054200000000000159e+02 1.324762339127959458e-15
3.047740000000000009e+02 1.314247131498110689e-15
3.041290000000000191e+02 1.303782251824787766e-15
3.034820000000000277e+02 1.439511391011185122e-15
3.028369999999999891e+02 1.523905985077523609e-15
3.021920000000000073e+02 1.587426298473711838e-15
3.015450000000000159e+02 1.536052864578292176e-15
3.008999999999999773e+02 1.430339111008499945e-15
3.002529999999999859e+02 1.567613205292717943e-15
2.996080000000000041e+02 1.501958007204397271e-15
2.989610000000000127e+02 1.426926868981782586e-15
2.983149999999999977e+02 1.547791920898367126e-15
2.976700000000000159e+02 1.478111785784277570e-15
2.970230000000000246e+02 1.481396253823483632e-15
2.963770000000000095e+02 1.383493862776855881e-15
2.957300000000000182e+02 1.348905202672555965e-15
2.950840000000000032e+02 1.386068290481322072e-15
2.944370000000000118e+02 1.280275951544492336e-15
2.937909999999999968e+02 1.317360132778319148e-15
2.931429999999999723e+02 1.537796938606349632e-15
2.924970000000000141e+02 1.526453847426602687e-15
2.918500000000000227e+02 1.449754888086668211e-15
2.912040000000000077e+02 1.420160979569100515e-15
2.905570000000000164e+02 1.483280263840752793e-15
2.899100000000000250e+02 1.564536696510450495e-15
2.892629999999999768e+02 1.686091915749828069e-15
2.886159999999999854e+02 1.756468260852488888e-15
2.879689999999999941e+02 1.803316735800456451e-15
2.873210000000000264e+02 1.804417699295306079e-15
2.866750000000000114e+02 1.778362725036666128e-15
2.860269999999999868e+02 1.869253370894408461e-15
2.853799999999999955e+02 1.896688137399279819e-15
2.847320000000000277e+02 1.870420264429157058e-15
2.840849999999999795e+02 1.955044169325829562e-15
2.834370000000000118e+02 1.990432943643966784e-15
2.827900000000000205e+02 2.073599430539822758e-15
2.821419999999999959e+02 2.142999944068182830e-15
2.814950000000000045e+02 2.172361101016871152e-15
2.808469999999999800e+02 2.249269916074587487e-15
2.801990000000000123e+02 2.170079882827537783e-15
2.795509999999999877e+02 2.117263160391715033e-15
2.789039999999999964e+02 2.137641994040104385e-15
2.782549999999999955e+02 2.132009970985527590e-15
2.776080000000000041e+02 2.130743969636324535e-15
2.769590000000000032e+02 2.095653664146802533e-15
2.763120000000000118e+02 2.132108430635777058e-15
2.756630000000000109e+02 2.088937870062814596e-15
2.750149999999999864e+02 2.120719272121402388e-15
2.743659999999999854e+02 2.292977644199501096e-15
2.737189999999999941e+02 2.422221374988784264e-15
2.730699999999999932e+02 2.451991972122865196e-15
2.724220000000000255e+02 2.411912487032594515e-15
2.717730000000000246e+02 2.351942180657809923e-15
2.711240000000000236e+02 2.304498723200865945e-15
2.704759999999999991e+02 2.229383054402937008e-15
2.698260000000000218e+02 2.262845654295798930e-15
2.691779999999999973e+02 2.331829202779871296e-15
2.685289999999999964e+02 2.213722014977353420e-15
2.678809999999999718e+02 2.179431233380884460e-15
2.672309999999999945e+02 2.137725550503529661e-15
2.665830000000000268e+02 2.178259312790680398e-15
2.659329999999999927e+02 2.323397595343808741e-15
2.652839999999999918e+02 2.381968252963243429e-15
2.646349999999999909e+02 2.478334718868011541e-15
2.639850000000000136e+02 2.408888422029526777e-15
2.633369999999999891e+02 2.374259889322960985e-15
2.626870000000000118e+02 2.431116092492078519e-15
2.620380000000000109e+02 2.370249553587407573e-15
2.613879999999999768e+02 2.460103158871091236e-15
2.607400000000000091e+02 2.403329720525201105e-15
2.600899999999999750e+02 2.290939228119241068e-15
2.594390000000000214e+02 2.342625017195539208e-15
2.587900000000000205e+02 2.290481157880052560e-15
2.581399999999999864e+02 2.290168701723496339e-15
2.574909999999999854e+02 2.264248644114834866e-15
2.568410000000000082e+02 2.365565007510237059e-15
2.561899999999999977e+02 2.440556486575091949e-15
2.555409999999999968e+02 2.388775020721169387e-15
2.548899999999999864e+02 2.434054213167861289e-15
2.542410000000000139e+02 2.425465231700195639e-15
2.535910000000000082e+02 2.338820392719559650e-15
2.529399999999999977e+02 2.334000608912603708e-15
2.522899999999999920e+02 2.360887528124411453e-15
2.516399999999999864e+02 2.429076450872713534e-15
2.509900000000000091e+02 2.316047736703794651e-15
2.503389999999999986e+02 2.318014918226578635e-15
2.496879999999999882e+02 2.364610703083240220e-15
2.490380000000000109e+02 2.369465474249900022e-15
2.483870000000000005e+02 2.435549664138124068e-15
2.477359999999999900e+02 2.493988964310692466e-15
2.470860000000000127e+02 2.457552774030366255e-15
2.464350000000000023e+02 2.525127403796907984e-15
2.457849999999999966e+02 2.412102769907272736e-15
2.451330000000000098e+02 2.462463879344723493e-15
2.444819999999999993e+02 2.410008262746040791e-15
2.438319999999999936e+02 2.364675321482009370e-15
2.431800000000000068e+02 2.329329588834918709e-15
2.425289999999999964e+02 2.317045616386148569e-15
2.418779999999999859e+02 2.401521331002062575e-15
2.412270000000000039e+02 2.456235400081297926e-15
2.405749999999999886e+02 2.392133021302360376e-15
2.399240000000000066e+02 2.487260136247776878e-15
2.392719999999999914e+02 2.474011188034299757e-15
2.386200000000000045e+02 2.514125726324954282e-15
2.379699999999999989e+02 2.494355746465386583e-15
2.373180000000000121e+02 2.555460759990232498e-15
2.366670000000000016e+02 2.541714548274881509e-15
2.360149999999999864e+02 2.530904353668803702e-15
2.353629999999999995e+02 2.572199002216702742e-15
2.347100000000000080e+02 2.658484032876028521e-15
2.340600000000000023e+02 2.634831108439540496e-15
2.334070000000000107e+02 2.614368594966104793e-15
2.327549999999999955e+02 2.704688871574606976e-15
2.321040000000000134e+02 2.770017512456813858e-15
2.314509999999999934e+02 2.745841746937640531e-15
2.307980000000000018e+02 2.806999656967154552e-15
2.301469999999999914e+02 2.791393919660691468e-15
2.294939999999999998e+02 2.746695497135072023e-15
2.288420000000000130e+02 2.682148481989272010e-15
2.281899999999999977e+02 2.767721039305952826e-15
2.275370000000000061e+02 2.829321458761158364e-15
2.268839999999999861e+02 2.858889377272021477e-15
2.262330000000000041e+02 2.913258237289279330e-15
2.255800000000000125e+02 2.986677003233545580e-15
2.249269999999999925e+02 2.972470025232494226e-15
2.242729999999999961e+02 2.977762967356637499e-15
2.236220000000000141e+02 3.032468490104863699e-15
2.229679999999999893e+02 3.039789090956238852e-15
2.223149999999999977e+02 3.052209423301510740e-15
2.216630000000000109e+02 2.999362215707885798e-15
2.210099999999999909e+02 2.941348090798695938e-15
2.203559999999999945e+02 2.881221505403753637e-15
2.197019999999999982e+02 2.848392423727252685e-15
2.190500000000000114e+02 2.850289594427118649e-15
2.183969999999999914e+02 2.838774379836420400e-15
2.177429999999999950e+02 2.819404892924039880e-15
2.170889999999999986e+02 2.826179444419079482e-15
2.164370000000000118e+02 2.770545637941379137e-15
2.157829999999999870e+02 2.800428505637240560e-15
2.151289999999999907e+02 2.763173485293662993e-15
2.144749999999999943e+02 2.822950482090877566e-15
2.138220000000000027e+02 2.813591729664651398e-15
2.131680000000000064e+02 2.809161370902255938e-15
2.125140000000000100e+02 2.814668846765964781e-15
2.118600000000000136e+02 2.760350304989272992e-15
2.112069999999999936e+02 2.802807536927372506e-15
2.105529999999999973e+02 2.770953601544530818e-15
2.098979999999999961e+02 2.741781215659182754e-15
2.092439999999999998e+02 2.695770184600436811e-15
2.085910000000000082e+02 2.681617686147921596e-15
2.079360000000000070e+02 2.662626015515634559e-15
2.072820000000000107e+02 2.638961043021625597e-15
2.066270000000000095e+02 2.572876051528589612e-15
2.059739999999999895e+02 2.603820607855852457e-15
2.053189999999999884e+02 2.585112439006073783e-15
2.046639999999999873e+02 2.547994800557697185e-15
2.040089999999999861e+02 2.541114913599535522e-15
2.033540000000000134e+02 2.527291058880030408e-15
2.027009999999999934e+02 2.447611351706368558e-15
2.020459999999999923e+02 2.413880373125263402e-15
2.013909999999999911e+02 2.353492754180051867e-15
2.007350000000000136e+02 2.391939728106326402e-15
2.000800000000000125e+02 2.361011888742907683e-15
1.994259999999999877e+02 2.303888556562636340e-15
1.987709999999999866e+02 2.291128980748354479e-15
1.981160000000000139e+02 2.263211526512600623e-15
1.974600000000000080e+02 2.282963423531040512e-15
1.968050000000000068e+02 2.227205195527331657e-15
1.961510000000000105e+02 2.206283767463856899e-15
1.954950000000000045e+02 2.244670370646380181e-15
1.948389999999999986e+02 2.189793386807144860e-15
1.941839999999999975e+02 2.154350811847185103e-15
1.935279999999999916e+02 2.162816929110091603e-15
1.928739999999999952e+02 2.177218445670630959e-15
1.922179999999999893e+02 2.158526420422150084e-15
1.915620000000000118e+02 2.200959283952217890e-15
1.909060000000000059e+02 2.262931066431888722e-15
1.902500000000000000e+02 2.281753431097556992e-15
1.895939999999999941e+02 2.236281305346088154e-15
1.889389999999999930e+02 2.278395622730919017e-15
1.882829999999999870e+02 2.306070120449648347e-15
1.876270000000000095e+02 2.337083454252914677e-15
1.869699999999999989e+02 2.313212624355945848e-15
1.863139999999999930e+02 2.297184877285689661e-15
1.856570000000000107e+02 2.246723470137286763e-15
1.850010000000000048e+02 2.208270855469853179e-15
1.843460000000000036e+02 2.226772947625490370e-15
1.836889999999999930e+02 2.257953321495074561e-15
1.830329999999999870e+02 2.286622205735483881e-15
1.823760000000000048e+02 2.296299926397592004e-15
1.817189999999999941e+02 2.268989245185979435e-15
1.810620000000000118e+02 2.365686076246863199e-15
1.804050000000000011e+02 2.433686659764646228e-15
1.797500000000000000e+02 2.453793164765625287e-15
1.790929999999999893e+02 2.507384565982478233e-15
1.784360000000000070e+02 2.498076800320308630e-15
1.777789999999999964e+02 2.513280889489008570e-15
1.771220000000000141e+02 2.512325309339629941e-15
1.764650000000000034e+02 2.512974590906315047e-15
1.758069999999999879e+02 2.520207530972503420e-15
1.751500000000000057e+02 2.486280763807297239e-15
1.744939999999999998e+02 2.496574754343067197e-15
1.738369999999999891e+02 2.536810580451116214e-15
1.731790000000000020e+02 2.556186036692573404e-15
1.725219999999999914e+02 2.585020259662993788e-15
1.718640000000000043e+02 2.624664616227631151e-15
1.712059999999999889e+02 2.652046381363398591e-15
1.705490000000000066e+02 2.670780891125179743e-15
1.698909999999999911e+02 2.674476753985082144e-15
1.692330000000000041e+02 2.652423330053381043e-15
1.685749999999999886e+02 2.627296568310776390e-15
1.679190000000000111e+02 2.644725237282247129e-15
1.672609999999999957e+02 2.619570419218675486e-15
1.666030000000000086e+02 2.657867101009669843e-15
1.659449999999999932e+02 2.604954519988270261e-15
1.652870000000000061e+02 2.540478200736892075e-15
1.646279999999999859e+02 2.532509000297925538e-15
1.639699999999999989e+02 2.549889571765720956e-15
1.633120000000000118e+02 2.583104987736302886e-15
1.626539999999999964e+02 2.575793386027064332e-15
1.619950000000000045e+02 2.531785171774054054e-15
1.613369999999999891e+02 2.510015471659774918e-15
1.606779999999999973e+02 2.462428882811180249e-15
1.600190000000000055e+02 2.453855086495863389e-15
1.593609999999999900e+02 2.459376963662974930e-15
1.587040000000000077e+02 2.450568466178372988e-15
1.580449999999999875e+02 2.454063300241012864e-15
1.573859999999999957e+02 2.431059833569110581e-15
1.567270000000000039e+02 2.435546806681718220e-15
1.560680000000000121e+02 2.412601123817944384e-15
1.554089999999999918e+02 2.404574301094372492e-15
1.547500000000000000e+02 2.403083453806871705e-15
1.540910000000000082e+02 2.380218028289570300e-15
1.534319999999999879e+02 2.370569865669807799e-15
1.527729999999999961e+02 2.359535469514909023e-15
1.521140000000000043e+02 2.331664255435568888e-15
1.514540000000000077e+02 2.318062075125283797e-15
1.507949999999999875e+02 2.304437102179954949e-15
1.501359999999999957e+02 2.368671117643715554e-15
1.494759999999999991e+02 2.381729486952375366e-15
1.488170000000000073e+02 2.379467007064295295e-15
1.481570000000000107e+02 2.416111136592974359e-15
1.474970000000000141e+02 2.400899670167552167e-15
1.468379999999999939e+02 2.414530130406623665e-15
1.461779999999999973e+02 2.415710836042028270e-15
1.455180000000000007e+02 2.443721120409712654e-15
1.448580000000000041e+02 2.444040338089390039e-15
1.441980000000000075e+02 2.383733539525662214e-15
1.435380000000000109e+02 2.396629310273560969e-15
1.428779999999999859e+02 2.398736893020673610e-15
1.422179999999999893e+02 2.420832727421411543e-15
1.415579999999999927e+02 2.419856790784691801e-15
1.408979999999999961e+02 2.413038606408691514e-15
1.402379999999999995e+02 2.403830209260408404e-15
1.395769999999999982e+02 2.390100676183624063e-15
1.389170000000000016e+02 2.408682706569523012e-15
1.382560000000000002e+02 2.460670221505994403e-15
1.375960000000000036e+02 2.484975395940108459e-15
1.369350000000000023e+02 2.502187023174731155e-15
1.362750000000000057e+02 2.500088985717521995e-15
1.356140000000000043e+02 2.522313610854947628e-15
1.349540000000000077e+02 2.540722549866558193e-15
1.342930000000000064e+02 2.586596733452617839e-15
1.336320000000000050e+02 2.630202973553252252e-15
1.329710000000000036e+02 2.650869100862834153e-15
1.323100000000000023e+02 2.658032009643322809e-15
1.316490000000000009e+02 2.702410112972055200e-15
1.309879999999999995e+02 2.706216316930362254e-15
1.303269999999999982e+02 2.702921478405873707e-15
1.296659999999999968e+02 2.743417340865925123e-15
1.290049999999999955e+02 2.751086931679179638e-15
1.283420000000000130e+02 2.739681393903444415e-15
1.276809999999999974e+02 2.734538643816505023e-15
1.270190000000000055e+02 2.753354597809172755e-15
1.263580000000000041e+02 2.711611626708351261e-15
1.256959999999999980e+02 2.661396557422001817e-15
1.250349999999999966e+02 2.655531458581374982e-15
1.243730000000000047e+02 2.638960742086036223e-15
1.237120000000000033e+02 2.612893925537009002e-15
1.230499999999999972e+02 2.603847178106811938e-15
1.223880000000000052e+02 2.583638465209849811e-15
1.217259999999999991e+02 2.524483461893563298e-15
1.210639999999999930e+02 2.455493890044225198e-15
1.204030000000000058e+02 2.437880575084846704e-15
1.197409999999999997e+02 2.407337581273952211e-15
1.190780000000000030e+02 2.333360825485784849e-15
1.184150000000000063e+02 2.302076989858729879e-15
1.177530000000000001e+02 2.255661013072940870e-15
1.170909999999999940e+02 2.198333682428851151e-15
1.164279999999999973e+02 2.142583565671817562e-15
1.157660000000000053e+02 2.110972847005810142e-15
1.151039999999999992e+02 2.072970939228894053e-15
1.144410000000000025e+02 2.020013207804690500e-15
1.137789999999999964e+02 1.970040800836695275e-15
1.131159999999999997e+02 1.948759804831691174e-15
1.124539999999999935e+02 1.916261355769799515e-15
1.117890000000000015e+02 1.881892338559397470e-15
1.111269999999999953e+02 1.864674033463939165e-15
1.104639999999999986e+02 1.827597961496232803e-15
1.098010000000000019e+02 1.794392556426764884e-15
1.091380000000000052e+02 1.756257937598028433e-15
1.084749999999999943e+02 1.732490819417844639e-15
1.078119999999999976e+02 1.671163099102369727e-15
1.071490000000000009e+02 1.630896013946195291e-15
1.064849999999999994e+02 1.550411457009584519e-15
1.058209999999999980e+02 1.481707987273691128e-15
1.051580000000000013e+02 1.399509418544704710e-15
1.044950000000000045e+02 1.366749326736537946e-15
1.038319999999999936e+02 1.303065404903815304e-15
1.031680000000000064e+02 1.246582250086849467e-15
1.025049999999999955e+02 1.194184493981703427e-15
1.018400000000000034e+02 1.167758876418072607e-15
1.011760000000000019e+02 1.129145076645124173e-15
1.005130000000000052e+02 1.129217645060610615e-15
9.984900000000000375e+01 1.120029115048701650e-15
9.918529999999999802e+01 1.105838738710389982e-15
9.852150000000000318e+01 1.087882801810286414e-15
9.785769999999999413e+01 1.107179261034651930e-15
9.719230000000000302e+01 1.132070051859209138e-15
9.652830000000000155e+01 1.154377044775753641e-15
9.586430000000000007e+01 1.169547159108736234e-15
9.520029999999999859e+01 1.192630952994521954e-15
9.453610000000000468e+01 1.229274051222866947e-15
9.387199999999999989e+01 1.264553908375647137e-15
9.320619999999999550e+01 1.283450616865160703e-15
9.254200000000000159e+01 1.306160784910089741e-15
9.187760000000000105e+01 1.298467879273022632e-15
9.121320000000000050e+01 1.299471979196508121e-15
9.054879999999999995e+01 1.289454100702310568e-15
8.988280000000000314e+01 1.304245395379690274e-15
8.921819999999999595e+01 1.296748057759715269e-15
8.855360000000000298e+01 1.278042691628821129e-15
8.788890000000000668e+01 1.258590891066173166e-15
8.722419999999999618e+01 1.270055060322518164e-15
8.655939999999999657e+01 1.276096148708053970e-15
8.589300000000000068e+01 1.289424085861856779e-15
8.522809999999999775e+01 1.285543025403639445e-15
8.456319999999999482e+01 1.290563441209499272e-15
8.389820000000000277e+01 1.276771115953939550e-15
8.323160000000000025e+01 1.276542847552300602e-15
8.256650000000000489e+01 1.268192049823113157e-15
8.190130000000000621e+01 1.270188312680966018e-15
8.123609999999999332e+01 1.261975714962547478e-15
8.057080000000000553e+01 1.234193645099131396e-15
7.990389999999999304e+01 1.226164602570195554e-15
7.923850000000000193e+01 1.224622004457692051e-15
7.857299999999999329e+01 1.226444493251757470e-15
7.790749999999999886e+01 1.222567605610292873e-15
7.724039999999999395e+01 1.212587756684658274e-15
7.657479999999999620e+01 1.208687296107588536e-15
7.590909999999999513e+01 1.184291262509307702e-15
7.524339999999999407e+01 1.180262695040339074e-15
7.457760000000000389e+01 1.168956612975326152e-15
7.391020000000000323e+01 1.137768544813709721e-15
7.324429999999999552e+01 1.118357755536541085e-15
7.257829999999999870e+01 1.085168779174890012e-15
7.191230000000000189e+01 1.060196867789910448e-15
7.124469999999999459e+01 1.045249207418515914e-15
7.057850000000000534e+01 1.023358486689120216e-15
6.991230000000000189e+01 1.017143568609748958e-15
6.924609999999999843e+01 9.900925090201389320e-16
6.857829999999999870e+01 9.751543648373973104e-16
6.791190000000000282e+01 9.581909731812978653e-16
6.724550000000000693e+01 9.364986684936775712e-16
6.657750000000000057e+01 9.200562006724415024e-16
6.591100000000000136e+01 8.952023538800068430e-16
6.524439999999999884e+01 8.794185361284978359e-16
6.457769999999999300e+01 8.587936178048701248e-16
6.390950000000000131e+01 8.354240529724089930e-16
6.324269999999999925e+01 8.195031064682408713e-16
6.257589999999999719e+01 8.078881661611963836e-16
6.190899999999999892e+01 7.947109153702910947e-16
6.124060000000000059e+01 7.787763242943454573e-16
6.057359999999999900e+01 7.646521172597129918e-16
5.990659999999999741e+01 7.512087363915929040e-16
5.923799999999999955e+01 7.260819470898762457e-16
5.857079999999999842e+01 7.002173237426932305e-16
5.790359999999999729e+01 6.872495855135238475e-16
5.723629999999999995e+01 6.687883891050303619e-16
5.656750000000000256e+01 6.459013449373712067e-16
5.590010000000000190e+01 6.329187699892753003e-16
5.523270000000000124e+01 6.153653130277805200e-16
5.456360000000000099e+01 6.014415843262429507e-16
5.389609999999999701e+01 5.901348390633682924e-16
5.322849999999999682e+01 5.833198870384553333e-16
5.255930000000000035e+01 5.793944539342967617e-16
5.189159999999999684e+01 5.599551758019229750e-16
5.122379999999999711e+01 5.495277686258495490e-16
5.055440000000000111e+01 5.374686169749877129e-16
4.988660000000000139e+01 5.221420716531512725e-16
4.921860000000000213e+01 5.065233972775511590e-16
4.854910000000000281e+01 4.919418959499574611e-16
4.788100000000000023e+01 4.822891492528822107e-16
4.721289999999999765e+01 4.693383846693564902e-16
4.654319999999999879e+01 4.535917349961395355e-16
4.587500000000000000e+01 4.425972357284909957e-16
4.520669999999999789e+01 4.246407298824635218e-16
4.453679999999999950e+01 4.119586107206367593e-16
4.386840000000000117e+01 4.002644074775055475e-16
4.320000000000000284e+01 3.929368312661277285e-16
4.252989999999999782e+01 3.790309584916154074e-16
4.186129999999999995e+01 3.644697753832570022e-16
4.119270000000000209e+01 3.474865112788723478e-16
4.052250000000000085e+01 3.353701151865157515e-16
3.985379999999999967e+01 3.253196488220782140e-16
3.918500000000000227e+01 3.169496595038027090e-16
3.851460000000000150e+01 3.062214303659946922e-16
3.784570000000000078e+01 2.950536124138571509e-16
3.717519999999999669e+01 2.824516323091979036e-16
3.650619999999999976e+01 2.709684740666139805e-16
3.583709999999999951e+01 2.620927201384580442e-16
3.516640000000000299e+01 2.530253574160540958e-16
3.449719999999999942e+01 2.418946385451622820e-16
3.382800000000000296e+01 2.326847895802891603e-16
3.315709999999999980e+01 2.215745185472061408e-16
3.248780000000000001e+01 2.086818121489178879e-16
3.181680000000000064e+01 1.990770052943971651e-16
3.114730000000000132e+01 1.909691825593048365e-16
3.047779999999999845e+01 1.841241650074446644e-16
2.980669999999999931e+01 1.723497710537113124e-16
2.913700000000000045e+01 1.645151501259049315e-16
2.846730000000000160e+01 1.574202291432791696e-16
2.779599999999999937e+01 1.476467461233761271e-16
2.712620000000000076e+01 1.397545616417100610e-16
2.645479999999999876e+01 1.325758032205438184e-16
2.578490000000000038e+01 1.248681354514124260e-16
2.511329999999999885e+01 1.161358527839118357e-16
2.444330000000000069e+01 1.075633858268113625e-16
2.377319999999999922e+01 1.015334824961804679e-16
2.310150000000000148e+01 9.325376278803211047e-17
2.243130000000000024e+01 8.644962061979806518e-17
2.175949999999999918e+01 7.995911420523020192e-17
2.108909999999999840e+01 7.345352669066032367e-17
2.041870000000000118e+01 6.789711947084971092e-17
1.974680000000000035e+01 6.138568208570267560e-17
1.907629999999999981e+01 5.618089197135443653e-17
1.840419999999999945e+01 5.145044971905343976e-17
1.773349999999999937e+01 4.652639487878460407e-17
1.706129999999999924e+01 4.285454504262604727e-17
1.639059999999999917e+01 3.845955482155849871e-17
1.571979999999999933e+01 3.480522342118944019e-17
1.504739999999999966e+01 3.172670781823717678e-17
1.437650000000000006e+01 2.856486731142989509e-17
1.370410000000000039e+01 2.600012321574749834e-17
1.303299999999999947e+01 2.309454306916899633e-17
1.236040000000000028e+01 2.057470179455151349e-17
1.168929999999999936e+01 1.818605008003834398e-17
1.101660000000000039e+01 1.630583881050166005e-17
1.034529999999999994e+01 1.505384851382324448e-17
9.672489999999999810e+00 1.363873127433378149e-17
9.001129999999999853e+00 1.227111635899008222e-17
8.329710000000000392e+00 1.083563630805225781e-17
7.656710000000000349e+00 9.715599433493453196e-18
6.985170000000000101e+00 9.229050243659656515e-18
6.312050000000000161e+00 8.506021940133032443e-18
5.640399999999999636e+00 7.597624785705103526e-18
4.967170000000000307e+00 6.427283151024725057e-18
4.295410000000000394e+00 5.150020078494743679e-18
3.622059999999999835e+00 3.906210385413191405e-18
2.950180000000000025e+00 2.743236365077504858e-18
2.276720000000000077e+00 1.735245836016909915e-18
1.604729999999999990e+00 8.995900152726867462e-19
9.311519999999999797e-01 3.048918778050283523e-19
2.590439999999999965e-01 2.360568274211650570e-20
