4.498670000000000186e+02 1.160773122353959123e-15
4.492339999999999804e+02 9.180366713729012079e-16
4.486009999999999991e+02 8.069588678475788285e-16
4.479680000000000177e+02 1.129533627604819866e-15
4.473360000000000127e+02 1.094050335766411933e-15
4.467029999999999745e+02 1.037070273503859874e-15
4.460690000000000168e+02 1.227498777983000748e-15
4.454359999999999786e+02 1.106329019811607741e-15
4.448029999999999973e+02 1.071267758433037227e-15
4.441689999999999827e+02 1.164121218924953422e-15
4.435360000000000014e+02 1.277664483882922983e-15
4.429019999999999868e+02 1.496493021602236684e-15
4.422699999999999818e+02 1.291615953827307196e-15
4.416360000000000241e+02 1.456457130707007444e-15
4.410029999999999859e+02 1.441876432285494445e-15
4.403690000000000282e+02 1.312216307744512689e-15
4.397350000000000136e+02 1.308546340993418456e-15
4.391009999999999991e+02 1.273666938441164314e-15
4.384669999999999845e+02 1.031243731190422353e-15
4.378330000000000268e+02 1.100759100696372020e-15
4.371990000000000123e+02 1.015094187503995510e-15
4.365649999999999977e+02 1.084259231977170732e-15
4.359329999999999927e+02 8.451212343877832831e-16
4.352980000000000018e+02 6.994024555172491309e-16
4.346639999999999873e+02 6.872257199450663970e-16
4.340299999999999727e+02 7.157791949863021346e-16
4.333960000000000150e+02 7.137351848454227221e-16
4.327610000000000241e+02 9.748159896427582885e-16
4.321270000000000095e+02 8.811812252513346630e-16
4.314920000000000186e+02 7.277163077903071182e-16
4.308580000000000041e+02 6.553925924434266555e-16
4.302230000000000132e+02 7.235564936895582738e-16
4.295889999999999986e+02 8.312030415660595099e-16
4.289540000000000077e+02 6.894818509476867836e-16
4.283190000000000168e+02 7.767905469488575428e-16
4.276859999999999786e+02 7.746739682060294247e-16
4.270509999999999877e+02 6.638733565408390776e-16
4.264159999999999968e+02 5.537708678681996098e-16
4.257810000000000059e+02 6.599731540742461661e-16
4.251460000000000150e+02 7.362458742036203981e-16
4.245110000000000241e+02 8.802663550895731534e-16
4.238759999999999764e+02 8.873879514504912505e-16
4.232409999999999854e+02 9.720323414984053102e-16
4.226050000000000182e+02 8.532476036282640186e-16
4.219700000000000273e+02 8.700255506039202279e-16
4.213349999999999795e+02 8.962767143987334143e-16
4.206990000000000123e+02 1.027668049813213859e-15
4.200640000000000214e+02 1.034181460774767222e-15
4.194289999999999736e+02 1.145311488453938526e-15
4.187930000000000064e+02 9.236455761288581199e-16
4.181569999999999823e+02 8.735886072751915197e-16
4.175219999999999914e+02 9.276213186443500612e-16
4.168860000000000241e+02 1.131758140076515183e-15
4.162500000000000000e+02 1.231542550279503698e-15
4.156150000000000091e+02 1.246588238808213527e-15
4.149789999999999850e+02 1.280125837153370689e-15
4.143430000000000177e+02 1.313445328208172393e-15
4.137069999999999936e+02 1.179769914197003945e-15
4.130710000000000264e+02 1.370233191046311577e-15
4.124350000000000023e+02 1.458213769416526718e-15
4.117989999999999782e+02 1.527298325751020721e-15
4.111630000000000109e+02 1.467731750670399605e-15
4.105260000000000105e+02 1.408537234240062593e-15
4.098899999999999864e+02 1.449766845554535951e-15
4.092540000000000191e+02 1.245815463870939305e-15
4.086170000000000186e+02 1.260090852041477730e-15
4.079809999999999945e+02 1.337406504566131049e-15
4.073439999999999941e+02 1.279383381790874076e-15
4.067080000000000268e+02 1.221702271846085681e-15
4.060710000000000264e+02 1.360872235000948364e-15
4.054350000000000023e+02 1.160762411152255116e-15
4.047980000000000018e+02 1.183851935011697964e-15
4.041610000000000014e+02 1.144796318343150764e-15
4.035240000000000009e+02 1.229535559519499565e-15
4.028879999999999768e+02 1.041005642830705997e-15
4.022509999999999764e+02 1.125453310298414417e-15
4.016139999999999759e+02 9.296457061300274830e-16
4.009769999999999754e+02 9.441924285744964165e-16
4.003399999999999750e+02 7.413848532002706847e-16
3.997029999999999745e+02 8.949953774848716126e-16
3.990649999999999977e+02 8.403696550039253219e-16
3.984279999999999973e+02 6.742820293648459923e-16
3.977909999999999968e+02 6.293028387073980320e-16
3.971519999999999868e+02 6.100123220349894741e-16
3.965149999999999864e+02 4.803154781969113854e-16
3.958770000000000095e+02 5.467698945691761667e-16
3.952400000000000091e+02 3.586621865554190317e-16
3.946019999999999754e+02 4.926799445324155774e-16
3.939649999999999750e+02 3.479604603730415778e-16
3.933269999999999982e+02 3.300701674033962184e-16
3.926890000000000214e+02 5.214425335157596720e-16
3.920520000000000209e+02 4.864431698629204226e-16
3.914139999999999873e+02 6.345048138784001057e-16
3.907760000000000105e+02 6.406954145411783570e-16
3.901379999999999768e+02 8.533367701802130726e-16
3.895000000000000000e+02 1.040063591369576648e-15
3.888609999999999900e+02 9.384059116767121638e-16
3.882230000000000132e+02 9.598646631192190596e-16
3.875849999999999795e+02 1.054619441278369675e-15
3.869460000000000264e+02 1.140613597685302197e-15
3.863079999999999927e+02 1.242263612886626188e-15
3.856700000000000159e+02 1.302838894685317751e-15
3.850319999999999823e+02 1.371052071667687339e-15
3.843929999999999723e+02 1.238194415120918871e-15
3.837549999999999955e+02 1.314096736133856394e-15
3.831159999999999854e+02 1.270055242552664198e-15
3.824759999999999991e+02 1.249905268790301025e-15
3.818380000000000223e+02 1.198337030795971111e-15
3.811990000000000123e+02 9.971145212010301968e-16
3.805600000000000023e+02 1.104025201610072791e-15
3.799220000000000255e+02 1.053347267055050843e-15
3.792830000000000155e+02 9.326165070283962653e-16
3.786440000000000055e+02 1.007409293681898687e-15
3.780049999999999955e+02 9.263314466672623973e-16
3.773650000000000091e+02 9.544152794430575917e-16
3.767259999999999991e+02 1.236622842760251767e-15
3.760860000000000127e+02 1.209411135095911737e-15
3.754470000000000027e+02 1.458181288856697703e-15
3.748079999999999927e+02 1.437963604219048946e-15
3.741689999999999827e+02 1.509203953491759902e-15
3.735299999999999727e+02 1.587643299346799205e-15
3.728890000000000100e+02 1.605131887118421046e-15
3.722500000000000000e+02 1.479107723794397194e-15
3.716100000000000136e+02 1.669380049451279115e-15
3.709710000000000036e+02 1.529061300251130520e-15
3.703310000000000173e+02 1.464400616360801015e-15
3.696909999999999741e+02 1.414745051832952498e-15
3.690500000000000114e+02 1.446914411676089681e-15
3.684110000000000014e+02 1.368191387446988152e-15
3.677710000000000150e+02 1.334086361868711708e-15
3.671309999999999718e+02 1.270859032372044476e-15
3.664909999999999854e+02 1.456563522138236379e-15
3.658509999999999991e+02 1.342260082899533818e-15
3.652099999999999795e+02 1.337729188877911917e-15
3.645699999999999932e+02 1.499424231095660393e-15
3.639300000000000068e+02 1.465449251880921600e-15
3.632900000000000205e+02 1.445969888321179872e-15
3.626490000000000009e+02 1.476713248481844776e-15
3.620079999999999814e+02 1.436038046663750955e-15
3.613670000000000186e+02 1.409712577715230555e-15
3.607269999999999754e+02 1.305705114868784193e-15
3.600869999999999891e+02 1.343534623086027725e-15
3.594460000000000264e+02 1.212344496506657545e-15
3.588039999999999736e+02 1.116712301566228044e-15
3.581639999999999873e+02 1.077970426445118793e-15
3.575230000000000246e+02 9.906866678045438347e-16
3.568829999999999814e+02 1.111932469398250053e-15
3.562420000000000186e+02 1.073486153871008421e-15
3.556000000000000227e+02 1.090460262037813028e-15
3.549590000000000032e+02 1.141483214189306359e-15
3.543179999999999836e+02 1.028016858169051336e-15
3.536770000000000209e+02 1.058517596847466023e-15
3.530350000000000250e+02 1.210858456111213531e-15
3.523940000000000055e+02 1.247145328773382443e-15
3.517520000000000095e+02 1.242689845664900597e-15
3.511109999999999900e+02 1.003087462483981547e-15
3.504689999999999941e+02 1.086555754862129226e-15
3.498269999999999982e+02 1.115987634245510601e-15
3.491859999999999786e+02 1.092039413924204941e-15
3.485450000000000159e+02 1.068313242699116190e-15
3.479019999999999868e+02 1.044525418706855492e-15
3.472599999999999909e+02 9.750739827269457755e-16
3.466190000000000282e+02 9.584288384014326265e-16
3.459769999999999754e+02 9.288264836887899059e-16
3.453340000000000032e+02 1.010005107345778000e-15
3.446929999999999836e+02 1.058146789264745381e-15
3.440509999999999877e+02 1.015520245816378087e-15
3.434089999999999918e+02 9.989255017108902726e-16
3.427660000000000196e+02 9.312020725373528071e-16
3.421240000000000236e+02 1.061885926368182140e-15
3.414820000000000277e+02 1.089768836136497873e-15
3.408399999999999750e+02 1.079343298437797154e-15
3.401970000000000027e+02 1.132258463260209342e-15
3.395539999999999736e+02 1.140614288073381998e-15
3.389119999999999777e+02 1.104991571022923576e-15
3.382690000000000055e+02 1.132220430184178518e-15
3.376259999999999764e+02 1.283452069419211021e-15
3.369839999999999804e+02 1.377825921352991009e-15
3.363419999999999845e+02 1.317144940110165253e-15
3.356979999999999791e+02 1.232189699092052717e-15
3.350550000000000068e+02 1.209187151915473349e-15
3.344130000000000109e+02 1.149760382216416831e-15
3.337690000000000055e+02 1.163569541993788919e-15
3.331259999999999764e+02 1.189492007998552362e-15
3.324830000000000041e+02 1.347882822026949705e-15
3.318389999999999986e+02 1.270770006630954477e-15
3.311960000000000264e+02 1.367655924395040681e-15
3.305539999999999736e+02 1.320654448842727898e-15
3.299110000000000014e+02 1.398812731315586533e-15
3.292660000000000196e+02 1.446793376254128475e-15
3.286229999999999905e+02 1.523836699141257585e-15
3.279800000000000182e+02 1.494541484697242435e-15
3.273360000000000127e+02 1.447690086378498388e-15
3.266929999999999836e+02 1.308050329041407353e-15
3.260489999999999782e+02 1.279766177695896236e-15
3.254049999999999727e+02 1.245860371390977359e-15
3.247610000000000241e+02 1.310197610064295622e-15
3.241179999999999950e+02 1.259186551862106251e-15
3.234730000000000132e+02 1.288555995141022405e-15
3.228290000000000077e+02 1.289166844123908609e-15
3.221840000000000259e+02 1.392018279221948462e-15
3.215409999999999968e+02 1.397794526921752683e-15
3.208969999999999914e+02 1.510425590167432155e-15
3.202520000000000095e+02 1.571888405238705247e-15
3.196080000000000041e+02 1.560036097768925558e-15
3.189639999999999986e+02 1.603921486570378272e-15
3.183190000000000168e+02 1.669600423441453698e-15
3.176750000000000114e+02 1.563645663378581674e-15
3.170310000000000059e+02 1.398179296848052315e-15
3.163860000000000241e+02 1.392380260822641812e-15
3.157420000000000186e+02 1.354200124558705464e-15
3.150980000000000132e+02 1.267314395621917699e-15
3.144519999999999982e+02 1.240502943812801418e-15
3.138079999999999927e+02 1.197821226411169985e-15
3.131619999999999777e+02 1.171513775700203678e-15
3.125179999999999723e+02 1.134680644876818199e-15
3.118729999999999905e+02 1.145991779423061041e-15
3.112269999999999754e+02 1.332227051351383905e-15
3.105830000000000268e+02 1.247607109542790321e-15
3.099370000000000118e+02 1.210939025838134034e-15
3.092919999999999732e+02 1.221743528240955714e-15
3.086469999999999914e+02 1.185448156321784667e-15
3.080009999999999764e+02 1.289640038209975979e-15
3.073570000000000277e+02 1.346343080892588363e-15
3.067099999999999795e+02 1.361501234338936445e-15
3.060649999999999977e+02 1.335291204892556977e-15
3.054200000000000159e+02 1.324588045659233162e-15
3.047740000000000009e+02 1.314073298390417547e-15
3.041290000000000191e+02 1.303608878528829139e-15
3.034820000000000277e+02 1.439338479115555493e-15
3.028369999999999891e+02 1.523733533317112939e-15
3.021920000000000073e+02 1.587254307008270575e-15
3.015450000000000159e+02 1.535881334994408137e-15
3.008999999999999773e+02 1.430168042036045937e-15
3.002529999999999859e+02 1.567442598516866370e-15
2.996080000000000041e+02 1.501787861351633569e-15
2.989610000000000127e+02 1.426757185635804780e-15
2.983149999999999977e+02 1.547622699497446889e-15
2.976700000000000159e+02 1.477943025764731187e-15
2.970230000000000246e+02 1.481227956766677648e-15
2.963770000000000095e+02 1.383326028116572760e-15
2.957300000000000182e+02 1.348737831272859116e-15
2.950840000000000032e+02 1.385901381772948364e-15
2.944370000000000118e+02 1.280109506389348038e-15
2.937909999999999968e+02 1.317194150604056289e-15
2.931429999999999723e+02 1.537631420989679097e-15
2.924970000000000141e+02 1.526288793075247842e-15
2.918500000000000227e+02 1.449590297858047102e-15
2.912040000000000077e+02 1.419996852884567300e-15
2.905570000000000164e+02 1.483116601555394630e-15
2.899100000000000250e+02 1.564373498760499914e-15
2.892629999999999768e+02 1.685929182670102386e-15
2.886159999999999854e+02 1.756305992576377382e-15
2.879689999999999941e+02 1.803154932459907351e-15
2.873210000000000264e+02 1.804256361739720433e-15
2.866750000000000114e+02 1.778201851957264135e-15
2.860269999999999868e+02 1.869092963856942545e-15
2.853799999999999955e+02 1.896528195810700523e-15
2.847320000000000277e+02 1.870260789133695830e-15
2.840849999999999795e+02 1.954885159727020387e-15
2.834370000000000118e+02 1.990274400583361744e-15
2.827900000000000205e+02 2.073441353417494711e-15
2.821419999999999959e+02 2.142842333722941776e-15
2.814950000000000045e+02 2.172203956845280704e-15
2.808469999999999800e+02 2.249113238912652455e-15
2.801990000000000123e+02 2.169923672789226084e-15
2.795509999999999877e+02 2.117107417589373871e-15
2.789039999999999964e+02 2.137486717863145559e-15
2.782549999999999955e+02 2.131855162985607763e-15
2.776080000000000041e+02 2.130589628477910872e-15
2.769590000000000032e+02 2.095499791378870358e-15
2.763120000000000118e+02 2.131955024918768374e-15
2.756630000000000109e+02 2.088784932942948447e-15
2.750149999999999864e+02 2.120566802977320649e-15
2.743659999999999854e+02 2.292825643852472657e-15
2.737189999999999941e+02 2.422069842091089571e-15
2.730699999999999932e+02 2.451840908214963821e-15
2.724220000000000255e+02 2.411761891485481115e-15
2.717730000000000246e+02 2.351792054286235424e-15
2.711240000000000236e+02 2.304349066095055524e-15
2.704759999999999991e+02 2.229233865928017380e-15
2.698260000000000218e+02 2.262696935984838435e-15
2.691779999999999973e+02 2.331680953270759586e-15
2.685289999999999964e+02 2.213574235076285829e-15
2.678809999999999718e+02 2.179283922444993782e-15
2.672309999999999945e+02 2.137578710059353256e-15
2.665830000000000268e+02 2.178112941467503417e-15
2.659329999999999927e+02 2.323251694664776442e-15
2.652839999999999918e+02 2.381822822277512039e-15
2.646349999999999909e+02 2.478189758246775361e-15
2.639850000000000136e+02 2.408743932266437072e-15
2.633369999999999891e+02 2.374115869036317228e-15
2.626870000000000118e+02 2.430972543196156410e-15
2.620380000000000109e+02 2.370106474620789844e-15
2.613879999999999768e+02 2.459960551019696339e-15
2.607400000000000091e+02 2.403187582398359561e-15
2.600899999999999750e+02 2.290797561223728087e-15
2.594390000000000214e+02 2.342483822311434885e-15
2.587900000000000205e+02 2.290340433610016809e-15
2.581399999999999864e+02 2.290028448843331260e-15
2.574909999999999854e+02 2.264108861947755391e-15
2.568410000000000082e+02 2.365425696827859987e-15
2.561899999999999977e+02 2.440417648147045756e-15
2.555409999999999968e+02 2.388636653138478684e-15
2.548899999999999864e+02 2.433916317921291352e-15
2.542410000000000139e+02 2.425327807376043829e-15
2.535910000000000082e+02 2.338683440078609735e-15
2.529399999999999977e+02 2.333864128713513082e-15
2.522899999999999920e+02 2.360751519672093078e-15
2.516399999999999864e+02 2.428940914195455963e-15
2.509900000000000091e+02 2.315912671827546279e-15
2.503389999999999986e+02 2.317880325900832659e-15
2.496879999999999882e+02 2.364476583329274979e-15
2.490380000000000109e+02 2.369331826360634244e-15
2.483870000000000005e+02 2.435416488855946072e-15
2.477359999999999900e+02 2.493856261649618340e-15
2.470860000000000127e+02 2.457420543275937297e-15
2.464350000000000023e+02 2.524995645684209636e-15
2.457849999999999966e+02 2.411971483716853991e-15
2.451330000000000098e+02 2.462333066532733624e-15
2.444819999999999993e+02 2.409877922587980477e-15
2.438319999999999936e+02 2.364545453250824167e-15
2.431800000000000068e+02 2.329200193979098447e-15
2.425289999999999964e+02 2.316916694173477289e-15
2.418779999999999859e+02 2.401392881423749999e-15
2.412270000000000039e+02 2.456107423125924109e-15
2.405749999999999886e+02 2.392005517681816671e-15
2.399240000000000066e+02 2.487133105219335754e-15
2.392719999999999914e+02 2.473884630304428753e-15
2.386200000000000045e+02 2.513999641871440653e-15
2.379699999999999989e+02 2.494230133811623526e-15
2.373180000000000121e+02 2.555335620560242531e-15
2.366670000000000016e+02 2.541589881312441269e-15
2.360149999999999864e+02 2.530780159866403297e-15
2.353629999999999995e+02 2.572075281538231274e-15
2.347100000000000080e+02 2.658360786008088040e-15
2.340600000000000023e+02 2.634708333163700308e-15
2.334070000000000107e+02 2.614246293414202725e-15
2.327549999999999955e+02 2.704567042973539225e-15
2.321040000000000134e+02 2.769896156030774772e-15
2.314509999999999934e+02 2.745720864083676346e-15
2.307980000000000018e+02 2.806879247628636494e-15
2.301469999999999914e+02 2.791273982327983523e-15
2.294939999999999998e+02 2.746576033195711102e-15
2.288420000000000130e+02 2.682029490652758745e-15
2.281899999999999977e+02 2.767602520503732048e-15
2.275370000000000061e+02 2.829203413146178528e-15
2.268839999999999861e+02 2.858771804769317919e-15
2.262330000000000041e+02 2.913141136372067778e-15
2.255800000000000125e+02 2.986560375269503373e-15
2.249269999999999925e+02 2.972353870137187215e-15
2.242729999999999961e+02 2.977647285766377851e-15
2.236220000000000141e+02 3.032353279757097363e-15
2.229679999999999893e+02 3.039674353928408933e-15
2.223149999999999977e+02 3.052095158772435519e-15
2.216630000000000109e+02 2.999248422853542473e-15
2.210099999999999909e+02 2.941234770238601038e-15
2.203559999999999945e+02 2.881108657753601659e-15
2.197019999999999982e+02 2.848280048876004752e-15
2.190500000000000114e+02 2.850177690814993620e-15
2.183969999999999914e+02 2.838662948068773173e-15
2.177429999999999950e+02 2.819293933602237267e-15
2.170889999999999986e+02 2.826068957418344198e-15
2.164370000000000118e+02 2.770435621689620654e-15
2.157829999999999870e+02 2.800318961446883612e-15
2.151289999999999907e+02 2.763064413029372181e-15
2.144749999999999943e+02 2.822841881613743950e-15
2.138220000000000027e+02 2.813483600111112890e-15
2.131680000000000064e+02 2.809053712847470630e-15
2.125140000000000100e+02 2.814561660060166640e-15
2.118600000000000136e+02 2.760243589479025023e-15
2.112069999999999936e+02 2.802701291735419178e-15
2.105529999999999973e+02 2.770847827230385927e-15
2.098979999999999961e+02 2.741675912777866746e-15
2.092439999999999998e+02 2.695665352263704139e-15
2.085910000000000082e+02 2.681513323464506165e-15
2.079360000000000070e+02 2.662522123747720128e-15
2.072820000000000107e+02 2.638857621270273216e-15
2.066270000000000095e+02 2.572773100328332220e-15
2.059739999999999895e+02 2.603718125582552062e-15
2.053189999999999884e+02 2.585010426904102848e-15
2.046639999999999873e+02 2.547893258430942916e-15
2.040089999999999861e+02 2.541013841247882446e-15
2.033540000000000134e+02 2.527190456099338678e-15
2.027009999999999934e+02 2.447511216855597260e-15
2.020459999999999923e+02 2.413780707425638637e-15
2.013909999999999911e+02 2.353393557415202105e-15
2.007350000000000136e+02 2.391841000771169564e-15
2.000800000000000125e+02 2.360913629897003240e-15
1.994259999999999877e+02 2.303790765262391476e-15
1.987709999999999866e+02 2.291031657475768336e-15
1.981160000000000139e+02 2.263114671030344791e-15
1.974600000000000080e+02 2.282867036311142142e-15
1.968050000000000068e+02 2.227109275609878765e-15
1.961510000000000105e+02 2.206188313885740252e-15
1.954950000000000045e+02 2.244575384578725718e-15
1.948389999999999986e+02 2.189698867990166484e-15
1.941839999999999975e+02 2.154256759304993639e-15
1.935279999999999916e+02 2.162723343286076578e-15
1.928739999999999952e+02 2.177125324869942072e-15
1.922179999999999893e+02 2.158433765789602792e-15
1.915620000000000118e+02 2.200867095205564467e-15
1.909060000000000059e+02 2.262839343284292636e-15
1.902500000000000000e+02 2.281662173257568062e-15
1.895939999999999941e+02 2.236190512517611775e-15
1.889389999999999930e+02 2.278305293905011559e-15
1.882829999999999870e+02 2.305980256029470192e-15
1.876270000000000095e+02 2.336994053928256923e-15
1.869699999999999989e+02 2.313123688518571809e-15
1.863139999999999930e+02 2.297096404908594342e-15
1.856570000000000107e+02 2.246635461601606336e-15
1.850010000000000048e+02 2.208183309739860214e-15
1.843460000000000036e+02 2.226685863662083083e-15
1.836889999999999930e+02 2.257866700368414557e-15
1.830329999999999870e+02 2.286536046396591258e-15
1.823760000000000048e+02 2.296214229200368304e-15
1.817189999999999941e+02 2.268904009775078319e-15
1.810620000000000118e+02 2.365601302261864374e-15
1.804050000000000011e+02 2.433602346840019949e-15
1.797500000000000000e+02 2.453709311128866576e-15
1.790929999999999893e+02 2.507301172660734081e-15
1.784360000000000070e+02 2.497993866932546204e-15
1.777789999999999964e+02 2.513198415648959760e-15
1.771220000000000141e+02 2.512243294655751527e-15
1.764650000000000034e+02 2.512893034981759900e-15
1.758069999999999879e+02 2.520126434102427003e-15
1.751500000000000057e+02 2.486200124886171737e-15
1.744939999999999998e+02 2.496494572261832273e-15
1.738369999999999891e+02 2.536730855488081207e-15
1.731790000000000020e+02 2.556106769118648926e-15
1.725219999999999914e+02 2.584941448353331636e-15
1.718640000000000043e+02 2.624586261440752482e-15
1.712059999999999889e+02 2.651968482657426518e-15
1.705490000000000066e+02 2.670703447360482416e-15
1.698909999999999911e+02 2.674399765401266597e-15
1.692330000000000041e+02 2.652346796191552292e-15
1.685749999999999886e+02 2.627220488706285107e-15
1.679190000000000111e+02 2.644649610086091311e-15
1.672609999999999957e+02 2.619495245334634534e-15
1.666030000000000086e+02 2.657792379955656658e-15
1.659449999999999932e+02 2.604880251276303770e-15
1.652870000000000061e+02 2.540404383873062520e-15
1.646279999999999859e+02 2.532435635467916183e-15
1.639699999999999989e+02 2.549816657777320399e-15
1.633120000000000118e+02 2.583032524077585364e-15
1.626539999999999964e+02 2.575721372180022360e-15
1.619950000000000045e+02 2.531713607896970994e-15
1.613369999999999891e+02 2.509944356539159451e-15
1.606779999999999973e+02 2.462358216591330417e-15
1.600190000000000055e+02 2.453784868632412313e-15
1.593609999999999900e+02 2.459307192926157090e-15
1.587040000000000077e+02 2.450499141334634360e-15
1.580449999999999875e+02 2.453994422085216795e-15
1.573859999999999957e+02 2.430991401531500705e-15
1.567270000000000039e+02 2.435478820186082132e-15
1.560680000000000121e+02 2.412533582281579328e-15
1.554089999999999918e+02 2.404507203928041181e-15
1.547500000000000000e+02 2.403016800414765641e-15
1.540910000000000082e+02 2.380151818069268358e-15
1.534319999999999879e+02 2.370504098012235997e-15
1.527729999999999961e+02 2.359470143804297131e-15
1.521140000000000043e+02 2.331599371049414934e-15
1.514540000000000077e+02 2.317997632102560270e-15
1.507949999999999875e+02 2.304373099215345149e-15
1.501359999999999957e+02 2.368607554094255638e-15
1.494759999999999991e+02 2.381666362833507681e-15
1.488170000000000073e+02 2.379404321052906042e-15
1.481570000000000107e+02 2.416048888688555512e-15
1.474970000000000141e+02 2.400837859697228252e-15
1.468379999999999939e+02 2.414468756029189542e-15
1.461779999999999973e+02 2.415649897732642709e-15
1.455180000000000007e+02 2.443660617474081817e-15
1.448580000000000041e+02 2.443980269825987812e-15
1.441980000000000075e+02 2.383673905225691158e-15
1.435380000000000109e+02 2.396570109220904197e-15
1.428779999999999859e+02 2.398678124491853770e-15
1.422179999999999893e+02 2.420774390685545851e-15
1.415579999999999927e+02 2.419798885103445893e-15
1.408979999999999961e+02 2.412981131036237241e-15
1.402379999999999995e+02 2.403773163443376897e-15
1.395769999999999982e+02 2.390044059810169833e-15
1.389170000000000016e+02 2.408626518220786636e-15
1.382560000000000002e+02 2.460614461052455570e-15
1.375960000000000036e+02 2.484920061949830404e-15
1.369350000000000023e+02 2.502132115500292734e-15
1.362750000000000057e+02 2.500034502913770263e-15
1.356140000000000043e+02 2.522259552756328685e-15
1.349540000000000077e+02 2.540668915014561705e-15
1.342930000000000064e+02 2.586543521663316942e-15
1.336320000000000050e+02 2.630150183992785076e-15
1.329710000000000036e+02 2.650816732689247876e-15
1.323100000000000023e+02 2.657980062006535398e-15
1.316490000000000009e+02 2.702358585013800189e-15
1.309879999999999995e+02 2.706165207784145753e-15
1.303269999999999982e+02 2.702870787196921548e-15
1.296659999999999968e+02 2.743367066711136315e-15
1.290049999999999955e+02 2.751037073687076672e-15
1.283420000000000130e+02 2.739631952429222563e-15
1.276809999999999974e+02 2.734489616693925812e-15
1.270190000000000055e+02 2.753305984746082338e-15
1.263580000000000041e+02 2.711563426153065365e-15
1.256959999999999980e+02 2.661348769062320456e-15
1.250349999999999966e+02 2.655484080851105153e-15
1.243730000000000047e+02 2.638913774652678576e-15
1.237120000000000033e+02 2.612847366819706400e-15
1.230499999999999972e+02 2.603801027752510076e-15
1.223880000000000052e+02 2.583592722237511014e-15
1.217259999999999991e+02 2.524438125313177383e-15
1.210639999999999930e+02 2.455448958856757417e-15
1.204030000000000058e+02 2.437836047672095243e-15
1.197409999999999997e+02 2.407293457230300175e-15
1.190780000000000030e+02 2.333317104391801995e-15
1.184150000000000063e+02 2.302033670675616951e-15
1.177530000000000001e+02 2.255618094148737935e-15
1.170909999999999940e+02 2.198291162709236933e-15
1.164279999999999973e+02 2.142541444693682193e-15
1.157660000000000053e+02 2.110931123093737701e-15
1.151039999999999992e+02 2.072929611300184385e-15
1.144410000000000025e+02 2.019972275362762765e-15
1.137789999999999964e+02 1.970000262182310740e-15
1.131159999999999997e+02 1.948719659445598321e-15
1.124539999999999935e+02 1.916221601936670397e-15
1.117890000000000015e+02 1.881852976914821656e-15
1.111269999999999953e+02 1.864635061095077741e-15
1.104639999999999986e+02 1.827559377837606212e-15
1.098010000000000019e+02 1.794354360313995496e-15
1.091380000000000052e+02 1.756220127856678079e-15
1.084749999999999943e+02 1.732453394863356037e-15
1.078119999999999976e+02 1.671126058540010078e-15
1.071490000000000009e+02 1.630859356170998693e-15
1.064849999999999994e+02 1.550375181380888630e-15
1.058209999999999980e+02 1.481672092562169430e-15
1.051580000000000013e+02 1.399473902939703108e-15
1.044950000000000045e+02 1.366714188991528808e-15
1.038319999999999936e+02 1.303030643761741481e-15
1.031680000000000064e+02 1.246547864845216519e-15
1.025049999999999955e+02 1.194150482795118190e-15
1.018400000000000034e+02 1.167725239120029815e-15
1.011760000000000019e+02 1.129111811368649009e-15
1.005130000000000052e+02 1.129184749933759815e-15
9.984900000000000375e+01 1.119996589305190325e-15
9.918529999999999802e+01 1.105806580847653664e-15
9.852150000000000318e+01 1.087851010537020544e-15
9.785769999999999413e+01 1.107147834992898526e-15
9.719230000000000302e+01 1.132038990555199847e-15
9.652830000000000155e+01 1.154346346059379433e-15
9.586430000000000007e+01 1.169516821587418391e-15
9.520029999999999859e+01 1.192600975264293957e-15
9.453610000000000468e+01 1.229244431976039398e-15
9.387199999999999989e+01 1.264524646130770022e-15
9.320619999999999550e+01 1.283421711091610284e-15
9.254200000000000159e+01 1.306132233298404917e-15
9.187760000000000105e+01 1.298439680466381974e-15
9.121320000000000050e+01 1.299444131719428164e-15
9.054879999999999995e+01 1.289426603067438644e-15
8.988280000000000314e+01 1.304218246924794616e-15
8.921819999999999595e+01 1.296721256236974000e-15
8.855360000000000298e+01 1.278016235513927789e-15
8.788890000000000668e+01 1.258564778874296879e-15
8.722419999999999618e+01 1.270029290504522086e-15
8.655939999999999657e+01 1.276070719753662124e-15
8.589300000000000068e+01 1.289398997011479732e-15
8.522809999999999775e+01 1.285518274302749459e-15
8.456319999999999482e+01 1.290539026258383659e-15
8.389820000000000277e+01 1.276747035590496930e-15
8.323160000000000025e+01 1.276519100950238031e-15
8.256650000000000489e+01 1.268168634590871989e-15
8.190130000000000621e+01 1.270165227216509976e-15
8.123609999999999332e+01 1.261952957601013427e-15
8.057080000000000553e+01 1.234171214211649166e-15
7.990389999999999304e+01 1.226142497244445931e-15
7.923850000000000193e+01 1.224600222254510016e-15
7.857299999999999329e+01 1.226423032501136319e-15
7.790749999999999886e+01 1.222546464580276460e-15
7.724039999999999395e+01 1.212566934392322557e-15
7.657479999999999620e+01 1.208666790075005449e-15
7.590909999999999513e+01 1.184271071010843621e-15
7.524339999999999407e+01 1.180242816289142401e-15
7.457760000000000389e+01 1.168937045217471161e-15
7.391020000000000323e+01 1.137749286975226582e-15
7.324429999999999552e+01 1.118338805089675896e-15
7.257829999999999870e+01 1.085150134322350602e-15
7.191230000000000189e+01 1.060178526674134489e-15
7.124469999999999459e+01 1.045231168890831997e-15
7.057850000000000534e+01 1.023340748226109824e-15
6.991230000000000189e+01 1.017126128310297540e-15
6.924609999999999843e+01 9.900753649688405401e-16
6.857829999999999870e+01 9.751375158089955532e-16
6.791190000000000282e+01 9.581744166098295748e-16
6.724550000000000693e+01 9.364824024191655664e-16
6.657750000000000057e+01 9.200402238106267377e-16
6.591100000000000136e+01 8.951866635892925334e-16
6.524439999999999884e+01 8.794031304466975954e-16
6.457769999999999300e+01 8.587784947540105871e-16
6.390950000000000131e+01 8.354092111457032646e-16
6.324269999999999925e+01 8.194885432228433018e-16
6.257589999999999719e+01 8.078738794304779669e-16
6.190899999999999892e+01 7.946969031134016159e-16
6.124060000000000059e+01 7.787625850237507136e-16
6.057359999999999900e+01 7.646386482875653819e-16
5.990659999999999741e+01 7.511955355885494729e-16
5.923799999999999955e+01 7.260690129465674167e-16
5.857079999999999842e+01 7.002046535365871605e-16
5.790359999999999729e+01 6.872371770669533430e-16
5.723629999999999995e+01 6.687762402632219588e-16
5.656750000000000256e+01 6.458894540663053459e-16
5.590010000000000190e+01 6.329071343197816958e-16
5.523270000000000124e+01 6.153539303169053569e-16
5.456360000000000099e+01 6.014304529505071332e-16
5.389609999999999701e+01 5.901239561428672559e-16
5.322849999999999682e+01 5.833092503173218069e-16
5.255930000000000035e+01 5.793840616845136762e-16
5.189159999999999684e+01 5.599450251458486132e-16
5.122379999999999711e+01 5.495178572554040075e-16
5.055440000000000111e+01 5.374589430937640207e-16
4.988660000000000139e+01 5.221326323125491810e-16
4.921860000000000213e+01 5.065141901516652692e-16
4.854910000000000281e+01 4.919329191385084299e-16
4.788100000000000023e+01 4.822803998402286939e-16
4.721289999999999765e+01 4.693298602067505840e-16
4.654319999999999879e+01 4.535834335473250077e-16
4.587500000000000000e+01 4.425891543068578634e-16
4.520669999999999789e+01 4.246328660185053024e-16
4.453679999999999950e+01 4.119509624058746380e-16
4.386840000000000117e+01 4.002569716876450643e-16
4.320000000000000284e+01 3.929296054445052022e-16
4.252989999999999782e+01 3.790239405878108529e-16
4.186129999999999995e+01 3.644629623347109793e-16
4.119270000000000209e+01 3.474799004731872649e-16
4.052250000000000085e+01 3.353637044675558805e-16
3.985379999999999967e+01 3.253134350892284293e-16
3.918500000000000227e+01 3.169436401176281976e-16
3.851460000000000150e+01 3.062156030941174533e-16
3.784570000000000078e+01 2.950479741162314876e-16
3.717519999999999669e+01 2.824461807020982672e-16
3.650619999999999976e+01 2.709632059836376480e-16
3.583709999999999951e+01 2.620876328417464926e-16
3.516640000000000299e+01 2.530204485433146322e-16
3.449719999999999942e+01 2.418899048895552227e-16
3.382800000000000296e+01 2.326802283178355935e-16
3.315709999999999980e+01 2.215701272615934607e-16
3.248780000000000001e+01 2.086775875675583549e-16
3.181680000000000064e+01 1.990729449462627811e-16
3.114730000000000132e+01 1.909652831690601852e-16
3.047779999999999845e+01 1.841204236502748122e-16
2.980669999999999931e+01 1.723461851519324426e-16
2.913700000000000045e+01 1.645117163854643252e-16
2.846730000000000160e+01 1.574169445773160601e-16
2.779599999999999937e+01 1.476436080703226309e-16
2.712620000000000076e+01 1.397515667422852626e-16
2.645479999999999876e+01 1.325729487567036307e-16
2.578490000000000038e+01 1.248654180353233102e-16
2.511329999999999885e+01 1.161332696601471639e-16
2.444330000000000069e+01 1.075609335584713475e-16
2.377319999999999922e+01 1.015311579678386277e-16
2.310150000000000148e+01 9.325156313706539458e-17
2.243130000000000024e+01 8.644754238527829140e-17
2.175949999999999918e+01 7.995715446567343871e-17
2.108909999999999840e+01 7.345168197248529412e-17
2.041870000000000118e+01 6.789538652917372919e-17
1.974680000000000035e+01 6.138405789304718022e-17
1.907629999999999981e+01 5.617937300827000581e-17
1.840419999999999945e+01 5.144903291338604503e-17
1.773349999999999937e+01 4.652507667878792141e-17
1.706129999999999924e+01 4.285332229985737446e-17
1.639059999999999917e+01 3.845842393919680089e-17
1.571979999999999933e+01 3.480418100968837680e-17
1.504739999999999966e+01 3.172575065027543693e-17
1.437650000000000006e+01 2.856399174318424381e-17
1.370410000000000039e+01 2.599932594535463099e-17
1.303299999999999947e+01 2.309382044417747480e-17
1.236040000000000028e+01 2.057405044920068809e-17
1.168929999999999936e+01 1.818546630740044605e-17
1.101660000000000039e+01 1.630531919155606199e-17
1.034529999999999994e+01 1.505338931835111795e-17
9.672489999999999810e+00 1.363832900946113756e-17
9.001129999999999853e+00 1.227076725713641519e-17
8.329710000000000392e+00 1.083533670866409052e-17
7.656710000000000349e+00 9.715345750569150658e-18
6.985170000000000101e+00 9.228838658645428725e-18
6.312050000000000161e+00 8.505848799691280875e-18
5.640399999999999636e+00 7.597486236960769405e-18
4.967170000000000307e+00 6.427175472630262502e-18
4.295410000000000394e+00 5.149939383626539585e-18
3.622059999999999835e+00 3.906152884237892994e-18
2.950180000000000025e+00 2.743198136367048189e-18
2.276720000000000077e+00 1.735223019903934928e-18
1.604729999999999990e+00 8.995786558946428946e-19
9.311519999999999797e-01 3.048880449482090648e-19
2.590439999999999965e-01 2.360538546756121418e-20
