4.498670000000000186e+02 1.160581160157821884e-15
4.492339999999999804e+02 9.178451591324062393e-16
4.486009999999999991e+02 8.067678052334089470e-16
4.479680000000000177e+02 1.129343014287155877e-15
4.473360000000000127e+02 1.093860170705925748e-15
4.467029999999999745e+02 1.036880557079253440e-15
4.460690000000000168e+02 1.227309510570901505e-15
4.454359999999999786e+02 1.106140200371693536e-15
4.448029999999999973e+02 1.071079386632961750e-15
4.441689999999999827e+02 1.163933295138242707e-15
4.435360000000000014e+02 1.277477007069301815e-15
4.429019999999999868e+02 1.496305992133154419e-15
4.422699999999999818e+02 1.291429369957721669e-15
4.416360000000000241e+02 1.456270993511610883e-15
4.410029999999999859e+02 1.441690740724070012e-15
4.403690000000000282e+02 1.312031062184334103e-15
4.397350000000000136e+02 1.308361541096970986e-15
4.391009999999999991e+02 1.273482583870413371e-15
4.384669999999999845e+02 1.031059821606811517e-15
4.378330000000000268e+02 1.100575635760823039e-15
4.371990000000000123e+02 1.014911166876906327e-15
4.365649999999999977e+02 1.084076655318414304e-15
4.359329999999999927e+02 8.449390999577883921e-16
4.352980000000000018e+02 6.992207650737558427e-16
4.346639999999999873e+02 6.870444724469073941e-16
4.340299999999999727e+02 7.155983900912420447e-16
4.333960000000000150e+02 7.135548222106964529e-16
4.327610000000000241e+02 9.746360696218267030e-16
4.321270000000000095e+02 8.810017468030671256e-16
4.314920000000000186e+02 7.275372712660112960e-16
4.308580000000000041e+02 6.552139968019873944e-16
4.302230000000000132e+02 7.233783392801206772e-16
4.295889999999999986e+02 8.310253273475238066e-16
4.289540000000000077e+02 6.893045772670277235e-16
4.283190000000000168e+02 7.766137134579269453e-16
4.276859999999999786e+02 7.744975731713587975e-16
4.270509999999999877e+02 6.636974009990715221e-16
4.264159999999999968e+02 5.535953514695558770e-16
4.257810000000000059e+02 6.597980764684008195e-16
4.251460000000000150e+02 7.360712350396999398e-16
4.245110000000000241e+02 8.800921540161552359e-16
4.238759999999999764e+02 8.872141881156019149e-16
4.232409999999999854e+02 9.718590155495220438e-16
4.226050000000000182e+02 8.530747154002719821e-16
4.219700000000000273e+02 8.698530990546701692e-16
4.213349999999999795e+02 8.961046991740394087e-16
4.206990000000000123e+02 1.027496471244620438e-15
4.200640000000000214e+02 1.034010317820128783e-15
4.194289999999999736e+02 1.145140780757397153e-15
4.187930000000000064e+02 9.234753040185986849e-16
4.181569999999999823e+02 8.734187703931092343e-16
4.175219999999999914e+02 9.274519159483005051e-16
4.168860000000000241e+02 1.131589171891303353e-15
4.162500000000000000e+02 1.231374016245327968e-15
4.156150000000000091e+02 1.246420137882927305e-15
4.149789999999999850e+02 1.279958169658379969e-15
4.143430000000000177e+02 1.313278093781968846e-15
4.137069999999999936e+02 1.179603112477506134e-15
4.130710000000000264e+02 1.370066821670866538e-15
4.124350000000000023e+02 1.458047832021906009e-15
4.117989999999999782e+02 1.527132819973421020e-15
4.111630000000000109e+02 1.467566676145439158e-15
4.105260000000000105e+02 1.408372591279993254e-15
4.098899999999999864e+02 1.449602633116036121e-15
4.092540000000000191e+02 1.245651681587890553e-15
4.086170000000000186e+02 1.259927500222658358e-15
4.079809999999999945e+02 1.337243582168200723e-15
4.073439999999999941e+02 1.279220889120285931e-15
4.067080000000000268e+02 1.221540207859484790e-15
4.060710000000000264e+02 1.360710600002454015e-15
4.054350000000000023e+02 1.160601204098496606e-15
4.047980000000000018e+02 1.183691156204451271e-15
4.041610000000000014e+02 1.144635967410438190e-15
4.035240000000000009e+02 1.229375636088750389e-15
4.028879999999999768e+02 1.040846145858513424e-15
4.022509999999999764e+02 1.125294240081841376e-15
4.016139999999999759e+02 9.294870622947121423e-16
4.009769999999999754e+02 9.440342107454787913e-16
4.003399999999999750e+02 7.412270610019895794e-16
3.997029999999999745e+02 8.948380105411634376e-16
3.990649999999999977e+02 8.402127136047260422e-16
3.984279999999999973e+02 6.741255124654901854e-16
3.977909999999999968e+02 6.291467459299085172e-16
3.971519999999999868e+02 6.098566543306190056e-16
3.965149999999999864e+02 4.801602338554383142e-16
3.958770000000000095e+02 5.466150738745214918e-16
3.952400000000000091e+02 3.585077884628450513e-16
3.946019999999999754e+02 4.925259693234220792e-16
3.939649999999999750e+02 3.478069070028598478e-16
3.933269999999999982e+02 3.299170361510955639e-16
3.926890000000000214e+02 5.212898239972629962e-16
3.920520000000000209e+02 4.862908810334098554e-16
3.914139999999999873e+02 6.343529460132817803e-16
3.907760000000000105e+02 6.405439672545115418e-16
3.901379999999999768e+02 8.531857430854335402e-16
3.895000000000000000e+02 1.039912984079493223e-15
3.888609999999999900e+02 9.382557244605971926e-16
3.882230000000000132e+02 9.597148949309289909e-16
3.875849999999999795e+02 1.054470091728830225e-15
3.869460000000000264e+02 1.140464667040062878e-15
3.863079999999999927e+02 1.242115100099480736e-15
3.856700000000000159e+02 1.302690799365293685e-15
3.850319999999999823e+02 1.370904393423177736e-15
3.843929999999999723e+02 1.238047154212480544e-15
3.837549999999999955e+02 1.313949891515193345e-15
3.831159999999999854e+02 1.269908814481821703e-15
3.824759999999999991e+02 1.249759257522826828e-15
3.818380000000000223e+02 1.198191434633932044e-15
3.811990000000000123e+02 9.969693403986852009e-16
3.805600000000000023e+02 1.103880435770087616e-15
3.799220000000000255e+02 1.053202915130981975e-15
3.792830000000000155e+02 9.324725692706958002e-16
3.786440000000000055e+02 1.007265769691283100e-15
3.780049999999999955e+02 9.261883360437965638e-16
3.773650000000000091e+02 9.542725824321076246e-16
3.767259999999999991e+02 1.236480558313990292e-15
3.760860000000000127e+02 1.209269263457133377e-15
3.754470000000000027e+02 1.458039828977514934e-15
3.748079999999999927e+02 1.437822555696241037e-15
3.741689999999999827e+02 1.509063315921447229e-15
3.735299999999999727e+02 1.587503072324438906e-15
3.728890000000000100e+02 1.604992071521871737e-15
3.722500000000000000e+02 1.478968317933451020e-15
3.716100000000000136e+02 1.669241053559655447e-15
3.709710000000000036e+02 1.528922713280727066e-15
3.703310000000000173e+02 1.464262438542720691e-15
3.696909999999999741e+02 1.414607282757367666e-15
3.690500000000000114e+02 1.446777051570194649e-15
3.684110000000000014e+02 1.368054434624210137e-15
3.677710000000000150e+02 1.333949816554889756e-15
3.671309999999999718e+02 1.270722894154642986e-15
3.664909999999999854e+02 1.456427790604038571e-15
3.658509999999999991e+02 1.342124757634640744e-15
3.652099999999999795e+02 1.337594270101566954e-15
3.645699999999999932e+02 1.499289717758121998e-15
3.639300000000000068e+02 1.465315143566236628e-15
3.632900000000000205e+02 1.445836184612706903e-15
3.626490000000000009e+02 1.476579949593470821e-15
3.620079999999999814e+02 1.435905152176146350e-15
3.613670000000000186e+02 1.409580087208371242e-15
3.607269999999999754e+02 1.305573027292698477e-15
3.600869999999999891e+02 1.343402938020610491e-15
3.594460000000000264e+02 1.212213214159044735e-15
3.588039999999999736e+02 1.116581422140876232e-15
3.581639999999999873e+02 1.077839948263958723e-15
3.575230000000000246e+02 9.905565910706267264e-16
3.568829999999999814e+02 1.111802793061357297e-15
3.562420000000000186e+02 1.073356878131457637e-15
3.556000000000000227e+02 1.090331387093220380e-15
3.549590000000000032e+02 1.141354738987993254e-15
3.543179999999999836e+02 1.027888782283253018e-15
3.536770000000000209e+02 1.058389919848705986e-15
3.530350000000000250e+02 1.210731178191582955e-15
3.523940000000000055e+02 1.247018448881019128e-15
3.517520000000000095e+02 1.242563363989118932e-15
3.511109999999999900e+02 1.002961377972824274e-15
3.504689999999999941e+02 1.086430067702121323e-15
3.498269999999999982e+02 1.115862344002514498e-15
3.491859999999999786e+02 1.091914519546119019e-15
3.485450000000000159e+02 1.068188743751704273e-15
3.479019999999999868e+02 1.044401315986911072e-15
3.472599999999999909e+02 9.749502751808591281e-16
3.466190000000000282e+02 9.583055249769062970e-16
3.459769999999999754e+02 9.287035645625017188e-16
3.453340000000000032e+02 1.009882582691619917e-15
3.446929999999999836e+02 1.058024657416438659e-15
3.440509999999999877e+02 1.015398506946339517e-15
3.434089999999999918e+02 9.988041553776519929e-16
3.427660000000000196e+02 9.310811189090985824e-16
3.421240000000000236e+02 1.061765364390876458e-15
3.414820000000000277e+02 1.089648665366441184e-15
3.408399999999999750e+02 1.079223518430546013e-15
3.401970000000000027e+02 1.132139074178195338e-15
3.395539999999999736e+02 1.140495289469273270e-15
3.389119999999999777e+02 1.104872961842403778e-15
3.382690000000000055e+02 1.132102210585333009e-15
3.376259999999999764e+02 1.283334238952442925e-15
3.369839999999999804e+02 1.377708478963811020e-15
3.363419999999999845e+02 1.317027885348859744e-15
3.356979999999999791e+02 1.232073032713604568e-15
3.350550000000000068e+02 1.209070872863810405e-15
3.344130000000000109e+02 1.149644489436814905e-15
3.337690000000000055e+02 1.163454036234708982e-15
3.331259999999999764e+02 1.189376888203735891e-15
3.324830000000000041e+02 1.347768087740684772e-15
3.318389999999999986e+02 1.270655657995240384e-15
3.311960000000000264e+02 1.367541960353428592e-15
3.305539999999999736e+02 1.320540868340130946e-15
3.299110000000000014e+02 1.398699534490967103e-15
3.292660000000000196e+02 1.446680563839155451e-15
3.286229999999999905e+02 1.523724269482882209e-15
3.279800000000000182e+02 1.494429437334317922e-15
3.273360000000000127e+02 1.447578421442567884e-15
3.266929999999999836e+02 1.307939045475565865e-15
3.260489999999999782e+02 1.279655275628672674e-15
3.254049999999999727e+02 1.245749850356638105e-15
3.247610000000000241e+02 1.310087469596314845e-15
3.241179999999999950e+02 1.259076790903308970e-15
3.234730000000000132e+02 1.288446614403000993e-15
3.228290000000000077e+02 1.289057842547895374e-15
3.221840000000000259e+02 1.391909656925896451e-15
3.215409999999999968e+02 1.397686282259817213e-15
3.208969999999999914e+02 1.510317723255963702e-15
3.202520000000000095e+02 1.571780916191052670e-15
3.196080000000000041e+02 1.559928985525959670e-15
3.189639999999999986e+02 1.603814750658366209e-15
3.183190000000000168e+02 1.669494063969111732e-15
3.176750000000000114e+02 1.563539679286559147e-15
3.170310000000000059e+02 1.398073687660182332e-15
3.163860000000000241e+02 1.392275026642982620e-15
3.157420000000000186e+02 1.354095264327678816e-15
3.150980000000000132e+02 1.267209908860912022e-15
3.144519999999999982e+02 1.240398831199990571e-15
3.138079999999999927e+02 1.197717486307200229e-15
3.131619999999999777e+02 1.171410408778611357e-15
3.125179999999999723e+02 1.134577649499589455e-15
3.118729999999999905e+02 1.145889155683271008e-15
3.112269999999999754e+02 1.332124799339025244e-15
3.105830000000000268e+02 1.247505227621862348e-15
3.099370000000000118e+02 1.210837514670505641e-15
3.092919999999999732e+02 1.221642386764761354e-15
3.086469999999999914e+02 1.185347384048620831e-15
3.080009999999999764e+02 1.289539635221868621e-15
3.073570000000000277e+02 1.346243045556915096e-15
3.067099999999999795e+02 1.361401567875529452e-15
3.060649999999999977e+02 1.335191905668627223e-15
3.054200000000000159e+02 1.324489113182160283e-15
3.047740000000000009e+02 1.313974732734182497e-15
3.041290000000000191e+02 1.303510678630895444e-15
3.034820000000000277e+02 1.439240645612579262e-15
3.028369999999999891e+02 1.523636064579700592e-15
3.021920000000000073e+02 1.587157202539542293e-15
3.015450000000000159e+02 1.535784595423820886e-15
3.008999999999999773e+02 1.430071665736256189e-15
3.002529999999999859e+02 1.567346586112508981e-15
2.996080000000000041e+02 1.501692211216739601e-15
2.989610000000000127e+02 1.426661898390167258e-15
2.983149999999999977e+02 1.547527774076181885e-15
2.976700000000000159e+02 1.477848461104424816e-15
2.970230000000000246e+02 1.481133753479827154e-15
2.963770000000000095e+02 1.383232185138017129e-15
2.957300000000000182e+02 1.348644348652060716e-15
2.950840000000000032e+02 1.385808258444559811e-15
2.944370000000000118e+02 1.280016742399495803e-15
2.937909999999999968e+02 1.317101744887202086e-15
2.931429999999999723e+02 1.537539374142016388e-15
2.924970000000000141e+02 1.526197103476840108e-15
2.918500000000000227e+02 1.449498965548308594e-15
2.912040000000000077e+02 1.419905876797575556e-15
2.905570000000000164e+02 1.483025981727190732e-15
2.899100000000000250e+02 1.564283234674400875e-15
2.892629999999999768e+02 1.685839273808528085e-15
2.886159999999999854e+02 1.756216438420845439e-15
2.879689999999999941e+02 1.803065732491034507e-15
2.873210000000000264e+02 1.804167515983442068e-15
2.866750000000000114e+02 1.778113358799941997e-15
2.860269999999999868e+02 1.869004823867304325e-15
2.853799999999999955e+02 1.896440407920322083e-15
2.847320000000000277e+02 1.870173353361639205e-15
2.840849999999999795e+02 1.954798075004650418e-15
2.834370000000000118e+02 1.990187666926287622e-15
2.827900000000000205e+02 2.073354969756871441e-15
2.821419999999999959e+02 2.142756300070908350e-15
2.814950000000000045e+02 2.172118272132781893e-15
2.808469999999999800e+02 2.249027903148344037e-15
2.801990000000000123e+02 2.169838685441108942e-15
2.795509999999999877e+02 2.117022778124519610e-15
2.789039999999999964e+02 2.137402425212069417e-15
2.782549999999999955e+02 2.131771217684754877e-15
2.776080000000000041e+02 2.130506028921961134e-15
2.769590000000000032e+02 2.095416538099088454e-15
2.763120000000000118e+02 2.131872116311268738e-15
2.756630000000000109e+02 2.088702369533796780e-15
2.750149999999999864e+02 2.120484583694711360e-15
2.743659999999999854e+02 2.292743768685775451e-15
2.737189999999999941e+02 2.421988309439300197e-15
2.730699999999999932e+02 2.451759718593685710e-15
2.724220000000000255e+02 2.411681043822453899e-15
2.717730000000000246e+02 2.351711548563671867e-15
2.711240000000000236e+02 2.304268901766067943e-15
2.704759999999999991e+02 2.229154041920000675e-15
2.698260000000000218e+02 2.262617452798514175e-15
2.691779999999999973e+02 2.331601809308518778e-15
2.685289999999999964e+02 2.213495430311308781e-15
2.678809999999999718e+02 2.179205455804200892e-15
2.672309999999999945e+02 2.137500582032812134e-15
2.665830000000000268e+02 2.178035150460525433e-15
2.659329999999999927e+02 2.323174241162064557e-15
2.652839999999999918e+02 2.381745705203799141e-15
2.646349999999999909e+02 2.478112977045479061e-15
2.639850000000000136e+02 2.408667486896232101e-15
2.633369999999999891e+02 2.374039757906189471e-15
2.626870000000000118e+02 2.430896766777320490e-15
2.620380000000000109e+02 2.370031031837354265e-15
2.613879999999999768e+02 2.459885441822932374e-15
2.607400000000000091e+02 2.403112805200219211e-15
2.600899999999999750e+02 2.290723116484536144e-15
2.594390000000000214e+02 2.342409709975134105e-15
2.587900000000000205e+02 2.290266652089045525e-15
2.581399999999999864e+02 2.289954998079625759e-15
2.574909999999999854e+02 2.264035740864537103e-15
2.568410000000000082e+02 2.365352905363307462e-15
2.561899999999999977e+02 2.440345186235696554e-15
2.555409999999999968e+02 2.388564519196498901e-15
2.548899999999999864e+02 2.433844512385212553e-15
2.542410000000000139e+02 2.425256328663533705e-15
2.535910000000000082e+02 2.338612288118382082e-15
2.529399999999999977e+02 2.333793303430605209e-15
2.522899999999999920e+02 2.360681019986907420e-15
2.516399999999999864e+02 2.428870739529618638e-15
2.509900000000000091e+02 2.315842821601657096e-15
2.503389999999999986e+02 2.317810800032265538e-15
2.496879999999999882e+02 2.364407381234784032e-15
2.490380000000000109e+02 2.369262946959933231e-15
2.483870000000000005e+02 2.435347932060615913e-15
2.477359999999999900e+02 2.493788026873299907e-15
2.470860000000000127e+02 2.457352629437926255e-15
2.464350000000000023e+02 2.524928052690264716e-15
2.457849999999999966e+02 2.411904210485992391e-15
2.451330000000000098e+02 2.462266113457393132e-15
2.444819999999999993e+02 2.409811288585079526e-15
2.438319999999999936e+02 2.364479137238957913e-15
2.431800000000000068e+02 2.329134196342090318e-15
2.425289999999999964e+02 2.316851013827806321e-15
2.418779999999999859e+02 2.401327517773602961e-15
2.412270000000000039e+02 2.456042375574422415e-15
2.405749999999999886e+02 2.391940786115198688e-15
2.399240000000000066e+02 2.487068688553494789e-15
2.392719999999999914e+02 2.473820528421624556e-15
2.386200000000000045e+02 2.513935854168675047e-15
2.379699999999999989e+02 2.494166658723863134e-15
2.373180000000000121e+02 2.555272458445157677e-15
2.366670000000000016e+02 2.541527031085177419e-15
2.360149999999999864e+02 2.530717621399206005e-15
2.353629999999999995e+02 2.572013054222705373e-15
2.347100000000000080e+02 2.658298869710570515e-15
2.340600000000000023e+02 2.634646725847084484e-15
2.334070000000000107e+02 2.614184995892423451e-15
2.327549999999999955e+02 2.704506054158949400e-15
2.321040000000000134e+02 2.769835474837453717e-15
2.314509999999999934e+02 2.745660490840801124e-15
2.307980000000000018e+02 2.806819181718258831e-15
2.301469999999999914e+02 2.791214222192598535e-15
2.294939999999999998e+02 2.746516579155508754e-15
2.288420000000000130e+02 2.681970341619141753e-15
2.281899999999999977e+02 2.767543675856221078e-15
2.275370000000000061e+02 2.829144872728596081e-15
2.268839999999999861e+02 2.858713567957047481e-15
2.262330000000000041e+02 2.913083201612365240e-15
2.255800000000000125e+02 2.986502742864429494e-15
2.249269999999999925e+02 2.972296539458756648e-15
2.242729999999999961e+02 2.977590256646096218e-15
2.236220000000000141e+02 3.032296550183835572e-15
2.229679999999999893e+02 3.039617924650711971e-15
2.223149999999999977e+02 3.052039028698137688e-15
2.216630000000000109e+02 2.999192590892258932e-15
2.210099999999999909e+02 2.941179236213259334e-15
2.203559999999999945e+02 2.881053421483071441e-15
2.197019999999999982e+02 2.848225109721262143e-15
2.190500000000000114e+02 2.850123047230191129e-15
2.183969999999999914e+02 2.838608599868361643e-15
2.177429999999999950e+02 2.819239880596579664e-15
2.170889999999999986e+02 2.826015198963805754e-15
2.164370000000000118e+02 2.770382156243595308e-15
2.157829999999999870e+02 2.800265789263198404e-15
2.151289999999999907e+02 2.763011533460909916e-15
2.144749999999999943e+02 2.822789294012219131e-15
2.138220000000000027e+02 2.813431303382125767e-15
2.131680000000000064e+02 2.809001706786332702e-15
2.125140000000000100e+02 2.814509944015080401e-15
2.118600000000000136e+02 2.760192162797012043e-15
2.112069999999999936e+02 2.802650153321374465e-15
2.105529999999999973e+02 2.770796976870932467e-15
2.098979999999999961e+02 2.741625350255428023e-15
2.092439999999999998e+02 2.695615076480625564e-15
2.085910000000000082e+02 2.681463333324970010e-15
2.079360000000000070e+02 2.662472419465500993e-15
2.072820000000000107e+02 2.638808201747169436e-15
2.066270000000000095e+02 2.572723965335762275e-15
2.059739999999999895e+02 2.603669273589068328e-15
2.053189999999999884e+02 2.584961858110587178e-15
2.046639999999999873e+02 2.547844972169285738e-15
2.040089999999999861e+02 2.540965836848768018e-15
2.033540000000000134e+02 2.527142732892230893e-15
2.027009999999999934e+02 2.447463773313227484e-15
2.020459999999999923e+02 2.413733543732625960e-15
2.013909999999999911e+02 2.353346672897367853e-15
2.007350000000000136e+02 2.391794395177786526e-15
2.000800000000000125e+02 2.360867302125736515e-15
1.994259999999999877e+02 2.303744714212789567e-15
1.987709999999999866e+02 2.290985882892384276e-15
1.981160000000000139e+02 2.263069172232869670e-15
1.974600000000000080e+02 2.282821813037514788e-15
1.968050000000000068e+02 2.227064326756788063e-15
1.961510000000000105e+02 2.206143638351766376e-15
1.954950000000000045e+02 2.244530982513396860e-15
1.948389999999999986e+02 2.189654738704874915e-15
1.941839999999999975e+02 2.154212901695638198e-15
1.935279999999999916e+02 2.162679757076845460e-15
1.928739999999999952e+02 2.177082008544192995e-15
1.922179999999999893e+02 2.158390719480099862e-15
1.915620000000000118e+02 2.200824318217426145e-15
1.909060000000000059e+02 2.262796834921366528e-15
1.902500000000000000e+02 2.281619932822443935e-15
1.895939999999999941e+02 2.236148539311602627e-15
1.889389999999999930e+02 2.278263586822401824e-15
1.882829999999999870e+02 2.305938814775859740e-15
1.876270000000000095e+02 2.336952877801143425e-15
1.869699999999999989e+02 2.313082777216718078e-15
1.863139999999999930e+02 2.297055757323309624e-15
1.856570000000000107e+02 2.246595077426933297e-15
1.850010000000000048e+02 2.208143187866690791e-15
1.843460000000000036e+02 2.226646002983256124e-15
1.836889999999999930e+02 2.257827100970169913e-15
1.830329999999999870e+02 2.286496707169182285e-15
1.823760000000000048e+02 2.296175149825955843e-15
1.817189999999999941e+02 2.268865189537369568e-15
1.810620000000000118e+02 2.365562740443258995e-15
1.804050000000000011e+02 2.433564042721609279e-15
1.797500000000000000e+02 2.453671263209234529e-15
1.790929999999999893e+02 2.507263381001734452e-15
1.784360000000000070e+02 2.497956330811321686e-15
1.777789999999999964e+02 2.513161134341337620e-15
1.771220000000000141e+02 2.512206267436235322e-15
1.764650000000000034e+02 2.512856261123527508e-15
1.758069999999999879e+02 2.520089913261295650e-15
1.751500000000000057e+02 2.486163855947577598e-15
1.744939999999999998e+02 2.496458554113211683e-15
1.738369999999999891e+02 2.536695087780144701e-15
1.731790000000000020e+02 2.556071251497414499e-15
1.725219999999999914e+02 2.584906179703333797e-15
1.718640000000000043e+02 2.624551241403079240e-15
1.712059999999999889e+02 2.651933710492304233e-15
1.705490000000000066e+02 2.670668921951769936e-15
1.698909999999999911e+02 2.674365486382620073e-15
1.692330000000000041e+02 2.652312762819120068e-15
1.685749999999999886e+02 2.627186700234860262e-15
1.679190000000000111e+02 2.644616065028118835e-15
1.672609999999999957e+02 2.619461943685419522e-15
1.666030000000000086e+02 2.657759320965885774e-15
1.659449999999999932e+02 2.604847434195292243e-15
1.652870000000000061e+02 2.540371807948747835e-15
1.646279999999999859e+02 2.532403300311628149e-15
1.639699999999999989e+02 2.549784562268309734e-15
1.633120000000000118e+02 2.583000667459638960e-15
1.626539999999999964e+02 2.575689753695535165e-15
1.619950000000000045e+02 2.531682227147130038e-15
1.613369999999999891e+02 2.509913212402246731e-15
1.606779999999999973e+02 2.462327308663423117e-15
1.600190000000000055e+02 2.453754196148005332e-15
1.593609999999999900e+02 2.459276754762809830e-15
1.587040000000000077e+02 2.450468936371988418e-15
1.580449999999999875e+02 2.453964450264608136e-15
1.573859999999999957e+02 2.430961662081784267e-15
1.567270000000000039e+02 2.435449312334693693e-15
1.560680000000000121e+02 2.412504305254533533e-15
1.554089999999999918e+02 2.404478156949926020e-15
1.547500000000000000e+02 2.402987982708749154e-15
1.540910000000000082e+02 2.380123228857084831e-15
1.534319999999999879e+02 2.370475736514181227e-15
1.527729999999999961e+02 2.359442009239243418e-15
1.521140000000000043e+02 2.331571462634786621e-15
1.514540000000000077e+02 2.317969949395733024e-15
1.507949999999999875e+02 2.304345641088281009e-15
1.501359999999999957e+02 2.368580319760052045e-15
1.494759999999999991e+02 2.381639351841604363e-15
1.488170000000000073e+02 2.379377532274499448e-15
1.481570000000000107e+02 2.416022321667773574e-15
1.474970000000000141e+02 2.400811513638944931e-15
1.468379999999999939e+02 2.414442629803824653e-15
1.461779999999999973e+02 2.415623990876312907e-15
1.455180000000000007e+02 2.443634929187250937e-15
1.448580000000000041e+02 2.443954799307637814e-15
1.441980000000000075e+02 2.383648651673326857e-15
1.435380000000000109e+02 2.396545071830551299e-15
1.428779999999999859e+02 2.398653302458049397e-15
1.422179999999999893e+02 2.420749783201342488e-15
1.415579999999999927e+02 2.419774491360402714e-15
1.408979999999999961e+02 2.412956950224423654e-15
1.402379999999999995e+02 2.403749194751368997e-15
1.395769999999999982e+02 2.390020302744578117e-15
1.389170000000000016e+02 2.408602971646405946e-15
1.382560000000000002e+02 2.460591124470420919e-15
1.375960000000000036e+02 2.484896934224386799e-15
1.369350000000000023e+02 2.502109196127072488e-15
1.362750000000000057e+02 2.500011790756467362e-15
1.356140000000000043e+02 2.522237047305049868e-15
1.349540000000000077e+02 2.540646615132456644e-15
1.342930000000000064e+02 2.586521426834944316e-15
1.336320000000000050e+02 2.630128293389074950e-15
1.329710000000000036e+02 2.650795045479601109e-15
1.323100000000000023e+02 2.657958577358805498e-15
1.316490000000000009e+02 2.702337302094306329e-15
1.309879999999999995e+02 2.706144125757662124e-15
1.303269999999999982e+02 2.702849905226678143e-15
1.296659999999999968e+02 2.743346383958802762e-15
1.290049999999999955e+02 2.751016589312777614e-15
1.283420000000000130e+02 2.739611666187929126e-15
1.276809999999999974e+02 2.734469527143692952e-15
1.270190000000000055e+02 2.753286091337987110e-15
1.263580000000000041e+02 2.711543727744056208e-15
1.256959999999999980e+02 2.661329265097782397e-15
1.250349999999999966e+02 2.655464770187409184e-15
1.243730000000000047e+02 2.638894656729472736e-15
1.237120000000000033e+02 2.612828440492784628e-15
1.230499999999999972e+02 2.603782292455779081e-15
1.223880000000000052e+02 2.583574177112794655e-15
1.217259999999999991e+02 2.524419769500695765e-15
1.210639999999999930e+02 2.455430791495142668e-15
1.204030000000000058e+02 2.437818067615653116e-15
1.197409999999999997e+02 2.407275663898479925e-15
1.190780000000000030e+02 2.333299497198526907e-15
1.184150000000000063e+02 2.302016248750464607e-15
1.177530000000000001e+02 2.255600856342205073e-15
1.170909999999999940e+02 2.198274108150308702e-15
1.164279999999999973e+02 2.142524572784545993e-15
1.157660000000000053e+02 2.110914432683977558e-15
1.151039999999999992e+02 2.072913101513913048e-15
1.144410000000000025e+02 2.019955945593315827e-15
1.137789999999999964e+02 1.969984111278352809e-15
1.131159999999999997e+02 1.948703686794535516e-15
1.124539999999999935e+02 1.916205806386555961e-15
1.117890000000000015e+02 1.881837358378139360e-15
1.111269999999999953e+02 1.864619617885545891e-15
1.104639999999999986e+02 1.827544109330691913e-15
1.098010000000000019e+02 1.794339265617992468e-15
1.091380000000000052e+02 1.756205206078221859e-15
1.084749999999999943e+02 1.732438645107411352e-15
1.078119999999999976e+02 1.671111479909882879e-15
1.071490000000000009e+02 1.630844947768318008e-15
1.064849999999999994e+02 1.550360942560324825e-15
1.058209999999999980e+02 1.481658022419277501e-15
1.051580000000000013e+02 1.399460000316364250e-15
1.044950000000000045e+02 1.366700452982658253e-15
1.038319999999999936e+02 1.303017073460560973e-15
1.031680000000000064e+02 1.246534459591135709e-15
1.025049999999999955e+02 1.194137241428728486e-15
1.018400000000000034e+02 1.167712161219720562e-15
1.011760000000000019e+02 1.129098895771598014e-15
1.005130000000000052e+02 1.129171995479575958e-15
9.984900000000000375e+01 1.119983995317873650e-15
9.918529999999999802e+01 1.105794146333865391e-15
9.852150000000000318e+01 1.087838734598232129e-15
9.785769999999999413e+01 1.107135716704765554e-15
9.719230000000000302e+01 1.132027029368291743e-15
9.652830000000000155e+01 1.154334540713810981e-15
9.586430000000000007e+01 1.169505171153087874e-15
9.520029999999999859e+01 1.192589478809365346e-15
9.453610000000000468e+01 1.229233088612894490e-15
9.387199999999999989e+01 1.264513454900682886e-15
9.320619999999999550e+01 1.283410671443062032e-15
9.254200000000000159e+01 1.306121343926605413e-15
9.187760000000000105e+01 1.298428940475007538e-15
9.121320000000000050e+01 1.299433540165002928e-15
9.054879999999999995e+01 1.289416159004722849e-15
8.988280000000000314e+01 1.304207949758547742e-15
8.921819999999999595e+01 1.296711104708051178e-15
8.855360000000000298e+01 1.278006228671198044e-15
8.788890000000000668e+01 1.258554915786407954e-15
8.722419999999999618e+01 1.270019570216490998e-15
8.655939999999999657e+01 1.276061141329997067e-15
8.589300000000000068e+01 1.289389559831293530e-15
8.522809999999999775e+01 1.285508977086104646e-15
8.456319999999999482e+01 1.290529868042543932e-15
8.389820000000000277e+01 1.276738015431618221e-15
8.323160000000000025e+01 1.276510218210362411e-15
8.256650000000000489e+01 1.268159887990949657e-15
8.190130000000000621e+01 1.270156615806233923e-15
8.123609999999999332e+01 1.261944480407722693e-15
8.057080000000000553e+01 1.234162870280814167e-15
7.990389999999999304e+01 1.226134285916419600e-15
7.923850000000000193e+01 1.224592142251208510e-15
7.857299999999999329e+01 1.226415082861505781e-15
7.790749999999999886e+01 1.222538644321614321e-15
7.724039999999999395e+01 1.212559242837589932e-15
7.657479999999999620e+01 1.208659225947005372e-15
7.590909999999999513e+01 1.184263633339954811e-15
7.524339999999999407e+01 1.180235504084670143e-15
7.457760000000000389e+01 1.168929857505488767e-15
7.391020000000000323e+01 1.137742223056606665e-15
7.324429999999999552e+01 1.118331863688181340e-15
7.257829999999999870e+01 1.085143314457399689e-15
7.191230000000000189e+01 1.060171827344804529e-15
7.124469999999999459e+01 1.045224589380270295e-15
7.057850000000000534e+01 1.023334287276699138e-15
6.991230000000000189e+01 1.017119784914849258e-15
6.924609999999999843e+01 9.900691381182788958e-16
6.857829999999999870e+01 9.751314047686080400e-16
6.791190000000000282e+01 9.581684201222811672e-16
6.724550000000000693e+01 9.364765194690705976e-16
6.657750000000000057e+01 9.200344536496230407e-16
6.591100000000000136e+01 8.951810049434484352e-16
6.524439999999999884e+01 8.793975823110833862e-16
6.457769999999999300e+01 8.587730561213179439e-16
6.390950000000000131e+01 8.354038812329414921e-16
6.324269999999999925e+01 8.194833207730163873e-16
6.257589999999999719e+01 8.078687634135252613e-16
6.190899999999999892e+01 7.946918925130502798e-16
6.124060000000000059e+01 7.787576790393583027e-16
6.057359999999999900e+01 7.646338456624082378e-16
5.990659999999999741e+01 7.511908352841684375e-16
5.923799999999999955e+01 7.260644141642472329e-16
5.857079999999999842e+01 7.002001550196516987e-16
5.790359999999999729e+01 6.872327777704356385e-16
5.723629999999999995e+01 6.687719391548299710e-16
5.656750000000000256e+01 6.458852503139925709e-16
5.590010000000000190e+01 6.329030266671389348e-16
5.523270000000000124e+01 6.153499177104447642e-16
5.456360000000000099e+01 6.014265345728181385e-16
5.389609999999999701e+01 5.901201307095741609e-16
5.322849999999999682e+01 5.833055167823366754e-16
5.255930000000000035e+01 5.793804192021752514e-16
5.189159999999999684e+01 5.599414724464545024e-16
5.122379999999999711e+01 5.495143932857424663e-16
5.055440000000000111e+01 5.374555669938354564e-16
4.988660000000000139e+01 5.221293428002802843e-16
4.921860000000000213e+01 5.065109861797222955e-16
4.854910000000000281e+01 4.919297998198986426e-16
4.788100000000000023e+01 4.822773639190018140e-16
4.721289999999999765e+01 4.693269066030692337e-16
4.654319999999999879e+01 4.535805613725699179e-16
4.587500000000000000e+01 4.425863622931872193e-16
4.520669999999999789e+01 4.246301530913850901e-16
4.453679999999999950e+01 4.119483276620785962e-16
4.386840000000000117e+01 4.002544138598441378e-16
4.320000000000000284e+01 3.929271234395989441e-16
4.252989999999999782e+01 3.790215334992975527e-16
4.186129999999999995e+01 3.644606288957727636e-16
4.119270000000000209e+01 3.474776395838611888e-16
4.052250000000000085e+01 3.353615151954584959e-16
3.985379999999999967e+01 3.253113161683786964e-16
3.918500000000000227e+01 3.169415904517614499e-16
3.851460000000000150e+01 3.062136217359731151e-16
3.784570000000000078e+01 2.950460598003389119e-16
3.717519999999999669e+01 2.824443324713333067e-16
3.650619999999999976e+01 2.709614225729820182e-16
3.583709999999999951e+01 2.620859131426018348e-16
3.516640000000000299e+01 2.530187915835265827e-16
3.449719999999999942e+01 2.418883094046114528e-16
3.382800000000000296e+01 2.326786931826757457e-16
3.315709999999999980e+01 2.215686514980392078e-16
3.248780000000000001e+01 2.086761699030084868e-16
3.181680000000000064e+01 1.990715843921755324e-16
3.114730000000000132e+01 1.909639784618834435e-16
3.047779999999999845e+01 1.841191736532478843e-16
2.980669999999999931e+01 1.723449888528089089e-16
2.913700000000000045e+01 1.645105725292805993e-16
2.846730000000000160e+01 1.574158520201663410e-16
2.779599999999999937e+01 1.476425657845841704e-16
2.712620000000000076e+01 1.397505734657580066e-16
2.645479999999999876e+01 1.325720034515726985e-16
2.578490000000000038e+01 1.248645194398415032e-16
2.511329999999999885e+01 1.161324167329809121e-16
2.444330000000000069e+01 1.075601250314376415e-16
2.377319999999999922e+01 1.015303926871134171e-16
2.310150000000000148e+01 9.325084003900256089e-17
2.243130000000000024e+01 8.644686020908781999e-17
2.175949999999999918e+01 7.995651213737084372e-17
2.108909999999999840e+01 7.345107823740266393e-17
2.041870000000000118e+01 6.789482021468774317e-17
1.974680000000000035e+01 6.138352790409687499e-17
1.907629999999999981e+01 5.617887809051541403e-17
1.840419999999999945e+01 5.144857196663739334e-17
1.773349999999999937e+01 4.652464844845485308e-17
1.706129999999999924e+01 4.285292567029379186e-17
1.639059999999999917e+01 3.845805765147525165e-17
1.571979999999999933e+01 3.480384387873300112e-17
1.504739999999999966e+01 3.172544154941936206e-17
1.437650000000000006e+01 2.856370941400276830e-17
1.370410000000000039e+01 2.599906924686076403e-17
1.303299999999999947e+01 2.309358812584428527e-17
1.236040000000000028e+01 2.057384135939958717e-17
1.168929999999999936e+01 1.818527918861370662e-17
1.101660000000000039e+01 1.630515288519309266e-17
1.034529999999999994e+01 1.505324257017222608e-17
9.672489999999999810e+00 1.363820064740608895e-17
9.001129999999999853e+00 1.227065602579151651e-17
8.329710000000000392e+00 1.083524139261544925e-17
7.656710000000000349e+00 9.715265163652010856e-18
6.985170000000000101e+00 9.228771545518260890e-18
6.312050000000000161e+00 8.505793963349223124e-18
5.640399999999999636e+00 7.597442422142566542e-18
4.967170000000000307e+00 6.427141471482816973e-18
4.295410000000000394e+00 5.149913941196722643e-18
3.622059999999999835e+00 3.906134781879573188e-18
2.950180000000000025e+00 2.743186119398098612e-18
2.276720000000000077e+00 1.735215858603203657e-18
1.604729999999999990e+00 8.995750958875567019e-19
9.311519999999999797e-01 3.048868455508687985e-19
2.590439999999999965e-01 2.360529258301203261e-20
