4.498670000000000186e+02 1.160725285596506729e-15
4.492339999999999804e+02 9.179889346991915082e-16
4.486009999999999991e+02 8.069112312262030307e-16
4.479680000000000177e+02 1.129486091004224323e-15
4.473360000000000127e+02 1.094002898996962273e-15
4.467029999999999745e+02 1.037022936691695153e-15
4.460690000000000168e+02 1.227451541253963016e-15
4.454359999999999786e+02 1.106281882975671055e-15
4.448029999999999973e+02 1.071220721457913707e-15
4.441689999999999827e+02 1.164074281935887163e-15
4.435360000000000014e+02 1.277617646689595571e-15
4.429019999999999868e+02 1.496446284329490484e-15
4.422699999999999818e+02 1.291569316127103484e-15
4.416360000000000241e+02 1.456410592861361823e-15
4.410029999999999859e+02 1.441829994103695059e-15
4.403690000000000282e+02 1.312169969350590560e-15
4.397350000000000136e+02 1.308500102353778955e-15
4.391009999999999991e+02 1.273620799522060564e-15
4.384669999999999845e+02 1.031197691957952663e-15
4.378330000000000268e+02 1.100713161116483039e-15
4.371990000000000123e+02 1.015048347542477890e-15
4.365649999999999977e+02 1.084213491599661100e-15
4.359329999999999927e+02 8.450755932457820224e-16
4.352980000000000018e+02 6.993569140471092272e-16
4.346639999999999873e+02 6.871802779549668548e-16
4.340299999999999727e+02 7.157338524412565783e-16
4.333960000000000150e+02 7.136899417102872012e-16
4.327610000000000241e+02 9.747708460389456947e-16
4.321270000000000095e+02 8.811361809866155680e-16
4.314920000000000186e+02 7.276713629856652735e-16
4.308580000000000041e+02 6.553477469064261485e-16
4.302230000000000132e+02 7.235117475407507573e-16
4.295889999999999986e+02 8.311583946128024884e-16
4.289540000000000077e+02 6.894373033100962615e-16
4.283190000000000168e+02 7.767460985903995965e-16
4.276859999999999786e+02 7.746296187774914047e-16
4.270509999999999877e+02 6.638291063179948247e-16
4.264159999999999968e+02 5.537267168140272902e-16
4.257810000000000059e+02 6.599291021515605530e-16
4.251460000000000150e+02 7.362019213750716886e-16
4.245110000000000241e+02 8.802225013176472644e-16
4.238759999999999764e+02 8.873441966975076492e-16
4.232409999999999854e+02 9.719886857265194794e-16
4.226050000000000182e+02 8.532040469552494402e-16
4.219700000000000273e+02 8.699820928357528152e-16
4.213349999999999795e+02 8.962333554970673289e-16
4.206990000000000123e+02 1.027624789895139133e-15
4.200640000000000214e+02 1.034138299645936337e-15
4.194289999999999736e+02 1.145268426075501461e-15
4.187930000000000064e+02 9.236026126172134723e-16
4.181569999999999823e+02 8.735457425910256170e-16
4.175219999999999914e+02 9.275785525928819046e-16
4.168860000000000241e+02 1.131715472773446212e-15
4.162500000000000000e+02 1.231499981685006102e-15
4.156150000000000091e+02 1.246545768727177351e-15
4.149789999999999850e+02 1.280083465700792724e-15
4.143430000000000177e+02 1.313403055343704375e-15
4.137069999999999936e+02 1.179727739880124258e-15
4.130710000000000264e+02 1.370191115236322100e-15
4.124350000000000023e+02 1.458171792072556172e-15
4.117989999999999782e+02 1.527256446832020728e-15
4.111630000000000109e+02 1.467689970135144887e-15
4.105260000000000105e+02 1.408495552201746406e-15
4.098899999999999864e+02 1.449725261816920271e-15
4.092540000000000191e+02 1.245773978392266765e-15
4.086170000000000186e+02 1.260049464934208539e-15
4.079809999999999945e+02 1.337365215633688958e-15
4.073439999999999941e+02 1.279342191145227634e-15
4.067080000000000268e+02 1.221661179290430068e-15
4.060710000000000264e+02 1.360831240646757908e-15
4.054350000000000023e+02 1.160721514802497016e-15
4.047980000000000018e+02 1.183811136777346015e-15
4.041610000000000014e+02 1.144755618180869090e-15
4.035240000000000009e+02 1.229494957385767302e-15
4.028879999999999768e+02 1.040965138528031028e-15
4.022509999999999764e+02 1.125412903936764347e-15
4.016139999999999759e+02 9.296053976653272727e-16
4.009769999999999754e+02 9.441522179624864331e-16
4.003399999999999750e+02 7.413447403965041381e-16
3.997029999999999745e+02 8.949553624447143584e-16
3.990649999999999977e+02 8.403297378359266914e-16
3.984279999999999973e+02 6.742422098705566849e-16
3.977909999999999968e+02 6.292631168416198679e-16
3.971519999999999868e+02 6.099726980586476638e-16
3.965149999999999864e+02 4.802759517579735946e-16
3.958770000000000095e+02 5.467304657748867535e-16
3.952400000000000091e+02 3.586228552067356201e-16
3.946019999999999754e+02 4.926407107360548762e-16
3.939649999999999750e+02 3.479213239297218409e-16
3.933269999999999982e+02 3.300311284193033499e-16
3.926890000000000214e+02 5.214035919440187188e-16
3.920520000000000209e+02 4.864043255038883403e-16
3.914139999999999873e+02 6.344660668374599352e-16
3.907760000000000105e+02 6.406567647708699582e-16
3.901379999999999768e+02 8.532982176328800763e-16
3.895000000000000000e+02 1.040025135997366061e-15
3.888609999999999900e+02 9.383675535837719675e-16
3.882230000000000132e+02 9.598264021050263335e-16
3.875849999999999795e+02 1.054581277294476724e-15
3.869460000000000264e+02 1.140575530835032642e-15
3.863079999999999927e+02 1.242225642969087527e-15
3.856700000000000159e+02 1.302801021651461966e-15
3.850319999999999823e+02 1.371014295468267027e-15
3.843929999999999723e+02 1.238156735858145951e-15
3.837549999999999955e+02 1.314059153606340592e-15
3.831159999999999854e+02 1.270017756862056159e-15
3.824759999999999991e+02 1.249867880037811603e-15
3.818380000000000223e+02 1.198299738628328080e-15
3.811990000000000123e+02 9.970773257190351890e-16
3.805600000000000023e+02 1.103988102762894765e-15
3.799220000000000255e+02 1.053310264640543600e-15
3.792830000000000155e+02 9.325796011465033549e-16
3.786440000000000055e+02 1.007372484281168234e-15
3.780049999999999955e+02 9.262947336960336763e-16
3.773650000000000091e+02 9.543786630002452797e-16
3.767259999999999991e+02 1.236586322642910747e-15
3.760860000000000127e+02 1.209374711402374111e-15
3.754470000000000027e+02 1.458144961383758228e-15
3.748079999999999927e+02 1.437927372913995936e-15
3.741689999999999827e+02 1.509167818301668876e-15
3.735299999999999727e+02 1.587607260218533479e-15
3.728890000000000100e+02 1.605095944299042586e-15
3.722500000000000000e+02 1.479071876929761885e-15
3.716100000000000136e+02 1.669344298637645933e-15
3.709710000000000036e+02 1.529025645284383482e-15
3.703310000000000173e+02 1.464365057336597198e-15
3.696909999999999741e+02 1.414709588696694836e-15
3.690500000000000114e+02 1.446879044522659605e-15
3.684110000000000014e+02 1.368156115921959133e-15
3.677710000000000150e+02 1.334051186066527162e-15
3.671309999999999718e+02 1.270823952237231702e-15
3.664909999999999854e+02 1.456528537615101798e-15
3.658509999999999991e+02 1.342225193932163955e-15
3.652099999999999795e+02 1.337694395559345224e-15
3.645699999999999932e+02 1.499389533220275543e-15
3.639300000000000068e+02 1.465414649392137543e-15
3.632900000000000205e+02 1.445935381162191130e-15
3.626490000000000009e+02 1.476678836744441034e-15
3.620079999999999814e+02 1.436003730290498997e-15
3.613670000000000186e+02 1.409678356648469975e-15
3.607269999999999754e+02 1.305670988902078571e-15
3.600869999999999891e+02 1.343500592161443708e-15
3.594460000000000264e+02 1.212310560714400787e-15
3.588039999999999736e+02 1.116678460996001101e-15
3.581639999999999873e+02 1.077936680741569804e-15
3.575230000000000246e+02 9.906530170569154504e-16
3.568829999999999814e+02 1.111898913399279917e-15
3.562420000000000186e+02 1.073452692709293108e-15
3.556000000000000227e+02 1.090426895801436746e-15
3.549590000000000032e+02 1.141449942670403077e-15
3.543179999999999836e+02 1.027983681307426431e-15
3.536770000000000209e+02 1.058484514582690974e-15
3.530350000000000250e+02 1.210825468530058502e-15
3.523940000000000055e+02 1.247112435667418353e-15
3.517520000000000095e+02 1.242657047120234768e-15
3.511109999999999900e+02 1.003054758291900318e-15
3.504689999999999941e+02 1.086523145108073331e-15
3.498269999999999982e+02 1.115955118867436130e-15
3.491859999999999786e+02 1.092006992712970867e-15
3.485450000000000159e+02 1.068280915592393035e-15
3.479019999999999868e+02 1.044493185935397889e-15
3.472599999999999909e+02 9.750418440809867352e-16
3.466190000000000282e+02 9.583967936712560412e-16
3.459769999999999754e+02 9.287945329574653928e-16
3.453340000000000032e+02 1.009973250695834412e-15
3.446929999999999836e+02 1.058115026339666696e-15
3.440509999999999877e+02 1.015488576698202683e-15
3.434089999999999918e+02 9.988939263351431672e-16
3.427660000000000196e+02 9.311705909851770222e-16
3.421240000000000236e+02 1.061854538428642383e-15
3.414820000000000277e+02 1.089737541744375858e-15
3.408399999999999750e+02 1.079312097527625708e-15
3.401970000000000027e+02 1.132227355911728301e-15
3.395539999999999736e+02 1.140583274220417962e-15
3.389119999999999777e+02 1.104960650453800907e-15
3.382690000000000055e+02 1.132189602977572483e-15
3.376259999999999764e+02 1.283421335508189928e-15
3.369839999999999804e+02 1.377795280525429963e-15
3.363419999999999845e+02 1.317114392298834174e-15
3.356979999999999791e+02 1.232159244518919317e-15
3.350550000000000068e+02 1.209156790367751468e-15
3.344130000000000109e+02 1.149730113481381056e-15
3.337690000000000055e+02 1.163539366291999828e-15
3.331259999999999764e+02 1.189461925116768033e-15
3.324830000000000041e+02 1.347852831896183069e-15
3.318389999999999986e+02 1.270740109326045557e-15
3.311960000000000264e+02 1.367626119702286663e-15
3.305539999999999736e+02 1.320624736548491640e-15
3.299110000000000014e+02 1.398783111493813096e-15
3.292660000000000196e+02 1.446763849121822845e-15
3.286229999999999905e+02 1.523807264340342583e-15
3.279800000000000182e+02 1.494512142156894919e-15
3.273360000000000127e+02 1.447660836170947841e-15
3.266929999999999836e+02 1.308021170951869633e-15
3.260489999999999782e+02 1.279737111795845294e-15
3.254049999999999727e+02 1.245831397608300659e-15
3.247610000000000241e+02 1.310168728326610444e-15
3.241179999999999950e+02 1.259157761954002292e-15
3.234730000000000132e+02 1.288527297275092353e-15
3.228290000000000077e+02 1.289138238084199228e-15
3.221840000000000259e+02 1.391989765077408561e-15
3.215409999999999968e+02 1.397766104313810271e-15
3.208969999999999914e+02 1.510397259164488967e-15
3.202520000000000095e+02 1.571860165908543170e-15
3.196080000000000041e+02 1.560007949894794606e-15
3.189639999999999986e+02 1.603893430077437239e-15
3.183190000000000168e+02 1.669572458396306898e-15
3.176750000000000114e+02 1.563617789563995945e-15
3.170310000000000059e+02 1.398151514188353807e-15
3.163860000000000241e+02 1.392352569383246027e-15
3.157420000000000186e+02 1.354172524121892511e-15
3.150980000000000132e+02 1.267286886111175368e-15
3.144519999999999982e+02 1.240475525433353649e-15
3.138079999999999927e+02 1.197793898803681168e-15
3.131619999999999777e+02 1.171486539068851132e-15
3.125179999999999723e+02 1.134653498862176779e-15
3.118729999999999905e+02 1.145964724087727649e-15
3.112269999999999754e+02 1.332200086757305816e-15
3.105830000000000268e+02 1.247580235330410256e-15
3.099370000000000118e+02 1.210912242208984261e-15
3.092919999999999732e+02 1.221716834975429387e-15
3.086469999999999914e+02 1.185421553340268563e-15
3.080009999999999764e+02 1.289613525572355685e-15
3.073570000000000277e+02 1.346316658239090452e-15
3.067099999999999795e+02 1.361474902007942013e-15
3.060649999999999977e+02 1.335264962523956938e-15
3.054200000000000159e+02 1.324561893171953519e-15
3.047740000000000009e+02 1.314047235842250054e-15
3.041290000000000191e+02 1.303582905698822336e-15
3.034820000000000277e+02 1.439312596199563032e-15
3.028369999999999891e+02 1.523707739954806825e-15
3.021920000000000073e+02 1.587228603117097105e-15
3.015450000000000159e+02 1.535855720768556468e-15
3.008999999999999773e+02 1.430142517115059883e-15
3.002529999999999859e+02 1.567417163093816876e-15
2.996080000000000041e+02 1.501762515065981225e-15
2.989610000000000127e+02 1.426731928679494630e-15
2.983149999999999977e+02 1.547597531647723349e-15
2.976700000000000159e+02 1.477917946798928799e-15
2.970230000000000246e+02 1.481202966875039884e-15
2.963770000000000095e+02 1.383301127075822795e-15
2.957300000000000182e+02 1.348713019134489649e-15
2.950840000000000032e+02 1.385876658313332317e-15
2.944370000000000118e+02 1.280084871659093402e-15
2.937909999999999968e+02 1.317169604379182970e-15
2.931429999999999723e+02 1.537606963456708523e-15
2.924970000000000141e+02 1.526264423872908145e-15
2.918500000000000227e+02 1.449566017035159898e-15
2.912040000000000077e+02 1.419972660216444492e-15
2.905570000000000164e+02 1.483092497089957151e-15
2.899100000000000250e+02 1.564349482408822237e-15
2.892629999999999768e+02 1.685905254342942845e-15
2.886159999999999854e+02 1.756282152184175021e-15
2.879689999999999941e+02 1.803131179912784288e-15
2.873210000000000264e+02 1.804232697083040509e-15
2.866750000000000114e+02 1.778178274829383141e-15
2.860269999999999868e+02 1.869069474437865523e-15
2.853799999999999955e+02 1.896504793873843349e-15
2.847320000000000277e+02 1.870237474722572861e-15
2.840849999999999795e+02 1.954861932614680679e-15
2.834370000000000118e+02 1.990251260812386430e-15
2.827900000000000205e+02 2.073418300760565239e-15
2.821419999999999959e+02 2.142819368221700536e-15
2.814950000000000045e+02 2.172181078272042716e-15
2.808469999999999800e+02 2.249090447308113476e-15
2.801990000000000123e+02 2.169900968059324707e-15
2.795509999999999877e+02 2.117084799639718155e-15
2.789039999999999964e+02 2.137464186465308996e-15
2.782549999999999955e+02 2.131832718311933189e-15
2.776080000000000041e+02 2.130567270165898953e-15
2.769590000000000032e+02 2.095477519599608457e-15
2.763120000000000118e+02 2.131932839309676692e-15
2.756630000000000109e+02 2.088762833673846254e-15
2.750149999999999864e+02 2.120544789818361883e-15
2.743659999999999854e+02 2.292803716839243621e-15
2.737189999999999941e+02 2.422048000860853089e-15
2.730699999999999932e+02 2.451819152934985226e-15
2.724220000000000255e+02 2.411740221925154276e-15
2.717730000000000246e+02 2.351770470479176070e-15
2.711240000000000236e+02 2.304327567942176810e-15
2.704759999999999991e+02 2.229212453198139279e-15
2.698260000000000218e+02 2.262675608841678772e-15
2.691779999999999973e+02 2.331659711351003344e-15
2.685289999999999964e+02 2.213553078411055149e-15
2.678809999999999718e+02 2.179262850802335552e-15
2.672309999999999945e+02 2.137557723600355634e-15
2.665830000000000268e+02 2.178092039828695586e-15
2.659329999999999927e+02 2.323230878005915752e-15
2.652839999999999918e+02 2.381802090365555962e-15
2.646349999999999909e+02 2.478169110979140030e-15
2.639850000000000136e+02 2.408723369670374082e-15
2.633369999999999891e+02 2.374095390748163279e-15
2.626870000000000118e+02 2.430952149372313432e-15
2.620380000000000109e+02 2.370086165027226866e-15
2.613879999999999768e+02 2.459940325681593013e-15
2.607400000000000091e+02 2.403167440951904676e-15
2.600899999999999750e+02 2.290777503822601608e-15
2.594390000000000214e+02 2.342463848978922408e-15
2.587900000000000205e+02 2.290320543981870093e-15
2.581399999999999864e+02 2.290008642942108179e-15
2.574909999999999854e+02 2.264089139538028295e-15
2.568410000000000082e+02 2.365406057931126125e-15
2.561899999999999977e+02 2.440398092783938969e-15
2.555409999999999968e+02 2.388617180944568504e-15
2.548899999999999864e+02 2.433896929044370870e-15
2.542410000000000139e+02 2.425308501451610398e-15
2.535910000000000082e+02 2.338664217125482420e-15
2.529399999999999977e+02 2.333844988749637286e-15
2.522899999999999920e+02 2.360732462460081621e-15
2.516399999999999864e+02 2.428921939625108527e-15
2.509900000000000091e+02 2.315893779788289020e-15
2.503389999999999986e+02 2.317861516408430961e-15
2.496879999999999882e+02 2.364457856272057694e-15
2.490380000000000109e+02 2.369313181500179206e-15
2.483870000000000005e+02 2.435397926206366004e-15
2.477359999999999900e+02 2.493837781098100609e-15
2.470860000000000127e+02 2.457402144583434173e-15
2.464350000000000023e+02 2.524977328863166582e-15
2.457849999999999966e+02 2.411953248527808336e-15
2.451330000000000098e+02 2.462314913112332642e-15
2.444819999999999993e+02 2.409859850695988018e-15
2.438319999999999936e+02 2.364527462647144893e-15
2.431800000000000068e+02 2.329182284798160172e-15
2.425289999999999964e+02 2.316898866174403703e-15
2.418779999999999859e+02 2.401375134490249198e-15
2.412270000000000039e+02 2.456089757141306607e-15
2.405749999999999886e+02 2.391987932653080451e-15
2.399240000000000066e+02 2.487115600904749775e-15
2.392719999999999914e+02 2.473867206709838080e-15
2.386200000000000045e+02 2.513982298878214016e-15
2.379699999999999989e+02 2.494212871054038305e-15
2.373180000000000121e+02 2.555318438165933659e-15
2.366670000000000016e+02 2.541572779038600120e-15
2.360149999999999864e+02 2.530763137715965617e-15
2.353629999999999995e+02 2.572058339390564060e-15
2.347100000000000080e+02 2.658343923864581658e-15
2.340600000000000023e+02 2.634691550535823061e-15
2.334070000000000107e+02 2.614229590547011886e-15
2.327549999999999955e+02 2.704550419622541556e-15
2.321040000000000134e+02 2.769879611951632835e-15
2.314509999999999934e+02 2.745704399396669341e-15
2.307980000000000018e+02 2.806862862209901426e-15
2.301469999999999914e+02 2.791257675811036126e-15
2.294939999999999998e+02 2.746559805698455710e-15
2.288420000000000130e+02 2.682013341929371311e-15
2.281899999999999977e+02 2.767586450429077934e-15
2.275370000000000061e+02 2.829187421715046124e-15
2.268839999999999861e+02 2.858755891855353008e-15
2.262330000000000041e+02 2.913125301608598344e-15
2.255800000000000125e+02 2.986544618769623672e-15
2.249269999999999925e+02 2.972338191773284005e-15
2.242729999999999961e+02 2.977631685529776425e-15
2.236220000000000141e+02 3.032337757161446828e-15
2.229679999999999893e+02 3.039658909202516424e-15
2.223149999999999977e+02 3.052079791667822865e-15
2.216630000000000109e+02 2.999233133121897956e-15
2.210099999999999909e+02 2.941219557868530351e-15
2.203559999999999945e+02 2.881093522732677482e-15
2.197019999999999982e+02 2.848264991072799307e-15
2.190500000000000114e+02 2.850162709862110325e-15
2.183969999999999914e+02 2.838648043952286660e-15
2.177429999999999950e+02 2.819279106307185211e-15
2.170889999999999986e+02 2.826054206811560567e-15
2.164370000000000118e+02 2.770420947403590931e-15
2.157829999999999870e+02 2.800304363581881089e-15
2.151289999999999907e+02 2.763049891450914611e-15
2.144749999999999943e+02 2.822827436186907326e-15
2.138220000000000027e+02 2.813469230584398888e-15
2.131680000000000064e+02 2.809039419201406219e-15
2.125140000000000100e+02 2.814547442158497398e-15
2.118600000000000136e+02 2.760229447185050427e-15
2.112069999999999936e+02 2.802687224796698216e-15
2.105529999999999973e+02 2.770833835624827340e-15
2.098979999999999961e+02 2.741661996482298138e-15
2.092439999999999998e+02 2.695651511024545383e-15
2.085910000000000082e+02 2.681499557028366461e-15
2.079360000000000070e+02 2.662508432204092984e-15
2.072820000000000107e+02 2.638844004364860248e-15
2.066270000000000095e+02 2.572759558034627701e-15
2.059739999999999895e+02 2.603704657532186349e-15
2.053189999999999884e+02 2.584997033183028253e-15
2.046639999999999873e+02 2.547879938897047725e-15
2.040089999999999861e+02 2.541000595758592671e-15
2.033540000000000134e+02 2.527177284511612538e-15
2.027009999999999934e+02 2.447498118800938499e-15
2.020459999999999923e+02 2.413767682985514894e-15
2.013909999999999911e+02 2.353380606445183596e-15
2.007350000000000136e+02 2.391828123238191580e-15
2.000800000000000125e+02 2.360900825543640351e-15
1.994259999999999877e+02 2.303778033831413497e-15
1.987709999999999866e+02 2.291018998932479979e-15
1.981160000000000139e+02 2.263102085227965471e-15
1.974600000000000080e+02 2.282854523213134186e-15
1.968050000000000068e+02 2.227096834957569556e-15
1.961510000000000105e+02 2.206175945420660697e-15
1.954950000000000045e+02 2.244563088372719746e-15
1.948389999999999986e+02 2.189686643893620709e-15
1.941839999999999975e+02 2.154244607058228066e-15
1.935279999999999916e+02 2.162711262848320510e-15
1.928739999999999952e+02 2.177113315871893825e-15
1.922179999999999893e+02 2.158421828298412574e-15
1.915620000000000118e+02 2.200855229069197481e-15
1.909060000000000059e+02 2.262827548350230121e-15
1.902500000000000000e+02 2.281650449372797034e-15
1.895939999999999941e+02 2.236178859528631342e-15
1.889389999999999930e+02 2.278293711550108437e-15
1.882829999999999870e+02 2.305968744262118153e-15
1.876270000000000095e+02 2.336982612593477143e-15
1.869699999999999989e+02 2.313112317567902985e-15
1.863139999999999930e+02 2.297085104078818045e-15
1.856570000000000107e+02 2.246624230842788854e-15
1.850010000000000048e+02 2.208172148788262864e-15
1.843460000000000036e+02 2.226674772254183723e-15
1.836889999999999930e+02 2.257855678558356261e-15
1.830329999999999870e+02 2.286525093919846089e-15
1.823760000000000048e+02 2.296203346003292536e-15
1.817189999999999941e+02 2.268893195697705554e-15
1.810620000000000118e+02 2.365590557143717427e-15
1.804050000000000011e+02 2.433591670520115976e-15
1.797500000000000000e+02 2.453698703237013270e-15
1.790929999999999893e+02 2.507290633244114001e-15
1.784360000000000070e+02 2.497983395828639804e-15
1.777789999999999964e+02 2.513188012694728424e-15
1.771220000000000141e+02 2.512232959687646640e-15
1.764650000000000034e+02 2.512882767835711804e-15
1.758069999999999879e+02 2.520116234716701022e-15
1.751500000000000057e+02 2.486189992992556739e-15
1.744939999999999998e+02 2.496484507592346294e-15
1.738369999999999891e+02 2.536720857979176373e-15
1.731790000000000020e+02 2.556096838705490731e-15
1.725219999999999914e+02 2.584931584766623872e-15
1.718640000000000043e+02 2.624576464614097910e-15
1.712059999999999889e+02 2.651958752422054264e-15
1.705490000000000066e+02 2.670693783446277039e-15
1.698909999999999911e+02 2.674390167739468614e-15
1.692330000000000041e+02 2.652337264611792992e-15
1.685749999999999886e+02 2.627211023037663297e-15
1.679190000000000111e+02 2.644640209957610439e-15
1.672609999999999957e+02 2.619485910774396587e-15
1.666030000000000086e+02 2.657783110791146039e-15
1.659449999999999932e+02 2.604871047334464512e-15
1.652870000000000061e+02 2.540395244980295922e-15
1.646279999999999859e+02 2.532426561548538534e-15
1.639699999999999989e+02 2.549807648557920792e-15
1.633120000000000118e+02 2.583023579382926237e-15
1.626539999999999964e+02 2.575712491834324994e-15
1.619950000000000045e+02 2.531704791821295656e-15
1.613369999999999891e+02 2.509935604458964007e-15
1.606779999999999973e+02 2.462349528426032332e-15
1.600190000000000055e+02 2.453776244203486447e-15
1.593609999999999900e+02 2.459298631958206185e-15
1.587040000000000077e+02 2.450490643552522664e-15
1.580449999999999875e+02 2.453985987501363741e-15
1.573859999999999957e+02 2.430983029965145520e-15
1.567270000000000039e+02 2.435470511455898434e-15
1.560680000000000121e+02 2.412525336205678668e-15
1.554089999999999918e+02 2.404499020323972653e-15
1.547500000000000000e+02 2.403008679099507204e-15
1.540910000000000082e+02 2.380143758859234330e-15
1.534319999999999879e+02 2.370496100723266801e-15
1.527729999999999961e+02 2.359462208251667180e-15
1.521140000000000043e+02 2.331591497047822774e-15
1.514540000000000077e+02 2.317989819559110429e-15
1.507949999999999875e+02 2.304365347850328455e-15
1.501359999999999957e+02 2.368599863720645003e-15
1.494759999999999991e+02 2.381658733355824509e-15
1.488170000000000073e+02 2.379396752190557243e-15
1.481570000000000107e+02 2.416041380344327389e-15
1.474970000000000141e+02 2.400830411681198598e-15
1.468379999999999939e+02 2.414461368059877404e-15
1.461779999999999973e+02 2.415642569710214188e-15
1.455180000000000007e+02 2.443653349206853181e-15
1.448580000000000041e+02 2.443973061121685259e-15
1.441980000000000075e+02 2.383666755891447661e-15
1.435380000000000109e+02 2.396563019063259905e-15
1.428779999999999859e+02 2.398671093316755210e-15
1.422179999999999893e+02 2.420767418298339622e-15
1.415579999999999927e+02 2.419791971308886555e-15
1.408979999999999961e+02 2.412974275638475874e-15
1.402379999999999995e+02 2.403766366245964654e-15
1.395769999999999982e+02 2.390037320703791496e-15
1.389170000000000016e+02 2.408619836919751496e-15
1.382560000000000002e+02 2.460607837445641130e-15
1.375960000000000036e+02 2.484913495750931826e-15
1.369350000000000023e+02 2.502125606596364858e-15
1.362750000000000057e+02 2.500028051017896488e-15
1.356140000000000043e+02 2.522253157753730935e-15
1.349540000000000077e+02 2.540662576617706488e-15
1.342930000000000064e+02 2.586537239755588136e-15
1.336320000000000050e+02 2.630143958371026542e-15
1.329710000000000036e+02 2.650810563149686192e-15
1.323100000000000023e+02 2.657973948344775521e-15
1.316490000000000009e+02 2.702352527024821903e-15
1.309879999999999995e+02 2.706159205262308797e-15
1.303269999999999982e+02 2.702864839935955756e-15
1.296659999999999968e+02 2.743361174504147926e-15
1.290049999999999955e+02 2.751031236326542809e-15
1.283420000000000130e+02 2.739626169871988195e-15
1.276809999999999974e+02 2.734483888565570338e-15
1.270190000000000055e+02 2.753300310919049317e-15
1.263580000000000041e+02 2.711557806335114964e-15
1.256959999999999980e+02 2.661343203123985216e-15
1.250349999999999966e+02 2.655478568499503503e-15
1.243730000000000047e+02 2.638908315756424944e-15
1.237120000000000033e+02 2.612841961085276687e-15
1.230499999999999972e+02 2.603795675046590734e-15
1.223880000000000052e+02 2.583587422345551597e-15
1.217259999999999991e+02 2.524432878019974664e-15
1.210639999999999930e+02 2.455443763946463670e-15
1.204030000000000058e+02 2.437830904849571177e-15
1.197409999999999997e+02 2.407288366357354319e-15
1.190780000000000030e+02 2.333312065328609148e-15
1.184150000000000063e+02 2.302028683203046148e-15
1.177530000000000001e+02 2.255613157969686015e-15
1.170909999999999940e+02 2.198286277603915021e-15
1.164279999999999973e+02 2.142536610518297117e-15
1.157660000000000053e+02 2.110926339550192730e-15
1.151039999999999992e+02 2.072924878166703898e-15
1.144410000000000025e+02 2.019967592492548424e-15
1.137789999999999964e+02 1.969995629276271061e-15
1.131159999999999997e+02 1.948715076354920610e-15
1.124539999999999935e+02 1.916217068361597766e-15
1.117890000000000015e+02 1.881848492853083764e-15
1.111269999999999953e+02 1.864630626096995866e-15
1.104639999999999986e+02 1.827554991750300689e-15
1.098010000000000019e+02 1.794350022909621995e-15
1.091380000000000052e+02 1.756215838906712473e-15
1.084749999999999943e+02 1.732449154138588675e-15
1.078119999999999976e+02 1.671121865810544409e-15
1.071490000000000009e+02 1.630855211206253830e-15
1.064849999999999994e+02 1.550371084021112746e-15
1.058209999999999980e+02 1.481668042574697073e-15
1.051580000000000013e+02 1.399469900020361543e-15
1.044950000000000045e+02 1.366710232906967457e-15
1.038319999999999936e+02 1.303026734277915372e-15
1.031680000000000064e+02 1.246544001797137365e-15
1.025049999999999955e+02 1.194146665877236694e-15
1.018400000000000034e+02 1.167721468234285242e-15
1.011760000000000019e+02 1.129108086208079803e-15
1.005130000000000052e+02 1.129181070191772425e-15
9.984900000000000375e+01 1.119992954811492953e-15
9.918529999999999802e+01 1.105802991342278381e-15
9.852150000000000318e+01 1.087847465786508699e-15
9.785769999999999413e+01 1.107144334756281511e-15
9.719230000000000302e+01 1.132035534697216021e-15
9.652830000000000155e+01 1.154342934243852764e-15
9.586430000000000007e+01 1.169513453571083305e-15
9.520029999999999859e+01 1.192597650803163468e-15
9.453610000000000468e+01 1.229241150838414014e-15
9.387199999999999989e+01 1.264521408064599808e-15
9.320619999999999550e+01 1.283418515959970484e-15
9.254200000000000159e+01 1.306129080750784121e-15
9.187760000000000105e+01 1.298436570267724481e-15
9.121320000000000050e+01 1.299441063621081664e-15
9.054879999999999995e+01 1.289423576820019948e-15
8.988280000000000314e+01 1.304215262378063980e-15
8.921819999999999595e+01 1.296718313051998323e-15
8.855360000000000298e+01 1.278013333438956312e-15
8.788890000000000668e+01 1.258561917662965581e-15
8.722419999999999618e+01 1.270026469903517672e-15
8.655939999999999657e+01 1.276067939514979741e-15
8.589300000000000068e+01 1.289396256976454998e-15
8.522809999999999775e+01 1.285515574124890210e-15
8.456319999999999482e+01 1.290536365681225298e-15
8.389820000000000277e+01 1.276744414362722770e-15
8.323160000000000025e+01 1.276516518907539782e-15
8.256650000000000489e+01 1.268166091385896052e-15
8.190130000000000621e+01 1.270162722595391050e-15
8.123609999999999332e+01 1.261950491303265107e-15
8.057080000000000553e+01 1.234168785981722524e-15
7.990389999999999304e+01 1.226140106910849115e-15
7.923850000000000193e+01 1.224597869468768059e-15
7.857299999999999329e+01 1.226420717005119537e-15
7.790749999999999886e+01 1.222544186109422006e-15
7.724039999999999395e+01 1.212564692769348341e-15
7.657479999999999620e+01 1.208664584950564024e-15
7.590909999999999513e+01 1.184268902123383026e-15
7.524339999999999407e+01 1.180240683370830555e-15
7.457760000000000389e+01 1.168934948005034018e-15
7.391020000000000323e+01 1.137747225284018232e-15
7.324429999999999552e+01 1.118336778569207017e-15
7.257829999999999870e+01 1.085148142706703282e-15
7.191230000000000189e+01 1.060176569691299035e-15
7.124469999999999459e+01 1.045229246350223165e-15
7.057850000000000534e+01 1.023338859781452188e-15
6.991230000000000189e+01 1.017124273687032204e-15
6.924609999999999843e+01 9.900735438916087032e-16
6.857829999999999870e+01 9.751357280812093304e-16
6.791190000000000282e+01 9.581726618841544956e-16
6.724550000000000693e+01 9.364806804176670013e-16
6.657750000000000057e+01 9.200385343321293785e-16
6.591100000000000136e+01 8.951850062808140601e-16
6.524439999999999884e+01 8.794015050325544916e-16
6.457769999999999300e+01 8.587769009575796058e-16
6.390950000000000131e+01 8.354076487549217326e-16
6.324269999999999925e+01 8.194870118884654374e-16
6.257589999999999719e+01 8.078723788685339600e-16
6.190899999999999892e+01 7.946954330436506021e-16
6.124060000000000059e+01 7.787611452281100249e-16
6.057359999999999900e+01 7.646372384157094831e-16
5.990659999999999741e+01 7.511941553530351995e-16
5.923799999999999955e+01 7.260676621291730640e-16
5.857079999999999842e+01 7.002033317861284195e-16
5.790359999999999729e+01 6.872358840933136982e-16
5.723629999999999995e+01 6.687749757796954362e-16
5.656750000000000256e+01 6.458882178440673586e-16
5.590010000000000190e+01 6.329059260065555598e-16
5.523270000000000124e+01 6.153527496190336558e-16
5.456360000000000099e+01 6.014292996427052935e-16
5.389609999999999701e+01 5.901228298638439841e-16
5.322849999999999682e+01 5.833081507747708082e-16
5.255930000000000035e+01 5.793829886442105122e-16
5.189159999999999684e+01 5.599439782498798927e-16
5.122379999999999711e+01 5.495168362085809381e-16
5.055440000000000111e+01 5.374579476569574213e-16
4.988660000000000139e+01 5.221316621233413633e-16
4.921860000000000213e+01 5.065132449157704893e-16
4.854910000000000281e+01 4.919319986081819623e-16
4.788100000000000023e+01 4.822795036597741424e-16
4.721289999999999765e+01 4.693289880715781036e-16
4.654319999999999879e+01 4.535825852084597428e-16
4.587500000000000000e+01 4.425883294042280503e-16
4.520669999999999789e+01 4.246320642482419668e-16
4.453679999999999950e+01 4.119501835139719641e-16
4.386840000000000117e+01 4.002562153132741297e-16
4.320000000000000284e+01 3.929288712775265747e-16
4.252989999999999782e+01 3.790232283724918506e-16
4.186129999999999995e+01 3.644622717094629083e-16
4.119270000000000209e+01 3.474792311250145727e-16
4.052250000000000085e+01 3.353630561323617410e-16
3.985379999999999967e+01 3.253128074047493274e-16
3.918500000000000227e+01 3.169430327711060278e-16
3.851460000000000150e+01 3.062150158162964367e-16
3.784570000000000078e+01 2.950474065440817797e-16
3.717519999999999669e+01 2.824456325629331851e-16
3.650619999999999976e+01 2.709626769139434797e-16
3.583709999999999951e+01 2.620871225237115913e-16
3.516640000000000299e+01 2.530199566990244841e-16
3.449719999999999942e+01 2.418894311547192360e-16
3.382800000000000296e+01 2.326797723689261338e-16
3.315709999999999980e+01 2.215696888181052719e-16
3.248780000000000001e+01 2.086771662618865198e-16
3.181680000000000064e+01 1.990725404942981080e-16
3.114730000000000132e+01 1.909648952052439144e-16
3.047779999999999845e+01 1.841200518461611313e-16
2.980669999999999931e+01 1.723458292155816798e-16
2.913700000000000045e+01 1.645113759529181717e-16
2.846730000000000160e+01 1.574166193171290352e-16
2.779599999999999937e+01 1.476432976851660829e-16
2.712620000000000076e+01 1.397512708651215395e-16
2.645479999999999876e+01 1.325726670866188065e-16
2.578490000000000038e+01 1.248651502047835147e-16
2.511329999999999885e+01 1.161330153666246097e-16
2.444330000000000069e+01 1.075606924318930799e-16
2.377319999999999922e+01 1.015309296717216852e-16
2.310150000000000148e+01 9.325134736139784461e-17
2.243130000000000024e+01 8.644733876122872303e-17
2.175949999999999918e+01 7.995696267957616210e-17
2.108909999999999840e+01 7.345150165669178300e-17
2.041870000000000118e+01 6.789521734009662703e-17
1.974680000000000035e+01 6.138389950986946490e-17
1.907629999999999981e+01 5.617922506248490738e-17
1.840419999999999945e+01 5.144889508205359961e-17
1.773349999999999937e+01 4.652494859268825343e-17
1.706129999999999924e+01 4.285320363084668198e-17
1.639059999999999917e+01 3.845831431612024964e-17
1.571979999999999933e+01 3.480408008308290304e-17
1.504739999999999966e+01 3.172565808779977147e-17
1.437650000000000006e+01 2.856390717286669923e-17
1.370410000000000039e+01 2.599924902996533626e-17
1.303299999999999947e+01 2.309375081345627177e-17
1.236040000000000028e+01 2.057398776212113389e-17
1.168929999999999936e+01 1.818541019096483797e-17
1.101660000000000039e+01 1.630526930203247241e-17
1.034529999999999994e+01 1.505334528307145243e-17
9.672489999999999810e+00 1.363829048003541585e-17
9.001129999999999853e+00 1.227073385989242307e-17
8.329710000000000392e+00 1.083530808158391969e-17
7.656710000000000349e+00 9.715321540086047526e-18
6.985170000000000101e+00 9.228818490126611496e-18
6.312050000000000161e+00 8.505832315679105933e-18
5.640399999999999636e+00 7.597473062188830171e-18
4.967170000000000307e+00 6.427165245739442745e-18
4.295410000000000394e+00 5.149931728783220935e-18
3.622059999999999835e+00 3.906147436190729531e-18
2.950180000000000025e+00 2.743194518702000952e-18
2.276720000000000077e+00 1.735220863384762956e-18
1.604729999999999990e+00 8.995775835360798730e-19
9.311519999999999797e-01 3.048876835547596195e-19
2.590439999999999965e-01 2.360535747204906276e-20
