4.498670000000000186e+02 1.161123754832811123e-15
4.492339999999999804e+02 9.183868676046069910e-16
4.486009999999999991e+02 8.073086275782671780e-16
4.479680000000000177e+02 1.129882950579601343e-15
4.473360000000000127e+02 1.094399222419962899e-15
4.467029999999999745e+02 1.037418722889072348e-15
4.460690000000000168e+02 1.227846789150525991e-15
4.454359999999999786e+02 1.106676593193462271e-15
4.448029999999999973e+02 1.071614893769224323e-15
4.441689999999999827e+02 1.164467915261815586e-15
4.435360000000000014e+02 1.278010741650631983e-15
4.429019999999999868e+02 1.496838839844249565e-15
4.422699999999999818e+02 1.291961333666453665e-15
4.416360000000000241e+02 1.456802070490382906e-15
4.410029999999999859e+02 1.442220932440819678e-15
4.403690000000000282e+02 1.312560367309444442e-15
4.397350000000000136e+02 1.308889959698881204e-15
4.391009999999999991e+02 1.274010116017044786e-15
4.384669999999999845e+02 1.031586467365569139e-15
4.378330000000000268e+02 1.101101395198595565e-15
4.371990000000000123e+02 1.015436040060065361e-15
4.365649999999999977e+02 1.084600642312815727e-15
4.359329999999999927e+02 8.454622036240110582e-16
4.352980000000000018e+02 6.997429812836621370e-16
4.346639999999999873e+02 6.875658026624275596e-16
4.340299999999999727e+02 7.161188343761707698e-16
4.333960000000000150e+02 7.140743806283136942e-16
4.327610000000000241e+02 9.751547408377799586e-16
4.321270000000000095e+02 8.815195322768250966e-16
4.314920000000000186e+02 7.280541696623873586e-16
4.308580000000000041e+02 6.557300095792271209e-16
4.302230000000000132e+02 7.238934651022034208e-16
4.295889999999999986e+02 8.315395676714754619e-16
4.289540000000000077e+02 6.898179307559918455e-16
4.283190000000000168e+02 7.771261801712654157e-16
4.276859999999999786e+02 7.750091559606369446e-16
4.270509999999999877e+02 6.642080971297256977e-16
4.264159999999999968e+02 5.541051609994127410e-16
4.257810000000000059e+02 6.603069994547741733e-16
4.251460000000000150e+02 7.365792715393937838e-16
4.245110000000000241e+02 8.805993040854630786e-16
4.238759999999999764e+02 8.877204518103081540e-16
4.232409999999999854e+02 9.723643929249016697e-16
4.226050000000000182e+02 8.535792051154419080e-16
4.219700000000000273e+02 8.703567025596242850e-16
4.213349999999999795e+02 8.966074165225294146e-16
4.206990000000000123e+02 1.027998301094495449e-15
4.200640000000000214e+02 1.034511261619608443e-15
4.194289999999999736e+02 1.145640838558716082e-15
4.187930000000000064e+02 9.239744744783370186e-16
4.181569999999999823e+02 8.739170535626560339e-16
4.175219999999999914e+02 9.279493132735307218e-16
4.168860000000000241e+02 1.132085682027528139e-15
4.162500000000000000e+02 1.231869639242426604e-15
4.156150000000000091e+02 1.246914875185032938e-15
4.149789999999999850e+02 1.280452019919535952e-15
4.143430000000000177e+02 1.313771057050551483e-15
4.137069999999999936e+02 1.180095188801394352e-15
4.130710000000000264e+02 1.370558011097440111e-15
4.124350000000000023e+02 1.458538134598048125e-15
4.117989999999999782e+02 1.527622235745520052e-15
4.111630000000000109e+02 1.468055205159388075e-15
4.105260000000000105e+02 1.408860232187023713e-15
4.098899999999999864e+02 1.450089387355291329e-15
4.092540000000000191e+02 1.246137549203785943e-15
4.086170000000000186e+02 1.260412479865160056e-15
4.079809999999999945e+02 1.337727675274770282e-15
4.073439999999999941e+02 1.279704094340047763e-15
4.067080000000000268e+02 1.222022526628788351e-15
4.060710000000000264e+02 1.361192030969582594e-15
4.054350000000000023e+02 1.161081748698699001e-15
4.047980000000000018e+02 1.184170813085171225e-15
4.041610000000000014e+02 1.145114736612330439e-15
4.035240000000000009e+02 1.229853517651985506e-15
4.028879999999999768e+02 1.041323141216157230e-15
4.022509999999999764e+02 1.125770347879670358e-15
4.016139999999999759e+02 9.299622825714609490e-16
4.009769999999999754e+02 9.445085435394065844e-16
4.003399999999999750e+02 7.417005063508810214e-16
3.997029999999999745e+02 8.953105684823302689e-16
3.990649999999999977e+02 8.406843827819904447e-16
3.984279999999999973e+02 6.745962943082975045e-16
3.977909999999999968e+02 6.296166404741609959e-16
3.971519999999999868e+02 6.103256588260523958e-16
3.965149999999999864e+02 4.806283511228327459e-16
3.958770000000000095e+02 5.470823025556421924e-16
3.952400000000000091e+02 3.589741299845330895e-16
3.946019999999999754e+02 4.929914223266271974e-16
3.939649999999999750e+02 3.482714729133988776e-16
3.933269999999999982e+02 3.303807136091077423e-16
3.926890000000000214e+02 5.217526130350680530e-16
3.920520000000000209e+02 4.867527830753078401e-16
3.914139999999999873e+02 6.348139596982049233e-16
3.907760000000000105e+02 6.410040926134255919e-16
3.901379999999999768e+02 8.536449801488562717e-16
3.895000000000000000e+02 1.040371332877498676e-15
3.888609999999999900e+02 9.387131836306185647e-16
3.882230000000000132e+02 9.601714658943966035e-16
3.875849999999999795e+02 1.054925774514492339e-15
3.869460000000000264e+02 1.140919460284171273e-15
3.863079999999999927e+02 1.242569005222018764e-15
3.856700000000000159e+02 1.303143816393706410e-15
3.850319999999999823e+02 1.371356522384481672e-15
3.843929999999999723e+02 1.238498393741372822e-15
3.837549999999999955e+02 1.314400243029770364e-15
3.831159999999999854e+02 1.270358276616013822e-15
3.824759999999999991e+02 1.250207828910262075e-15
3.818380000000000223e+02 1.198639118083136088e-15
3.811990000000000123e+02 9.974161345424500746e-16
3.805600000000000023e+02 1.104326340632563705e-15
3.799220000000000255e+02 1.053647932127531485e-15
3.792830000000000155e+02 9.329166970329907788e-16
3.786440000000000055e+02 1.007709008242250803e-15
3.780049999999999955e+02 9.266306854059599572e-16
3.773650000000000091e+02 9.547140412361100809e-16
3.767259999999999991e+02 1.236921127973071390e-15
3.760860000000000127e+02 1.209708942601211526e-15
3.754470000000000027e+02 1.458478619018975574e-15
3.748079999999999927e+02 1.438260456655636756e-15
3.741689999999999827e+02 1.509500327818943283e-15
3.735299999999999727e+02 1.587939195179819729e-15
3.728890000000000100e+02 1.605427302572029538e-15
3.722500000000000000e+02 1.479402659979988623e-15
3.716100000000000136e+02 1.669674505230031396e-15
3.709710000000000036e+02 1.529355275984454755e-15
3.703310000000000173e+02 1.464694110906580046e-15
3.696909999999999741e+02 1.415038064798971980e-15
3.690500000000000114e+02 1.447206941915708339e-15
3.684110000000000014e+02 1.368483436072705755e-15
3.677710000000000150e+02 1.334377927731822139e-15
3.671309999999999718e+02 1.271150115076204098e-15
3.664909999999999854e+02 1.456854121286075639e-15
3.658509999999999991e+02 1.342550198092657647e-15
3.652099999999999795e+02 1.338018818959788498e-15
3.645699999999999932e+02 1.499713376422342098e-15
3.639300000000000068e+02 1.465737912050953562e-15
3.632900000000000205e+02 1.446258062932093148e-15
3.626490000000000009e+02 1.477000936370522927e-15
3.620079999999999814e+02 1.436325247424437261e-15
3.613670000000000186e+02 1.409999290941154215e-15
3.607269999999999754e+02 1.305991340913704753e-15
3.600869999999999891e+02 1.343820361542436207e-15
3.594460000000000264e+02 1.212629746203230597e-15
3.588039999999999736e+02 1.116997061328720768e-15
3.581639999999999873e+02 1.078254697388664176e-15
3.575230000000000246e+02 9.909704487529047102e-16
3.568829999999999814e+02 1.112215760703046969e-15
3.562420000000000186e+02 1.073768954352739118e-15
3.556000000000000227e+02 1.090742570514046793e-15
3.549590000000000032e+02 1.141765031009354944e-15
3.543179999999999836e+02 1.028298182915209145e-15
3.536770000000000209e+02 1.058798429101051834e-15
3.530350000000000250e+02 1.211138794683270783e-15
3.523940000000000055e+02 1.247425174011934676e-15
3.517520000000000095e+02 1.242969196377738775e-15
3.511109999999999900e+02 1.003366319018512124e-15
3.504689999999999941e+02 1.086834116022899764e-15
3.498269999999999982e+02 1.116265499606728694e-15
3.491859999999999786e+02 1.092316783832391942e-15
3.485450000000000159e+02 1.068590116727904217e-15
3.479019999999999868e+02 1.044801794879726726e-15
3.472599999999999909e+02 9.753498613882452979e-16
3.466190000000000282e+02 9.587042198965769903e-16
3.459769999999999754e+02 9.291013668110394545e-16
3.453340000000000032e+02 1.010279490885444117e-15
3.446929999999999836e+02 1.058420674343090701e-15
3.440509999999999877e+02 1.015793631221862734e-15
3.434089999999999918e+02 9.991983870083487912e-16
3.427660000000000196e+02 9.314744565107003004e-16
3.421240000000000236e+02 1.062157809359751700e-15
3.414820000000000277e+02 1.090040217708391826e-15
3.408399999999999750e+02 1.079614178151217735e-15
3.401970000000000027e+02 1.132528839892722506e-15
3.395539999999999736e+02 1.140884161183026648e-15
3.389119999999999777e+02 1.105260940950964688e-15
3.382690000000000055e+02 1.132489295703451839e-15
3.376259999999999764e+02 1.283720430085099360e-15
3.369839999999999804e+02 1.378093777506192544e-15
3.363419999999999845e+02 1.317412291305704451e-15
3.356979999999999791e+02 1.232456543308928486e-15
3.350550000000000068e+02 1.209453489492482119e-15
3.344130000000000109e+02 1.150026213493593152e-15
3.337690000000000055e+02 1.163834864943381217e-15
3.331259999999999764e+02 1.189756822958900909e-15
3.324830000000000041e+02 1.348147128546577770e-15
3.318389999999999986e+02 1.271033803465763725e-15
3.311960000000000264e+02 1.367919211882977350e-15
3.305539999999999736e+02 1.320917227323032744e-15
3.299110000000000014e+02 1.399074999540991185e-15
3.292660000000000196e+02 1.447055132179813762e-15
3.286229999999999905e+02 1.524097943898651993e-15
3.279800000000000182e+02 1.494802217829159458e-15
3.273360000000000127e+02 1.447950306630205057e-15
3.266929999999999836e+02 1.308310036750181938e-15
3.260489999999999782e+02 1.280025371604010857e-15
3.254049999999999727e+02 1.246119051036684710e-15
3.247610000000000241e+02 1.310455774985078272e-15
3.241179999999999950e+02 1.259444202395025335e-15
3.234730000000000132e+02 1.288813129221361707e-15
3.228290000000000077e+02 1.289423462087225498e-15
3.221840000000000259e+02 1.392274379800208789e-15
3.215409999999999968e+02 1.398050111253716213e-15
3.208969999999999914e+02 1.510680656983601402e-15
3.202520000000000095e+02 1.572142953266688001e-15
3.196080000000000041e+02 1.560290127344259663e-15
3.189639999999999986e+02 1.604174997223937417e-15
3.183190000000000168e+02 1.669853413896539870e-15
3.176750000000000114e+02 1.563898133970822847e-15
3.170310000000000059e+02 1.398431247106250629e-15
3.163860000000000241e+02 1.392631689465852423e-15
3.157420000000000186e+02 1.354451031922726145e-15
3.150980000000000132e+02 1.267564781233549646e-15
3.144519999999999982e+02 1.240752805575634153e-15
3.138079999999999927e+02 1.198070565471796071e-15
3.131619999999999777e+02 1.171762589957978228e-15
3.125179999999999723e+02 1.134928935480024305e-15
3.118729999999999905e+02 1.146239545081085186e-15
3.112269999999999754e+02 1.332474290770778983e-15
3.105830000000000268e+02 1.247853823874451342e-15
3.099370000000000118e+02 1.211185212970947928e-15
3.092919999999999732e+02 1.221989188510399584e-15
3.086469999999999914e+02 1.185693289247034972e-15
3.080009999999999764e+02 1.289884642490934923e-15
3.073570000000000277e+02 1.346587157684725167e-15
3.067099999999999795e+02 1.361744780700637308e-15
3.060649999999999977e+02 1.335534221979701326e-15
3.054200000000000159e+02 1.324830532988257940e-15
3.047740000000000009e+02 1.314315254654783318e-15
3.041290000000000191e+02 1.303850304065651470e-15
3.034820000000000277e+02 1.439579371791818196e-15
3.028369999999999891e+02 1.523973894293656194e-15
3.021920000000000073e+02 1.587494135799037537e-15
3.015450000000000159e+02 1.536120629460417648e-15
3.008999999999999773e+02 1.430406803341256543e-15
3.002529999999999859e+02 1.567680824518364637e-15
2.996080000000000041e+02 1.502025553215520197e-15
2.989610000000000127e+02 1.426994341215269362e-15
2.983149999999999977e+02 1.547859319130761658e-15
2.976700000000000159e+02 1.478179109792041724e-15
2.970230000000000246e+02 1.481463503035403227e-15
2.963770000000000095e+02 1.383561036966083314e-15
2.957300000000000182e+02 1.348972301378313440e-15
2.950840000000000032e+02 1.386135313474508999e-15
2.944370000000000118e+02 1.280342898359941893e-15
2.937909999999999968e+02 1.317427003184686240e-15
2.931429999999999723e+02 1.537863732014970277e-15
2.924970000000000141e+02 1.526520563722447357e-15
2.918500000000000227e+02 1.449821526795753775e-15
2.912040000000000077e+02 1.420227540455621067e-15
2.905570000000000164e+02 1.483346746426303833e-15
2.899100000000000250e+02 1.564603100435155650e-15
2.892629999999999768e+02 1.686158240652148639e-15
2.886159999999999854e+02 1.756534506369221086e-15
2.879689999999999941e+02 1.803382901566734950e-15
2.873210000000000264e+02 1.804483784820488978e-15
2.866750000000000114e+02 1.778428730200789378e-15
2.860269999999999868e+02 1.869319295078251749e-15
2.853799999999999955e+02 1.896753980356011723e-15
2.847320000000000277e+02 1.870486025659191574e-15
2.840849999999999795e+02 1.955109848580163532e-15
2.834370000000000118e+02 1.990498540418529135e-15
2.827900000000000205e+02 2.073664944583453588e-15
2.821419999999999959e+02 2.143065374872320868e-15
2.814950000000000045e+02 2.172426448328212373e-15
2.808469999999999800e+02 2.249335179380074903e-15
2.801990000000000123e+02 2.170145061741205811e-15
2.795509999999999877e+02 2.117328254525939513e-15
2.789039999999999964e+02 2.137707003137338009e-15
2.782549999999999955e+02 2.132074894391366062e-15
2.776080000000000041e+02 2.130808807222858792e-15
2.769590000000000032e+02 2.095718415253898780e-15
2.763120000000000118e+02 2.132173095134656119e-15
2.756630000000000109e+02 2.089002447287604109e-15
2.750149999999999864e+02 2.120783761807084138e-15
2.743659999999999854e+02 2.293042045809225654e-15
2.737189999999999941e+02 2.422285688392122945e-15
2.730699999999999932e+02 2.452056196642419592e-15
2.724220000000000255e+02 2.411976622399260900e-15
2.717730000000000246e+02 2.352006226325679984e-15
2.711240000000000236e+02 2.304562678759661408e-15
2.704759999999999991e+02 2.229446919580535965e-15
2.698260000000000218e+02 2.262909428399064013e-15
2.691779999999999973e+02 2.331892885674492626e-15
2.685289999999999964e+02 2.213785606106095036e-15
2.678809999999999718e+02 2.179494732467683305e-15
2.672309999999999945e+02 2.137788956843610302e-15
2.665830000000000268e+02 2.178322626248404514e-15
2.659329999999999927e+02 2.323460815208571217e-15
2.652839999999999918e+02 2.382031378953819297e-15
2.646349999999999909e+02 2.478397750557905518e-15
2.639850000000000136e+02 2.408951358844349912e-15
2.633369999999999891e+02 2.374322731125601364e-15
2.626870000000000118e+02 2.431178838557333155e-15
2.620380000000000109e+02 2.370312203629350283e-15
2.613879999999999768e+02 2.460165712306290749e-15
2.607400000000000091e+02 2.403392177215531032e-15
2.600899999999999750e+02 2.291001587327804743e-15
2.594390000000000214e+02 2.342687278330789560e-15
2.587900000000000205e+02 2.290543320801841350e-15
2.581399999999999864e+02 2.290230765837133279e-15
2.574909999999999854e+02 2.264310609128097084e-15
2.568410000000000082e+02 2.365626872823948803e-15
2.561899999999999977e+02 2.440618251586459753e-15
2.555409999999999968e+02 2.388836685289109423e-15
2.548899999999999864e+02 2.434115776530679837e-15
2.542410000000000139e+02 2.425526693716507525e-15
2.535910000000000082e+02 2.338881752779022798e-15
2.529399999999999977e+02 2.334061866401250043e-15
2.522899999999999920e+02 2.360948682741867984e-15
2.516399999999999864e+02 2.429137502159888460e-15
2.509900000000000091e+02 2.316108684200089048e-15
2.503389999999999986e+02 2.318075761309147770e-15
2.496879999999999882e+02 2.364671441287064395e-15
2.490380000000000109e+02 2.369526107270646166e-15
2.483870000000000005e+02 2.435610191346332849e-15
2.477359999999999900e+02 2.494049385236889093e-15
2.470860000000000127e+02 2.457613088367949288e-15
2.464350000000000023e+02 2.525187610909850035e-15
2.457849999999999966e+02 2.412162869487509817e-15
2.451330000000000098e+02 2.462523870585344377e-15
2.444819999999999993e+02 2.410068145336094259e-15
2.438319999999999936e+02 2.364735095111310581e-15
2.431800000000000068e+02 2.329389252687861217e-15
2.425289999999999964e+02 2.317105170149710791e-15
2.418779999999999859e+02 2.401580774193815439e-15
2.412270000000000039e+02 2.456294732217414502e-15
2.405749999999999886e+02 2.392192241725913983e-15
2.399240000000000066e+02 2.487319244643136774e-15
2.392719999999999914e+02 2.474070183740284541e-15
2.386200000000000045e+02 2.514184608850731543e-15
2.379699999999999989e+02 2.494414515668206419e-15
2.373180000000000121e+02 2.555519415028629603e-15
2.366670000000000016e+02 2.541773088830221158e-15
2.360149999999999864e+02 2.530962779069408305e-15
2.353629999999999995e+02 2.572257311965060209e-15
2.347100000000000080e+02 2.658542226294787774e-15
2.340600000000000023e+02 2.634889185564941016e-15
2.334070000000000107e+02 2.614426554759625004e-15
2.327549999999999955e+02 2.704746713712867944e-15
2.321040000000000134e+02 2.770075236617494905e-15
2.314509999999999934e+02 2.745899352252330440e-15
2.307980000000000018e+02 2.807057142927875022e-15
2.301469999999999914e+02 2.791451286126125561e-15
2.294939999999999998e+02 2.746752743228461585e-15
2.288420000000000130e+02 2.682205607384494055e-15
2.281899999999999977e+02 2.767778043491748967e-15
2.275370000000000061e+02 2.829378341038010927e-15
2.268839999999999861e+02 2.858946137124753015e-15
2.262330000000000041e+02 2.913314874578887424e-15
2.255800000000000125e+02 2.986733517066813676e-15
2.249269999999999925e+02 2.972526415090820038e-15
2.242729999999999961e+02 2.977819232529258534e-15
2.236220000000000141e+02 3.032524630644908162e-15
2.229679999999999893e+02 3.039845105767063472e-15
2.223149999999999977e+02 3.052265312051989180e-15
2.216630000000000109e+02 2.999417978068239490e-15
2.210099999999999909e+02 2.941403726050405520e-15
2.203559999999999945e+02 2.881277012824860314e-15
2.197019999999999982e+02 2.848447802789027957e-15
2.190500000000000114e+02 2.850344844994802591e-15
2.183969999999999914e+02 2.838829501184256247e-15
2.177429999999999950e+02 2.819459884322874030e-15
2.170889999999999986e+02 2.826234305336287251e-15
2.164370000000000118e+02 2.770600368244874050e-15
2.157829999999999870e+02 2.800483104392709961e-15
2.151289999999999907e+02 2.763227951965733411e-15
2.144749999999999943e+02 2.823004816143292403e-15
2.138220000000000027e+02 2.813645930764302303e-15
2.131680000000000064e+02 2.809215438307984426e-15
2.125140000000000100e+02 2.814722779938974907e-15
2.118600000000000136e+02 2.760404103389959050e-15
2.112069999999999936e+02 2.802861200222650205e-15
2.105529999999999973e+02 2.771007128986745402e-15
2.098979999999999961e+02 2.741834606497443956e-15
2.092439999999999998e+02 2.695823438500228951e-15
2.085910000000000082e+02 2.681670802776507484e-15
2.079360000000000070e+02 2.662678993907687865e-15
2.072820000000000107e+02 2.639013882843042823e-15
2.066270000000000095e+02 2.572928752020850628e-15
2.059739999999999895e+02 2.603873168899206205e-15
2.053189999999999884e+02 2.585164859625952823e-15
2.046639999999999873e+02 2.548047080205210915e-15
2.040089999999999861e+02 2.541167051725222206e-15
2.033540000000000134e+02 2.527343054933882812e-15
2.027009999999999934e+02 2.447663205574184473e-15
2.020459999999999923e+02 2.413932083821365466e-15
2.013909999999999911e+02 2.353544321152932037e-15
2.007350000000000136e+02 2.391991150583332498e-15
2.000800000000000125e+02 2.361063166391491446e-15
1.994259999999999877e+02 2.303939689052375492e-15
1.987709999999999866e+02 2.291179967304535151e-15
1.981160000000000139e+02 2.263262366581681880e-15
1.974600000000000080e+02 2.283014116334240330e-15
1.968050000000000068e+02 2.227255740734538567e-15
1.961510000000000105e+02 2.206334164747219127e-15
1.954950000000000045e+02 2.244720618997970937e-15
1.948389999999999986e+02 2.189843485670327322e-15
1.941839999999999975e+02 2.154400760894269607e-15
1.935279999999999916e+02 2.162866727555761596e-15
1.928739999999999952e+02 2.177268093419420467e-15
1.922179999999999893e+02 2.158575916456779581e-15
1.915620000000000118e+02 2.201008627715313761e-15
1.909060000000000059e+02 2.262980257366016212e-15
1.902500000000000000e+02 2.281802468645245061e-15
1.895939999999999941e+02 2.236330188949863393e-15
1.889389999999999930e+02 2.278444352069276431e-15
1.882829999999999870e+02 2.306118694730101031e-15
1.876270000000000095e+02 2.337131872918154491e-15
1.869699999999999989e+02 2.313260886610289422e-15
1.863139999999999930e+02 2.297232982809739838e-15
1.856570000000000107e+02 2.246771418133986766e-15
1.850010000000000048e+02 2.208318645621897514e-15
1.843460000000000036e+02 2.226820579618360589e-15
1.836889999999999930e+02 2.258000794288865426e-15
1.830329999999999870e+02 2.286669519016264248e-15
1.823760000000000048e+02 2.296347079365455340e-15
1.817189999999999941e+02 2.269036237284135090e-15
1.810620000000000118e+02 2.365732906918936255e-15
1.804050000000000011e+02 2.433733328454707471e-15
1.797500000000000000e+02 2.453839671413862101e-15
1.790929999999999893e+02 2.507430909540027863e-15
1.784360000000000070e+02 2.498122980232803020e-15
1.777789999999999964e+02 2.513326905202673674e-15
1.771220000000000141e+02 2.512371160301322804e-15
1.764650000000000034e+02 2.513020276563559301e-15
1.758069999999999879e+02 2.520253050520664097e-15
1.751500000000000057e+02 2.486326116947376729e-15
1.744939999999999998e+02 2.496619940779364144e-15
1.738369999999999891e+02 2.536855599380509870e-15
1.731790000000000020e+02 2.556230887310296666e-15
1.725219999999999914e+02 2.585064941676768958e-15
1.718640000000000043e+02 2.624709128832874537e-15
1.712059999999999889e+02 2.652090724012725527e-15
1.705490000000000066e+02 2.670825063531771842e-15
1.698909999999999911e+02 2.674520755344950122e-15
1.692330000000000041e+02 2.652467159822362730e-15
1.685749999999999886e+02 2.627340225945862932e-15
1.679190000000000111e+02 2.644768722767307504e-15
1.672609999999999957e+02 2.619613731489127308e-15
1.666030000000000086e+02 2.657910239526248587e-15
1.659449999999999932e+02 2.604997484213049308e-15
1.652870000000000061e+02 2.540520990133327287e-15
1.646279999999999859e+02 2.532551614063989526e-15
1.639699999999999989e+02 2.549932009633884955e-15
1.633120000000000118e+02 2.583147249174458127e-15
1.626539999999999964e+02 2.575835470504676614e-15
1.619950000000000045e+02 2.531827078492065654e-15
1.613369999999999891e+02 2.510057200360285119e-15
1.606779999999999973e+02 2.462470432696925199e-15
1.600190000000000055e+02 2.453896457041502746e-15
1.593609999999999900e+02 2.459418154618325402e-15
1.587040000000000077e+02 2.450609477297498511e-15
1.580449999999999875e+02 2.454104130457548620e-15
1.573859999999999957e+02 2.431100482365333470e-15
1.567270000000000039e+02 2.435587273541943556e-15
1.560680000000000121e+02 2.412641408228577966e-15
1.554089999999999918e+02 2.404614402543967789e-15
1.547500000000000000e+02 2.403123371786183899e-15
1.540910000000000082e+02 2.380257762291611896e-15
1.534319999999999879e+02 2.370609415189903063e-15
1.527729999999999961e+02 2.359574834050753140e-15
1.521140000000000043e+02 2.331703434487283973e-15
1.514540000000000077e+02 2.318101067912882841e-15
1.507949999999999875e+02 2.304475908490437225e-15
1.501359999999999957e+02 2.368709736984838168e-15
1.494759999999999991e+02 2.381767918549730133e-15
1.488170000000000073e+02 2.379505250715120902e-15
1.481570000000000107e+02 2.416149191526905928e-15
1.474970000000000141e+02 2.400937535901913322e-15
1.468379999999999939e+02 2.414567806749415915e-15
1.461779999999999973e+02 2.415748322229449271e-15
1.455180000000000007e+02 2.443758415968041177e-15
1.448580000000000041e+02 2.444077442548019279e-15
1.441980000000000075e+02 2.383770452417165263e-15
1.435380000000000109e+02 2.396666031133758660e-15
1.428779999999999859e+02 2.398773421388699203e-15
1.422179999999999893e+02 2.420869062839779749e-15
1.415579999999999927e+02 2.419892932799367416e-15
1.408979999999999961e+02 2.413074554569156863e-15
1.402379999999999995e+02 2.403865963119731581e-15
1.395769999999999982e+02 2.390136235003133464e-15
1.389170000000000016e+02 2.408718070204415725e-15
1.382560000000000002e+02 2.460705389223811894e-15
1.375960000000000036e+02 2.485010367605063707e-15
1.369350000000000023e+02 2.502221798060895421e-15
1.362750000000000057e+02 2.500123563698393544e-15
1.356140000000000043e+02 2.522347991211450559e-15
1.349540000000000077e+02 2.540756732481750974e-15
1.342930000000000064e+02 2.586630717614603598e-15
1.336320000000000050e+02 2.630236758853775353e-15
1.329710000000000036e+02 2.650902686898064866e-15
1.323100000000000023e+02 2.658065396013931461e-15
1.316490000000000009e+02 2.702443299283298949e-15
1.309879999999999995e+02 2.706249302792161611e-15
1.303269999999999982e+02 2.702954263432895363e-15
1.296659999999999968e+02 2.743449924677663992e-15
1.290049999999999955e+02 2.751119313900043266e-15
1.283420000000000130e+02 2.739713573551201183e-15
1.276809999999999974e+02 2.734570621136174734e-15
1.270190000000000055e+02 2.753386372133515952e-15
1.263580000000000041e+02 2.711643197988664066e-15
1.256959999999999980e+02 2.661427925000587621e-15
1.250349999999999966e+02 2.655562622421386092e-15
1.243730000000000047e+02 2.638991701539708579e-15
1.237120000000000033e+02 2.612924680579673345e-15
1.230499999999999972e+02 2.603877728101035131e-15
1.223880000000000052e+02 2.583668809833005888e-15
1.217259999999999991e+02 2.524513600828941959e-15
1.210639999999999930e+02 2.455523822981124899e-15
1.204030000000000058e+02 2.437910302030529304e-15
1.197409999999999997e+02 2.407367101618599437e-15
1.190780000000000030e+02 2.333390138624537601e-15
1.184150000000000063e+02 2.302106095505013924e-15
1.177530000000000001e+02 2.255689911260295811e-15
1.170909999999999940e+02 2.198362372884662044e-15
1.164279999999999973e+02 2.142612047815774264e-15
1.157660000000000053e+02 2.111001120892799228e-15
1.151039999999999992e+02 2.072999004606705647e-15
1.144410000000000025e+02 2.020041064112597144e-15
1.137789999999999964e+02 1.970068448151766707e-15
1.131159999999999997e+02 1.948787242606840129e-15
1.124539999999999935e+02 1.916288584097364529e-15
1.117890000000000015e+02 1.881919356272656023e-15
1.111269999999999953e+02 1.864700841304017797e-15
1.104639999999999986e+02 1.827624558944772196e-15
1.098010000000000019e+02 1.794418943290076807e-15
1.091380000000000052e+02 1.756284113690336342e-15
1.084749999999999943e+02 1.732516784561396083e-15
1.078119999999999976e+02 1.671188853127554287e-15
1.071490000000000009e+02 1.630921556691658568e-15
1.064849999999999994e+02 1.550436788003331115e-15
1.058209999999999980e+02 1.481733106370811436e-15
1.051580000000000013e+02 1.399534325928363753e-15
1.044950000000000045e+02 1.366774022279622226e-15
1.038319999999999936e+02 1.303089888488065501e-15
1.031680000000000064e+02 1.246606521283047742e-15
1.025049999999999955e+02 1.194208553009468655e-15
1.018400000000000034e+02 1.167782722546044153e-15
1.011760000000000019e+02 1.129168710111591870e-15
1.005130000000000052e+02 1.129241066113738665e-15
9.984900000000000375e+01 1.120052323305536935e-15
9.918529999999999802e+01 1.105861734214273506e-15
9.852150000000000318e+01 1.087905584486273039e-15
9.785769999999999413e+01 1.107201830849893487e-15
9.719230000000000302e+01 1.132092408277891579e-15
9.652830000000000155e+01 1.154399188234507730e-15
9.586430000000000007e+01 1.169569089605690793e-15
9.520029999999999859e+01 1.192652670538407701e-15
9.453610000000000468e+01 1.229295555769023508e-15
9.387199999999999989e+01 1.264575199986511866e-15
9.320619999999999550e+01 1.283471695037218673e-15
9.254200000000000159e+01 1.306181650208934105e-15
9.187760000000000105e+01 1.298488531698528948e-15
9.121320000000000050e+01 1.299492418824142767e-15
9.054879999999999995e+01 1.289474327619171676e-15
8.988280000000000314e+01 1.304265409172776423e-15
8.921819999999999595e+01 1.296767858988052345e-15
8.855360000000000298e+01 1.278062280415412662e-15
8.788890000000000668e+01 1.258610267514340215e-15
8.722419999999999618e+01 1.270074224579969804e-15
8.655939999999999657e+01 1.276115100903180272e-15
8.589300000000000068e+01 1.289442825657975065e-15
8.522809999999999775e+01 1.285561553465077290e-15
8.456319999999999482e+01 1.290581757735358858e-15
8.389820000000000277e+01 1.276789221124781277e-15
8.323160000000000025e+01 1.276560741086211813e-15
8.256650000000000489e+01 1.268209732436036990e-15
8.190130000000000621e+01 1.270205784594436112e-15
8.123609999999999332e+01 1.261992976443740766e-15
8.057080000000000553e+01 1.234210696397738329e-15
7.990389999999999304e+01 1.226181443477425951e-15
7.923850000000000193e+01 1.224638635757273106e-15
7.857299999999999329e+01 1.226460915237053735e-15
7.790749999999999886e+01 1.222583818620997124e-15
7.724039999999999395e+01 1.212603760574321441e-15
7.657479999999999620e+01 1.208703091716823561e-15
7.590909999999999513e+01 1.184306850192253967e-15
7.524339999999999407e+01 1.180278075198002779e-15
7.457760000000000389e+01 1.168971785993366799e-15
7.391020000000000323e+01 1.137783510628710979e-15
7.324429999999999552e+01 1.118372515063774285e-15
7.257829999999999870e+01 1.085183332848880052e-15
7.191230000000000189e+01 1.060211216092713859e-15
7.124469999999999459e+01 1.045263350357330262e-15
7.057850000000000534e+01 1.023372425211165698e-15
6.991230000000000189e+01 1.017157303248178597e-15
6.924609999999999843e+01 9.901060403254305177e-16
6.857829999999999870e+01 9.751676928912762405e-16
6.791190000000000282e+01 9.582040989966017860e-16
6.724550000000000693e+01 9.365115926744921035e-16
6.657750000000000057e+01 9.200689233591568688e-16
6.591100000000000136e+01 8.952148761666447321e-16
6.524439999999999884e+01 8.794308586445920283e-16
6.457769999999999300e+01 8.588057411990716564e-16
6.390950000000000131e+01 8.354359774967977745e-16
6.324269999999999925e+01 8.195148332574532920e-16
6.257589999999999719e+01 8.078996959519493470e-16
6.190899999999999892e+01 7.947222488896397334e-16
6.124060000000000059e+01 7.787874618800697556e-16
6.057359999999999900e+01 7.646630601200820103e-16
5.990659999999999741e+01 7.512194853440685876e-16
5.923799999999999955e+01 7.260925025104467609e-16
5.857079999999999842e+01 7.002276868970246645e-16
5.790359999999999729e+01 6.872597572822783281e-16
5.723629999999999995e+01 6.687983703617510402e-16
5.656750000000000256e+01 6.459111361808528612e-16
5.590010000000000190e+01 6.329283725643403919e-16
5.523270000000000124e+01 6.153747279026265354e-16
5.456360000000000099e+01 6.014508120171156517e-16
5.389609999999999701e+01 5.901438810325822945e-16
5.322849999999999682e+01 5.833287442947914668e-16
5.255930000000000035e+01 5.794031270987004787e-16
5.189159999999999684e+01 5.599636663717962407e-16
5.122379999999999711e+01 5.495360776813055466e-16
5.055440000000000111e+01 5.374767452166788933e-16
4.988660000000000139e+01 5.221500206703183932e-16
4.921860000000000213e+01 5.065311681971898011e-16
4.854910000000000281e+01 4.919494895818075087e-16
4.788100000000000023e+01 4.822965671999478745e-16
4.721289999999999765e+01 4.693456281879257803e-16
4.654319999999999879e+01 4.535988049549574553e-16
4.587500000000000000e+01 4.426041338258819886e-16
4.520669999999999789e+01 4.246474574272688211e-16
4.453679999999999950e+01 4.119651686705235939e-16
4.386840000000000117e+01 4.002707976020211606e-16
4.320000000000000284e+01 3.929430549805366059e-16
4.252989999999999782e+01 3.790370168207606721e-16
4.186129999999999995e+01 3.644756701700693874e-16
4.119270000000000209e+01 3.474922440223456906e-16
4.052250000000000085e+01 3.353756870315744202e-16
3.985379999999999967e+01 3.253250616867876041e-16
3.918500000000000227e+01 3.169549149497900935e-16
3.851460000000000150e+01 3.062265296371354042e-16
3.784570000000000078e+01 2.950585575060672965e-16
3.717519999999999669e+01 2.824564245341442187e-16
3.650619999999999976e+01 2.709731154732567618e-16
3.583709999999999951e+01 2.620972124401412030e-16
3.516640000000000299e+01 2.530297020293531554e-16
3.449719999999999942e+01 2.418988376008067685e-16
3.382800000000000296e+01 2.326888449081205828e-16
3.315709999999999980e+01 2.215784316508070912e-16
3.248780000000000001e+01 2.086855852639969868e-16
3.181680000000000064e+01 1.990806399994595866e-16
3.114730000000000132e+01 1.909726811266347865e-16
3.047779999999999845e+01 1.841275294308607665e-16
2.980669999999999931e+01 1.723530030472107533e-16
2.913700000000000045e+01 1.645182520302843635e-16
2.846730000000000160e+01 1.574232030551242218e-16
2.779599999999999937e+01 1.476495938756912712e-16
2.712620000000000076e+01 1.397572856855430507e-16
2.645479999999999876e+01 1.325784054703241649e-16
2.578490000000000038e+01 1.248706184201232755e-16
2.511329999999999885e+01 1.161382184519598205e-16
2.444330000000000069e+01 1.075656367879514052e-16
2.377319999999999922e+01 1.015356210821564872e-16
2.310150000000000148e+01 9.325579112530357762e-17
2.243130000000000024e+01 8.645154138179413916e-17
2.175949999999999918e+01 7.996092960646346420e-17
2.108909999999999840e+01 7.345523945566278647e-17
2.041870000000000118e+01 6.789873214074074848e-17
1.974680000000000035e+01 6.138719702546997612e-17
1.907629999999999981e+01 5.618231200798946063e-17
1.840419999999999945e+01 5.145177729624546516e-17
1.773349999999999937e+01 4.652763289456604032e-17
1.706129999999999924e+01 4.285569604936809985e-17
1.639059999999999917e+01 3.846062180122310196e-17
1.571979999999999933e+01 3.480620918821169406e-17
1.504739999999999966e+01 3.172761505843056150e-17
1.437650000000000006e+01 2.856569911584602139e-17
1.370410000000000039e+01 2.600088238123354420e-17
1.303299999999999947e+01 2.309523273981497293e-17
1.236040000000000028e+01 2.057532486985258188e-17
1.168929999999999936e+01 1.818660980084640658e-17
1.101660000000000039e+01 1.630633817061415325e-17
1.034529999999999994e+01 1.505429082286133751e-17
9.672489999999999810e+00 1.363911964121940695e-17
9.001129999999999853e+00 1.227145417654570305e-17
8.329710000000000392e+00 1.083592689179906957e-17
7.656710000000000349e+00 9.715846051392170439e-18
6.985170000000000101e+00 9.229256410737309712e-18
6.312050000000000161e+00 8.506191037406845820e-18
5.640399999999999636e+00 7.597760411540812526e-18
4.967170000000000307e+00 6.427388801820800457e-18
4.295410000000000394e+00 5.150099436831840043e-18
3.622059999999999835e+00 3.906267065230091366e-18
2.950180000000000025e+00 2.743274134862008924e-18
2.276720000000000077e+00 1.735268430493062633e-18
1.604729999999999990e+00 8.996012903361598158e-19
9.311519999999999797e-01 3.048956910393429899e-19
2.590439999999999965e-01 2.360597917962053774e-20
