4.498670000000000186e+02 1.160902889091054214e-15
4.492339999999999804e+02 9.181662076879251869e-16
4.486009999999999991e+02 8.070881736978321346e-16
4.479680000000000177e+02 1.129662702947828650e-15
4.473360000000000127e+02 1.094179180924181033e-15
4.467029999999999745e+02 1.037198888070188046e-15
4.460690000000000168e+02 1.227627161551718895e-15
4.454359999999999786e+02 1.106457172705479287e-15
4.448029999999999973e+02 1.071395680610743611e-15
4.441689999999999827e+02 1.164248909980832982e-15
4.435360000000000014e+02 1.277791944140643967e-15
4.429019999999999868e+02 1.496620250656487289e-15
4.422699999999999818e+02 1.291742952367136519e-15
4.416360000000000241e+02 1.456583897962754073e-15
4.410029999999999859e+02 1.442002968582051928e-15
4.403690000000000282e+02 1.312342612677293002e-15
4.397350000000000136e+02 1.308672414522916234e-15
4.391009999999999991e+02 1.273792780528125247e-15
4.384669999999999845e+02 1.031369341795844172e-15
4.378330000000000268e+02 1.100884479781508638e-15
4.371990000000000123e+02 1.015219335030356629e-15
4.365649999999999977e+02 1.084384147906524207e-15
4.359329999999999927e+02 8.452459194129270752e-16
4.352980000000000018e+02 6.995269085043793947e-16
4.346639999999999873e+02 6.873499412221213868e-16
4.340299999999999727e+02 7.159031845161013568e-16
4.333960000000000150e+02 7.138589425910535015e-16
4.327610000000000241e+02 9.749395152018997884e-16
4.321270000000000095e+02 8.813045189532344497e-16
4.314920000000000186e+02 7.278393692330756648e-16
4.308580000000000041e+02 6.555154219569741714e-16
4.302230000000000132e+02 7.236790908724353179e-16
4.295889999999999986e+02 8.313254067488454429e-16
4.289540000000000077e+02 6.896039837293814207e-16
4.283190000000000168e+02 7.769124472946467758e-16
4.276859999999999786e+02 7.747956368136301561e-16
4.270509999999999877e+02 6.639947926438740224e-16
4.264159999999999968e+02 5.538920714327172795e-16
4.257810000000000059e+02 6.600941250665861618e-16
4.251460000000000150e+02 7.363666125904163685e-16
4.245110000000000241e+02 8.803868608377537814e-16
4.238759999999999764e+02 8.875082245272820279e-16
4.232409999999999854e+02 9.721523818713326793e-16
4.226050000000000182e+02 8.533674108986151953e-16
4.219700000000000273e+02 8.701451251063141325e-16
4.213349999999999795e+02 8.963960561016056511e-16
4.206990000000000123e+02 1.027787158318619699e-15
4.200640000000000214e+02 1.034300336418397351e-15
4.194289999999999736e+02 1.145430131205157136e-15
4.187930000000000064e+02 9.237639855905104281e-16
4.181569999999999823e+02 8.737067834171756782e-16
4.175219999999999914e+02 9.277392618038080631e-16
4.168860000000000241e+02 1.131875849857106053e-15
4.162500000000000000e+02 1.231660026652086915e-15
4.156150000000000091e+02 1.246705482111036080e-15
4.149789999999999850e+02 1.280242846990927501e-15
4.143430000000000177e+02 1.313562104552303890e-15
4.137069999999999936e+02 1.179886457019881480e-15
4.130710000000000264e+02 1.370349500320440194e-15
4.124350000000000023e+02 1.458329845114746526e-15
4.117989999999999782e+02 1.527414167846510055e-15
4.111630000000000109e+02 1.467847359136674235e-15
4.105260000000000105e+02 1.408652608683579338e-15
4.098899999999999864e+02 1.449881986316859553e-15
4.092540000000000191e+02 1.245930370926619730e-15
4.086170000000000186e+02 1.260205524997889046e-15
4.079809999999999945e+02 1.337520943766004525e-15
4.073439999999999941e+02 1.279497586842210726e-15
4.067080000000000268e+02 1.221816243092401297e-15
4.060710000000000264e+02 1.360985972050881754e-15
4.054350000000000023e+02 1.160875914350115272e-15
4.047980000000000018e+02 1.183965203966770165e-15
4.041610000000000014e+02 1.144909353032760584e-15
4.035240000000000009e+02 1.229648359921339792e-15
4.028879999999999768e+02 1.041118209290688589e-15
4.022509999999999764e+02 1.125565642427156053e-15
4.016139999999999759e+02 9.297578039063352180e-16
4.009769999999999754e+02 9.443042919775531969e-16
4.003399999999999750e+02 7.414964822096378148e-16
3.997029999999999745e+02 8.951067720804905288e-16
3.990649999999999977e+02 8.404808147980790737e-16
3.984279999999999973e+02 6.743929547062568539e-16
3.977909999999999968e+02 6.294135295771647975e-16
3.971519999999999868e+02 6.101227776783382137e-16
3.965149999999999864e+02 4.804256993319270942e-16
3.958770000000000095e+02 5.468798808099484843e-16
3.952400000000000091e+02 3.587719382527797942e-16
3.946019999999999754e+02 4.927894613011973340e-16
3.939649999999999750e+02 3.480697425649318321e-16
3.933269999999999982e+02 3.301792146339825583e-16
3.926890000000000214e+02 5.215513457692770575e-16
3.920520000000000209e+02 4.865517474923530473e-16
3.914139999999999873e+02 6.346131565004910415e-16
3.907760000000000105e+02 6.408035221414004345e-16
3.901379999999999768e+02 8.534446427444565285e-16
3.895000000000000000e+02 1.040171228884151984e-15
3.888609999999999900e+02 9.385133137599046757e-16
3.882230000000000132e+02 9.599718301266137166e-16
3.875849999999999795e+02 1.054726373197552173e-15
3.869460000000000264e+02 1.140720294135782439e-15
3.863079999999999927e+02 1.242370074225338687e-15
3.856700000000000159e+02 1.302945120901144696e-15
3.850319999999999823e+02 1.371158062749948737e-15
3.843929999999999723e+02 1.238300170690801545e-15
3.837549999999999955e+02 1.314202256550118901e-15
3.831159999999999854e+02 1.270160527437350657e-15
3.824759999999999991e+02 1.250010317765862804e-15
3.818380000000000223e+02 1.198441844591155351e-15
3.811990000000000123e+02 9.972190994391944687e-16
3.805600000000000023e+02 1.104129544283645805e-15
3.799220000000000255e+02 1.053451374525582146e-15
3.792830000000000155e+02 9.327203789205831135e-16
3.786440000000000055e+02 1.007512929989555030e-15
3.780049999999999955e+02 9.264348473846684009e-16
3.773650000000000091e+02 9.545184441962645912e-16
3.767259999999999991e+02 1.236725771913173525e-15
3.760860000000000127e+02 1.209513828275533797e-15
3.754470000000000027e+02 1.458283746427900183e-15
3.748079999999999927e+02 1.438065826178488455e-15
3.741689999999999827e+02 1.509305939836574454e-15
3.735299999999999727e+02 1.587745050074612159e-15
3.728890000000000100e+02 1.605233401489880801e-15
3.722500000000000000e+02 1.479209002545565012e-15
3.716100000000000136e+02 1.669481092212517652e-15
3.709710000000000036e+02 1.529162107390767414e-15
3.703310000000000173e+02 1.464501187510193677e-15
3.696909999999999741e+02 1.414845386992696713e-15
3.690500000000000114e+02 1.447014510478558322e-15
3.684110000000000014e+02 1.368291250631254154e-15
3.677710000000000150e+02 1.334185989068168137e-15
3.671309999999999718e+02 1.270958423589329283e-15
3.664909999999999854e+02 1.456662677376505994e-15
3.658509999999999991e+02 1.342359002162462952e-15
3.652099999999999795e+02 1.337827871800999893e-15
3.645699999999999932e+02 1.499522678052339569e-15
3.639300000000000068e+02 1.465547462876445986e-15
3.632900000000000205e+02 1.446067863361335369e-15
3.626490000000000009e+02 1.476810987204285481e-15
3.620079999999999814e+02 1.436135549075355144e-15
3.613670000000000186e+02 1.409809843823420028e-15
3.607269999999999754e+02 1.305802145050153850e-15
3.600869999999999891e+02 1.343631417349065315e-15
3.594460000000000264e+02 1.212441054491797506e-15
3.588039999999999736e+02 1.116808622914502179e-15
3.581639999999999873e+02 1.078066511903872625e-15
3.575230000000000246e+02 9.907825170159259966e-16
3.568829999999999814e+02 1.112028082742090759e-15
3.562420000000000186e+02 1.073581530990617509e-15
3.556000000000000227e+02 1.090555402577125308e-15
3.549590000000000032e+02 1.141578118529839223e-15
3.543179999999999836e+02 1.028111526324380489e-15
3.536770000000000209e+02 1.058612028831746587e-15
3.530350000000000250e+02 1.210952651570771947e-15
3.523940000000000055e+02 1.247239288091968381e-15
3.517520000000000095e+02 1.242783568490061851e-15
3.511109999999999900e+02 1.003180949200595663e-15
3.504689999999999941e+02 1.086649005118979747e-15
3.498269999999999982e+02 1.116080648060337629e-15
3.491859999999999786e+02 1.092132191683595482e-15
3.485450000000000159e+02 1.068405784421954588e-15
3.479019999999999868e+02 1.044617723676260850e-15
3.472599999999999909e+02 9.751660513312964043e-16
3.466190000000000282e+02 9.585206710296261059e-16
3.459769999999999754e+02 9.289180799940627035e-16
3.453340000000000032e+02 1.010096466982089574e-15
3.446929999999999836e+02 1.058237912990835167e-15
3.440509999999999877e+02 1.015611133287454310e-15
3.434089999999999918e+02 9.990161529508431908e-16
3.427660000000000196e+02 9.312924872028009319e-16
3.421240000000000236e+02 1.061976104852227482e-15
3.414820000000000277e+02 1.089858778464937762e-15
3.408399999999999750e+02 1.079433004637072433e-15
3.401970000000000027e+02 1.132347932989666205e-15
3.395539999999999736e+02 1.140703521360842387e-15
3.389119999999999777e+02 1.105080568264513600e-15
3.382690000000000055e+02 1.132309191041336431e-15
3.376259999999999764e+02 1.283540593921732296e-15
3.369839999999999804e+02 1.377914209898843944e-15
3.363419999999999845e+02 1.317232992730379690e-15
3.356979999999999791e+02 1.232277515083504114e-15
3.350550000000000068e+02 1.209274731678095054e-15
3.344130000000000109e+02 1.149847726150666194e-15
3.337690000000000055e+02 1.163656649398881553e-15
3.331259999999999764e+02 1.189578879276311923e-15
3.324830000000000041e+02 1.347969457212579703e-15
3.318389999999999986e+02 1.270856405393261718e-15
3.311960000000000264e+02 1.367742087137761022e-15
3.305539999999999736e+02 1.320740375970123167e-15
3.299110000000000014e+02 1.398898422498613972e-15
3.292660000000000196e+02 1.446878830797778158e-15
3.286229999999999905e+02 1.523921917818761110e-15
3.279800000000000182e+02 1.494626467548716339e-15
3.273360000000000127e+02 1.447774833078111166e-15
3.266929999999999836e+02 1.308134839997438899e-15
3.260489999999999782e+02 1.279850452584088626e-15
3.254049999999999727e+02 1.245944410254465902e-15
3.247610000000000241e+02 1.310281412946948084e-15
3.241179999999999950e+02 1.259270119174851323e-15
3.234730000000000132e+02 1.288639326196553386e-15
3.228290000000000077e+02 1.289249939334637445e-15
3.221840000000000259e+02 1.392101138268599479e-15
3.215409999999999968e+02 1.397877150584129282e-15
3.208969999999999914e+02 1.510507978127763019e-15
3.202520000000000095e+02 1.571970557180204546e-15
3.196080000000000041e+02 1.560118014107409959e-15
3.189639999999999986e+02 1.604003167356471150e-15
3.183190000000000168e+02 1.669681868360903435e-15
3.176750000000000114e+02 1.563726872849278265e-15
3.170310000000000059e+02 1.398260270922936608e-15
3.163860000000000241e+02 1.392460999190039203e-15
3.157420000000000186e+02 1.354280627638600962e-15
3.150980000000000132e+02 1.267394663469603749e-15
3.144519999999999982e+02 1.240582975754088500e-15
3.138079999999999927e+02 1.197901023233386247e-15
3.131619999999999777e+02 1.171593336731113214e-15
3.125179999999999723e+02 1.134759970904998318e-15
3.118729999999999905e+02 1.146070870143026542e-15
3.112269999999999754e+02 1.332305906458743340e-15
3.105830000000000268e+02 1.247685729828002829e-15
3.099370000000000118e+02 1.211017410633958972e-15
3.092919999999999732e+02 1.221821677974726529e-15
3.086469999999999914e+02 1.185526071057079604e-15
3.080009999999999764e+02 1.289717717647018033e-15
3.073570000000000277e+02 1.346420525825000989e-15
3.067099999999999795e+02 1.361578443740652603e-15
3.060649999999999977e+02 1.335368179558685153e-15
3.054200000000000159e+02 1.324664785657555046e-15
3.047740000000000009e+02 1.314149803425902514e-15
3.041290000000000191e+02 1.303685149034742277e-15
3.034820000000000277e+02 1.439414514435353312e-15
3.028369999999999891e+02 1.523809334249128196e-15
3.021920000000000073e+02 1.587329873624591155e-15
3.015450000000000159e+02 1.535956666641772409e-15
3.008999999999999773e+02 1.430243139514737116e-15
3.002529999999999859e+02 1.567517461175846821e-15
2.996080000000000041e+02 1.501862489992496018e-15
2.989610000000000127e+02 1.426831579609760436e-15
2.983149999999999977e+02 1.547696859244881691e-15
2.976700000000000159e+02 1.478016951726570063e-15
2.970230000000000246e+02 1.481301648297557632e-15
2.963770000000000095e+02 1.383399485659232373e-15
2.957300000000000182e+02 1.348811054546528365e-15
2.950840000000000032e+02 1.385974371221948224e-15
2.944370000000000118e+02 1.280182261735007082e-15
2.937909999999999968e+02 1.317266672292287217e-15
2.931429999999999723e+02 1.537703708382429120e-15
2.924970000000000141e+02 1.526360846981669340e-15
2.918500000000000227e+02 1.449662118003730273e-15
2.912040000000000077e+02 1.420068439718647141e-15
2.905570000000000164e+02 1.483187954805627356e-15
2.899100000000000250e+02 1.564444618516829275e-15
2.892629999999999768e+02 1.686000069023432177e-15
2.886159999999999854e+02 1.756376645618573414e-15
2.879689999999999941e+02 1.803225352283805535e-15
2.873210000000000264e+02 1.804326548078883986e-15
2.866750000000000114e+02 1.778271805626963842e-15
2.860269999999999868e+02 1.869162684232753189e-15
2.853799999999999955e+02 1.896597683349471965e-15
2.847320000000000277e+02 1.870330043573525460e-15
2.840849999999999795e+02 1.954954181526443073e-15
2.834370000000000118e+02 1.990343189482779139e-15
2.827900000000000205e+02 2.073509909877138917e-15
2.821419999999999959e+02 2.142910657485542375e-15
2.814950000000000045e+02 2.172272048372780836e-15
2.808469999999999800e+02 2.249181097950132114e-15
2.801990000000000123e+02 2.169991299441813607e-15
2.795509999999999877e+02 2.117174811963228243e-15
2.789039999999999964e+02 2.137553880423665131e-15
2.782549999999999955e+02 2.131922093124614304e-15
2.776080000000000041e+02 2.130656327020757204e-15
2.769590000000000032e+02 2.095566257720145573e-15
2.763120000000000118e+02 2.132021259885245638e-15
2.756630000000000109e+02 2.088850935932016520e-15
2.750149999999999864e+02 2.120632574460005223e-15
2.743659999999999854e+02 2.292891183586346125e-15
2.737189999999999941e+02 2.422135150905786298e-15
2.730699999999999932e+02 2.451905985513568143e-15
2.724220000000000255e+02 2.411826737742612773e-15
2.717730000000000246e+02 2.351856669264511578e-15
2.711240000000000236e+02 2.304413449914827948e-15
2.704759999999999991e+02 2.229298019066633304e-15
2.698260000000000218e+02 2.262760857853066092e-15
2.691779999999999973e+02 2.331744644703675299e-15
2.685289999999999964e+02 2.213637695842967923e-15
2.678809999999999718e+02 2.179347153026469915e-15
2.672309999999999945e+02 2.137641709872399628e-15
2.665830000000000268e+02 2.178175711350134857e-15
2.659329999999999927e+02 2.323314234036823619e-15
2.652839999999999918e+02 2.381885131624139003e-15
2.646349999999999909e+02 2.478251837699559379e-15
2.639850000000000136e+02 2.408805781604187067e-15
2.633369999999999891e+02 2.374177489100754492e-15
2.626870000000000118e+02 2.431033933414899248e-15
2.620380000000000109e+02 2.370167635483760319e-15
2.613879999999999768e+02 2.460021482311191088e-15
2.607400000000000091e+02 2.403248284963093602e-15
2.600899999999999750e+02 2.290858034495704370e-15
2.594390000000000214e+02 2.342544066079575926e-15
2.587900000000000205e+02 2.290400448721735135e-15
2.581399999999999864e+02 2.290088235089947130e-15
2.574909999999999854e+02 2.264168419825990456e-15
2.568410000000000082e+02 2.365485026131890576e-15
2.561899999999999977e+02 2.440476748672941071e-15
2.555409999999999968e+02 2.388695525737466578e-15
2.548899999999999864e+02 2.433974962041036664e-15
2.542410000000000139e+02 2.425386223869311507e-15
2.535910000000000082e+02 2.338741628746846645e-15
2.529399999999999977e+02 2.333922089360114576e-15
2.522899999999999920e+02 2.360809252802232663e-15
2.516399999999999864e+02 2.428998419965175849e-15
2.509900000000000091e+02 2.315969950394147697e-15
2.503389999999999986e+02 2.317937377073704331e-15
2.496879999999999882e+02 2.364533407268746179e-15
2.490380000000000109e+02 2.369388423576991087e-15
2.483870000000000005e+02 2.435472859163151492e-15
2.477359999999999900e+02 2.493912405211855194e-15
2.470860000000000127e+02 2.457476460606604942e-15
2.464350000000000023e+02 2.525051336601911082e-15
2.457849999999999966e+02 2.412026948737081837e-15
2.451330000000000098e+02 2.462388305130076924e-15
2.444819999999999993e+02 2.409932935280561101e-15
2.438319999999999936e+02 2.364600240557299229e-15
2.431800000000000068e+02 2.329254755379609793e-15
2.425289999999999964e+02 2.316971030189344831e-15
2.418779999999999859e+02 2.401446992231021853e-15
2.412270000000000039e+02 2.456161308901993794e-15
2.405749999999999886e+02 2.392059178260171032e-15
2.399240000000000066e+02 2.487186541125613717e-15
2.392719999999999914e+02 2.473937841375399221e-15
2.386200000000000045e+02 2.514052628290506290e-15
2.379699999999999989e+02 2.494282896451830108e-15
2.373180000000000121e+02 2.555388158918920789e-15
2.366670000000000016e+02 2.541642195920708768e-15
2.360149999999999864e+02 2.530832250569365226e-15
2.353629999999999995e+02 2.572127148526245687e-15
2.347100000000000080e+02 2.658412429130245055e-15
2.340600000000000023e+02 2.634759753640921527e-15
2.334070000000000107e+02 2.614297490413651797e-15
2.327549999999999955e+02 2.704618017033630678e-15
2.321040000000000134e+02 2.769946907690452460e-15
2.314509999999999934e+02 2.745771392858892457e-15
2.307980000000000018e+02 2.806929553720355316e-15
2.301469999999999914e+02 2.791324066619731635e-15
2.294939999999999998e+02 2.746625895209648633e-15
2.288420000000000130e+02 2.682079130934161342e-15
2.281899999999999977e+02 2.767651939258795724e-15
2.275370000000000061e+02 2.829252610243286573e-15
2.268839999999999861e+02 2.858820780418264737e-15
2.262330000000000041e+02 2.913189891461422741e-15
2.255800000000000125e+02 2.986608909334121749e-15
2.249269999999999925e+02 2.972402183391366224e-15
2.242729999999999961e+02 2.977695378088270432e-15
2.236220000000000141e+02 3.032401152376645347e-15
2.229679999999999893e+02 3.039722006052178389e-15
2.223149999999999977e+02 3.052142590958124284e-15
2.216630000000000109e+02 2.999295635659368246e-15
2.210099999999999909e+02 2.941281763551383184e-15
2.203559999999999945e+02 2.881155431462738329e-15
2.197019999999999982e+02 2.848326603208760856e-15
2.190500000000000114e+02 2.850224026670028458e-15
2.183969999999999914e+02 2.838709065340522956e-15
2.177429999999999950e+02 2.819339832187775762e-15
2.170889999999999986e+02 2.826114637551247597e-15
2.164370000000000118e+02 2.770481084272031473e-15
2.157829999999999870e+02 2.800364206047876720e-15
2.151289999999999907e+02 2.763109439887325566e-15
2.144749999999999943e+02 2.822886690968649611e-15
2.138220000000000027e+02 2.813528192536605232e-15
2.131680000000000064e+02 2.809098088254398116e-15
2.125140000000000100e+02 2.814605818693407078e-15
2.118600000000000136e+02 2.760287531585092319e-15
2.112069999999999936e+02 2.802745017892990925e-15
2.105529999999999973e+02 2.770891337358387736e-15
2.098979999999999961e+02 2.741719206798034542e-15
2.092439999999999998e+02 2.695708430759312604e-15
2.085910000000000082e+02 2.681556187019344318e-15
2.079360000000000070e+02 2.662564771960366236e-15
2.072820000000000107e+02 2.638900054727885129e-15
2.066270000000000095e+02 2.572815318963025300e-15
2.059739999999999895e+02 2.603760130311463493e-15
2.053189999999999884e+02 2.585052217335788410e-15
2.046639999999999873e+02 2.547934834831232169e-15
2.040089999999999861e+02 2.541055203884333342e-15
2.033540000000000134e+02 2.527231605241247820e-15
2.027009999999999934e+02 2.447552153424655135e-15
2.020459999999999923e+02 2.413821431043148624e-15
2.013909999999999911e+02 2.353434068355710281e-15
2.007350000000000136e+02 2.391881298986919473e-15
2.000800000000000125e+02 2.360953715990565891e-15
1.994259999999999877e+02 2.303830639836839987e-15
1.987709999999999866e+02 2.291071320489110851e-15
1.981160000000000139e+02 2.263154122766021401e-15
1.974600000000000080e+02 2.282906276732485408e-15
1.968050000000000068e+02 2.227148305326283343e-15
1.961510000000000105e+02 2.206227133507097383e-15
1.954950000000000045e+02 2.244613993753670445e-15
1.948389999999999986e+02 2.189737267012110099e-15
1.941839999999999975e+02 2.154294948788870571e-15
1.935279999999999916e+02 2.162761323208859979e-15
1.928739999999999952e+02 2.177163096168134082e-15
1.922179999999999893e+02 2.158471328125576859e-15
1.915620000000000118e+02 2.200904448882017565e-15
1.909060000000000059e+02 2.262876488605805932e-15
1.902500000000000000e+02 2.281699110530610862e-15
1.895939999999999941e+02 2.236227242050547836e-15
1.889389999999999930e+02 2.278341816324080082e-15
1.882829999999999870e+02 2.306016571330406595e-15
1.876270000000000095e+02 2.337030162425158009e-15
1.869699999999999989e+02 2.313159590212934046e-15
1.863139999999999930e+02 2.297132100433387099e-15
1.856570000000000107e+02 2.246670950963180733e-15
1.850010000000000048e+02 2.208218593574108743e-15
1.843460000000000036e+02 2.226720942605377864e-15
1.836889999999999930e+02 2.257901574121404964e-15
1.830329999999999870e+02 2.286570715599585828e-15
1.823760000000000048e+02 2.296248693872036218e-15
1.817189999999999941e+02 2.268938270248146513e-15
1.810620000000000118e+02 2.365635358871067436e-15
1.804050000000000011e+02 2.433636199922101695e-15
1.797500000000000000e+02 2.453742961640611153e-15
1.790929999999999893e+02 2.507334620323876721e-15
1.784360000000000070e+02 2.498027112089909686e-15
1.777789999999999964e+02 2.513231458645409617e-15
1.771220000000000141e+02 2.512276135838207485e-15
1.764650000000000034e+02 2.512925674699197853e-15
1.758069999999999879e+02 2.520158872400052624e-15
1.751500000000000057e+02 2.486232362423486153e-15
1.744939999999999998e+02 2.496526609698801646e-15
1.738369999999999891e+02 2.536762692876700937e-15
1.731790000000000020e+02 2.556138406514649669e-15
1.725219999999999914e+02 2.584972886422435871e-15
1.718640000000000043e+02 2.624617500244024354e-15
1.712059999999999889e+02 2.651999522561731313e-15
1.705490000000000066e+02 2.670734289036266312e-15
1.698909999999999911e+02 2.674430408917684296e-15
1.692330000000000041e+02 2.652377241921914469e-15
1.685749999999999886e+02 2.627250737026075353e-15
1.679190000000000111e+02 2.644679661971274532e-15
1.672609999999999957e+02 2.619525100565583966e-15
1.666030000000000086e+02 2.657822038914396338e-15
1.659449999999999932e+02 2.604909714347061024e-15
1.652870000000000061e+02 2.540433651442272301e-15
1.646279999999999859e+02 2.532464707628003012e-15
1.639699999999999989e+02 2.549845535215987575e-15
1.633120000000000118e+02 2.583061207187948309e-15
1.626539999999999964e+02 2.575749861357443171e-15
1.619950000000000045e+02 2.531741903245236945e-15
1.613369999999999891e+02 2.509972458752577396e-15
1.606779999999999973e+02 2.462386125779443159e-15
1.600190000000000055e+02 2.453812585200878556e-15
1.593609999999999900e+02 2.459334717574289405e-15
1.587040000000000077e+02 2.450526474762183530e-15
1.580449999999999875e+02 2.454021564122020395e-15
1.573859999999999957e+02 2.431018352592443562e-15
1.567270000000000039e+02 2.435505580688383707e-15
1.560680000000000121e+02 2.412560152644797660e-15
1.554089999999999918e+02 2.404533584574084325e-15
1.547500000000000000e+02 2.403042991767903108e-15
1.540910000000000082e+02 2.380177820556135453e-15
1.534319999999999879e+02 2.370529912061844468e-15
1.527729999999999961e+02 2.359495769848046609e-15
1.521140000000000043e+02 2.331624809521096874e-15
1.514540000000000077e+02 2.318022883154735638e-15
1.507949999999999875e+02 2.304398163570930418e-15
1.501359999999999957e+02 2.368632432194285584e-15
1.494759999999999991e+02 2.381691054839828164e-15
1.488170000000000073e+02 2.379428827693724424e-15
1.481570000000000107e+02 2.416073210131972136e-15
1.474970000000000141e+02 2.400861996395440276e-15
1.468379999999999939e+02 2.414492708715751623e-15
1.461779999999999973e+02 2.415673666585140452e-15
1.455180000000000007e+02 2.443684202952171061e-15
1.448580000000000041e+02 2.444003672391834946e-15
1.441980000000000075e+02 2.383697125343976670e-15
1.435380000000000109e+02 2.396593147358839636e-15
1.428779999999999859e+02 2.398700981119182534e-15
1.422179999999999893e+02 2.420797066274558963e-15
1.415579999999999927e+02 2.419821380128990287e-15
1.408979999999999961e+02 2.413003445975724831e-15
1.402379999999999995e+02 2.403795298776792862e-15
1.395769999999999982e+02 2.390066015749054324e-15
1.389170000000000016e+02 2.408648295522070231e-15
1.382560000000000002e+02 2.460636059934361649e-15
1.375960000000000036e+02 2.484941483173038211e-15
1.369350000000000023e+02 2.502153359289758579e-15
1.362750000000000057e+02 2.500055570033951637e-15
1.356140000000000043e+02 2.522280443438969653e-15
1.349540000000000077e+02 2.540689630027916152e-15
1.342930000000000064e+02 2.586564061245980188e-15
1.336320000000000050e+02 2.630170548652579228e-15
1.329710000000000036e+02 2.650836922936694130e-15
1.323100000000000023e+02 2.658000078354854431e-15
1.316490000000000009e+02 2.702378427978934644e-15
1.309879999999999995e+02 2.706184877884756687e-15
1.303269999999999982e+02 2.702890284954410520e-15
1.296659999999999968e+02 2.743386392649648543e-15
1.290049999999999955e+02 2.751056228333514048e-15
1.283420000000000130e+02 2.739650935797375165e-15
1.276809999999999974e+02 2.734508429833728456e-15
1.270190000000000055e+02 2.753324627936454547e-15
1.263580000000000041e+02 2.711581900189175381e-15
1.256959999999999980e+02 2.661367074230334278e-15
1.250349999999999966e+02 2.655502217950190153e-15
1.243730000000000047e+02 2.638931743976307578e-15
1.237120000000000033e+02 2.612865169171069967e-15
1.230499999999999972e+02 2.603818663432448204e-15
1.223880000000000052e+02 2.583610191802754396e-15
1.217259999999999991e+02 2.524455429323343552e-15
1.210639999999999930e+02 2.455466097874355869e-15
1.204030000000000058e+02 2.437853022510490086e-15
1.197409999999999997e+02 2.407310268209011236e-15
1.190780000000000030e+02 2.333333751835855743e-15
1.184150000000000063e+02 2.302050155160941801e-15
1.177530000000000001e+02 2.255634416498703907e-15
1.170909999999999940e+02 2.198307323503945516e-15
1.164279999999999973e+02 2.142557444273491762e-15
1.157660000000000053e+02 2.110946962288307076e-15
1.151039999999999992e+02 2.072945290698565075e-15
1.144410000000000025e+02 2.019987795316963440e-15
1.137789999999999964e+02 1.970015623528341337e-15
1.131159999999999997e+02 1.948734862543319830e-15
1.124539999999999935e+02 1.916236647626357734e-15
1.117890000000000015e+02 1.881867865091443118e-15
1.111269999999999953e+02 1.864649793077845026e-15
1.104639999999999986e+02 1.827573954002284534e-15
1.098010000000000019e+02 1.794368781275846662e-15
1.091380000000000052e+02 1.756234394234070631e-15
1.084749999999999943e+02 1.732467507277776682e-15
1.078119999999999976e+02 1.671140017616071782e-15
1.071490000000000009e+02 1.630873162536456453e-15
1.064849999999999994e+02 1.550388835437745372e-15
1.058209999999999980e+02 1.481685594946411522e-15
1.051580000000000013e+02 1.399487254517484638e-15
1.044950000000000045e+02 1.366727390403290051e-15
1.038319999999999936e+02 1.303043695651118192e-15
1.031680000000000064e+02 1.246560767634996333e-15
1.025049999999999955e+02 1.194163237360410739e-15
1.018400000000000034e+02 1.167737845669967845e-15
1.011760000000000019e+02 1.129124270784848675e-15
1.005130000000000052e+02 1.129197063098124617e-15
9.984900000000000375e+01 1.120008756661721749e-15
9.918529999999999802e+01 1.105818603130161956e-15
9.852150000000000318e+01 1.087862888394882000e-15
9.785769999999999413e+01 1.107159569100716818e-15
9.719230000000000302e+01 1.132050581246872974e-15
9.652830000000000155e+01 1.154357794319060088e-15
9.586430000000000007e+01 1.169528128100151805e-15
9.520029999999999859e+01 1.192612140718493010e-15
9.453610000000000468e+01 1.229255457021322368e-15
9.387199999999999989e+01 1.264535531483723956e-15
9.320619999999999550e+01 1.283432457096132387e-15
9.254200000000000159e+01 1.306142840992648369e-15
9.187760000000000105e+01 1.298450150514890696e-15
9.121320000000000050e+01 1.299454464831945834e-15
9.054879999999999995e+01 1.289436799957169082e-15
8.988280000000000314e+01 1.304228307982959779e-15
8.921819999999999595e+01 1.296731182470465890e-15
8.855360000000000298e+01 1.278026027646848930e-15
8.788890000000000668e+01 1.258574437614253138e-15
8.722419999999999618e+01 1.270038816582877451e-15
8.655939999999999657e+01 1.276080113885531431e-15
8.589300000000000068e+01 1.289408259620654047e-15
8.522809999999999775e+01 1.285527406428589116e-15
8.456319999999999482e+01 1.290548028646950899e-15
8.389820000000000277e+01 1.276755908972106756e-15
8.323160000000000025e+01 1.276527845770716169e-15
8.256650000000000489e+01 1.268177251897710745e-15
8.190130000000000621e+01 1.270173717751699295e-15
8.123609999999999332e+01 1.261961322129422589e-15
8.057080000000000553e+01 1.234179453483043523e-15
7.990389999999999304e+01 1.226150611732827744e-15
7.923850000000000193e+01 1.224608213017795992e-15
7.857299999999999329e+01 1.226430900300998090e-15
7.790749999999999886e+01 1.222554210200760315e-15
7.724039999999999395e+01 1.212574558330309893e-15
7.657479999999999620e+01 1.208674293396775491e-15
7.590909999999999513e+01 1.184278454493995102e-15
7.524339999999999407e+01 1.180250080733238505e-15
7.457760000000000389e+01 1.168944191408167453e-15
7.391020000000000323e+01 1.137756315438668634e-15
7.324429999999999552e+01 1.118345716902850735e-15
7.257829999999999870e+01 1.085156930283241718e-15
7.191230000000000189e+01 1.060185207602159510e-15
7.124469999999999459e+01 1.045237735335891860e-15
7.057850000000000534e+01 1.023347201256819766e-15
6.991230000000000189e+01 1.017132468758227398e-15
6.924609999999999843e+01 9.900815936694691506e-16
6.857829999999999870e+01 9.751436333363785748e-16
6.791190000000000282e+01 9.581804240417795766e-16
6.724550000000000693e+01 9.364883006035025232e-16
6.657750000000000057e+01 9.200460133399161402e-16
6.591100000000000136e+01 8.951923455645228951e-16
6.524439999999999884e+01 8.794087057119708912e-16
6.457769999999999300e+01 8.587839641578338896e-16
6.390950000000000131e+01 8.354145753214502336e-16
6.324269999999999925e+01 8.194938032648313500e-16
6.257589999999999719e+01 8.078790362157052591e-16
6.190899999999999892e+01 7.947019575076542368e-16
6.124060000000000059e+01 7.787675376851579615e-16
6.057359999999999900e+01 7.646435003199633610e-16
5.990659999999999741e+01 7.512002878858836440e-16
5.923799999999999955e+01 7.260736661709172991e-16
5.857079999999999842e+01 7.002092087991405489e-16
5.790359999999999729e+01 6.872416352746771294e-16
5.723629999999999995e+01 6.687806023129300995e-16
5.656750000000000256e+01 6.458937206605727459e-16
5.590010000000000190e+01 6.329113065795260589e-16
5.523270000000000124e+01 6.153580091665011714e-16
5.456360000000000099e+01 6.014344390842019898e-16
5.389609999999999701e+01 5.901278507166675887e-16
5.322849999999999682e+01 5.833130542551910091e-16
5.255930000000000035e+01 5.793877757146706472e-16
5.189159999999999684e+01 5.599486504175398407e-16
5.122379999999999711e+01 5.495213947065408331e-16
5.055440000000000111e+01 5.374623934730031521e-16
4.988660000000000139e+01 5.221359967891606638e-16
4.921860000000000213e+01 5.065174696647392989e-16
4.854910000000000281e+01 4.919361144698920507e-16
4.788100000000000023e+01 4.822835121410526865e-16
4.721289999999999765e+01 4.693328904555277774e-16
4.654319999999999879e+01 4.535863825340535487e-16
4.587500000000000000e+01 4.425920232023870477e-16
4.520669999999999789e+01 4.246356558032873734e-16
4.453679999999999950e+01 4.119536738911069991e-16
4.386840000000000117e+01 4.002596060516107433e-16
4.320000000000000284e+01 3.929321636935774258e-16
4.252989999999999782e+01 3.790264235431849488e-16
4.186129999999999995e+01 3.644653711821739160e-16
4.119270000000000209e+01 3.474822362334309329e-16
4.052250000000000085e+01 3.353659679946605069e-16
3.985379999999999967e+01 3.253156275762449125e-16
3.918500000000000227e+01 3.169457625890332346e-16
3.851460000000000150e+01 3.062176564259781067e-16
3.784570000000000078e+01 2.950499595092404992e-16
3.717519999999999669e+01 2.824480990470326381e-16
3.650619999999999976e+01 2.709650584862194041e-16
3.583709999999999951e+01 2.620894205516420896e-16
3.516640000000000299e+01 2.530221723737414521e-16
3.449719999999999942e+01 2.418915660539933935e-16
3.382800000000000296e+01 2.326818278904837151e-16
3.315709999999999980e+01 2.215716661690990256e-16
3.248780000000000001e+01 2.086790670400308513e-16
3.181680000000000064e+01 1.990743659258670146e-16
3.114730000000000132e+01 1.909666468822615259e-16
3.047779999999999845e+01 1.841217311964258487e-16
2.980669999999999931e+01 1.723474375050064791e-16
2.913700000000000045e+01 1.645129147715716951e-16
2.846730000000000160e+01 1.574180901111948018e-16
2.779599999999999937e+01 1.476447017494016445e-16
2.712620000000000076e+01 1.397526098086730794e-16
2.645479999999999876e+01 1.325739422235168821e-16
2.578490000000000038e+01 1.248663631499501023e-16
2.511329999999999885e+01 1.161341674445560598e-16
2.444330000000000069e+01 1.075617852724932180e-16
2.377319999999999922e+01 1.015319647556167699e-16
2.310150000000000148e+01 9.325232605165297958e-17
2.243130000000000024e+01 8.644826268757021532e-17
2.175949999999999918e+01 7.995783322485743239e-17
2.108909999999999840e+01 7.345232044892650890e-17
2.041870000000000118e+01 6.789598590059179834e-17
1.974680000000000035e+01 6.138461925880969297e-17
1.907629999999999981e+01 5.617989763724111603e-17
1.840419999999999945e+01 5.144952191582372084e-17
1.773349999999999937e+01 4.652553132974457302e-17
1.706129999999999924e+01 4.285374373139439514e-17
1.639059999999999917e+01 3.845881343690615850e-17
1.571979999999999933e+01 3.480453978447688565e-17
1.504739999999999966e+01 3.172607985430014871e-17
1.437650000000000006e+01 2.856429267054017178e-17
1.370410000000000039e+01 2.599959976906215783e-17
1.303299999999999947e+01 2.309406845604608960e-17
1.236040000000000028e+01 2.057427383930969956e-17
1.168929999999999936e+01 1.818566638106182240e-17
1.101660000000000039e+01 1.630549715210436330e-17
1.034529999999999994e+01 1.505354647375193574e-17
9.672489999999999810e+00 1.363846658329177743e-17
9.001129999999999853e+00 1.227088656478541868e-17
8.329710000000000392e+00 1.083543902599053204e-17
7.656710000000000349e+00 9.715432325198766663e-18
6.985170000000000101e+00 9.228910815213822182e-18
6.312050000000000161e+00 8.505907803502115846e-18
5.640399999999999636e+00 7.597533418828475854e-18
4.967170000000000307e+00 6.427212115637997173e-18
4.295410000000000394e+00 5.149966824560431837e-18
3.622059999999999835e+00 3.906172423993615017e-18
2.950180000000000025e+00 2.743211117778507591e-18
2.276720000000000077e+00 1.735230762075627581e-18
1.604729999999999990e+00 8.995825077058046785e-19
9.311519999999999797e-01 3.048893436855809305e-19
2.590439999999999965e-01 2.360548612484342933e-20
