4.498670000000000186e+02 1.160660889242090100e-15
4.492339999999999804e+02 9.179246856308456355e-16
4.486009999999999991e+02 8.068471293519261243e-16
4.479680000000000177e+02 1.129422136231820039e-15
4.473360000000000127e+02 1.093939091001870260e-15
4.467029999999999745e+02 1.036959275613646540e-15
4.460690000000000168e+02 1.227388027232052519e-15
4.454359999999999786e+02 1.106218515684899814e-15
4.448029999999999973e+02 1.071157500805108572e-15
4.441689999999999827e+02 1.164011208059113583e-15
4.435360000000000014e+02 1.277554719263705000e-15
4.429019999999999868e+02 1.496383503491856935e-15
4.422699999999999818e+02 1.291506681321490680e-15
4.416360000000000241e+02 1.456348104455586022e-15
4.410029999999999859e+02 1.441767651772409907e-15
4.403690000000000282e+02 1.312107773229779111e-15
4.397350000000000136e+02 1.308438052348383669e-15
4.391009999999999991e+02 1.273558895536823527e-15
4.384669999999999845e+02 1.031135933897414605e-15
4.378330000000000268e+02 1.100651548884982743e-15
4.371990000000000123e+02 1.014986881044152980e-15
4.365649999999999977e+02 1.084152170738445277e-15
4.359329999999999927e+02 8.450144174664386939e-16
4.352980000000000018e+02 6.992958839417708980e-16
4.346639999999999873e+02 6.871193931974740533e-16
4.340299999999999727e+02 7.156731129347290995e-16
4.333960000000000150e+02 7.136293473576409195e-16
4.327610000000000241e+02 9.747103969716102603e-16
4.321270000000000095e+02 8.810758768782226585e-16
4.314920000000000186e+02 7.276112039669237173e-16
4.308580000000000041e+02 6.552877326508634934e-16
4.302230000000000132e+02 7.234518781783522493e-16
4.295889999999999986e+02 8.310986698169901651e-16
4.289540000000000077e+02 6.893777232101293210e-16
4.283190000000000168e+02 7.766866630872278747e-16
4.276859999999999786e+02 7.745703273168996865e-16
4.270509999999999877e+02 6.637699592557817623e-16
4.264159999999999968e+02 5.536677140505126168e-16
4.257810000000000059e+02 6.598702435868534746e-16
4.251460000000000150e+02 7.361432069090703909e-16
4.245110000000000241e+02 8.801639308500374337e-16
4.238759999999999764e+02 8.872857701277632612e-16
4.232409999999999854e+02 9.719304029539016160e-16
4.226050000000000182e+02 8.531459081050200426e-16
4.219700000000000273e+02 8.699240975803732857e-16
4.213349999999999795e+02 8.961755037351578985e-16
4.206990000000000123e+02 1.027567081750838898e-15
4.200640000000000214e+02 1.034080734791542419e-15
4.194289999999999736e+02 1.145211004408988311e-15
4.187930000000000064e+02 9.235453342615923119e-16
4.181569999999999823e+02 8.734886074435162520e-16
4.175219999999999914e+02 9.275215603255588010e-16
4.168860000000000241e+02 1.131658623508183351e-15
4.162500000000000000e+02 1.231443275318368436e-15
4.156150000000000091e+02 1.246489204931073290e-15
4.149789999999999850e+02 1.280027044595951316e-15
4.143430000000000177e+02 1.313346776826033452e-15
4.137069999999999936e+02 1.179671603845309785e-15
4.130710000000000264e+02 1.370135121579831723e-15
4.124350000000000023e+02 1.458115940689632712e-15
4.117989999999999782e+02 1.527200737617688494e-15
4.111630000000000109e+02 1.467634402984203951e-15
4.105260000000000105e+02 1.408440127231895605e-15
4.098899999999999864e+02 1.449669978699226103e-15
4.092540000000000191e+02 1.245718837020860745e-15
4.086170000000000186e+02 1.259994465425618240e-15
4.079809999999999945e+02 1.337310357658807330e-15
4.073439999999999941e+02 1.279287474819796745e-15
4.067080000000000268e+02 1.221606604285226904e-15
4.060710000000000264e+02 1.360776807076736463e-15
4.054350000000000023e+02 1.160667222338317526e-15
4.047980000000000018e+02 1.183756985533170261e-15
4.041610000000000014e+02 1.144701608048681306e-15
4.035240000000000009e+02 1.229441088257322756e-15
4.028879999999999768e+02 1.040911410073754284e-15
4.022509999999999764e+02 1.125359316269222700e-15
4.016139999999999759e+02 9.295519506755871173e-16
4.009769999999999754e+02 9.440989115413824365e-16
4.003399999999999750e+02 7.412915744346399297e-16
3.997029999999999745e+02 8.949023368324625297e-16
3.990649999999999977e+02 8.402768526834965343e-16
3.984279999999999973e+02 6.741894648476114135e-16
3.977909999999999968e+02 6.292105118378337347e-16
3.971519999999999868e+02 6.099202334025587533e-16
3.965149999999999864e+02 4.802236268993402828e-16
3.958770000000000095e+02 5.466782808218796198e-16
3.952400000000000091e+02 3.585708098287139206e-16
3.946019999999999754e+02 4.925888050403676903e-16
3.939649999999999750e+02 3.478695575856062006e-16
3.933269999999999982e+02 3.299795015332832354e-16
3.926890000000000214e+02 5.213521044035297433e-16
3.920520000000000209e+02 4.863529769779831889e-16
3.914139999999999873e+02 6.344148574314180120e-16
3.907760000000000105e+02 6.406056943714099499e-16
3.901379999999999768e+02 8.532472861264806584e-16
3.895000000000000000e+02 1.039974343270264518e-15
3.888609999999999900e+02 9.383168997392191473e-16
3.882230000000000132e+02 9.597758868113433022e-16
3.875849999999999795e+02 1.054530900437176493e-15
3.869460000000000264e+02 1.140525292516099937e-15
3.863079999999999927e+02 1.242175542856652511e-15
3.856700000000000159e+02 1.302751059630307953e-15
3.850319999999999823e+02 1.370964471422932785e-15
3.843929999999999723e+02 1.238107049888915620e-15
3.837549999999999955e+02 1.314009605381090913e-15
3.831159999999999854e+02 1.269968346480214962e-15
3.824759999999999991e+02 1.249818607598013520e-15
3.818380000000000223e+02 1.198250603582630128e-15
3.811990000000000123e+02 9.970283281655750184e-16
3.805600000000000023e+02 1.103939242584118492e-15
3.799220000000000255e+02 1.053261541503940241e-15
3.792830000000000155e+02 9.325310151489130795e-16
3.786440000000000055e+02 1.007324035304286756e-15
3.780049999999999955e+02 9.262464216213076250e-16
3.773650000000000091e+02 9.543304879228351439e-16
3.767259999999999991e+02 1.236538284229607991e-15
3.760860000000000127e+02 1.209326809747458855e-15
3.754470000000000027e+02 1.458097196153890196e-15
3.748079999999999927e+02 1.437879743989358398e-15
3.741689999999999827e+02 1.509120325562191878e-15
3.735299999999999727e+02 1.587559903543892263e-15
3.728890000000000100e+02 1.605048723993957949e-15
3.722500000000000000e+02 1.479024792447719274e-15
3.716100000000000136e+02 1.669297350069824063e-15
3.709710000000000036e+02 1.528978832296973690e-15
3.703310000000000173e+02 1.464318380019882839e-15
3.696909999999999741e+02 1.414663046928431067e-15
3.690500000000000114e+02 1.446832638391848671e-15
3.684110000000000014e+02 1.368109844882822884e-15
3.677710000000000150e+02 1.334005050207547195e-15
3.671309999999999718e+02 1.270777951435121877e-15
3.664909999999999854e+02 1.456482671746316439e-15
3.658509999999999991e+02 1.342179462872893118e-15
3.652099999999999795e+02 1.337648799395867020e-15
3.645699999999999932e+02 1.499344071617712601e-15
3.639300000000000068e+02 1.465369322225890862e-15
3.632900000000000205e+02 1.445890188307399214e-15
3.626490000000000009e+02 1.476633778285544934e-15
3.620079999999999814e+02 1.435958806101714645e-15
3.613670000000000186e+02 1.409633566603745484e-15
3.607269999999999754e+02 1.305626332666118474e-15
3.600869999999999891e+02 1.343456069608056096e-15
3.594460000000000264e+02 1.212266171925709629e-15
3.588039999999999736e+02 1.116634206053266960e-15
3.581639999999999873e+02 1.077892559100632285e-15
3.575230000000000246e+02 9.906090287984953379e-16
3.568829999999999814e+02 1.111855058187658323e-15
3.562420000000000186e+02 1.073408970624250494e-15
3.556000000000000227e+02 1.090383306921882671e-15
3.549590000000000032e+02 1.141406486660003341e-15
3.543179999999999836e+02 1.027940358037159480e-15
3.536770000000000209e+02 1.058441323923262112e-15
3.530350000000000250e+02 1.210782410558476133e-15
3.523940000000000055e+02 1.247069510047058963e-15
3.517520000000000095e+02 1.242614253927151253e-15
3.511109999999999900e+02 1.003012097189323619e-15
3.504689999999999941e+02 1.086480616171094921e-15
3.498269999999999982e+02 1.115912721964700413e-15
3.491859999999999786e+02 1.091964727507488494e-15
3.485450000000000159e+02 1.068238781952660301e-15
3.479019999999999868e+02 1.044451184139518043e-15
3.472599999999999909e+02 9.749999737913365793e-16
3.466190000000000282e+02 9.583550545505539535e-16
3.459769999999999754e+02 9.287529250774105465e-16
3.453340000000000032e+02 1.009931774127222340e-15
3.446929999999999836e+02 1.058073680540672033e-15
3.440509999999999877e+02 1.015447361739055743e-15
3.434089999999999918e+02 9.988528420816766573e-16
3.427660000000000196e+02 9.311296375062180700e-16
3.421240000000000236e+02 1.061813715385968453e-15
3.414820000000000277e+02 1.089696849002965715e-15
3.408399999999999750e+02 1.079271534952172549e-15
3.401970000000000027e+02 1.132186923569072902e-15
3.395539999999999736e+02 1.140542971974256203e-15
3.389119999999999777e+02 1.104920477965529824e-15
3.382690000000000055e+02 1.132149560312531650e-15
3.376259999999999764e+02 1.283381422529206886e-15
3.369839999999999804e+02 1.377755496893674359e-15
3.363419999999999845e+02 1.317074737876979130e-15
3.356979999999999791e+02 1.232119719571228502e-15
3.350550000000000068e+02 1.209117394554732677e-15
3.344130000000000109e+02 1.149690846463895096e-15
3.337690000000000055e+02 1.163500228332138832e-15
3.331259999999999764e+02 1.189422915874805502e-15
3.324830000000000041e+02 1.347813951232606586e-15
3.318389999999999986e+02 1.270701357300684700e-15
3.311960000000000264e+02 1.367587495975180443e-15
3.305539999999999736e+02 1.320586240780035242e-15
3.299110000000000014e+02 1.398744743742730311e-15
3.292660000000000196e+02 1.446725609644647689e-15
3.286229999999999905e+02 1.523769152597812898e-15
3.279800000000000182e+02 1.494474158007415890e-15
3.273360000000000127e+02 1.447622979670729950e-15
3.266929999999999836e+02 1.307983441760396731e-15
3.260489999999999782e+02 1.279699509968282228e-15
3.254049999999999727e+02 1.245793923001406262e-15
3.247610000000000241e+02 1.310131380796842994e-15
3.241179999999999950e+02 1.259120541160523982e-15
3.234730000000000132e+02 1.288490203467731291e-15
3.228290000000000077e+02 1.289101270921510185e-15
3.221840000000000259e+02 1.391952924610944780e-15
3.215409999999999968e+02 1.397729390005872721e-15
3.208969999999999914e+02 1.510360671066017551e-15
3.202520000000000095e+02 1.571823704069493492e-15
3.196080000000000041e+02 1.559971613973310242e-15
3.189639999999999986e+02 1.603857219927220779e-15
3.183190000000000168e+02 1.669536374065704471e-15
3.176750000000000114e+02 1.563581830710903820e-15
3.170310000000000059e+02 1.398115680665544114e-15
3.163860000000000241e+02 1.392316861237445165e-15
3.157420000000000186e+02 1.354136941010751414e-15
3.150980000000000132e+02 1.267251427886528405e-15
3.144519999999999982e+02 1.240440192333876801e-15
3.138079999999999927e+02 1.197758690292966178e-15
3.131619999999999777e+02 1.171451455384017753e-15
3.125179999999999723e+02 1.134618539467113170e-15
3.118729999999999905e+02 1.145929889025343503e-15
3.112269999999999754e+02 1.332165376069494578e-15
3.105830000000000268e+02 1.247545648481506184e-15
3.099370000000000118e+02 1.210877779432187851e-15
3.092919999999999732e+02 1.221682495927084037e-15
3.086469999999999914e+02 1.185387337868577317e-15
3.080009999999999764e+02 1.289579433716438944e-15
3.073570000000000277e+02 1.346282689464034260e-15
3.067099999999999795e+02 1.361441056733749523e-15
3.060649999999999977e+02 1.335231240215543797e-15
3.054200000000000159e+02 1.324528293675910933e-15
3.047740000000000009e+02 1.314013759194896390e-15
3.041290000000000191e+02 1.303549551555814288e-15
3.034820000000000277e+02 1.439279364785658313e-15
3.028369999999999891e+02 1.523674630735679967e-15
3.021920000000000073e+02 1.587195615937713866e-15
3.015450000000000159e+02 1.535822855851249799e-15
3.008999999999999773e+02 1.430109773925963828e-15
3.002529999999999859e+02 1.567384541853638940e-15
2.996080000000000041e+02 1.501730015241164685e-15
2.989610000000000127e+02 1.426699550489114639e-15
2.983149999999999977e+02 1.547565274746165153e-15
2.976700000000000159e+02 1.477885810840977795e-15
2.970230000000000246e+02 1.481170952077308400e-15
2.963770000000000095e+02 1.383269233092430036e-15
2.957300000000000182e+02 1.348681245993256964e-15
2.950840000000000032e+02 1.385845005668199639e-15
2.944370000000000118e+02 1.280053339536716736e-15
2.937909999999999968e+02 1.317138192433323180e-15
2.931429999999999723e+02 1.537575671898511131e-15
2.924970000000000141e+02 1.526233252170046264e-15
2.918500000000000227e+02 1.449534965211943459e-15
2.912040000000000077e+02 1.419941727926274637e-15
2.905570000000000164e+02 1.483061684355965452e-15
2.899100000000000250e+02 1.564318789068637453e-15
2.892629999999999768e+02 1.685874680233851568e-15
2.886159999999999854e+02 1.756251697143119702e-15
2.879689999999999941e+02 1.803100843776365012e-15
2.873210000000000264e+02 1.804202479870911549e-15
2.866750000000000114e+02 1.778148176010656884e-15
2.860269999999999868e+02 1.869039494214395698e-15
2.853799999999999955e+02 1.896474931897701671e-15
2.847320000000000277e+02 1.870207731011008955e-15
2.840849999999999795e+02 1.954832306819582062e-15
2.834370000000000118e+02 1.990221752949792617e-15
2.827900000000000205e+02 2.073388910482177573e-15
2.821419999999999959e+02 2.142790095542344080e-15
2.814950000000000045e+02 2.172151922843230672e-15
2.808469999999999800e+02 2.249061409143451327e-15
2.801990000000000123e+02 2.169872046990714872e-15
2.795509999999999877e+02 2.117055995498706092e-15
2.789039999999999964e+02 2.137435498903033592e-15
2.782549999999999955e+02 2.131804147519339016e-15
2.776080000000000041e+02 2.130538815613882012e-15
2.769590000000000032e+02 2.095449181477351005e-15
2.763120000000000118e+02 2.131904617088410785e-15
2.756630000000000109e+02 2.088734727540988284e-15
2.750149999999999864e+02 2.120516799423954613e-15
2.743659999999999854e+02 2.292775842190188007e-15
2.737189999999999941e+02 2.422020241429054086e-15
2.730699999999999932e+02 2.451791508904303040e-15
2.724220000000000255e+02 2.411712692945246313e-15
2.717730000000000246e+02 2.351743056554433919e-15
2.711240000000000236e+02 2.304300268898942996e-15
2.704759999999999991e+02 2.229185268685780909e-15
2.698260000000000218e+02 2.262648539039031795e-15
2.691779999999999973e+02 2.331632755730627865e-15
2.685289999999999964e+02 2.213526236974170747e-15
2.678809999999999718e+02 2.179236123197921213e-15
2.672309999999999945e+02 2.137531110003614209e-15
2.665830000000000268e+02 2.178065539712878616e-15
2.659329999999999927e+02 2.323204491544401059e-15
2.652839999999999918e+02 2.381775817206382998e-15
2.646349999999999909e+02 2.478142950944966947e-15
2.639850000000000136e+02 2.408697322757379637e-15
2.633369999999999891e+02 2.374069456430467945e-15
2.626870000000000118e+02 2.430926327818694393e-15
2.620380000000000109e+02 2.370060455885226198e-15
2.613879999999999768e+02 2.459914728944787810e-15
2.607400000000000091e+02 2.403141956095121439e-15
2.600899999999999750e+02 2.290752131010902383e-15
2.594390000000000214e+02 2.342438588203365062e-15
2.587900000000000205e+02 2.290295394717254307e-15
2.581399999999999864e+02 2.289983605178730963e-15
2.574909999999999854e+02 2.264064212922722933e-15
2.568410000000000082e+02 2.365381242452868681e-15
2.561899999999999977e+02 2.440373388430477643e-15
2.555409999999999968e+02 2.388592587191593996e-15
2.548899999999999864e+02 2.433872446048856245e-15
2.542410000000000139e+02 2.425284128689606470e-15
2.535910000000000082e+02 2.338639954582634681e-15
2.529399999999999977e+02 2.333820836410349167e-15
2.522899999999999920e+02 2.360708419969803533e-15
2.516399999999999864e+02 2.428898006798328389e-15
2.509900000000000091e+02 2.315869956439105449e-15
2.503389999999999986e+02 2.317837802518548696e-15
2.496879999999999882e+02 2.364434251654221270e-15
2.490380000000000109e+02 2.369289685799317598e-15
2.483870000000000005e+02 2.435374539402143561e-15
2.477359999999999900e+02 2.493814503002080154e-15
2.470860000000000127e+02 2.457378974840229924e-15
2.464350000000000023e+02 2.524954267450392639e-15
2.457849999999999966e+02 2.411930295089867896e-15
2.451330000000000098e+02 2.462292067791144149e-15
2.444819999999999993e+02 2.409837113135158314e-15
2.438319999999999936e+02 2.364504832490763999e-15
2.431800000000000068e+02 2.329159762185187907e-15
2.425289999999999964e+02 2.316876450748127421e-15
2.418779999999999859e+02 2.401352826058647140e-15
2.412270000000000039e+02 2.456067555511954691e-15
2.405749999999999886e+02 2.391965837796762821e-15
2.399240000000000066e+02 2.487093612464325038e-15
2.392719999999999914e+02 2.473845324654688967e-15
2.386200000000000045e+02 2.513960523013701721e-15
2.379699999999999989e+02 2.494191200860273119e-15
2.373180000000000121e+02 2.555296873772900927e-15
2.366670000000000016e+02 2.541551320088617686e-15
2.360149999999999864e+02 2.530741784174880142e-15
2.353629999999999995e+02 2.572037091061691616e-15
2.347100000000000080e+02 2.658322780711739956e-15
2.340600000000000023e+02 2.634670511879062516e-15
2.334070000000000107e+02 2.614208656670549616e-15
2.327549999999999955e+02 2.704529590167428099e-15
2.321040000000000134e+02 2.769858886559419263e-15
2.314509999999999934e+02 2.745683778187583972e-15
2.307980000000000018e+02 2.806842344983751084e-15
2.301469999999999914e+02 2.791237262049645297e-15
2.294939999999999998e+02 2.746539495518964717e-15
2.288420000000000130e+02 2.681993134972162922e-15
2.281899999999999977e+02 2.767566346492892828e-15
2.275370000000000061e+02 2.829167420755749110e-15
2.268839999999999861e+02 2.858735993670224189e-15
2.262330000000000041e+02 2.913105505680651020e-15
2.255800000000000125e+02 2.986524925209754331e-15
2.249269999999999925e+02 2.972318600377497557e-15
2.242729999999999961e+02 2.977612196249637203e-15
2.236220000000000141e+02 3.032318369324467873e-15
2.229679999999999893e+02 3.039639623070749044e-15
2.223149999999999977e+02 3.052060606879889880e-15
2.216630000000000109e+02 2.999214049316940861e-15
2.210099999999999909e+02 2.941200574995026668e-15
2.203559999999999945e+02 2.881074640737720283e-15
2.197019999999999982e+02 2.848246209748324950e-15
2.190500000000000114e+02 2.850144028692714565e-15
2.183969999999999914e+02 2.838629462883446587e-15
2.177429999999999950e+02 2.819260625282986759e-15
2.170889999999999986e+02 2.826035825622194740e-15
2.164370000000000118e+02 2.770402665534471926e-15
2.157829999999999870e+02 2.800286181127312101e-15
2.151289999999999907e+02 2.763031808199770823e-15
2.144749999999999943e+02 2.822809451927626499e-15
2.138220000000000027e+02 2.813451344954100273e-15
2.131680000000000064e+02 2.809021632138844232e-15
2.125140000000000100e+02 2.814529753450784119e-15
2.118600000000000136e+02 2.760211856618850257e-15
2.112069999999999936e+02 2.802669732008659456e-15
2.105529999999999973e+02 2.770816440550627454e-15
2.098979999999999961e+02 2.741644699056184386e-15
2.092439999999999998e+02 2.695634310882153564e-15
2.085910000000000082e+02 2.681482453805870769e-15
2.079360000000000070e+02 2.662491425981995098e-15
2.072820000000000107e+02 2.638827094778437033e-15
2.066270000000000095e+02 2.572742745014226288e-15
2.059739999999999895e+02 2.603687940565909376e-15
2.053189999999999884e+02 2.584980412346918755e-15
2.046639999999999873e+02 2.547863413972160908e-15
2.040089999999999861e+02 2.540984166525530146e-15
2.033540000000000134e+02 2.527160950750519953e-15
2.027009999999999934e+02 2.447481880000991736e-15
2.020459999999999923e+02 2.413751539217125311e-15
2.013909999999999911e+02 2.353364557487121858e-15
2.007350000000000136e+02 2.391812169013003773e-15
2.000800000000000125e+02 2.360884965684591746e-15
1.994259999999999877e+02 2.303762267972331821e-15
1.987709999999999866e+02 2.291003326994184898e-15
1.981160000000000139e+02 2.263086506986914707e-15
1.974600000000000080e+02 2.282839038587855764e-15
1.968050000000000068e+02 2.227081443580711069e-15
1.961510000000000105e+02 2.206160646925433377e-15
1.954950000000000045e+02 2.244547882817412921e-15
1.948389999999999986e+02 2.189671531051666821e-15
1.941839999999999975e+02 2.154229586561777725e-15
1.935279999999999916e+02 2.162696334611021057e-15
1.928739999999999952e+02 2.177098479385524779e-15
1.922179999999999893e+02 2.158407083615452904e-15
1.915620000000000118e+02 2.200840575960715021e-15
1.909060000000000059e+02 2.262812986586817414e-15
1.902500000000000000e+02 2.281635978724570545e-15
1.895939999999999941e+02 2.236164479765229093e-15
1.889389999999999930e+02 2.278279422302676424e-15
1.882829999999999870e+02 2.305954545437705291e-15
1.876270000000000095e+02 2.336968503960284937e-15
1.869699999999999989e+02 2.313098299030605484e-15
1.863139999999999930e+02 2.297071175267344030e-15
1.856570000000000107e+02 2.246610391660133285e-15
1.850010000000000048e+02 2.208158398864096960e-15
1.843460000000000036e+02 2.226661111218763252e-15
1.836889999999999930e+02 2.257842106448036665e-15
1.830329999999999870e+02 2.286511610363911257e-15
1.823760000000000048e+02 2.296189950900520176e-15
1.817189999999999941e+02 2.268879888811206259e-15
1.810620000000000118e+02 2.365577338236117428e-15
1.804050000000000011e+02 2.433578539353541367e-15
1.797500000000000000e+02 2.453685659307097942e-15
1.790929999999999893e+02 2.507277676578732749e-15
1.784360000000000070e+02 2.497970526188441580e-15
1.777789999999999964e+02 2.513175229839867564e-15
1.771220000000000141e+02 2.512220263377776552e-15
1.764650000000000034e+02 2.512870157829990100e-15
1.758069999999999879e+02 2.520103710904594088e-15
1.751500000000000057e+02 2.486177555001044203e-15
1.744939999999999998e+02 2.496472155049014811e-15
1.738369999999999891e+02 2.536708590771621547e-15
1.731790000000000020e+02 2.556084656719696128e-15
1.725219999999999914e+02 2.584919487629035061e-15
1.718640000000000043e+02 2.624564452208944425e-15
1.712059999999999889e+02 2.651946824503727812e-15
1.705490000000000066e+02 2.670681939640820080e-15
1.698909999999999911e+02 2.674378407928469183e-15
1.692330000000000041e+02 2.652325588548110827e-15
1.685749999999999886e+02 2.627199430473652082e-15
1.679190000000000111e+02 2.644628700392439348e-15
1.672609999999999957e+02 2.619474484212814956e-15
1.666030000000000086e+02 2.657771766983965724e-15
1.659449999999999932e+02 2.604859786031981455e-15
1.652870000000000061e+02 2.540384065932290148e-15
1.646279999999999859e+02 2.532415464628708285e-15
1.639699999999999989e+02 2.549796633390190042e-15
1.633120000000000118e+02 2.583012645715520562e-15
1.626539999999999964e+02 2.575701639414946561e-15
1.619950000000000045e+02 2.531694020520028144e-15
1.613369999999999891e+02 2.509924913899181162e-15
1.606779999999999973e+02 2.462338918475999114e-15
1.600190000000000055e+02 2.453765714608039486e-15
1.593609999999999900e+02 2.459288182340303101e-15
1.587040000000000077e+02 2.450480273535758871e-15
1.580449999999999875e+02 2.453975697071697907e-15
1.573859999999999957e+02 2.430972818865300918e-15
1.567270000000000039e+02 2.435460379428070192e-15
1.560680000000000121e+02 2.412515282991525883e-15
1.554089999999999918e+02 2.404489045664618787e-15
1.547500000000000000e+02 2.402998782735547182e-15
1.540910000000000082e+02 2.380133940530723099e-15
1.534319999999999879e+02 2.370486360169724068e-15
1.527729999999999961e+02 2.359452545212076622e-15
1.521140000000000043e+02 2.331581911260627697e-15
1.514540000000000077e+02 2.317980310878846064e-15
1.507949999999999875e+02 2.304355915897329066e-15
1.501359999999999957e+02 2.368590508231736731e-15
1.494759999999999991e+02 2.381649454182713731e-15
1.488170000000000073e+02 2.379387548953150264e-15
1.481570000000000107e+02 2.416032252892442054e-15
1.474970000000000141e+02 2.400821359748673631e-15
1.468379999999999939e+02 2.414452391266184843e-15
1.461779999999999973e+02 2.415633667902317384e-15
1.455180000000000007e+02 2.443644522116943323e-15
1.448580000000000041e+02 2.443964308481400150e-15
1.441980000000000075e+02 2.383658077431873297e-15
1.435380000000000109e+02 2.396554414514927710e-15
1.428779999999999859e+02 2.398662562409640463e-15
1.422179999999999893e+02 2.420758960761864217e-15
1.415579999999999927e+02 2.419783586871911898e-15
1.408979999999999961e+02 2.412965964029309198e-15
1.402379999999999995e+02 2.403758127192353493e-15
1.395769999999999982e+02 2.390029154042231413e-15
1.389170000000000016e+02 2.408611742267141264e-15
1.382560000000000002e+02 2.460599814636524668e-15
1.375960000000000036e+02 2.484905544401911295e-15
1.369350000000000023e+02 2.502117726540016365e-15
1.362750000000000057e+02 2.500020241870525977e-15
1.356140000000000043e+02 2.522245419345949458e-15
1.349540000000000077e+02 2.540654908565519435e-15
1.342930000000000064e+02 2.586529641887627701e-15
1.336320000000000050e+02 2.630136430408542809e-15
1.329710000000000036e+02 2.650803104813358108e-15
1.323100000000000023e+02 2.657966559354703798e-15
1.316490000000000009e+02 2.702345207100542429e-15
1.309879999999999995e+02 2.706151954122767787e-15
1.303269999999999982e+02 2.702857657299529866e-15
1.296659999999999968e+02 2.743354060088634001e-15
1.290049999999999955e+02 2.751024189849155513e-15
1.283420000000000130e+02 2.739619191253643040e-15
1.276809999999999974e+02 2.734476977317185000e-15
1.270190000000000055e+02 2.753293466857369042e-15
1.263580000000000041e+02 2.711551029073321412e-15
1.256959999999999980e+02 2.661336492476789160e-15
1.250349999999999966e+02 2.655471924079776582e-15
1.243730000000000047e+02 2.638901737376835175e-15
1.237120000000000033e+02 2.612835448358389235e-15
1.230499999999999972e+02 2.603789227783020608e-15
1.223880000000000052e+02 2.583581040255782110e-15
1.217259999999999991e+02 2.524426560813900642e-15
1.210639999999999930e+02 2.455437511333378035e-15
1.204030000000000058e+02 2.437824716441256939e-15
1.197409999999999997e+02 2.407282241959275225e-15
1.190780000000000030e+02 2.333306004744291500e-15
1.184150000000000063e+02 2.302022686138509886e-15
1.177530000000000001e+02 2.255607224035203481e-15
1.170909999999999940e+02 2.198280406505190214e-15
1.164279999999999973e+02 2.142530802054674590e-15
1.157660000000000053e+02 2.110920593331473086e-15
1.151039999999999992e+02 2.072919193896777151e-15
1.144410000000000025e+02 2.019961969967597372e-15
1.137789999999999964e+02 1.969990068105620228e-15
1.131159999999999997e+02 1.948709576332636674e-15
1.124539999999999935e+02 1.916211629096684975e-15
1.117890000000000015e+02 1.881843114319684046e-15
1.111269999999999953e+02 1.864625307720683982e-15
1.104639999999999986e+02 1.827549733320887805e-15
1.098010000000000019e+02 1.794344824125199211e-15
1.091380000000000052e+02 1.756210699464755772e-15
1.084749999999999943e+02 1.732444073735955378e-15
1.078119999999999976e+02 1.671116844143471003e-15
1.071490000000000009e+02 1.630850247970354981e-15
1.064849999999999994e+02 1.550366178998823181e-15
1.058209999999999980e+02 1.481663195459461894e-15
1.051580000000000013e+02 1.399465110418483741e-15
1.044950000000000045e+02 1.366705500511566335e-15
1.038319999999999936e+02 1.303022058781481313e-15
1.031680000000000064e+02 1.246539382976654460e-15
1.025049999999999955e+02 1.194142103338349828e-15
1.018400000000000034e+02 1.167716961835973695e-15
1.011760000000000019e+02 1.129103635554722534e-15
1.005130000000000052e+02 1.129176674888515758e-15
9.984900000000000375e+01 1.119988614629817095e-15
9.918529999999999802e+01 1.105798705944616737e-15
9.852150000000000318e+01 1.087843234867813489e-15
9.785769999999999413e+01 1.107140158002587672e-15
9.719230000000000302e+01 1.132031411923334118e-15
9.652830000000000155e+01 1.154338865020440713e-15
9.586430000000000007e+01 1.169509437582057951e-15
9.520029999999999859e+01 1.192593687731795975e-15
9.453610000000000468e+01 1.229237240383126802e-15
9.387199999999999989e+01 1.264517549899329844e-15
9.320619999999999550e+01 1.283414709898584656e-15
9.254200000000000159e+01 1.306125326348171411e-15
9.187760000000000105e+01 1.298432867219128594e-15
9.121320000000000050e+01 1.299437411605494390e-15
9.054879999999999995e+01 1.289419975515777929e-15
8.988280000000000314e+01 1.304211711583805342e-15
8.921819999999999595e+01 1.296714812338032700e-15
8.855360000000000298e+01 1.278009882481450582e-15
8.788890000000000668e+01 1.258558516144844599e-15
8.722419999999999618e+01 1.270023117499531128e-15
8.655939999999999657e+01 1.276064635906533142e-15
8.589300000000000068e+01 1.289393001953132320e-15
8.522809999999999775e+01 1.285512367249523671e-15
8.456319999999999482e+01 1.290533206625712463e-15
8.389820000000000277e+01 1.276741302805405998e-15
8.323160000000000025e+01 1.276513454631972010e-15
8.256650000000000489e+01 1.268163073954996472e-15
8.190130000000000621e+01 1.270159751685142341e-15
8.123609999999999332e+01 1.261947566581912013e-15
8.057080000000000553e+01 1.234165907123704910e-15
7.990389999999999304e+01 1.226137273692052979e-15
7.923850000000000193e+01 1.224595081452176883e-15
7.857299999999999329e+01 1.226417973862784714e-15
7.790749999999999886e+01 1.222541487505893846e-15
7.724039999999999395e+01 1.212562038474367023e-15
7.657479999999999620e+01 1.208661974527206906e-15
7.590909999999999513e+01 1.184266335240566962e-15
7.524339999999999407e+01 1.180238159690163402e-15
7.457760000000000389e+01 1.168932467193858065e-15
7.391020000000000323e+01 1.137744787104263145e-15
7.324429999999999552e+01 1.118334382584013657e-15
7.257829999999999870e+01 1.085145788580978722e-15
7.191230000000000189e+01 1.060174257082900299e-15
7.124469999999999459e+01 1.045226975014810842e-15
7.057850000000000534e+01 1.023336629288368178e-15
6.991230000000000189e+01 1.017122083691835381e-15
6.924609999999999843e+01 9.900713940491556572e-16
6.857829999999999870e+01 9.751336181408473975e-16
6.791190000000000282e+01 9.581705914151121763e-16
6.724550000000000693e+01 9.364786490724885378e-16
6.657750000000000057e+01 9.200365418553332919e-16
6.591100000000000136e+01 8.951830522357561758e-16
6.524439999999999884e+01 8.793995890752399818e-16
6.457769999999999300e+01 8.587750227431492483e-16
6.390950000000000131e+01 8.354058080157968666e-16
6.324269999999999925e+01 8.194852081936268609e-16
6.257589999999999719e+01 8.078706118651394744e-16
6.190899999999999892e+01 7.946937023835630709e-16
6.124060000000000059e+01 7.787594506374983743e-16
6.057359999999999900e+01 7.646355794634425916e-16
5.990659999999999741e+01 7.511925316831872111e-16
5.923799999999999955e+01 7.260660734684481470e-16
5.857079999999999842e+01 7.002017777032600642e-16
5.790359999999999729e+01 6.872343642299939844e-16
5.723629999999999995e+01 6.687734897819375281e-16
5.656750000000000256e+01 6.458867654269139896e-16
5.590010000000000190e+01 6.329045067386253422e-16
5.523270000000000124e+01 6.153513631388932027e-16
5.456360000000000099e+01 6.014279456703183511e-16
5.389609999999999701e+01 5.901215079580284555e-16
5.322849999999999682e+01 5.833068605765054458e-16
5.255930000000000035e+01 5.793817298635836086e-16
5.189159999999999684e+01 5.599427504506206018e-16
5.122379999999999711e+01 5.495156390290732514e-16
5.055440000000000111e+01 5.374567808022152836e-16
4.988660000000000139e+01 5.221305251526723631e-16
4.921860000000000213e+01 5.065121374694446861e-16
4.854910000000000281e+01 4.919309203817725093e-16
4.788100000000000023e+01 4.822784542214514804e-16
4.721289999999999765e+01 4.693279670502577240e-16
4.654319999999999879e+01 4.535815922990218832e-16
4.587500000000000000e+01 4.425873641705897613e-16
4.520669999999999789e+01 4.246311263210085292e-16
4.453679999999999950e+01 4.119492725828541607e-16
4.386840000000000117e+01 4.002553309422145999e-16
4.320000000000000284e+01 3.929280130905817717e-16
4.252989999999999782e+01 3.790223960581142256e-16
4.186129999999999995e+01 3.644614648316207877e-16
4.119270000000000209e+01 3.474784493052565226e-16
4.052250000000000085e+01 3.353622990500700376e-16
3.985379999999999967e+01 3.253120746240380393e-16
3.918500000000000227e+01 3.169423239146571663e-16
3.851460000000000150e+01 3.062143305582288993e-16
3.784570000000000078e+01 2.950467444485335968e-16
3.717519999999999669e+01 2.824449933005286498e-16
3.650619999999999976e+01 2.709620600488784557e-16
3.583709999999999951e+01 2.620865276741799149e-16
3.516640000000000299e+01 2.530193835303262784e-16
3.449719999999999942e+01 2.418888792310815246e-16
3.382800000000000296e+01 2.326792413027145501e-16
3.315709999999999980e+01 2.215691782724096985e-16
3.248780000000000001e+01 2.086766757979893106e-16
3.181680000000000064e+01 1.990720697716212629e-16
3.114730000000000132e+01 1.909644437881000485e-16
3.047779999999999845e+01 1.841196193426436044e-16
2.980669999999999931e+01 1.723454152767864102e-16
2.913700000000000045e+01 1.645109801459842878e-16
2.846730000000000160e+01 1.574162412475420459e-16
2.779599999999999937e+01 1.476429369985764243e-16
2.712620000000000076e+01 1.397509271260195915e-16
2.645479999999999876e+01 1.325723399370438465e-16
2.578490000000000038e+01 1.248648392092876755e-16
2.511329999999999885e+01 1.161327201659424174e-16
2.444330000000000069e+01 1.075604125882558758e-16
2.377319999999999922e+01 1.015306647868662003e-16
2.310150000000000148e+01 9.325109706821036327e-17
2.243130000000000024e+01 8.644710262435479669e-17
2.175949999999999918e+01 7.995674032823798885e-17
2.108909999999999840e+01 7.345129265755943944e-17
2.041870000000000118e+01 6.789502128817686232e-17
1.974680000000000035e+01 6.138371602696070440e-17
1.907629999999999981e+01 5.617905371522930940e-17
1.840419999999999945e+01 5.144873549038810577e-17
1.773349999999999937e+01 4.652480032307451466e-17
1.706129999999999924e+01 4.285306629778488451e-17
1.639059999999999917e+01 3.845818748447793522e-17
1.571979999999999933e+01 3.480396334324090967e-17
1.504739999999999966e+01 3.172555105031239082e-17
1.437650000000000006e+01 2.856380940263599188e-17
1.370410000000000039e+01 2.599916013250048016e-17
1.303299999999999947e+01 2.309367035630129972e-17
1.236040000000000028e+01 2.057391534701313752e-17
1.168929999999999936e+01 1.818534538293588276e-17
1.101660000000000039e+01 1.630521170032071119e-17
1.034529999999999994e+01 1.505329445375232400e-17
9.672489999999999810e+00 1.363824601759548341e-17
9.001129999999999853e+00 1.227069532990885189e-17
8.329710000000000392e+00 1.083527506344035223e-17
7.656710000000000349e+00 9.715293623252349211e-18
6.985170000000000101e+00 9.228795240068932385e-18
6.312050000000000161e+00 8.505813318024338591e-18
5.640399999999999636e+00 7.597457882340393261e-18
4.967170000000000307e+00 6.427153465478678291e-18
4.295410000000000394e+00 5.149922913530486538e-18
3.622059999999999835e+00 3.906141163899450486e-18
2.950180000000000025e+00 2.743190354797093924e-18
2.276720000000000077e+00 1.735218381894130767e-18
1.604729999999999990e+00 8.995763499020370753e-19
9.311519999999999797e-01 3.048872679185755668e-19
2.590439999999999965e-01 2.360532528298482120e-20
