4.498670000000000186e+02 1.160858018028328010e-15
4.492339999999999804e+02 9.181214092941846123e-16
4.486009999999999991e+02 8.070434480061437725e-16
4.479680000000000177e+02 1.129618049991226248e-15
4.473360000000000127e+02 1.094134600620678967e-15
4.467029999999999745e+02 1.037154380567680184e-15
4.460690000000000168e+02 1.227582726998219209e-15
4.454359999999999786e+02 1.106412811018842311e-15
4.448029999999999973e+02 1.071351391823821456e-15
4.441689999999999827e+02 1.164204694241683205e-15
4.435360000000000014e+02 1.277747801366851508e-15
4.429019999999999868e+02 1.496576180996134948e-15
4.422699999999999818e+02 1.291698955622227111e-15
4.416360000000000241e+02 1.456539974396740516e-15
4.410029999999999859e+02 1.441959118112150370e-15
4.403690000000000282e+02 1.312298835451629631e-15
4.397350000000000136e+02 1.308628710574123660e-15
4.391009999999999991e+02 1.273749149888793484e-15
4.384669999999999845e+02 1.031325784498518861e-15
4.378330000000000268e+02 1.100840995858690651e-15
4.371990000000000123e+02 1.015175924514501280e-15
4.365649999999999977e+02 1.084340810830041650e-15
4.359329999999999927e+02 8.452026555763565913e-16
4.352980000000000018e+02 6.994837182877200150e-16
4.346639999999999873e+02 6.873068245417286118e-16
4.340299999999999727e+02 7.158601414041938436e-16
4.333960000000000150e+02 7.138159730798002089e-16
4.327610000000000241e+02 9.748966194395848730e-16
4.321270000000000095e+02 8.812616968558113887e-16
4.314920000000000186e+02 7.277966209488268398e-16
4.308580000000000041e+02 6.554727474016476600e-16
4.302230000000000132e+02 7.236364901943090643e-16
4.295889999999999986e+02 8.312828798634601529e-16
4.289540000000000077e+02 6.895615307850071499e-16
4.283190000000000168e+02 7.768700683231319097e-16
4.276859999999999786e+02 7.747533316136305705e-16
4.270509999999999877e+02 6.639525614801600333e-16
4.264159999999999968e+02 5.538499143369664839e-16
4.257810000000000059e+02 6.600520420704180769e-16
4.251460000000000150e+02 7.363246037253911499e-16
4.245110000000000241e+02 8.803449261353716311e-16
4.238759999999999764e+02 8.874663640189832931e-16
4.232409999999999854e+02 9.721105955884959788e-16
4.226050000000000182e+02 8.533256989895217274e-16
4.219700000000000273e+02 8.701034874853027733e-16
4.213349999999999795e+02 8.963544927998669748e-16
4.206990000000000123e+02 1.027745669484391417e-15
4.200640000000000214e+02 1.034258921965677849e-15
4.194289999999999736e+02 1.145388791164941942e-15
4.187930000000000064e+02 9.237227201109864709e-16
4.181569999999999823e+02 8.736655925293013112e-16
4.175219999999999914e+02 9.276981454211182147e-16
4.168860000000000241e+02 1.131834808127728586e-15
4.162500000000000000e+02 1.231619059606773206e-15
4.156150000000000091e+02 1.246664589662966662e-15
4.149789999999999850e+02 1.280202029288162690e-15
4.143430000000000177e+02 1.313521361625380295e-15
4.137069999999999936e+02 1.179845788899263332e-15
4.130710000000000264e+02 1.370308907036516780e-15
4.124350000000000023e+02 1.458289326697832391e-15
4.117989999999999782e+02 1.527373724326844210e-15
4.111630000000000109e+02 1.467806990544419763e-15
4.105260000000000105e+02 1.408612315166702879e-15
4.098899999999999864e+02 1.449841767787535446e-15
4.092540000000000191e+02 1.245890227414775585e-15
4.086170000000000186e+02 1.260165456651396838e-15
4.079809999999999945e+02 1.337480950496656589e-15
4.073439999999999941e+02 1.279457668797810210e-15
4.067080000000000268e+02 1.221776400184483961e-15
4.060710000000000264e+02 1.360946204427177577e-15
4.054350000000000023e+02 1.160836221921899886e-15
4.047980000000000018e+02 1.183925586881697624e-15
4.041610000000000014e+02 1.144869811320190515e-15
4.035240000000000009e+02 1.229608893610544655e-15
4.028879999999999768e+02 1.041078818292414293e-15
4.022509999999999764e+02 1.125526326888892767e-15
4.016139999999999759e+02 9.297185638570891605e-16
4.009769999999999754e+02 9.442651274462414447e-16
4.003399999999999750e+02 7.414573932250860355e-16
3.997029999999999745e+02 8.950677586714321921e-16
3.990649999999999977e+02 8.404418771118654094e-16
3.984279999999999973e+02 6.743540926527684908e-16
3.977909999999999968e+02 6.293747431848538778e-16
3.971519999999999868e+02 6.100840672132488664e-16
3.965149999999999864e+02 4.803870645847197941e-16
3.958770000000000095e+02 5.468413219277174896e-16
3.952400000000000091e+02 3.587334551447001964e-16
3.946019999999999754e+02 4.927510541142537398e-16
3.939649999999999750e+02 3.480314112080112014e-16
3.933269999999999982e+02 3.301409592539554582e-16
3.926890000000000214e+02 5.215131663938909800e-16
3.920520000000000209e+02 4.865136440300574797e-16
3.914139999999999873e+02 6.345751290979769371e-16
3.907760000000000105e+02 6.407655708261022061e-16
3.901379999999999768e+02 8.534067675437022901e-16
3.895000000000000000e+02 1.040133429825162564e-15
3.888609999999999900e+02 9.384755909892006343e-16
3.882230000000000132e+02 9.599341835518334435e-16
3.875849999999999795e+02 1.054688802845588529e-15
3.869460000000000264e+02 1.140682800152952160e-15
3.863079999999999927e+02 1.242332656518819272e-15
3.856700000000000159e+02 1.302907779497493542e-15
3.850319999999999823e+02 1.371120797675608264e-15
3.843929999999999723e+02 1.238262982091800162e-15
3.837549999999999955e+02 1.314165144333009329e-15
3.831159999999999854e+02 1.270123491748011223e-15
3.824759999999999991e+02 1.249973358750173217e-15
3.818380000000000223e+02 1.198404962035409838e-15
3.811990000000000123e+02 9.971822934890339120e-16
3.805600000000000023e+02 1.104092814964766362e-15
3.799220000000000255e+02 1.053414721743575311e-15
3.792830000000000155e+02 9.326838028208432465e-16
3.786440000000000055e+02 1.007476430597407919e-15
3.780049999999999955e+02 9.263984247253149977e-16
3.773650000000000091e+02 9.544820984149201854e-16
3.767259999999999991e+02 1.236689502914681770e-15
3.760860000000000127e+02 1.209477636204931306e-15
3.754470000000000027e+02 1.458247631189694357e-15
3.748079999999999927e+02 1.438029787797235352e-15
3.741689999999999827e+02 1.509269978336699771e-15
3.735299999999999727e+02 1.587709165480406105e-15
3.728890000000000100e+02 1.605197594066321164e-15
3.722500000000000000e+02 1.479173272075930007e-15
3.716100000000000136e+02 1.669445438841178292e-15
3.709710000000000036e+02 1.529126531021024340e-15
3.703310000000000173e+02 1.464465688286215360e-15
3.696909999999999741e+02 1.414809964938028088e-15
3.690500000000000114e+02 1.446979165737233360e-15
3.684110000000000014e+02 1.368255982985270946e-15
3.677710000000000150e+02 1.334150798661275088e-15
3.671309999999999718e+02 1.270923310444499007e-15
3.664909999999999854e+02 1.456627641516565760e-15
3.658509999999999991e+02 1.342324043610094285e-15
3.652099999999999795e+02 1.337792990699579448e-15
3.645699999999999932e+02 1.499487874303441169e-15
3.639300000000000068e+02 1.465512736502303084e-15
3.632900000000000205e+02 1.446033214384029365e-15
3.626490000000000009e+02 1.476776415766730361e-15
3.620079999999999814e+02 1.436101055199395453e-15
3.613670000000000186e+02 1.409775427530744314e-15
3.607269999999999754e+02 1.305767806241208654e-15
3.600869999999999891e+02 1.343597156045158362e-15
3.594460000000000264e+02 1.212406870835229641e-15
3.588039999999999736e+02 1.116774517047512714e-15
3.581639999999999873e+02 1.078032483604988860e-15
3.575230000000000246e+02 9.907485664270636149e-16
3.568829999999999814e+02 1.111994209762537664e-15
3.562420000000000186e+02 1.073547735762025311e-15
3.556000000000000227e+02 1.090521685241076002e-15
3.549590000000000032e+02 1.141544478985090203e-15
3.543179999999999836e+02 1.028077964590833927e-15
3.536770000000000209e+02 1.058578544929133668e-15
3.530350000000000250e+02 1.210919245640121281e-15
3.523940000000000055e+02 1.247205960031231737e-15
3.517520000000000095e+02 1.242750318439981284e-15
3.511109999999999900e+02 1.003147777058714115e-15
3.504689999999999941e+02 1.086615911025747987e-15
3.498269999999999982e+02 1.116047632034500766e-15
3.491859999999999786e+02 1.092099253622076021e-15
3.485450000000000159e+02 1.068372924343081514e-15
3.479019999999999868e+02 1.044584941841582573e-15
3.472599999999999909e+02 9.751333476371625191e-16
3.466190000000000282e+02 9.584880453721166125e-16
3.459769999999999754e+02 9.288855325125584770e-16
3.453340000000000032e+02 1.010063997815865585e-15
3.446929999999999836e+02 1.058205521913547500e-15
3.440509999999999877e+02 1.015578820438000466e-15
3.434089999999999918e+02 9.989839183461195839e-16
3.427660000000000196e+02 9.312603309814275811e-16
3.421240000000000236e+02 1.061944026908825784e-15
3.414820000000000277e+02 1.089826778815823332e-15
3.408399999999999750e+02 1.079401083298365052e-15
3.401970000000000027e+02 1.132316090099305303e-15
3.395539999999999736e+02 1.140671756934600053e-15
3.389119999999999777e+02 1.105048882195896965e-15
3.382690000000000055e+02 1.132277583467755795e-15
3.376259999999999764e+02 1.283509064858353315e-15
3.369839999999999804e+02 1.377882759238493156e-15
3.363419999999999845e+02 1.317201620487766197e-15
3.356979999999999791e+02 1.232246221517489663e-15
3.350550000000000068e+02 1.209243516680859320e-15
3.344130000000000109e+02 1.149816589614113146e-15
3.337690000000000055e+02 1.163625591581373785e-15
3.331259999999999764e+02 1.189547900069327814e-15
3.324830000000000041e+02 1.347938556629606013e-15
3.318389999999999986e+02 1.270825583569877013e-15
3.311960000000000264e+02 1.367711343964731337e-15
3.305539999999999736e+02 1.320709711337934099e-15
3.299110000000000014e+02 1.398867836542207869e-15
3.292660000000000196e+02 1.446848323774319732e-15
3.286229999999999905e+02 1.523891489495682925e-15
3.279800000000000182e+02 1.494596117937962142e-15
3.273360000000000127e+02 1.447744562313839772e-15
3.266929999999999836e+02 1.308104647968714770e-15
3.260489999999999782e+02 1.279820339424648929e-15
3.254049999999999727e+02 1.245914375975373031e-15
3.247610000000000241e+02 1.310251457559032311e-15
3.241179999999999950e+02 1.259240242566182356e-15
3.234730000000000132e+02 1.288609528622541904e-15
3.228290000000000077e+02 1.289220220682879053e-15
3.221840000000000259e+02 1.392071498671550035e-15
3.215409999999999968e+02 1.397847589806283830e-15
3.208969999999999914e+02 1.510478496301094242e-15
3.202520000000000095e+02 1.571941154436484360e-15
3.196080000000000041e+02 1.560088690332947337e-15
3.189639999999999986e+02 1.603973922559929165e-15
3.183190000000000168e+02 1.669652702673353101e-15
3.176750000000000114e+02 1.563697786156240876e-15
3.170310000000000059e+02 1.398231263232326806e-15
3.163860000000000241e+02 1.392432070632209744e-15
3.157420000000000186e+02 1.354251778098276195e-15
3.150980000000000132e+02 1.267365892953934302e-15
3.144519999999999982e+02 1.240554284515415595e-15
3.138079999999999927e+02 1.197872411032913404e-15
3.131619999999999777e+02 1.171564803820700251e-15
3.125179999999999723e+02 1.134731517045283144e-15
3.118729999999999905e+02 1.146042495462615966e-15
3.112269999999999754e+02 1.332277611086003965e-15
3.105830000000000268e+02 1.247657513522717831e-15
3.099370000000000118e+02 1.210989273646743545e-15
3.092919999999999732e+02 1.221793620187584634e-15
3.086469999999999914e+02 1.185498092474522735e-15
3.080009999999999764e+02 1.289689818396088887e-15
3.073570000000000277e+02 1.346392705664043861e-15
3.067099999999999795e+02 1.361550703041792903e-15
3.060649999999999977e+02 1.335340518079696040e-15
3.054200000000000159e+02 1.324637203401554098e-15
3.047740000000000009e+02 1.314122300518556851e-15
3.041290000000000191e+02 1.303657725355771912e-15
3.034820000000000277e+02 1.439387170232700381e-15
3.028369999999999891e+02 1.523782069279092070e-15
3.021920000000000073e+02 1.587302687888854474e-15
3.015450000000000159e+02 1.535929560387419227e-15
3.008999999999999773e+02 1.430216112497174208e-15
3.002529999999999859e+02 1.567490513641572511e-15
2.996080000000000041e+02 1.501835621696316560e-15
2.989610000000000127e+02 1.426804790797579354e-15
2.983149999999999977e+02 1.547670149793751463e-15
2.976700000000000159e+02 1.477990321513239455e-15
2.970230000000000246e+02 1.481275097567017261e-15
2.963770000000000095e+02 1.383373014287618453e-15
2.957300000000000182e+02 1.348784662655360778e-15
2.950840000000000032e+02 1.385948058686745507e-15
2.944370000000000118e+02 1.280156028676658423e-15
2.937909999999999968e+02 1.317240518585689333e-15
2.931429999999999723e+02 1.537677634270661414e-15
2.924970000000000141e+02 1.526334852216166474e-15
2.918500000000000227e+02 1.449636202704093618e-15
2.912040000000000077e+02 1.420042603758510844e-15
2.905570000000000164e+02 1.483162198303935666e-15
2.899100000000000250e+02 1.564418941469377762e-15
2.892629999999999768e+02 1.685974471425689623e-15
2.886159999999999854e+02 1.756351127465677083e-15
2.879689999999999941e+02 1.803199913570559792e-15
2.873210000000000264e+02 1.804301188922527564e-15
2.866750000000000114e+02 1.778246525776093475e-15
2.860269999999999868e+02 1.869137483926681667e-15
2.853799999999999955e+02 1.896572562458895124e-15
2.847320000000000277e+02 1.870305002214283580e-15
2.840849999999999795e+02 1.954929219568566192e-15
2.834370000000000118e+02 1.990318307041392829e-15
2.827900000000000205e+02 2.073485106821601500e-15
2.821419999999999959e+02 2.142885933930255250e-15
2.814950000000000045e+02 2.172247404186425483e-15
2.808469999999999800e+02 2.249156533246375500e-15
2.801990000000000123e+02 2.169966814211289193e-15
2.795509999999999877e+02 2.117150406196209373e-15
2.789039999999999964e+02 2.137529553987457513e-15
2.782549999999999955e+02 2.131897846253977421e-15
2.776080000000000041e+02 2.130632159459696621e-15
2.769590000000000032e+02 2.095542169702620473e-15
2.763120000000000118e+02 2.131997251154595394e-15
2.756630000000000109e+02 2.088827006721386605e-15
2.750149999999999864e+02 2.120608724634562347e-15
2.743659999999999854e+02 2.292867413255894205e-15
2.737189999999999941e+02 2.422111459812317725e-15
2.730699999999999932e+02 2.451882373888565077e-15
2.724220000000000255e+02 2.411803205449803832e-15
2.717730000000000246e+02 2.351833216412094163e-15
2.711240000000000236e+02 2.304390076488171450e-15
2.704759999999999991e+02 2.229274724928372979e-15
2.698260000000000218e+02 2.262737643232484757e-15
2.691779999999999973e+02 2.331721509340323426e-15
2.685289999999999964e+02 2.213614639842967814e-15
2.678809999999999718e+02 2.179324176250976923e-15
2.672309999999999945e+02 2.137618812548909012e-15
2.665830000000000268e+02 2.178152893216804748e-15
2.659329999999999927e+02 2.323291495320233803e-15
2.652839999999999918e+02 2.381862472183885255e-15
2.646349999999999909e+02 2.478229257517017086e-15
2.639850000000000136e+02 2.408783280782403948e-15
2.633369999999999891e+02 2.374155067376124785e-15
2.626870000000000118e+02 2.431011591011656666e-15
2.620380000000000109e+02 2.370145372259576606e-15
2.613879999999999768e+02 2.459999298367318512e-15
2.607400000000000091e+02 2.403226180034501327e-15
2.600899999999999750e+02 2.290836008804686298e-15
2.594390000000000214e+02 2.342522119725940712e-15
2.587900000000000205e+02 2.290378581439303754e-15
2.581399999999999864e+02 2.290066446977664433e-15
2.574909999999999854e+02 2.264146710738767568e-15
2.568410000000000082e+02 2.365463396167730055e-15
2.561899999999999977e+02 2.440455197929294453e-15
2.555409999999999968e+02 2.388674053946327443e-15
2.548899999999999864e+02 2.433953569420563311e-15
2.542410000000000139e+02 2.425364910150761115e-15
2.535910000000000082e+02 2.338720394025808645e-15
2.529399999999999977e+02 2.333900933731607264e-15
2.522899999999999920e+02 2.360788176117829493e-15
2.516399999999999864e+02 2.428977422197509658e-15
2.509900000000000091e+02 2.315949031515393783e-15
2.503389999999999986e+02 2.317916537176876101e-15
2.496879999999999882e+02 2.364512646325002878e-15
2.490380000000000109e+02 2.369367741435813321e-15
2.483870000000000005e+02 2.435452255916017150e-15
2.477359999999999900e+02 2.493891880828514220e-15
2.470860000000000127e+02 2.457456014935257227e-15
2.464350000000000023e+02 2.525030969732472965e-15
2.457849999999999966e+02 2.412006660516893349e-15
2.451330000000000098e+02 2.462368095768920240e-15
2.444819999999999993e+02 2.409912804624808321e-15
2.438319999999999936e+02 2.364580188452986792e-15
2.431800000000000068e+02 2.329234782034754403e-15
2.425289999999999964e+02 2.316951135448999613e-15
2.418779999999999859e+02 2.401427176060567252e-15
2.412270000000000039e+02 2.456141571266313667e-15
2.405749999999999886e+02 2.392039519244204398e-15
2.399240000000000066e+02 2.487166960572628904e-15
2.392719999999999914e+02 2.473918339369212303e-15
2.386200000000000045e+02 2.514033204793867258e-15
2.379699999999999989e+02 2.494263551186327070e-15
2.373180000000000121e+02 2.555368892087048030e-15
2.366670000000000016e+02 2.541623007363462300e-15
2.360149999999999864e+02 2.530813140367699926e-15
2.353629999999999995e+02 2.572108116640324080e-15
2.347100000000000080e+02 2.658393475639727105e-15
2.340600000000000023e+02 2.634740878144911671e-15
2.334070000000000107e+02 2.614278693230669191e-15
2.327549999999999955e+02 2.704599298001758072e-15
2.321040000000000134e+02 2.769928266647432210e-15
2.314509999999999934e+02 2.745752830001222715e-15
2.307980000000000018e+02 2.806911069004328453e-15
2.301469999999999914e+02 2.791305659761965545e-15
2.294939999999999998e+02 2.746607566404603444e-15
2.288420000000000130e+02 2.682060880017057421e-15
2.281899999999999977e+02 2.767633766183860602e-15
2.275370000000000061e+02 2.829234515083480811e-15
2.268839999999999861e+02 2.858802763126558814e-15
2.262330000000000041e+02 2.913171951751950426e-15
2.255800000000000125e+02 2.986591047397148404e-15
2.249269999999999925e+02 2.972384399178165488e-15
2.242729999999999961e+02 2.977677671668457308e-15
2.236220000000000141e+02 3.032383523343689044e-15
2.229679999999999893e+02 3.039704454712210582e-15
2.223149999999999977e+02 3.052125117141277187e-15
2.216630000000000109e+02 2.999278239195432497e-15
2.210099999999999909e+02 2.941264444506838459e-15
2.203559999999999945e+02 2.881138189903234815e-15
2.197019999999999982e+02 2.848309439080752647e-15
2.190500000000000114e+02 2.850206939682830565e-15
2.183969999999999914e+02 2.838692055557917545e-15
2.177429999999999950e+02 2.819322899672693424e-15
2.170889999999999986e+02 2.826097782247738765e-15
2.164370000000000118e+02 2.770464305887678032e-15
2.157829999999999870e+02 2.800347504761544597e-15
2.151289999999999907e+02 2.763092815641231488e-15
2.144749999999999943e+02 2.822870143704394205e-15
2.138220000000000027e+02 2.813511722077588181e-15
2.131680000000000064e+02 2.809081694658643293e-15
2.125140000000000100e+02 2.814589501900638806e-15
2.118600000000000136e+02 2.760271291534408957e-15
2.112069999999999936e+02 2.802728854405655526e-15
2.105529999999999973e+02 2.770875250489523927e-15
2.098979999999999961e+02 2.741703196601841801e-15
2.092439999999999998e+02 2.695692497055232108e-15
2.085910000000000082e+02 2.681540329626463834e-15
2.079360000000000070e+02 2.662548991047565897e-15
2.072820000000000107e+02 2.638884350112951869e-15
2.066270000000000095e+02 2.572799690696416636e-15
2.059739999999999895e+02 2.603744578093446201e-15
2.053189999999999884e+02 2.585036741331807133e-15
2.046639999999999873e+02 2.547919434973040183e-15
2.040089999999999861e+02 2.541039880103017731e-15
2.033540000000000134e+02 2.527216357467217247e-15
2.027009999999999934e+02 2.447536981355882764e-15
2.020459999999999923e+02 2.413806334840668182e-15
2.013909999999999911e+02 2.353419047947894774e-15
2.007350000000000136e+02 2.391866354417008341e-15
2.000800000000000125e+02 2.360938847069892398e-15
1.994259999999999877e+02 2.303815846376382016e-15
1.987709999999999866e+02 2.291056602529915596e-15
1.981160000000000139e+02 2.263139480232997981e-15
1.974600000000000080e+02 2.282891709664822066e-15
1.968050000000000068e+02 2.227133813532381938e-15
1.961510000000000105e+02 2.206212716795004784e-15
1.954950000000000045e+02 2.244599652274953260e-15
1.948389999999999986e+02 2.189723000687889731e-15
1.941839999999999975e+02 2.154280757425164941e-15
1.935279999999999916e+02 2.162747206839846484e-15
1.928739999999999952e+02 2.177149054484487346e-15
1.922179999999999893e+02 2.158457361274029349e-15
1.915620000000000118e+02 2.200890556780048119e-15
1.909060000000000059e+02 2.262862671170154621e-15
1.902500000000000000e+02 2.281685367677272282e-15
1.895939999999999941e+02 2.236213573694771899e-15
1.889389999999999930e+02 2.278328222266997715e-15
1.882829999999999870e+02 2.306003051599264264e-15
1.876270000000000095e+02 2.337016716932945145e-15
1.869699999999999989e+02 2.313146218984848051e-15
1.863139999999999930e+02 2.297118803267791969e-15
1.856570000000000107e+02 2.246657727883468167e-15
1.850010000000000048e+02 2.208205444377371488e-15
1.843460000000000036e+02 2.226707867088348553e-15
1.836889999999999930e+02 2.257888572417293411e-15
1.830329999999999870e+02 2.286557787503563115e-15
1.823760000000000048e+02 2.296235839402902479e-15
1.817189999999999941e+02 2.268925489311631291e-15
1.810620000000000118e+02 2.365622651372100765e-15
1.804050000000000011e+02 2.433623565764816859e-15
1.797500000000000000e+02 2.453730400505518302e-15
1.790929999999999893e+02 2.507322132336614577e-15
1.784360000000000070e+02 2.498014697152194067e-15
1.777789999999999964e+02 2.513219116658138690e-15
1.771220000000000141e+02 2.512263866701460971e-15
1.764650000000000034e+02 2.512913478312237032e-15
1.758069999999999879e+02 2.520146748771806613e-15
1.751500000000000057e+02 2.486220311340906103e-15
1.744939999999999998e+02 2.496514630948473073e-15
1.738369999999999891e+02 2.536750786464897651e-15
1.731790000000000020e+02 2.556126572446328083e-15
1.725219999999999914e+02 2.584961124481819257e-15
1.718640000000000043e+02 2.624605810434050429e-15
1.712059999999999889e+02 2.651987904774617223e-15
1.705490000000000066e+02 2.670722743054159046e-15
1.698909999999999911e+02 2.674418934740454875e-15
1.692330000000000041e+02 2.652365839439189815e-15
1.685749999999999886e+02 2.627239406126609511e-15
1.679190000000000111e+02 2.644668402325880186e-15
1.672609999999999957e+02 2.619513912278671984e-15
1.666030000000000086e+02 2.657810921872086365e-15
1.659449999999999932e+02 2.604898668434583659e-15
1.652870000000000061e+02 2.540422676543966731e-15
1.646279999999999859e+02 2.532453803734970886e-15
1.639699999999999989e+02 2.549834702102936923e-15
1.633120000000000118e+02 2.583050444736518046e-15
1.626539999999999964e+02 2.575739169448365812e-15
1.619950000000000045e+02 2.531731281865265149e-15
1.613369999999999891e+02 2.509961907673496069e-15
1.606779999999999973e+02 2.462375644985798910e-15
1.600190000000000055e+02 2.453802174569353100e-15
1.593609999999999900e+02 2.459324376874452921e-15
1.587040000000000077e+02 2.450516203763235432e-15
1.580449999999999875e+02 2.454011362910207636e-15
1.573859999999999957e+02 2.431008221040701948e-15
1.567270000000000039e+02 2.435495518668697680e-15
1.560680000000000121e+02 2.412550160028197928e-15
1.554089999999999918e+02 2.404523661230646681e-15
1.547500000000000000e+02 2.403033137566738962e-15
1.540910000000000082e+02 2.380168035365389859e-15
1.534319999999999879e+02 2.370520195748693760e-15
1.527729999999999961e+02 2.359486122278693273e-15
1.521140000000000043e+02 2.331615230560765602e-15
1.514540000000000077e+02 2.318013372771465335e-15
1.507949999999999875e+02 2.304388721523963103e-15
1.501359999999999957e+02 2.368623058345881410e-15
1.494759999999999991e+02 2.381681749154420153e-15
1.488170000000000073e+02 2.379419589928192351e-15
1.481570000000000107e+02 2.416064040248317754e-15
1.474970000000000141e+02 2.400852894251473380e-15
1.468379999999999939e+02 2.414483674065961343e-15
1.461779999999999973e+02 2.415664699387827601e-15
1.455180000000000007e+02 2.443675303062083865e-15
1.448580000000000041e+02 2.443994839662688615e-15
1.441980000000000075e+02 2.383688359628451430e-15
1.435380000000000109e+02 2.396584448508570868e-15
1.428779999999999859e+02 2.398692348984765503e-15
1.422179999999999893e+02 2.420788500705535413e-15
1.415579999999999927e+02 2.419812880973849619e-15
1.408979999999999961e+02 2.412995013081893853e-15
1.402379999999999995e+02 2.403786931990640124e-15
1.395769999999999982e+02 2.390057715015685362e-15
1.389170000000000016e+02 2.408640060585662185e-15
1.382560000000000002e+02 2.460627890737393545e-15
1.375960000000000036e+02 2.484933379457998239e-15
1.369350000000000023e+02 2.502145320996473217e-15
1.362750000000000057e+02 2.500047596903203953e-15
1.356140000000000043e+02 2.522272535407909521e-15
1.349540000000000077e+02 2.540681786835614811e-15
1.342930000000000064e+02 2.586556282826880930e-15
1.336320000000000050e+02 2.630162834841643676e-15
1.329710000000000036e+02 2.650829273567765299e-15
1.323100000000000023e+02 2.657992493260651605e-15
1.316490000000000009e+02 2.702370906991042331e-15
1.309879999999999995e+02 2.706177420833629745e-15
1.303269999999999982e+02 2.702882891669357988e-15
1.296659999999999968e+02 2.743379062958837189e-15
1.290049999999999955e+02 2.751048962063959298e-15
1.283420000000000130e+02 2.739643732966043838e-15
1.276809999999999974e+02 2.734501290073688607e-15
1.270190000000000055e+02 2.753317551166255105e-15
1.263580000000000041e+02 2.711574886135894139e-15
1.256959999999999980e+02 2.661360122809635299e-15
1.250349999999999966e+02 2.655495328887331722e-15
1.243730000000000047e+02 2.638924917184037735e-15
1.237120000000000033e+02 2.612858404372816445e-15
1.230499999999999972e+02 2.603811960538016591e-15
1.223880000000000052e+02 2.583603550626817995e-15
1.217259999999999991e+02 2.524448849679363580e-15
1.210639999999999930e+02 2.455459579574579486e-15
1.204030000000000058e+02 2.437846565273707311e-15
1.197409999999999997e+02 2.407303871937546496e-15
1.190780000000000030e+02 2.333327416429937066e-15
1.184150000000000063e+02 2.302043880427317593e-15
1.177530000000000001e+02 2.255628202151803758e-15
1.170909999999999940e+02 2.198301169348612338e-15
1.164279999999999973e+02 2.142551350203790609e-15
1.157660000000000053e+02 2.110940928015790562e-15
1.151039999999999992e+02 2.072939316024298652e-15
1.144410000000000025e+02 2.019981880130318437e-15
1.137789999999999964e+02 1.970009767537961840e-15
1.131159999999999997e+02 1.948729065635409498e-15
1.124539999999999935e+02 1.916230909507605066e-15
1.117890000000000015e+02 1.881862185821528992e-15
1.111269999999999953e+02 1.864644172184185750e-15
1.104639999999999986e+02 1.827568391364652973e-15
1.098010000000000019e+02 1.794363276684366767e-15
1.091380000000000052e+02 1.756228947477546982e-15
1.084749999999999943e+02 1.732462118143691927e-15
1.078119999999999976e+02 1.671134685890579337e-15
1.071490000000000009e+02 1.630867888004373404e-15
1.064849999999999994e+02 1.550383617968325913e-15
1.058209999999999980e+02 1.481680434321128165e-15
1.051580000000000013e+02 1.399482150431341472e-15
1.044950000000000045e+02 1.366722342635708158e-15
1.038319999999999936e+02 1.303038703980155302e-15
1.031680000000000064e+02 1.246555831921446697e-15
1.025049999999999955e+02 1.194158357295145999e-15
1.018400000000000034e+02 1.167733021193765058e-15
1.011760000000000019e+02 1.129119501585801507e-15
1.005130000000000052e+02 1.129192348863963269e-15
9.984900000000000375e+01 1.120004097244581145e-15
9.918529999999999802e+01 1.105813998273081702e-15
9.852150000000000318e+01 1.087858337872477040e-15
9.785769999999999413e+01 1.107155072677942692e-15
9.719230000000000302e+01 1.132046138816802546e-15
9.652830000000000155e+01 1.154353405529794735e-15
9.586430000000000007e+01 1.169523792712204794e-15
9.520029999999999859e+01 1.192607858490932219e-15
9.453610000000000468e+01 1.229251227727668593e-15
9.387199999999999989e+01 1.264531354872075173e-15
9.320619999999999550e+01 1.283428333055025706e-15
9.254200000000000159e+01 1.306138769148530936e-15
9.187760000000000105e+01 1.298446130634965713e-15
9.121320000000000050e+01 1.299450496666180287e-15
9.054879999999999995e+01 1.289432883254038222e-15
8.988280000000000314e+01 1.304224442612459724e-15
8.921819999999999595e+01 1.296727368069743105e-15
8.855360000000000298e+01 1.278022263959717286e-15
8.788890000000000668e+01 1.258570724390579831e-15
8.722419999999999618e+01 1.270035153563356604e-15
8.655939999999999657e+01 1.276076500816822927e-15
8.589300000000000068e+01 1.289404696359578253e-15
8.522809999999999775e+01 1.285523892598663150e-15
8.456319999999999482e+01 1.290544563982552082e-15
8.389820000000000277e+01 1.276752493213387658e-15
8.323160000000000025e+01 1.276524478765550485e-15
8.256650000000000489e+01 1.268173933265611930e-15
8.190130000000000621e+01 1.270170447227823668e-15
8.123609999999999332e+01 1.261958099440050798e-15
8.057080000000000553e+01 1.234176278359995401e-15
7.990389999999999304e+01 1.226147484012505965e-15
7.923850000000000193e+01 1.224605132314587792e-15
7.857299999999999329e+01 1.226427866341614442e-15
7.790749999999999886e+01 1.222551222703205730e-15
7.724039999999999395e+01 1.212571617121644368e-15
7.657479999999999620e+01 1.208671398087254406e-15
7.590909999999999513e+01 1.184275604803469298e-15
7.524339999999999407e+01 1.180247276372994751e-15
7.457760000000000389e+01 1.168941432094584025e-15
7.391020000000000323e+01 1.137753600986828055e-15
7.324429999999999552e+01 1.118343046917720258e-15
7.257829999999999870e+01 1.085154304475884863e-15
7.191230000000000189e+01 1.060182625675255787e-15
7.124469999999999459e+01 1.045235197094770315e-15
7.057850000000000534e+01 1.023344706308663365e-15
6.991230000000000189e+01 1.017130016800439747e-15
6.924609999999999843e+01 9.900791843977453806e-16
6.857829999999999870e+01 9.751412665461065079e-16
6.791190000000000282e+01 9.581780993356379793e-16
6.724550000000000693e+01 9.364860176718177364e-16
6.657750000000000057e+01 9.200437719704488844e-16
6.591100000000000136e+01 8.951901453503325671e-16
6.524439999999999884e+01 8.794065463441459699e-16
6.457769999999999300e+01 8.587818453255550926e-16
6.390950000000000131e+01 8.354124967960983735e-16
6.324269999999999925e+01 8.194917646410017358e-16
6.257589999999999719e+01 8.078770371709888611e-16
6.190899999999999892e+01 7.946999977237139281e-16
6.124060000000000059e+01 7.787656169230968804e-16
6.057359999999999900e+01 7.646416181696922647e-16
5.990659999999999741e+01 7.511984440175740687e-16
5.923799999999999955e+01 7.260718603435503473e-16
5.857079999999999842e+01 7.002074405990224750e-16
5.790359999999999729e+01 6.872399043662753151e-16
5.723629999999999995e+01 6.687789083643787492e-16
5.656750000000000256e+01 6.458920634144695044e-16
5.590010000000000190e+01 6.329096856173772578e-16
5.523270000000000124e+01 6.153564241451260873e-16
5.456360000000000099e+01 6.014328897487684750e-16
5.389609999999999701e+01 5.901263366343696713e-16
5.322849999999999682e+01 5.833115750822794927e-16
5.255930000000000035e+01 5.793863311825864157e-16
5.189159999999999684e+01 5.599472400952577757e-16
5.122379999999999711e+01 5.495200182442022077e-16
5.055440000000000111e+01 5.374610505935105155e-16
4.988660000000000139e+01 5.221346870529367579e-16
4.921860000000000213e+01 5.065161927207235673e-16
4.854910000000000281e+01 4.919348700275013667e-16
4.788100000000000023e+01 4.822822997668733596e-16
4.721289999999999765e+01 4.693317097825208735e-16
4.654319999999999879e+01 4.535852332677926107e-16
4.587500000000000000e+01 4.425909049009945486e-16
4.520669999999999789e+01 4.246345680981996097e-16
4.453679999999999950e+01 4.119526164789972891e-16
4.386840000000000117e+01 4.002585784868684728e-16
4.320000000000000284e+01 3.929311655968254819e-16
4.252989999999999782e+01 3.790254546065067613e-16
4.186129999999999995e+01 3.644644309561897427e-16
4.119270000000000209e+01 3.474813243324172255e-16
4.052250000000000085e+01 3.353650840972274932e-16
3.985379999999999967e+01 3.253147712293179737e-16
3.918500000000000227e+01 3.169449334046108881e-16
3.851460000000000150e+01 3.062168540733938225e-16
3.784570000000000078e+01 2.950491835315708555e-16
3.717519999999999669e+01 2.824473491073911834e-16
3.650619999999999976e+01 2.709643341251336111e-16
3.583709999999999951e+01 2.620887213699561302e-16
3.516640000000000299e+01 2.530214980250751311e-16
3.449719999999999942e+01 2.418909160749580807e-16
3.382800000000000296e+01 2.326812018715410883e-16
3.315709999999999980e+01 2.215710637578557727e-16
3.248780000000000001e+01 2.086784877657151465e-16
3.181680000000000064e+01 1.990738094295106858e-16
3.114730000000000132e+01 1.909661126938975335e-16
3.047779999999999845e+01 1.841212188952854986e-16
2.980669999999999931e+01 1.723469467189130108e-16
2.913700000000000045e+01 1.645124450297690601e-16
2.846730000000000160e+01 1.574176409860377810e-16
2.779599999999999937e+01 1.476442728587321684e-16
2.712620000000000076e+01 1.397522006745570567e-16
2.645479999999999876e+01 1.325735524571074918e-16
2.578490000000000038e+01 1.248659922706205011e-16
2.511329999999999885e+01 1.161338150594303441e-16
2.444330000000000069e+01 1.075614508954468867e-16
2.377319999999999922e+01 1.015316479454188290e-16
2.310150000000000148e+01 9.325202640240392508e-17
2.243130000000000024e+01 8.644797971176586530e-17
2.175949999999999918e+01 7.995756650969408582e-17
2.108909999999999840e+01 7.345206950646069933e-17
2.041870000000000118e+01 6.789575027490892141e-17
1.974680000000000035e+01 6.138439852438608465e-17
1.907629999999999981e+01 5.617969130182585815e-17
1.840419999999999945e+01 5.144932954901393989e-17
1.773349999999999937e+01 4.652535243620669196e-17
1.706129999999999924e+01 4.285357787155685053e-17
1.639059999999999917e+01 3.845866011063614692e-17
1.571979999999999933e+01 3.480439852061652637e-17
1.504739999999999966e+01 3.172595020444712895e-17
1.437650000000000006e+01 2.856417413021873768e-17
1.370410000000000039e+01 2.599949188103531222e-17
1.303299999999999947e+01 2.309397071606074076e-17
1.236040000000000028e+01 2.057418578277709811e-17
1.168929999999999936e+01 1.818558749773936700e-17
1.101660000000000039e+01 1.630542697153420406e-17
1.034529999999999994e+01 1.505348448396219579e-17
9.672489999999999810e+00 1.363841230519461495e-17
9.001129999999999853e+00 1.227083948279565336e-17
8.329710000000000392e+00 1.083539863974637050e-17
7.656710000000000349e+00 9.715398145130004940e-18
6.985170000000000101e+00 9.228882321046346221e-18
6.312050000000000161e+00 8.505884498013099151e-18
5.640399999999999636e+00 7.597514778603635684e-18
4.967170000000000307e+00 6.427197635748916021e-18
4.295410000000000394e+00 5.149955978527523023e-18
3.622059999999999835e+00 3.906164699156839156e-18
2.950180000000000025e+00 2.743205984556466137e-18
2.276720000000000077e+00 1.735227699906779922e-18
1.604729999999999990e+00 8.995809839010420532e-19
9.311519999999999797e-01 3.048888297792936554e-19
2.590439999999999965e-01 2.360544628608398405e-20
