4.498670000000000186e+02 1.161075013873960257e-15
4.492339999999999804e+02 9.183381391129144625e-16
4.486009999999999991e+02 8.072599115544025329e-16
4.479680000000000177e+02 1.129834247024766608e-15
4.473360000000000127e+02 1.094350531316190978e-15
4.467029999999999745e+02 1.037370044258335977e-15
4.460690000000000168e+02 1.227798123015349907e-15
4.454359999999999786e+02 1.106627939537497728e-15
4.448029999999999973e+02 1.071566252596375394e-15
4.441689999999999827e+02 1.164419286596268154e-15
4.435360000000000014e+02 1.277962125477668862e-15
4.429019999999999868e+02 1.496790236189183132e-15
4.422699999999999818e+02 1.291912742495908201e-15
4.416360000000000241e+02 1.456753491850561403e-15
4.410029999999999859e+02 1.442172366319212182e-15
4.403690000000000282e+02 1.312511813733663057e-15
4.397350000000000136e+02 1.308841418677341104e-15
4.391009999999999991e+02 1.273961587558739576e-15
4.384669999999999845e+02 1.031537951480071449e-15
4.378330000000000268e+02 1.101052891896060206e-15
4.371990000000000123e+02 1.015387549351235039e-15
4.365649999999999977e+02 1.084552164209022035e-15
4.359329999999999927e+02 8.454137380973569164e-16
4.352980000000000018e+02 6.996945284063777208e-16
4.346639999999999873e+02 6.875173624277201848e-16
4.340299999999999727e+02 7.160704067977602067e-16
4.333960000000000150e+02 7.140259657205245721e-16
4.327610000000000241e+02 9.751063386355665070e-16
4.321270000000000095e+02 8.814711427757363651e-16
4.314920000000000186e+02 7.280057928986560245e-16
4.308580000000000041e+02 6.556816455495865110e-16
4.302230000000000132e+02 7.238451138441815220e-16
4.295889999999999986e+02 8.314912291830003310e-16
4.289540000000000077e+02 6.897696050759033450e-16
4.283190000000000168e+02 7.770778673189105566e-16
4.276859999999999786e+02 7.749608559155032725e-16
4.270509999999999877e+02 6.641598099528701592e-16
4.264159999999999968e+02 5.540568867121015470e-16
4.257810000000000059e+02 6.602587380789221757e-16
4.251460000000000150e+02 7.365310230975653626e-16
4.245110000000000241e+02 8.805510686008766782e-16
4.238759999999999764e+02 8.876722293068404246e-16
4.232409999999999854e+02 9.723161834270875661e-16
4.226050000000000182e+02 8.535310086690236282e-16
4.219700000000000273e+02 8.703085191699683513e-16
4.213349999999999795e+02 8.965592462161752772e-16
4.206990000000000123e+02 1.027950143919323317e-15
4.200640000000000214e+02 1.034463117582884710e-15
4.194289999999999736e+02 1.145592707689012502e-15
4.187930000000000064e+02 9.239263568257141128e-16
4.181569999999999823e+02 8.738689491571525409e-16
4.175219999999999914e+02 9.279012221249770319e-16
4.168860000000000241e+02 1.132037604188207094e-15
4.162500000000000000e+02 1.231821574744468112e-15
4.156150000000000091e+02 1.246866824040216272e-15
4.149789999999999850e+02 1.280403982182405716e-15
4.143430000000000177e+02 1.313723032755359622e-15
4.137069999999999936e+02 1.180047177983108704e-15
4.130710000000000264e+02 1.370510013791745391e-15
4.124350000000000023e+02 1.458490150841352432e-15
4.117989999999999782e+02 1.527574265574954478e-15
4.111630000000000109e+02 1.468007248612814591e-15
4.105260000000000105e+02 1.408812289324548787e-15
4.098899999999999864e+02 1.450041458194793507e-15
4.092540000000000191e+02 1.246089633785334822e-15
4.086170000000000186e+02 1.260364578251270497e-15
4.079809999999999945e+02 1.337679787485363982e-15
4.073439999999999941e+02 1.279656220439270156e-15
4.067080000000000268e+02 1.221974666637933160e-15
4.060710000000000264e+02 1.361144184954446144e-15
4.054350000000000023e+02 1.161033916681957295e-15
4.047980000000000018e+02 1.184122995134288634e-15
4.041610000000000014e+02 1.145066932773565965e-15
4.035240000000000009e+02 1.229805727972374781e-15
4.028879999999999768e+02 1.041275365721172377e-15
4.022509999999999764e+02 1.125722586640169229e-15
4.016139999999999759e+02 9.299145356368238709e-16
4.009769999999999754e+02 9.444608109598009691e-16
4.003399999999999750e+02 7.416527881772681708e-16
3.997029999999999745e+02 8.952628647664673469e-16
3.990649999999999977e+02 8.406366935992554775e-16
3.984279999999999973e+02 6.745486196893149597e-16
3.977909999999999968e+02 6.295689804730999799e-16
3.971519999999999868e+02 6.102780135440491167e-16
3.965149999999999864e+02 4.805807205697023097e-16
3.958770000000000095e+02 5.470346868112558783e-16
3.952400000000000091e+02 3.589265290831626144e-16
3.946019999999999754e+02 4.929438363499755755e-16
3.939649999999999750e+02 3.482239018972131929e-16
3.933269999999999982e+02 3.303331576369426628e-16
3.926890000000000214e+02 5.217050721678794524e-16
3.920520000000000209e+02 4.867052573510738491e-16
3.914139999999999873e+02 6.347664492032954571e-16
3.907760000000000105e+02 6.409565974113385300e-16
3.901379999999999768e+02 8.535975003039446188e-16
3.895000000000000000e+02 1.040323868454973915e-15
3.888609999999999900e+02 9.386657347208837602e-16
3.882230000000000132e+02 9.601240325401695599e-16
3.875849999999999795e+02 1.054878356783584723e-15
3.869460000000000264e+02 1.140872058269919726e-15
3.863079999999999927e+02 1.242521618969444565e-15
3.856700000000000159e+02 1.303096445973257006e-15
3.850319999999999823e+02 1.371309167867487839e-15
3.843929999999999723e+02 1.238451055225150808e-15
3.837549999999999955e+02 1.314352920562449952e-15
3.831159999999999854e+02 1.270310970296934295e-15
3.824759999999999991e+02 1.250160538840016806e-15
3.818380000000000223e+02 1.198591844286883034e-15
3.811990000000000123e+02 9.973688771226023149e-16
3.805600000000000023e+02 1.104279099667002123e-15
3.799220000000000255e+02 1.053600707669120017e-15
3.792830000000000155e+02 9.328694891872630398e-16
3.786440000000000055e+02 1.007661817089854213e-15
3.780049999999999955e+02 9.265835110284737765e-16
3.773650000000000091e+02 9.546668837424931590e-16
3.767259999999999991e+02 1.236873987420459936e-15
3.760860000000000127e+02 1.209661819100709696e-15
3.754470000000000027e+02 1.458431512629347786e-15
3.748079999999999927e+02 1.438213367463173349e-15
3.741689999999999827e+02 1.509453255910888723e-15
3.735299999999999727e+02 1.587892140644374189e-15
3.728890000000000100e+02 1.605380265553150074e-15
3.722500000000000000e+02 1.479355640513289346e-15
3.716100000000000136e+02 1.669627503434293065e-15
3.709710000000000036e+02 1.529308291924208559e-15
3.703310000000000173e+02 1.464647144702847306e-15
3.696909999999999741e+02 1.414991116546075018e-15
3.690500000000000114e+02 1.447160011737230698e-15
3.684110000000000014e+02 1.368436524008404446e-15
3.677710000000000150e+02 1.334331033907267844e-15
3.671309999999999718e+02 1.271103239589694209e-15
3.664909999999999854e+02 1.456807264236910786e-15
3.658509999999999991e+02 1.342503359581145831e-15
3.652099999999999795e+02 1.337971999116450899e-15
3.645699999999999932e+02 1.499666575320469414e-15
3.639300000000000068e+02 1.465691129793898800e-15
3.632900000000000205e+02 1.446211299624231283e-15
3.626490000000000009e+02 1.476954192147111064e-15
3.620079999999999814e+02 1.436278522392239835e-15
3.613670000000000186e+02 1.409952585207975577e-15
3.607269999999999754e+02 1.305944654558027293e-15
3.600869999999999891e+02 1.343773694673807462e-15
3.594460000000000264e+02 1.212583098962950741e-15
3.588039999999999736e+02 1.116950433859665724e-15
3.581639999999999873e+02 1.078208089742113847e-15
3.575230000000000246e+02 9.909238610738529136e-16
3.568829999999999814e+02 1.112169193075247857e-15
3.562420000000000186e+02 1.073722406923674179e-15
3.556000000000000227e+02 1.090696043432815276e-15
3.549590000000000032e+02 1.141718524362745550e-15
3.543179999999999836e+02 1.028251696822693281e-15
3.536770000000000209e+02 1.058751963683184209e-15
3.530350000000000250e+02 1.211092350094231697e-15
3.523940000000000055e+02 1.247378750342109840e-15
3.517520000000000095e+02 1.242922793783883331e-15
3.511109999999999900e+02 1.003319937592824191e-15
3.504689999999999941e+02 1.086787755924729836e-15
3.498269999999999982e+02 1.116219160963612307e-15
3.491859999999999786e+02 1.092270466739260223e-15
3.485450000000000159e+02 1.068543821314120297e-15
3.479019999999999868e+02 1.044755521344025572e-15
3.472599999999999909e+02 9.753036098287197914e-16
3.466190000000000282e+02 9.586579904118296166e-16
3.459769999999999754e+02 9.290551595696801603e-16
3.453340000000000032e+02 1.010233306057850095e-15
3.446929999999999836e+02 1.058374511995887170e-15
3.440509999999999877e+02 1.015747491527712019e-15
3.434089999999999918e+02 9.991522701060957376e-16
3.427660000000000196e+02 9.314283625761711565e-16
3.421240000000000236e+02 1.062111738498489350e-15
3.414820000000000277e+02 1.089994170062708946e-15
3.408399999999999750e+02 1.079568153864588402e-15
3.401970000000000027e+02 1.132482839146510379e-15
3.395539999999999736e+02 1.140838184123497977e-15
3.389119999999999777e+02 1.105214987688381321e-15
3.382690000000000055e+02 1.132443366423390348e-15
3.376259999999999764e+02 1.283674524937369754e-15
3.369839999999999804e+02 1.378047896603909787e-15
3.363419999999999845e+02 1.317366434800585822e-15
3.356979999999999791e+02 1.232410711430600744e-15
3.350550000000000068e+02 1.209407682357410321e-15
3.344130000000000109e+02 1.149980431218720406e-15
3.337690000000000055e+02 1.163789107763392853e-15
3.331259999999999764e+02 1.189711090993156710e-15
3.324830000000000041e+02 1.348101421954495876e-15
3.318389999999999986e+02 1.270988122447816963e-15
3.311960000000000264e+02 1.367873556561436792e-15
3.305539999999999736e+02 1.320871597820634697e-15
3.299110000000000014e+02 1.399029396062132072e-15
3.292660000000000196e+02 1.447009554971749215e-15
3.286229999999999905e+02 1.524052393046954093e-15
3.279800000000000182e+02 1.494756693501839012e-15
3.273360000000000127e+02 1.447904809038160872e-15
3.266929999999999836e+02 1.308264566022528851e-15
3.260489999999999782e+02 1.279979927954674732e-15
3.254049999999999727e+02 1.246073634639199366e-15
3.247610000000000241e+02 1.310410386014239114e-15
3.241179999999999950e+02 1.259398840983889730e-15
3.234730000000000132e+02 1.288767795633249057e-15
3.228290000000000077e+02 1.289378156457728963e-15
3.221840000000000259e+02 1.392229102353025065e-15
3.215409999999999968e+02 1.398004862082316442e-15
3.208969999999999914e+02 1.510635436314236808e-15
3.202520000000000095e+02 1.572097761327743283e-15
3.196080000000000041e+02 1.560244964276319891e-15
3.189639999999999986e+02 1.604129863213274937e-15
3.183190000000000168e+02 1.669808309176274518e-15
3.176750000000000114e+02 1.563853058684549199e-15
3.170310000000000059e+02 1.398386201444123605e-15
3.163860000000000241e+02 1.392586673665773737e-15
3.157420000000000186e+02 1.354406046131306780e-15
3.150980000000000132e+02 1.267519825644854906e-15
3.144519999999999982e+02 1.240707880479746338e-15
3.138079999999999927e+02 1.198025670971303187e-15
3.131619999999999777e+02 1.171717726346824641e-15
3.125179999999999723e+02 1.134884102862208112e-15
3.118729999999999905e+02 1.146194743705843834e-15
3.112269999999999754e+02 1.332429520889617697e-15
3.105830000000000268e+02 1.247809085593476451e-15
3.099370000000000118e+02 1.211140506593875613e-15
3.092919999999999732e+02 1.221944514194601284e-15
3.086469999999999914e+02 1.185648647200448703e-15
3.080009999999999764e+02 1.289840032973357431e-15
3.073570000000000277e+02 1.346542580805746586e-15
3.067099999999999795e+02 1.361700236825095748e-15
3.060649999999999977e+02 1.335489711219231058e-15
3.054200000000000159e+02 1.324786055557535232e-15
3.047740000000000009e+02 1.314270810822017526e-15
3.041290000000000191e+02 1.303805893996390576e-15
3.034820000000000277e+02 1.439534995810524240e-15
3.028369999999999891e+02 1.523929552515411558e-15
3.021920000000000073e+02 1.587449828445320837e-15
3.015450000000000159e+02 1.536076356861855280e-15
3.008999999999999773e+02 1.430362565614977390e-15
3.002529999999999859e+02 1.567636621999139181e-15
2.996080000000000041e+02 1.501981386021831794e-15
2.989610000000000127e+02 1.426950209686059201e-15
2.983149999999999977e+02 1.547815223441518158e-15
2.976700000000000159e+02 1.478135050118564510e-15
2.970230000000000246e+02 1.481419479722936090e-15
2.963770000000000095e+02 1.383517050193203460e-15
2.957300000000000182e+02 1.348928351438119573e-15
2.950840000000000032e+02 1.386091400547636856e-15
2.944370000000000118e+02 1.280299022743020135e-15
2.937909999999999968e+02 1.317383165060410320e-15
2.931429999999999723e+02 1.537819931742114529e-15
2.924970000000000141e+02 1.526476801427540730e-15
2.918500000000000227e+02 1.449777802782534146e-15
2.912040000000000077e+02 1.420183854910897205e-15
2.905570000000000164e+02 1.483303099657390310e-15
2.899100000000000250e+02 1.564559492691423428e-15
2.892629999999999768e+02 1.686114672184382319e-15
2.886159999999999854e+02 1.756490977429622063e-15
2.879689999999999941e+02 1.803339412408921216e-15
2.873210000000000264e+02 1.804440335761577096e-15
2.866750000000000114e+02 1.778385321373078025e-15
2.860269999999999868e+02 1.869275926864574335e-15
2.853799999999999955e+02 1.896710652953194960e-15
2.847320000000000277e+02 1.870442739391644648e-15
2.840849999999999795e+02 1.955066603646761039e-15
2.834370000000000118e+02 1.990455337147348070e-15
2.827900000000000205e+02 2.073621783175411301e-15
2.821419999999999959e+02 2.143022255659175969e-15
2.814950000000000045e+02 2.172383371512919446e-15
2.808469999999999800e+02 2.249292145298084819e-15
2.801990000000000123e+02 2.170102070664082361e-15
2.795509999999999877e+02 2.117285306726684184e-15
2.789039999999999964e+02 2.137664098822967229e-15
2.782549999999999955e+02 2.132032033972601839e-15
2.776080000000000041e+02 2.130765990841315070e-15
2.769590000000000032e+02 2.095675643324888737e-15
2.763120000000000118e+02 2.132130367800952930e-15
2.756630000000000109e+02 2.088959764969127110e-15
2.750149999999999864e+02 2.120741124717766096e-15
2.743659999999999854e+02 2.292999454304037806e-15
2.737189999999999941e+02 2.422243142616105650e-15
2.730699999999999932e+02 2.452013697024770770e-15
2.724220000000000255e+02 2.411934169157915997e-15
2.717730000000000246e+02 2.351963819823160424e-15
2.711240000000000236e+02 2.304520319288586860e-15
2.704759999999999991e+02 2.229404607361827321e-15
2.698260000000000218e+02 2.262867163874529134e-15
2.691779999999999973e+02 2.331850668993880977e-15
2.685289999999999964e+02 2.213743437641412910e-15
2.678809999999999718e+02 2.179452612443791558e-15
2.672309999999999945e+02 2.137746885711771294e-15
2.665830000000000268e+02 2.178280604160446752e-15
2.659329999999999927e+02 2.323418842620510343e-15
2.652839999999999918e+02 2.381989456095354644e-15
2.646349999999999909e+02 2.478355877736095673e-15
2.639850000000000136e+02 2.408909536445505187e-15
2.633369999999999891e+02 2.374280959304034391e-15
2.626870000000000118e+02 2.431137117781003717e-15
2.620380000000000109e+02 2.370270534132778444e-15
2.613879999999999768e+02 2.460124094483466777e-15
2.607400000000000091e+02 2.403350611222652542e-15
2.600899999999999750e+02 2.290960073642443788e-15
2.594390000000000214e+02 2.342645817353685114e-15
2.587900000000000205e+02 2.290501912691531972e-15
2.581399999999999864e+02 2.290189410997227029e-15
2.574909999999999854e+02 2.264269307799716397e-15
2.568410000000000082e+02 2.365585625414552960e-15
2.561899999999999977e+02 2.440577058506434706e-15
2.555409999999999968e+02 2.388795546699148505e-15
2.548899999999999864e+02 2.434074692928739267e-15
2.542410000000000139e+02 2.425485665264094742e-15
2.535910000000000082e+02 2.338840779893225522e-15
2.529399999999999977e+02 2.334020949502108701e-15
2.522899999999999920e+02 2.360907822078834594e-15
2.516399999999999864e+02 2.429096698069570759e-15
2.509900000000000091e+02 2.316067937020500129e-15
2.503389999999999986e+02 2.318035071468045882e-15
2.496879999999999882e+02 2.364630809126317793e-15
2.490380000000000109e+02 2.369485533044135139e-15
2.483870000000000005e+02 2.435569675487596812e-15
2.477359999999999900e+02 2.494008928091996986e-15
2.470860000000000127e+02 2.457572690193373597e-15
2.464350000000000023e+02 2.525147272144897142e-15
2.457849999999999966e+02 2.412122590390352598e-15
2.451330000000000098e+02 2.462483651691735743e-15
2.444819999999999993e+02 2.410027986906965338e-15
2.438319999999999936e+02 2.364694997407338880e-15
2.431800000000000068e+02 2.329349216252181021e-15
2.425289999999999964e+02 2.317065195245733799e-15
2.418779999999999859e+02 2.401540861180011485e-15
2.412270000000000039e+02 2.456254881453609471e-15
2.405749999999999886e+02 2.392152453669740287e-15
2.399240000000000066e+02 2.487279519561221116e-15
2.392719999999999914e+02 2.474030522094070712e-15
2.386200000000000045e+02 2.514145011006548010e-15
2.379699999999999989e+02 2.494374981796318158e-15
2.373180000000000121e+02 2.555479945694305546e-15
2.366670000000000016e+02 2.541733684303946720e-15
2.360149999999999864e+02 2.530923439822093610e-15
2.353629999999999995e+02 2.572218038369660154e-15
2.347100000000000080e+02 2.658503018827124720e-15
2.340600000000000023e+02 2.634850044295341123e-15
2.334070000000000107e+02 2.614387480370770865e-15
2.327549999999999955e+02 2.704707706480786724e-15
2.321040000000000134e+02 2.770036296817749918e-15
2.314509999999999934e+02 2.745860480473389439e-15
2.307980000000000018e+02 2.807018339552896819e-15
2.301469999999999914e+02 2.791412551328267887e-15
2.294939999999999998e+02 2.746714077603505722e-15
2.288420000000000130e+02 2.682167011212563326e-15
2.281899999999999977e+02 2.767739517159842362e-15
2.275370000000000061e+02 2.829339885042374020e-15
2.268839999999999861e+02 2.858907751856044319e-15
2.262330000000000041e+02 2.913276560210566803e-15
2.255800000000000125e+02 2.986695274209194020e-15
2.249269999999999925e+02 2.972488244138203608e-15
2.242729999999999961e+02 2.977781133988171736e-15
2.236220000000000141e+02 3.032486604578360865e-15
2.229679999999999893e+02 3.039807152907217598e-15
2.223149999999999977e+02 3.052227432686259889e-15
2.216630000000000109e+02 2.999380172483367860e-15
2.210099999999999909e+02 2.941365994760608562e-15
2.203559999999999945e+02 2.881239356347346790e-15
2.197019999999999982e+02 2.848410221528680726e-15
2.190500000000000114e+02 2.850307339125750867e-15
2.183969999999999914e+02 2.838792071227705950e-15
2.177429999999999950e+02 2.819422530803005089e-15
2.170889999999999986e+02 2.826197028662438801e-15
2.164370000000000118e+02 2.770563168590590362e-15
2.157829999999999870e+02 2.800445982405121640e-15
2.151289999999999907e+02 2.763190908057411950e-15
2.144749999999999943e+02 2.822967850727866762e-15
2.138220000000000027e+02 2.813609044135474863e-15
2.131680000000000064e+02 2.809178631001794061e-15
2.125140000000000100e+02 2.814686052372150802e-15
2.118600000000000136e+02 2.760367455980235790e-15
2.112069999999999936e+02 2.802824633265237686e-15
2.105529999999999973e+02 2.770970643024245031e-15
2.098979999999999961e+02 2.741798202075356204e-15
2.092439999999999998e+02 2.695787115916037605e-15
2.085910000000000082e+02 2.681634562326708281e-15
2.079360000000000070e+02 2.662642836268018663e-15
2.072820000000000107e+02 2.638977808311850816e-15
2.066270000000000095e+02 2.572892761151548562e-15
2.059739999999999895e+02 2.603837261861935600e-15
2.053189999999999884e+02 2.585129037105255618e-15
2.046639999999999873e+02 2.548011342630391921e-15
2.040089999999999861e+02 2.541131399526437807e-15
2.033540000000000134e+02 2.527307488542128347e-15
2.027009999999999934e+02 2.447627725157292861e-15
2.020459999999999923e+02 2.413896690074625297e-15
2.013909999999999911e+02 2.353509014509759666e-15
2.007350000000000136e+02 2.391955931611897892e-15
2.000800000000000125e+02 2.361028035393433715e-15
1.994259999999999877e+02 2.303904646328085769e-15
1.987709999999999866e+02 2.291145013425078918e-15
1.981160000000000139e+02 2.263227501984195362e-15
1.974600000000000080e+02 2.282979341593862687e-15
1.968050000000000068e+02 2.227221056153132946e-15
1.961510000000000105e+02 2.206299570625297357e-15
1.954950000000000045e+02 2.244686116052643868e-15
1.948389999999999986e+02 2.189809074343368106e-15
1.941839999999999975e+02 2.154366441487385591e-15
1.935279999999999916e+02 2.162832500651920595e-15
1.928739999999999952e+02 2.177233959178110038e-15
1.922179999999999893e+02 2.158541875604780434e-15
1.915620000000000118e+02 2.200974680697243283e-15
1.909060000000000059e+02 2.262946404626998241e-15
1.902500000000000000e+02 2.281768710630898445e-15
1.895939999999999941e+02 2.236296526106274775e-15
1.889389999999999930e+02 2.278410784696883092e-15
1.882829999999999870e+02 2.306085223421283869e-15
1.876270000000000095e+02 2.337098498120284019e-15
1.869699999999999989e+02 2.313227608919266435e-15
1.863139999999999930e+02 2.297199802526222102e-15
1.856570000000000107e+02 2.246738335855948204e-15
1.850010000000000048e+02 2.208285661649288680e-15
1.843460000000000036e+02 2.226787694249375244e-15
1.836889999999999930e+02 2.257968008274616296e-15
1.830329999999999870e+02 2.286636832655466139e-15
1.823760000000000048e+02 2.296314493260872529e-15
1.817189999999999941e+02 2.269003751887164438e-15
1.810620000000000118e+02 2.365700522681153691e-15
1.804050000000000011e+02 2.433701045827840784e-15
1.797500000000000000e+02 2.453807490538388879e-15
1.790929999999999893e+02 2.507398831177907671e-15
1.784360000000000070e+02 2.498091004836070117e-15
1.777789999999999964e+02 2.513295033223412018e-15
1.771220000000000141e+02 2.512339392191638441e-15
1.764650000000000034e+02 2.512988612775556303e-15
1.758069999999999879e+02 2.520221491666233075e-15
1.751500000000000057e+02 2.486294663319401621e-15
1.744939999999999998e+02 2.496588592668579638e-15
1.738369999999999891e+02 2.536824357399234138e-15
1.731790000000000020e+02 2.556199752072766392e-15
1.725219999999999914e+02 2.585033913472601407e-15
1.718640000000000043e+02 2.624678208277305484e-15
1.712059999999999889e+02 2.652059911558191945e-15
1.705490000000000066e+02 2.670794359465127616e-15
1.698909999999999911e+02 2.674490160282705827e-15
1.692330000000000041e+02 2.652436674216070631e-15
1.685749999999999886e+02 2.627309850246720702e-15
1.679190000000000111e+02 2.644738457090006051e-15
1.672609999999999957e+02 2.619583576618800566e-15
1.666030000000000086e+02 2.657880195912831654e-15
1.659449999999999932e+02 2.604967552305987403e-15
1.652870000000000061e+02 2.540491170381548528e-15
1.646279999999999859e+02 2.532521907087335454e-15
1.639699999999999989e+02 2.549902415709345933e-15
1.633120000000000118e+02 2.583117768749194043e-15
1.626539999999999964e+02 2.575806104025185106e-15
1.619950000000000045e+02 2.531797826578335779e-15
1.613369999999999891e+02 2.510028063283879089e-15
1.606779999999999973e+02 2.462441411077686131e-15
1.600190000000000055e+02 2.453867551324276798e-15
1.593609999999999900e+02 2.459389365070228371e-15
1.587040000000000077e+02 2.450580804182750286e-15
1.580449999999999875e+02 2.454075574572114982e-15
1.573859999999999957e+02 2.431072044150452721e-15
1.567270000000000039e+02 2.435558953437849387e-15
1.560680000000000121e+02 2.412613206674467501e-15
1.554089999999999918e+02 2.404586319977953470e-15
1.547500000000000000e+02 2.403095408645257197e-15
1.540910000000000082e+02 2.380229919011600318e-15
1.534319999999999879e+02 2.370581692205428735e-15
1.527729999999999961e+02 2.359547231795187450e-15
1.521140000000000043e+02 2.331675953392711677e-15
1.514540000000000077e+02 2.318073708594886813e-15
1.507949999999999875e+02 2.304448671194200562e-15
1.501359999999999957e+02 2.368682622138307656e-15
1.494759999999999991e+02 2.381740926766163873e-15
1.488170000000000073e+02 2.379478382233345744e-15
1.481570000000000107e+02 2.416122446958390837e-15
1.474970000000000141e+02 2.400910915669734656e-15
1.468379999999999939e+02 2.414541311085643932e-15
1.461779999999999973e+02 2.415721951742502804e-15
1.455180000000000007e+02 2.443732171075872539e-15
1.448580000000000041e+02 2.444051323666775474e-15
1.441980000000000075e+02 2.383744459961140261e-15
1.435380000000000109e+02 2.396640165515340149e-15
1.428779999999999859e+02 2.398747683018319679e-15
1.422179999999999893e+02 2.420843452125864846e-15
1.415579999999999927e+02 2.419867450148283052e-15
1.408979999999999961e+02 2.413049200385159937e-15
1.402379999999999995e+02 2.403840737804915540e-15
1.395769999999999982e+02 2.390111139153535971e-15
1.389170000000000016e+02 2.408693104022076678e-15
1.382560000000000002e+02 2.460680553301368177e-15
1.375960000000000036e+02 2.484985662138636790e-15
1.369350000000000023e+02 2.502197223639482382e-15
1.362750000000000057e+02 2.500099120511989955e-15
1.356140000000000043e+02 2.522323679845172697e-15
1.349540000000000077e+02 2.540732553119250786e-15
1.342930000000000064e+02 2.586606670836869645e-15
1.336320000000000050e+02 2.630212845039340964e-15
1.329710000000000036e+02 2.650878906422659362e-15
1.323100000000000023e+02 2.658041749250428882e-15
1.316490000000000009e+02 2.702419786601647843e-15
1.309879999999999995e+02 2.706225924559329816e-15
1.303269999999999982e+02 2.702931020012801770e-15
1.296659999999999968e+02 2.743426816431116224e-15
1.290049999999999955e+02 2.751096341184677330e-15
1.283420000000000130e+02 2.739690737133095289e-15
1.276809999999999974e+02 2.734547920955793154e-15
1.270190000000000055e+02 2.753363808745464583e-15
1.263580000000000041e+02 2.711620771530833429e-15
1.256959999999999980e+02 2.661405636021667551e-15
1.250349999999999966e+02 2.655540471051140265e-15
1.243730000000000047e+02 2.638969688320609423e-15
1.237120000000000033e+02 2.612902805633105255e-15
1.230499999999999972e+02 2.603855991962954149e-15
1.223880000000000052e+02 2.583647212826558235e-15
1.217259999999999991e+02 2.524492143273329945e-15
1.210639999999999930e+02 2.455502505191531983e-15
1.204030000000000058e+02 2.437889124106214302e-15
1.197409999999999997e+02 2.407346064077852642e-15
1.190780000000000030e+02 2.333369241982787713e-15
1.184150000000000063e+02 2.302085340061519665e-15
1.177530000000000001e+02 2.255669297096266863e-15
1.170909999999999940e+02 2.198341900289577226e-15
1.164279999999999973e+02 2.142591717289050764e-15
1.157660000000000053e+02 2.110980932500652850e-15
1.151039999999999992e+02 2.072978958624704436e-15
1.144410000000000025e+02 2.020021161027245031e-15
1.137789999999999964e+02 1.970048688013624154e-15
1.131159999999999997e+02 1.948767625893352183e-15
1.124539999999999935e+02 1.916269110848272030e-15
1.117890000000000015e+02 1.881900027390540882e-15
1.111269999999999953e+02 1.864681656383665437e-15
1.104639999999999986e+02 1.827605518444388530e-15
1.098010000000000019e+02 1.794400047445172709e-15
1.091380000000000052e+02 1.756265362730915449e-15
1.084749999999999943e+02 1.732498178711874138e-15
1.078119999999999976e+02 1.671170392606657964e-15
1.071490000000000009e+02 1.630903241712340868e-15
1.064849999999999994e+02 1.550418618992662005e-15
1.058209999999999980e+02 1.481715083530511525e-15
1.051580000000000013e+02 1.399516449233494978e-15
1.044950000000000045e+02 1.366756291919079697e-15
1.038319999999999936e+02 1.303072304644497536e-15
1.031680000000000064e+02 1.246589084354142000e-15
1.025049999999999955e+02 1.194191262943947601e-15
1.018400000000000034e+02 1.167765579950971948e-15
1.011760000000000019e+02 1.129151714922443045e-15
1.005130000000000052e+02 1.129224218258517239e-15
9.984900000000000375e+01 1.120035623149822743e-15
9.918529999999999802e+01 1.105845181827729081e-15
9.852150000000000318e+01 1.087889180020475045e-15
9.785769999999999413e+01 1.107185574426977512e-15
9.719230000000000302e+01 1.132076300369945317e-15
9.652830000000000155e+01 1.154383228636659468e-15
9.586430000000000007e+01 1.169553278417906760e-15
9.520029999999999859e+01 1.192637007853024264e-15
9.453610000000000468e+01 1.229280041715404191e-15
9.387199999999999989e+01 1.264559834619049615e-15
9.320619999999999550e+01 1.283456478805578206e-15
9.254200000000000159e+01 1.306166582815508179e-15
9.187760000000000105e+01 1.298473613240657279e-15
9.121320000000000050e+01 1.299477649346026219e-15
9.054879999999999995e+01 1.289459707156562410e-15
8.988280000000000314e+01 1.304250938111806470e-15
8.921819999999999595e+01 1.296753537033173389e-15
8.855360000000000298e+01 1.278048107576289433e-15
8.788890000000000668e+01 1.258596243814130118e-15
8.722419999999999618e+01 1.270060350010321761e-15
8.655939999999999657e+01 1.276101375468978910e-15
8.589300000000000068e+01 1.289429249691162008e-15
8.522809999999999775e+01 1.285548126592808082e-15
8.456319999999999482e+01 1.290568479911666770e-15
8.389820000000000277e+01 1.276776092316381901e-15
8.323160000000000025e+01 1.276547761585827174e-15
8.256650000000000489e+01 1.268196901832007124e-15
8.190130000000000621e+01 1.270193102823389851e-15
8.123609999999999332e+01 1.261980443409637647e-15
8.057080000000000553e+01 1.234198312016462311e-15
7.990389999999999304e+01 1.226169207989006502e-15
7.923850000000000193e+01 1.224626548698882575e-15
7.857299999999999329e+01 1.226448976492322911e-15
7.790749999999999886e+01 1.222572028040250103e-15
7.724039999999999395e+01 1.212592118352372157e-15
7.657479999999999620e+01 1.208691597347719900e-15
7.590909999999999513e+01 1.184295503514556137e-15
7.524339999999999407e+01 1.180266876016455084e-15
7.457760000000000389e+01 1.168960734123080556e-15
7.391020000000000323e+01 1.137772606203937101e-15
7.324429999999999552e+01 1.118361757521764842e-15
7.257829999999999870e+01 1.085172721968318738e-15
7.191230000000000189e+01 1.060200751617832443e-15
7.124469999999999459e+01 1.045253032370573978e-15
7.057850000000000534e+01 1.023362253123861098e-15
6.991230000000000189e+01 1.017147276766266143e-15
6.924609999999999843e+01 9.900961591418236194e-16
6.857829999999999870e+01 9.751579570334881971e-16
6.791190000000000282e+01 9.581945078257532801e-16
6.724550000000000693e+01 9.365021458431707647e-16
6.657750000000000057e+01 9.200596208514837159e-16
6.591100000000000136e+01 8.952057172829813948e-16
6.524439999999999884e+01 8.794218430171945283e-16
6.457769999999999300e+01 8.587968684457773141e-16
6.390950000000000131e+01 8.354272475195298802e-16
6.324269999999999925e+01 8.195062453237580451e-16
6.257589999999999719e+01 8.078912496141728357e-16
6.190899999999999892e+01 7.947139437062910216e-16
6.124060000000000059e+01 7.787792976890915699e-16
6.057359999999999900e+01 7.646550361322084640e-16
5.990659999999999741e+01 7.512116010503212012e-16
5.923799999999999955e+01 7.260847577193176182e-16
5.857079999999999842e+01 7.002200807748693252e-16
5.790359999999999729e+01 6.872522892719945436e-16
5.723629999999999995e+01 6.687910399104926635e-16
5.656750000000000256e+01 6.459039430057227360e-16
5.590010000000000190e+01 6.329213157703105429e-16
5.523270000000000124e+01 6.153678068657310609e-16
5.456360000000000099e+01 6.014440264395977210e-16
5.389609999999999701e+01 5.901372299310858672e-16
5.322849999999999682e+01 5.833222270131077264e-16
5.255930000000000035e+01 5.793967432608751797e-16
5.189159999999999684e+01 5.599574149655464048e-16
5.122379999999999711e+01 5.495299579957310252e-16
5.055440000000000111e+01 5.374707568154678196e-16
4.988660000000000139e+01 5.221441624709074806e-16
4.921860000000000213e+01 5.065254394515154666e-16
4.854910000000000281e+01 4.919438897715766004e-16
4.788100000000000023e+01 4.822910952288511061e-16
4.721289999999999765e+01 4.693402832105931816e-16
4.654319999999999879e+01 4.535935864072675919e-16
4.587500000000000000e+01 4.425990405382539052e-16
4.520669999999999789e+01 4.246424885125965301e-16
4.453679999999999950e+01 4.119603234968432287e-16
4.386840000000000117e+01 4.002660749437950515e-16
4.320000000000000284e+01 3.929384538694026902e-16
4.252989999999999782e+01 3.790325365725168126e-16
4.186129999999999995e+01 3.644713095014161877e-16
4.119270000000000209e+01 3.474880018999619424e-16
4.052250000000000085e+01 3.353715626800843517e-16
3.985379999999999967e+01 3.253210537635981244e-16
3.918500000000000227e+01 3.169510223718076537e-16
3.851460000000000150e+01 3.062227515529616577e-16
3.784570000000000078e+01 2.950548925116067953e-16
3.717519999999999669e+01 2.824528717258075294e-16
3.650619999999999976e+01 2.709696734049661465e-16
3.583709999999999951e+01 2.620938799106318970e-16
3.516640000000000299e+01 2.530264780541395680e-16
3.449719999999999942e+01 2.418957206690228537e-16
3.382800000000000296e+01 2.326858337284940751e-16
3.315709999999999980e+01 2.215755251708140836e-16
3.248780000000000001e+01 2.086827818906322530e-16
3.181680000000000064e+01 1.990779386222262999e-16
3.114730000000000132e+01 1.909700801222327256e-16
3.047779999999999845e+01 1.841250273795333757e-16
2.980669999999999931e+01 1.723505987341822500e-16
2.913700000000000045e+01 1.645159437765653344e-16
2.846730000000000160e+01 1.574209893602465226e-16
2.779599999999999937e+01 1.476474734324106682e-16
2.712620000000000076e+01 1.397552567280993755e-16
2.645479999999999876e+01 1.325764666280891220e-16
2.578490000000000038e+01 1.248687678778714198e-16
2.511329999999999885e+01 1.161364547869691451e-16
2.444330000000000069e+01 1.075639581214590314e-16
2.377319999999999922e+01 1.015340257276044485e-16
2.310150000000000148e+01 9.325427754665685101e-17
2.243130000000000024e+01 8.645010763546935512e-17
2.175949999999999918e+01 7.995957408757458424e-17
2.108909999999999840e+01 7.345396017877282175e-17
2.041870000000000118e+01 6.789752725462371137e-17
1.974680000000000035e+01 6.138606480798387597e-17
1.907629999999999981e+01 5.618125039150845467e-17
1.840419999999999945e+01 5.145078449631717782e-17
1.773349999999999937e+01 4.652670678658101481e-17
1.706129999999999924e+01 4.285483476408209370e-17
1.639059999999999917e+01 3.845982314728526024e-17
1.571979999999999933e+01 3.480547109696464594e-17
1.504739999999999966e+01 3.172693555513868470e-17
1.437650000000000006e+01 2.856507592130694161e-17
1.370410000000000039e+01 2.600031343369252830e-17
1.303299999999999947e+01 2.309471571602779495e-17
1.236040000000000028e+01 2.057485762712698229e-17
1.168929999999999936e+01 1.818618993909119115e-17
1.101660000000000039e+01 1.630596347224659246e-17
1.034529999999999994e+01 1.505395883172062943e-17
9.672489999999999810e+00 1.363882804907548411e-17
9.001129999999999853e+00 1.227120046021649538e-17
8.329710000000000392e+00 1.083570858360800211e-17
7.656710000000000349e+00 9.715660716989836681e-18
6.985170000000000101e+00 9.229101428070184806e-18
6.312050000000000161e+00 8.506063882531331575e-18
5.640399999999999636e+00 7.597658394890030068e-18
4.967170000000000307e+00 6.427309307910753782e-18
4.295410000000000394e+00 5.150039707765916121e-18
3.622059999999999835e+00 3.906224392157883680e-18
2.950180000000000025e+00 2.743245690125544515e-18
2.276720000000000077e+00 1.735251409227546058e-18
1.604729999999999990e+00 8.995927938304200710e-19
9.311519999999999797e-01 3.048928166415684833e-19
2.590439999999999965e-01 2.360575565870628514e-20
