4.498670000000000186e+02 1.160787500466468965e-15
4.492339999999999804e+02 9.180510209639255209e-16
4.486009999999999991e+02 8.069731889210254325e-16
4.479680000000000177e+02 1.129547920164637996e-15
4.473360000000000127e+02 1.094064599861625941e-15
4.467029999999999745e+02 1.037084509093457474e-15
4.460690000000000168e+02 1.227512985026029606e-15
4.454359999999999786e+02 1.106343198357208961e-15
4.448029999999999973e+02 1.071281908485364162e-15
4.441689999999999827e+02 1.164135340443197312e-15
4.435360000000000014e+02 1.277678576916328863e-15
4.429019999999999868e+02 1.496507086110093612e-15
4.422699999999999818e+02 1.291629989903914028e-15
4.416360000000000241e+02 1.456471138266759755e-15
4.410029999999999859e+02 1.441890411377778675e-15
4.403690000000000282e+02 1.312230258328814126e-15
4.397350000000000136e+02 1.308560263074239522e-15
4.391009999999999991e+02 1.273680832023051215e-15
4.384669999999999845e+02 1.031257596277963893e-15
4.378330000000000268e+02 1.100772937294200390e-15
4.371990000000000123e+02 1.015107995616786289e-15
4.365649999999999977e+02 1.084273011609643083e-15
4.359329999999999927e+02 8.451349856345212340e-16
4.352980000000000018e+02 6.994161782483207827e-16
4.346639999999999873e+02 6.872394142102329970e-16
4.340299999999999727e+02 7.157928607904586633e-16
4.333960000000000150e+02 7.137488221935089278e-16
4.327610000000000241e+02 9.748295984948861099e-16
4.321270000000000095e+02 8.811948056574137518e-16
4.314920000000000186e+02 7.277298597105550218e-16
4.308580000000000041e+02 6.554061159278263896e-16
4.302230000000000132e+02 7.235699886984345722e-16
4.295889999999999986e+02 8.312165081494702316e-16
4.289540000000000077e+02 6.894952890660645393e-16
4.283190000000000168e+02 7.768039566075204381e-16
4.276859999999999786e+02 7.746873494999537490e-16
4.270509999999999877e+02 6.638867093858065335e-16
4.264159999999999968e+02 5.537841922696675371e-16
4.257810000000000059e+02 6.599864500377185460e-16
4.251460000000000150e+02 7.362591417346479517e-16
4.245110000000000241e+02 8.802795941937541307e-16
4.238759999999999764e+02 8.874011621334698527e-16
4.232409999999999854e+02 9.720455237658753381e-16
4.226050000000000182e+02 8.532607574412296125e-16
4.219700000000000273e+02 8.700386760129144369e-16
4.213349999999999795e+02 8.962898114095923299e-16
4.206990000000000123e+02 1.027681118387113692e-15
4.200640000000000214e+02 1.034194500962357576e-15
4.194289999999999736e+02 1.145324500261201529e-15
4.187930000000000064e+02 9.236585595171435329e-16
4.181569999999999823e+02 8.736015622505978290e-16
4.175219999999999914e+02 9.276342452576844451e-16
4.168860000000000241e+02 1.131771038289305092e-15
4.162500000000000000e+02 1.231555420097995728e-15
4.156150000000000091e+02 1.246601080283334171e-15
4.149789999999999850e+02 1.280138650246826075e-15
4.143430000000000177e+02 1.313458112926359591e-15
4.137069999999999936e+02 1.179782670546369329e-15
4.130710000000000264e+02 1.370245919033352995e-15
4.124350000000000023e+02 1.458226469047792701e-15
4.117989999999999782e+02 1.527310997033111076e-15
4.111630000000000109e+02 1.467744393609964035e-15
4.105260000000000105e+02 1.408549848799256286e-15
4.098899999999999864e+02 1.449779431784669970e-15
4.092540000000000191e+02 1.245828021778820139e-15
4.086170000000000186e+02 1.260103381589446539e-15
4.079809999999999945e+02 1.337419005805623932e-15
4.073439999999999941e+02 1.279395854684359594e-15
4.067080000000000268e+02 1.221714716445081974e-15
4.060710000000000264e+02 1.360884651268051789e-15
4.054350000000000023e+02 1.160774799139069206e-15
4.047980000000000018e+02 1.183864294680946477e-15
4.041610000000000014e+02 1.144808649702082938e-15
4.035240000000000009e+02 1.229547862575419068e-15
4.028879999999999768e+02 1.041017917635384193e-15
4.022509999999999764e+02 1.125465556814836769e-15
4.016139999999999759e+02 9.296579243656591795e-16
4.009769999999999754e+02 9.442046185368574708e-16
4.003399999999999750e+02 7.413970148969366267e-16
3.997029999999999745e+02 8.950075109234711217e-16
3.990649999999999977e+02 8.403817601478012150e-16
3.984279999999999973e+02 6.742941062660929673e-16
3.977909999999999968e+02 6.293148873738124014e-16
3.971519999999999868e+02 6.100243423858104192e-16
3.965149999999999864e+02 4.803274703286836483e-16
3.958770000000000095e+02 5.467818584455821689e-16
3.952400000000000091e+02 3.586741222287729223e-16
3.946019999999999754e+02 4.926918519665384204e-16
3.939649999999999750e+02 3.479723396203355788e-16
3.933269999999999982e+02 3.300820184278218233e-16
3.926890000000000214e+02 5.214543563255906512e-16
3.920520000000000209e+02 4.864549645106922007e-16
3.914139999999999873e+02 6.345165803282847897e-16
3.907760000000000105e+02 6.407071528016229709e-16
3.901379999999999768e+02 8.533484802597236077e-16
3.895000000000000000e+02 1.040075273276716583e-15
3.888609999999999900e+02 9.384175653759671795e-16
3.882230000000000132e+02 9.598762886634211423e-16
3.875849999999999795e+02 1.054631038676259798e-15
3.869460000000000264e+02 1.140625166901584554e-15
3.863079999999999927e+02 1.242275153974270225e-15
3.856700000000000159e+02 1.302850407653242133e-15
3.850319999999999823e+02 1.371063556524871865e-15
3.843929999999999723e+02 1.238205871832363165e-15
3.837549999999999955e+02 1.314108164752714691e-15
3.831159999999999854e+02 1.270066643044085807e-15
3.824759999999999991e+02 1.249916641119539582e-15
3.818380000000000223e+02 1.198348375060331031e-15
3.811990000000000123e+02 9.971258373658885713e-16
3.805600000000000023e+02 1.104036489684864593e-15
3.799220000000000255e+02 1.053358527093209764e-15
3.792830000000000155e+02 9.326277389955291539e-16
3.786440000000000055e+02 1.007420497587626885e-15
3.780049999999999955e+02 9.263426225212697629e-16
3.773650000000000091e+02 9.544264272112138611e-16
3.767259999999999991e+02 1.236633962496259238e-15
3.760860000000000127e+02 1.209422226765798311e-15
3.754470000000000027e+02 1.458192352514260146e-15
3.748079999999999927e+02 1.437974639874288237e-15
3.741689999999999827e+02 1.509214961154740725e-15
3.735299999999999727e+02 1.587654279027649546e-15
3.728890000000000100e+02 1.605142838739801378e-15
3.722500000000000000e+02 1.479118647454129424e-15
3.716100000000000136e+02 1.669390945115952222e-15
3.709710000000000036e+02 1.529072167974883043e-15
3.703310000000000173e+02 1.464411456110383255e-15
3.696909999999999741e+02 1.414755863618916850e-15
3.690500000000000114e+02 1.446925195465385437e-15
3.684110000000000014e+02 1.368202143337636407e-15
3.677710000000000150e+02 1.334097089827793691e-15
3.671309999999999718e+02 1.270869732410377443e-15
3.664909999999999854e+02 1.456574194266704637e-15
3.658509999999999991e+02 1.342270727129088729e-15
3.652099999999999795e+02 1.337739805176006855e-15
3.645699999999999932e+02 1.499434819516964011e-15
3.639300000000000068e+02 1.465459812436588784e-15
3.632900000000000205e+02 1.445980421022433551e-15
3.626490000000000009e+02 1.476723753296478913e-15
3.620079999999999814e+02 1.436048523603162027e-15
3.613670000000000186e+02 1.409723026790882880e-15
3.607269999999999754e+02 1.305715536135652699e-15
3.600869999999999891e+02 1.343545016555680465e-15
3.594460000000000264e+02 1.212354862147324922e-15
3.588039999999999736e+02 1.116722639346265691e-15
3.581639999999999873e+02 1.077980736463115784e-15
3.575230000000000246e+02 9.906969500289960246e-16
3.568829999999999814e+02 1.111942723884444758e-15
3.562420000000000186e+02 1.073496380587620369e-15
3.556000000000000227e+02 1.090470460953646122e-15
3.549590000000000032e+02 1.141493385359842568e-15
3.543179999999999836e+02 1.028027001606531021e-15
3.536770000000000209e+02 1.058527712564202513e-15
3.530350000000000250e+02 1.210868544076374197e-15
3.523940000000000055e+02 1.247155389042662246e-15
3.517520000000000095e+02 1.242699878207651502e-15
3.511109999999999900e+02 1.003097467356004813e-15
3.504689999999999941e+02 1.086565732032963581e-15
3.498269999999999982e+02 1.115997583727947030e-15
3.491859999999999786e+02 1.092049335774205632e-15
3.485450000000000159e+02 1.068323136929579610e-15
3.479019999999999868e+02 1.044535285244639246e-15
3.472599999999999909e+02 9.750838216282163658e-16
3.466190000000000282e+02 9.584386497223703603e-16
3.459769999999999754e+02 9.288362673995953653e-16
3.453340000000000032e+02 1.010014863416791001e-15
3.446929999999999836e+02 1.058156517795306586e-15
3.440509999999999877e+02 1.015529946776979168e-15
3.434089999999999918e+02 9.989351751150736038e-16
3.427660000000000196e+02 9.312117183558469162e-16
3.421240000000000236e+02 1.061895544657595686e-15
3.414820000000000277e+02 1.089778426910604761e-15
3.408399999999999750e+02 1.079352861710448007e-15
3.401970000000000027e+02 1.132267999002528498e-15
3.395539999999999736e+02 1.140623796299420056e-15
3.389119999999999777e+02 1.105001051789570621e-15
3.382690000000000055e+02 1.132229883462859049e-15
3.376259999999999764e+02 1.283461495224212690e-15
3.369839999999999804e+02 1.377835319741373309e-15
3.363419999999999845e+02 1.317154311096329627e-15
3.356979999999999791e+02 1.232199042605181546e-15
3.350550000000000068e+02 1.209196468012844639e-15
3.344130000000000109e+02 1.149769670955319436e-15
3.337690000000000055e+02 1.163578803303783674e-15
3.331259999999999764e+02 1.189501241937090231e-15
3.324830000000000041e+02 1.347892028608959881e-15
3.318389999999999986e+02 1.270779185828937467e-15
3.311960000000000264e+02 1.367665076266622773e-15
3.305539999999999736e+02 1.320663573445546031e-15
3.299110000000000014e+02 1.398821828622411595e-15
3.292660000000000196e+02 1.446802446195468328e-15
3.286229999999999905e+02 1.523845741817413725e-15
3.279800000000000182e+02 1.494550500123720317e-15
3.273360000000000127e+02 1.447699074528543793e-15
3.266929999999999836e+02 1.308059289973060330e-15
3.260489999999999782e+02 1.279775111382619503e-15
3.254049999999999727e+02 1.245869277848661729e-15
3.247610000000000241e+02 1.310206489308916911e-15
3.241179999999999950e+02 1.259195403951942149e-15
3.234730000000000132e+02 1.288564820007782209e-15
3.228290000000000077e+02 1.289175641826042771e-15
3.221840000000000259e+02 1.392027049733630268e-15
3.215409999999999968e+02 1.397803270343672930e-15
3.208969999999999914e+02 1.510434306473937678e-15
3.202520000000000095e+02 1.571897094404307951e-15
3.196080000000000041e+02 1.560044759852381578e-15
3.189639999999999986e+02 1.603930121588439266e-15
3.183190000000000168e+02 1.669609031368972160e-15
3.176750000000000114e+02 1.563654244274498728e-15
3.170310000000000059e+02 1.398187850729384480e-15
3.163860000000000241e+02 1.392388787664585723e-15
3.157420000000000186e+02 1.354208624420388415e-15
3.150980000000000132e+02 1.267322868520623633e-15
3.144519999999999982e+02 1.240511389682246494e-15
3.138079999999999927e+02 1.197829645352526206e-15
3.131619999999999777e+02 1.171522167647476715e-15
3.125179999999999723e+02 1.134689009931252039e-15
3.118729999999999905e+02 1.146000117560670369e-15
3.112269999999999754e+02 1.332235362548359320e-15
3.105830000000000268e+02 1.247615393900482503e-15
3.099370000000000118e+02 1.210947283291282492e-15
3.092919999999999732e+02 1.221751758849378391e-15
3.086469999999999914e+02 1.185456360103729296e-15
3.080009999999999764e+02 1.289648215142234469e-15
3.073570000000000277e+02 1.346351231076692437e-15
3.067099999999999795e+02 1.361509357668880947e-15
3.060649999999999977e+02 1.335299301470005173e-15
3.054200000000000159e+02 1.324596115502899988e-15
3.047740000000000009e+02 1.314081341477707660e-15
3.041290000000000191e+02 1.303616894920080538e-15
3.034820000000000277e+02 1.439346468747076731e-15
3.028369999999999891e+02 1.523741496290747537e-15
3.021920000000000073e+02 1.587262243343210533e-15
3.015450000000000159e+02 1.535889244627427831e-15
3.008999999999999773e+02 1.430175925069097750e-15
3.002529999999999859e+02 1.567450454887039237e-15
2.996080000000000041e+02 1.501795691160954815e-15
2.989610000000000127e+02 1.426764988821678490e-15
2.983149999999999977e+02 1.547630476120869759e-15
2.976700000000000159e+02 1.477950775886705437e-15
2.970230000000000246e+02 1.481235680325086792e-15
2.963770000000000095e+02 1.383333725172616628e-15
2.957300000000000182e+02 1.348745501805785144e-15
2.950840000000000032e+02 1.385909025844092459e-15
2.944370000000000118e+02 1.280117123978219933e-15
2.937909999999999968e+02 1.317201741772128168e-15
2.931429999999999723e+02 1.537638985675874389e-15
2.924970000000000141e+02 1.526296331382060287e-15
2.918500000000000227e+02 1.449597809765516941e-15
2.912040000000000077e+02 1.420004338454443014e-15
2.905570000000000164e+02 1.483124060767984872e-15
2.899100000000000250e+02 1.564380931637003151e-15
2.892629999999999768e+02 1.685936589231819834e-15
2.886159999999999854e+02 1.756313372844712613e-15
2.879689999999999941e+02 1.803162286456368064e-15
2.873210000000000264e+02 1.804263689445360558e-15
2.866750000000000114e+02 1.778209153474911296e-15
2.860269999999999868e+02 1.869100239127371037e-15
2.853799999999999955e+02 1.896535444896357759e-15
2.847320000000000277e+02 1.870268012016190306e-15
2.840849999999999795e+02 1.954892356468941116e-15
2.834370000000000118e+02 1.990281571166596875e-15
2.827900000000000205e+02 2.073448497904775646e-15
2.821419999999999959e+02 2.142849452096440259e-15
2.814950000000000045e+02 2.172211049167874075e-15
2.808469999999999800e+02 2.249120305166792505e-15
2.801990000000000123e+02 2.169930712997759013e-15
2.795509999999999877e+02 2.117114431775251588e-15
2.789039999999999964e+02 2.137493706089534128e-15
2.782549999999999955e+02 2.131862125195467807e-15
2.776080000000000041e+02 2.130596564774658507e-15
2.769590000000000032e+02 2.095506701705828293e-15
2.763120000000000118e+02 2.131961909379428061e-15
2.756630000000000109e+02 2.088791791480997050e-15
2.750149999999999864e+02 2.120573635656437388e-15
2.743659999999999854e+02 2.292832450656638132e-15
2.737189999999999941e+02 2.422076623123945117e-15
2.730699999999999932e+02 2.451847663420934187e-15
2.724220000000000255e+02 2.411768620928545288e-15
2.717730000000000246e+02 2.351798757950968411e-15
2.711240000000000236e+02 2.304355744005923452e-15
2.704759999999999991e+02 2.229240518149223272e-15
2.698260000000000218e+02 2.262703562461825459e-15
2.691779999999999973e+02 2.331687554107506315e-15
2.685289999999999964e+02 2.213580810258127339e-15
2.678809999999999718e+02 2.179290472036436807e-15
2.672309999999999945e+02 2.137585234006605765e-15
2.665830000000000268e+02 2.178119439874697416e-15
2.659329999999999927e+02 2.323258167478505654e-15
2.652839999999999918e+02 2.381829269562669738e-15
2.646349999999999909e+02 2.478196180028977440e-15
2.639850000000000136e+02 2.408750328532180203e-15
2.633369999999999891e+02 2.374122239889922745e-15
2.626870000000000118e+02 2.430978888585199773e-15
2.620380000000000109e+02 2.370112794610552447e-15
2.613879999999999768e+02 2.459966845597307917e-15
2.607400000000000091e+02 2.403193851668294091e-15
2.600899999999999750e+02 2.290803805134359751e-15
2.594390000000000214e+02 2.342490040850453508e-15
2.587900000000000205e+02 2.290346626882092400e-15
2.581399999999999864e+02 2.290034616836397009e-15
2.574909999999999854e+02 2.264115004727646867e-15
2.568410000000000082e+02 2.365431814382834602e-15
2.561899999999999977e+02 2.440423740465609017e-15
2.555409999999999968e+02 2.388642720325492294e-15
2.548899999999999864e+02 2.433922359926844476e-15
2.542410000000000139e+02 2.425333824305075873e-15
2.535910000000000082e+02 2.338689431920202862e-15
2.529399999999999977e+02 2.333870095456998738e-15
2.522899999999999920e+02 2.360757461384038108e-15
2.516399999999999864e+02 2.428946830903973791e-15
2.509900000000000091e+02 2.315918563560876153e-15
2.503389999999999986e+02 2.317886192648981290e-15
2.496879999999999882e+02 2.364482425120821614e-15
2.490380000000000109e+02 2.369337643262552779e-15
2.483870000000000005e+02 2.435422280858755189e-15
2.477359999999999900e+02 2.493862028782278699e-15
2.470860000000000127e+02 2.457426285605670498e-15
2.464350000000000023e+02 2.525001363202050273e-15
2.457849999999999966e+02 2.411977176490192875e-15
2.451330000000000098e+02 2.462338734514951836e-15
2.444819999999999993e+02 2.409883565846725207e-15
2.438319999999999936e+02 2.364551071853737871e-15
2.431800000000000068e+02 2.329205787880225243e-15
2.425289999999999964e+02 2.316922263440719563e-15
2.418779999999999859e+02 2.401398426087230799e-15
2.412270000000000039e+02 2.456112943215899013e-15
2.405749999999999886e+02 2.392011013190995814e-15
2.399240000000000066e+02 2.487138576215963098e-15
2.392719999999999914e+02 2.473890076781573368e-15
2.386200000000000045e+02 2.514005063859982103e-15
2.379699999999999989e+02 2.494235531417550796e-15
2.373180000000000121e+02 2.555340993739634213e-15
2.366670000000000016e+02 2.541595230133971255e-15
2.360149999999999864e+02 2.530785484324049816e-15
2.353629999999999995e+02 2.572080581663546003e-15
2.347100000000000080e+02 2.658366061795515030e-15
2.340600000000000023e+02 2.634713584756754263e-15
2.334070000000000107e+02 2.614251520733206327e-15
2.327549999999999955e+02 2.704572246087789171e-15
2.321040000000000134e+02 2.769901335009558293e-15
2.314509999999999934e+02 2.745726018885270984e-15
2.307980000000000018e+02 2.806884378285653758e-15
2.301469999999999914e+02 2.791279088946976434e-15
2.294939999999999998e+02 2.746581115735672697e-15
2.288420000000000130e+02 2.682034549183521753e-15
2.281899999999999977e+02 2.767607555058368279e-15
2.275370000000000061e+02 2.829208423721203583e-15
2.268839999999999861e+02 2.858776791398186601e-15
2.262330000000000041e+02 2.913146099161569765e-15
2.255800000000000125e+02 2.986565314180085574e-15
2.249269999999999925e+02 2.972358785202733177e-15
2.242729999999999961e+02 2.977652176984478393e-15
2.236220000000000141e+02 3.032358147271183570e-15
2.229679999999999893e+02 3.039679197663585957e-15
2.223149999999999977e+02 3.052099978799546222e-15
2.216630000000000109e+02 2.999253219243419072e-15
2.210099999999999909e+02 2.941239542989713537e-15
2.203559999999999945e+02 2.881113406864724169e-15
2.197019999999999982e+02 2.848284774382288125e-15
2.190500000000000114e+02 2.850182392823759227e-15
2.183969999999999914e+02 2.838667626579288557e-15
2.177429999999999950e+02 2.819298588614083542e-15
2.170889999999999986e+02 2.826073588967262680e-15
2.164370000000000118e+02 2.770440229883087331e-15
2.157829999999999870e+02 2.800323546249241181e-15
2.151289999999999907e+02 2.763068974476810031e-15
2.144749999999999943e+02 2.822846419742602931e-15
2.138220000000000027e+02 2.813488114993454262e-15
2.131680000000000064e+02 2.809058204484309263e-15
2.125140000000000100e+02 2.814566128488296583e-15
2.118600000000000136e+02 2.760248034735392973e-15
2.112069999999999936e+02 2.802705713892468202e-15
2.105529999999999973e+02 2.770852226289965906e-15
2.098979999999999961e+02 2.741680288742152568e-15
2.092439999999999998e+02 2.695669705205542771e-15
2.085910000000000082e+02 2.681517653456729189e-15
2.079360000000000070e+02 2.662526430757964132e-15
2.072820000000000107e+02 2.638861905371680199e-15
2.066270000000000095e+02 2.572777361524141244e-15
2.059739999999999895e+02 2.603722363980982617e-15
2.053189999999999884e+02 2.585014642473883305e-15
2.046639999999999873e+02 2.547897451210843816e-15
2.040089999999999861e+02 2.541018011276833285e-15
2.033540000000000134e+02 2.527194603416424359e-15
2.027009999999999934e+02 2.447515341569235670e-15
2.020459999999999923e+02 2.413784809505945359e-15
2.013909999999999911e+02 2.353397636901744034e-15
2.007350000000000136e+02 2.391845057669269540e-15
2.000800000000000125e+02 2.360917664281014559e-15
1.994259999999999877e+02 2.303794777206646924e-15
1.987709999999999866e+02 2.291035646986136247e-15
1.981160000000000139e+02 2.263118638147200252e-15
1.974600000000000080e+02 2.282870981040928172e-15
1.968050000000000068e+02 2.227113198027454322e-15
1.961510000000000105e+02 2.206192214065945357e-15
1.954950000000000045e+02 2.244579262494646015e-15
1.948389999999999986e+02 2.189702723683126058e-15
1.941839999999999975e+02 2.154260592850261653e-15
1.935279999999999916e+02 2.162727154691461966e-15
1.928739999999999952e+02 2.177129114244577824e-15
1.922179999999999893e+02 2.158437533108038677e-15
1.915620000000000118e+02 2.200870840509959184e-15
1.909060000000000059e+02 2.262843066616973306e-15
1.902500000000000000e+02 2.281665874661030226e-15
1.895939999999999941e+02 2.236194192034518217e-15
1.889389999999999930e+02 2.278308951611464872e-15
1.882829999999999870e+02 2.305983891935146543e-15
1.876270000000000095e+02 2.336997668076332249e-15
1.869699999999999989e+02 2.313127280919327727e-15
1.863139999999999930e+02 2.297099975638685650e-15
1.856570000000000107e+02 2.246639010671792309e-15
1.850010000000000048e+02 2.208186837227010613e-15
1.843460000000000036e+02 2.226689369643037299e-15
1.836889999999999930e+02 2.257870184821788543e-15
1.830329999999999870e+02 2.286539509399574659e-15
1.823760000000000048e+02 2.296217670764931295e-15
1.817189999999999941e+02 2.268907429946097225e-15
1.810620000000000118e+02 2.365604701084394592e-15
1.804050000000000011e+02 2.433605724359292791e-15
1.797500000000000000e+02 2.453712667454935632e-15
1.790929999999999893e+02 2.507304507774407154e-15
1.784360000000000070e+02 2.497997180879590637e-15
1.777789999999999964e+02 2.513201708475322363e-15
1.771220000000000141e+02 2.512246566407559362e-15
1.764650000000000034e+02 2.512896285705320681e-15
1.758069999999999879e+02 2.520129663812328346e-15
1.751500000000000057e+02 2.486203333661056368e-15
1.744939999999999998e+02 2.496497760180310971e-15
1.738369999999999891e+02 2.536734022565359660e-15
1.731790000000000020e+02 2.556109915370333563e-15
1.725219999999999914e+02 2.584944573858510892e-15
1.718640000000000043e+02 2.624589366215542784e-15
1.712059999999999889e+02 2.651971566749745645e-15
1.705490000000000066e+02 2.670706510849757221e-15
1.698909999999999911e+02 2.674402808304392510e-15
1.692330000000000041e+02 2.652349818557004815e-15
1.685749999999999886e+02 2.627223490582729859e-15
1.679190000000000111e+02 2.644652591584436612e-15
1.672609999999999957e+02 2.619498206441719423e-15
1.666030000000000086e+02 2.657795320720712367e-15
1.659449999999999932e+02 2.604883171748751646e-15
1.652870000000000061e+02 2.540407284102513631e-15
1.646279999999999859e+02 2.532438515473522099e-15
1.639699999999999989e+02 2.549819517639803285e-15
1.633120000000000118e+02 2.583035363847131366e-15
1.626539999999999964e+02 2.575724191907010504e-15
1.619950000000000045e+02 2.531716407601630039e-15
1.613369999999999891e+02 2.509947136302678173e-15
1.606779999999999973e+02 2.462360976434477551e-15
1.600190000000000055e+02 2.453787608606501683e-15
1.593609999999999900e+02 2.459309913112730093e-15
1.587040000000000077e+02 2.450501841815191372e-15
1.580449999999999875e+02 2.453997102851595866e-15
1.573859999999999957e+02 2.430994062635797419e-15
1.567270000000000039e+02 2.435481461680597180e-15
1.560680000000000121e+02 2.412536204218808247e-15
1.554089999999999918e+02 2.404509806360681063e-15
1.547500000000000000e+02 2.403019383395714343e-15
1.540910000000000082e+02 2.380154381651623318e-15
1.534319999999999879e+02 2.370506642249294630e-15
1.527729999999999961e+02 2.359472668749561563e-15
1.521140000000000043e+02 2.331601876756588842e-15
1.514540000000000077e+02 2.318000118596480150e-15
1.507949999999999875e+02 2.304375566579274876e-15
1.501359999999999957e+02 2.368610002382507496e-15
1.494759999999999991e+02 2.381668792071781575e-15
1.488170000000000073e+02 2.379406731324831484e-15
1.481570000000000107e+02 2.416051280020407881e-15
1.474970000000000141e+02 2.400840232144314191e-15
1.468379999999999939e+02 2.414471109675509327e-15
1.461779999999999973e+02 2.415652232605348143e-15
1.455180000000000007e+02 2.443662933629102350e-15
1.448580000000000041e+02 2.443982567319466674e-15
1.441980000000000075e+02 2.383676184113978656e-15
1.435380000000000109e+02 2.396572369560563630e-15
1.428779999999999859e+02 2.398680366339658669e-15
1.422179999999999893e+02 2.420776614098482738e-15
1.415579999999999927e+02 2.419801090138714284e-15
1.408979999999999961e+02 2.412983317751250433e-15
1.402379999999999995e+02 2.403775331895761967e-15
1.395769999999999982e+02 2.390046210030228112e-15
1.389170000000000016e+02 2.408628650294200645e-15
1.382560000000000002e+02 2.460616575010139191e-15
1.375960000000000036e+02 2.484922157877721750e-15
1.369350000000000023e+02 2.502134193429913503e-15
1.362750000000000057e+02 2.500036562931319286e-15
1.356140000000000043e+02 2.522261594893941789e-15
1.349540000000000077e+02 2.540670939358697256e-15
1.342930000000000064e+02 2.586545528246733573e-15
1.336320000000000050e+02 2.630152172875463431e-15
1.329710000000000036e+02 2.650818703931394608e-15
1.323100000000000023e+02 2.657982015668574097e-15
1.316490000000000009e+02 2.702360521156384003e-15
1.309879999999999995e+02 2.706167126468147529e-15
1.303269999999999982e+02 2.702872688483438957e-15
1.296659999999999968e+02 2.743368950661492249e-15
1.290049999999999955e+02 2.751038940362820030e-15
1.283420000000000130e+02 2.739633801840136799e-15
1.276809999999999974e+02 2.734491448954191836e-15
1.270190000000000055e+02 2.753307799892120280e-15
1.263580000000000041e+02 2.711565224273232775e-15
1.256959999999999980e+02 2.661350550193687091e-15
1.250349999999999966e+02 2.655485845082299141e-15
1.243730000000000047e+02 2.638915522021417329e-15
1.237120000000000033e+02 2.612849097414889019e-15
1.230499999999999972e+02 2.603802741612511491e-15
1.223880000000000052e+02 2.583594419426364246e-15
1.217259999999999991e+02 2.524439805895148169e-15
1.210639999999999930e+02 2.455450622896345786e-15
1.204030000000000058e+02 2.437837695258877140e-15
1.197409999999999997e+02 2.407295088404306741e-15
1.190780000000000030e+02 2.333318719193596852e-15
1.184150000000000063e+02 2.302035269170839243e-15
1.177530000000000001e+02 2.255619676427713418e-15
1.170909999999999940e+02 2.198292728837882431e-15
1.164279999999999973e+02 2.142542994713913435e-15
1.157660000000000053e+02 2.110932657096297358e-15
1.151039999999999992e+02 2.072931129351711086e-15
1.144410000000000025e+02 2.019973777506190660e-15
1.137789999999999964e+02 1.970001748508806117e-15
1.131159999999999997e+02 1.948721129998782821e-15
1.124539999999999935e+02 1.916223056807990750e-15
1.117890000000000015e+02 1.881854416101521581e-15
1.111269999999999953e+02 1.864636484736165179e-15
1.104639999999999986e+02 1.827560785978091199e-15
1.098010000000000019e+02 1.794355753022669070e-15
1.091380000000000052e+02 1.756221505202579573e-15
1.084749999999999943e+02 1.732454756915772878e-15
1.078119999999999976e+02 1.671127405368478382e-15
1.071490000000000009e+02 1.630860687845302082e-15
1.064849999999999994e+02 1.550376497948364084e-15
1.058209999999999980e+02 1.481673394093313109e-15
1.051580000000000013e+02 1.399475189527752257e-15
1.044950000000000045e+02 1.366715460707272058e-15
1.038319999999999936e+02 1.303031900676220489e-15
1.031680000000000064e+02 1.246549107007563514e-15
1.025049999999999955e+02 1.194151710299155359e-15
1.018400000000000034e+02 1.167726451993666860e-15
1.011760000000000019e+02 1.129113009706220873e-15
1.005130000000000052e+02 1.129185933829530054e-15
9.984900000000000375e+01 1.119997758810115407e-15
9.918529999999999802e+01 1.105807736041238542e-15
9.852150000000000318e+01 1.087852151490369984e-15
9.785769999999999413e+01 1.107148961779540084e-15
9.719230000000000302e+01 1.132040103215042587e-15
9.652830000000000155e+01 1.154347444696317718e-15
9.586430000000000007e+01 1.169517906275810644e-15
9.520029999999999859e+01 1.192602046078758925e-15
9.453610000000000468e+01 1.229245488987316606e-15
9.387199999999999989e+01 1.264525689416115181e-15
9.320619999999999550e+01 1.283422740691611668e-15
9.254200000000000159e+01 1.306133249321768940e-15
9.187760000000000105e+01 1.298440682985047031e-15
9.121320000000000050e+01 1.299445120809699982e-15
9.054879999999999995e+01 1.289427578805893134e-15
8.988280000000000314e+01 1.304219209356401780e-15
8.921819999999999595e+01 1.296722205466948950e-15
8.855360000000000298e+01 1.278017171619701561e-15
8.788890000000000668e+01 1.258565701931618660e-15
8.722419999999999618e+01 1.270030200591389313e-15
8.655939999999999657e+01 1.276071616946419178e-15
8.589300000000000068e+01 1.289399881357946375e-15
8.522809999999999775e+01 1.285519145910803406e-15
8.456319999999999482e+01 1.290539885207171719e-15
8.389820000000000277e+01 1.276747881957556242e-15
8.323160000000000025e+01 1.276519934785312979e-15
8.256650000000000489e+01 1.268169456002278304e-15
8.190130000000000621e+01 1.270166036282704608e-15
8.123609999999999332e+01 1.261953754402609086e-15
8.057080000000000553e+01 1.234171998827713183e-15
7.990389999999999304e+01 1.226143269727163428e-15
7.923850000000000193e+01 1.224600982712769631e-15
7.857299999999999329e+01 1.226423781014939593e-15
7.790749999999999886e+01 1.222547201231721725e-15
7.724039999999999395e+01 1.212567659235569453e-15
7.657479999999999620e+01 1.208667503219396409e-15
7.590909999999999513e+01 1.184271772537616921e-15
7.524339999999999407e+01 1.180243506281594061e-15
7.457760000000000389e+01 1.168937723757469166e-15
7.391020000000000323e+01 1.137749954119451771e-15
7.324429999999999552e+01 1.118339460948044796e-15
7.257829999999999870e+01 1.085150778977692226e-15
7.191230000000000189e+01 1.060179160211269726e-15
7.124469999999999459e+01 1.045231791368471623e-15
7.057850000000000534e+01 1.023341359752996144e-15
6.991230000000000189e+01 1.017126728972183483e-15
6.924609999999999843e+01 9.900759548517762366e-16
6.857829999999999870e+01 9.751380949737499167e-16
6.791190000000000282e+01 9.581749851656586575e-16
6.724550000000000693e+01 9.364829604530621880e-16
6.657750000000000057e+01 9.200407713849365475e-16
6.591100000000000136e+01 8.951872008152175063e-16
6.524439999999999884e+01 8.794036574106259876e-16
6.457769999999999300e+01 8.587790115426694707e-16
6.390950000000000131e+01 8.354097178250761212e-16
6.324269999999999925e+01 8.194890399031095452e-16
6.257589999999999719e+01 8.078743662008483978e-16
6.190899999999999892e+01 7.946973800619267191e-16
6.124060000000000059e+01 7.787630522184929149e-16
6.057359999999999900e+01 7.646391058392312515e-16
5.990659999999999741e+01 7.511959835876305271e-16
5.923799999999999955e+01 7.260694514612761621e-16
5.857079999999999842e+01 7.002050826780429387e-16
5.790359999999999729e+01 6.872375969266326617e-16
5.723629999999999995e+01 6.687766509315414912e-16
5.656750000000000256e+01 6.458898556150418694e-16
5.590010000000000190e+01 6.329075268605903858e-16
5.523270000000000124e+01 6.153543139425687790e-16
5.456360000000000099e+01 6.014308277317720097e-16
5.389609999999999701e+01 5.901243221944343569e-16
5.322849999999999682e+01 5.833096077316660422e-16
5.255930000000000035e+01 5.793844105353783548e-16
5.189159999999999684e+01 5.599453655469881680e-16
5.122379999999999711e+01 5.495181893003461818e-16
5.055440000000000111e+01 5.374592668579526119e-16
4.988660000000000139e+01 5.221329479113366568e-16
4.921860000000000213e+01 5.065144976784145997e-16
4.854910000000000281e+01 4.919332186715660261e-16
4.788100000000000023e+01 4.822806914929134388e-16
4.721289999999999765e+01 4.693301440758903219e-16
4.654319999999999879e+01 4.535837097117821633e-16
4.587500000000000000e+01 4.425894228815101582e-16
4.520669999999999789e+01 4.246331271000780779e-16
4.453679999999999950e+01 4.119512160749792731e-16
4.386840000000000117e+01 4.002572180595481394e-16
4.320000000000000284e+01 3.929298446180971371e-16
4.252989999999999782e+01 3.790241726443820383e-16
4.186129999999999995e+01 3.644631873899207498e-16
4.119270000000000209e+01 3.474801186269835576e-16
4.052250000000000085e+01 3.353639158040694784e-16
3.985379999999999967e+01 3.253136397244798667e-16
3.918500000000000227e+01 3.169438381516269921e-16
3.851460000000000150e+01 3.062157946127914624e-16
3.784570000000000078e+01 2.950481592359987328e-16
3.717519999999999669e+01 2.824463595100848857e-16
3.650619999999999976e+01 2.709633785965184356e-16
3.583709999999999951e+01 2.620877993613994333e-16
3.516640000000000299e+01 2.530206090586935058e-16
3.449719999999999942e+01 2.418900595177342846e-16
3.382800000000000296e+01 2.326803771626905192e-16
3.315709999999999980e+01 2.215702704130516079e-16
3.248780000000000001e+01 2.086777251439218900e-16
3.181680000000000064e+01 1.990730770387199079e-16
3.114730000000000132e+01 1.909654098953484432e-16
3.047779999999999845e+01 1.841205451161051126e-16
2.980669999999999931e+01 1.723463014511759051e-16
2.913700000000000045e+01 1.645118276354879957e-16
2.846730000000000160e+01 1.574170508849509336e-16
2.779599999999999937e+01 1.476437095313315895e-16
2.712620000000000076e+01 1.397516634751911077e-16
2.645479999999999876e+01 1.325730408585289564e-16
2.578490000000000038e+01 1.248655056248557778e-16
2.511329999999999885e+01 1.161333528350287961e-16
2.444330000000000069e+01 1.075610124384197740e-16
2.377319999999999922e+01 1.015312326616687916e-16
2.310150000000000148e+01 9.325163374500114952e-17
2.243130000000000024e+01 8.644760902678846762e-17
2.175949999999999918e+01 7.995721724227017359e-17
2.108909999999999840e+01 7.345174100335474685e-17
2.041870000000000118e+01 6.789544192569807992e-17
1.974680000000000035e+01 6.138410975921896686e-17
1.907629999999999981e+01 5.617942146371294652e-17
1.840419999999999945e+01 5.144907806288376965e-17
1.773349999999999937e+01 4.652511864230194081e-17
1.706129999999999924e+01 4.285336118397199209e-17
1.639059999999999917e+01 3.845845986461190142e-17
1.571979999999999933e+01 3.480421409006281757e-17
1.504739999999999966e+01 3.172578099371609692e-17
1.437650000000000006e+01 2.856401947081800946e-17
1.370410000000000039e+01 2.599935116698963376e-17
1.303299999999999947e+01 2.309384328048711705e-17
1.236040000000000028e+01 2.057407101133863298e-17
1.168929999999999936e+01 1.818548471704409400e-17
1.101660000000000039e+01 1.630533556084838477e-17
1.034529999999999994e+01 1.505340376896942354e-17
9.672489999999999810e+00 1.363834165517916735e-17
9.001129999999999853e+00 1.227077822006912856e-17
8.329710000000000392e+00 1.083534610716018609e-17
7.656710000000000349e+00 9.715353700257764503e-18
6.985170000000000101e+00 9.228845282120358798e-18
6.312050000000000161e+00 8.505854213965271352e-18
5.640399999999999636e+00 7.597490564945171734e-18
4.967170000000000307e+00 6.427178832725967993e-18
4.295410000000000394e+00 5.149941899041566854e-18
3.622059999999999835e+00 3.906154674760063297e-18
2.950180000000000025e+00 2.743199325505799347e-18
2.276720000000000077e+00 1.735223728866132640e-18
1.604729999999999990e+00 8.995790084888403914e-19
9.311519999999999797e-01 3.048881637932520800e-19
2.590439999999999965e-01 2.360539467533946953e-20
