4.498670000000000186e+02 1.161144084518320569e-15
4.492339999999999804e+02 9.184072185855638929e-16
4.486009999999999991e+02 8.073290000041279399e-16
4.479680000000000177e+02 1.129903344600195500e-15
4.473360000000000127e+02 1.094419638151021276e-15
4.467029999999999745e+02 1.037439160515401982e-15
4.460690000000000168e+02 1.227867248858018994e-15
4.454359999999999786e+02 1.106697075098725894e-15
4.448029999999999973e+02 1.071635398023944882e-15
4.441689999999999827e+02 1.164488442053716537e-15
4.435360000000000014e+02 1.278031291096711455e-15
4.429019999999999868e+02 1.496859412133452761e-15
4.422699999999999818e+02 1.291981928879638828e-15
4.416360000000000241e+02 1.456822688853866538e-15
4.410029999999999859e+02 1.442241574072102809e-15
4.403690000000000282e+02 1.312581032399911826e-15
4.397350000000000136e+02 1.308910648403646759e-15
4.391009999999999991e+02 1.274030828491589841e-15
4.384669999999999845e+02 1.031607203765738489e-15
4.378330000000000268e+02 1.101122155680598265e-15
4.371990000000000123e+02 1.015456824780473734e-15
4.365649999999999977e+02 1.084621451428564381e-15
4.359329999999999927e+02 8.454830372146950725e-16
4.352980000000000018e+02 6.997638396232401836e-16
4.346639999999999873e+02 6.875866858700644738e-16
4.340299999999999727e+02 7.161397426102403376e-16
4.333960000000000150e+02 7.140953140475472531e-16
4.327610000000000241e+02 9.751756996413660702e-16
4.321270000000000095e+02 8.815405165843577367e-16
4.314920000000000186e+02 7.280751796742701321e-16
4.308580000000000041e+02 6.557510454152582197e-16
4.302230000000000132e+02 7.239145269639991262e-16
4.295889999999999986e+02 8.315606556790322659e-16
4.289540000000000077e+02 6.898390451121356489e-16
4.283190000000000168e+02 7.771473210380604932e-16
4.276859999999999786e+02 7.750303234162315059e-16
4.270509999999999877e+02 6.642292914206323662e-16
4.264159999999999968e+02 5.541263822887371863e-16
4.257810000000000059e+02 6.603282479059674876e-16
4.251460000000000150e+02 7.366005473162505094e-16
4.245110000000000241e+02 8.806206073521200249e-16
4.238759999999999764e+02 8.877417827312435100e-16
4.232409999999999854e+02 9.723857516649319472e-16
4.226050000000000182e+02 8.536005918839229026e-16
4.219700000000000273e+02 8.703781174781078265e-16
4.213349999999999795e+02 8.966288597568426442e-16
4.206990000000000123e+02 1.028019772855782905e-15
4.200640000000000214e+02 1.034532762029639679e-15
4.194289999999999736e+02 1.145662367784313488e-15
4.187930000000000064e+02 9.239960327324257871e-16
4.181569999999999823e+02 8.739386410132420416e-16
4.175219999999999914e+02 9.279709300426426651e-16
4.168860000000000241e+02 1.132107328329861416e-15
4.162500000000000000e+02 1.231891315246959953e-15
4.156150000000000091e+02 1.246936581013966633e-15
4.149789999999999850e+02 1.280473755789323565e-15
4.143430000000000177e+02 1.313792823131129430e-15
4.137069999999999936e+02 1.180116985263014790e-15
4.130710000000000264e+02 1.370579838110667193e-15
4.124350000000000023e+02 1.458559992333759773e-15
4.117989999999999782e+02 1.527644124374900265e-15
4.111630000000000109e+02 1.468077124853931073e-15
4.105260000000000105e+02 1.408882183167776998e-15
4.098899999999999864e+02 1.450111369745377354e-15
4.092540000000000191e+02 1.246159563175605327e-15
4.086170000000000186e+02 1.260434525641478048e-15
4.079809999999999945e+02 1.337749752978791967e-15
4.073439999999999941e+02 1.279726204195672770e-15
4.067080000000000268e+02 1.222044668759262786e-15
4.060710000000000264e+02 1.361214205599935737e-15
4.054350000000000023e+02 1.161103955952205355e-15
4.047980000000000018e+02 1.184193053187980448e-15
4.041610000000000014e+02 1.145137009739717565e-15
4.035240000000000009e+02 1.229875823979505415e-15
4.028879999999999768e+02 1.041345480867110065e-15
4.022509999999999764e+02 1.125792721082420701e-15
4.016139999999999759e+02 9.299846895023892237e-16
4.009769999999999754e+02 9.445309843751626108e-16
4.003399999999999750e+02 7.417229812683810570e-16
3.997029999999999745e+02 8.953330776587548395e-16
3.990649999999999977e+02 8.407069264489811596e-16
3.984279999999999973e+02 6.746188725896337394e-16
3.977909999999999968e+02 6.296392535477982340e-16
3.971519999999999868e+02 6.103483069802767980e-16
3.965149999999999864e+02 4.806510344265835571e-16
3.958770000000000095e+02 5.471050212432237230e-16
3.952400000000000091e+02 3.589968841795722682e-16
3.946019999999999754e+02 4.930142122644743642e-16
3.939649999999999750e+02 3.482942987175948764e-16
3.933269999999999982e+02 3.304035755160374059e-16
3.926890000000000214e+02 5.217755112251830176e-16
3.920520000000000209e+02 4.867757176719922621e-16
3.914139999999999873e+02 6.348369309393727437e-16
3.907760000000000105e+02 6.410271006801997676e-16
3.901379999999999768e+02 8.536680252225765976e-16
3.895000000000000000e+02 1.040394415139718038e-15
3.888609999999999900e+02 9.387363033218155897e-16
3.882230000000000132e+02 9.601946231381082893e-16
3.875849999999999795e+02 1.054948969492889151e-15
3.869460000000000264e+02 1.140942693239195668e-15
3.863079999999999927e+02 1.242592276276944853e-15
3.856700000000000159e+02 1.303167125731288020e-15
3.850319999999999823e+02 1.371379870187657619e-15
3.843929999999999723e+02 1.238521780253986126e-15
3.837549999999999955e+02 1.314423668374686308e-15
3.831159999999999854e+02 1.270381741038002732e-15
3.824759999999999991e+02 1.250231332655129656e-15
3.818380000000000223e+02 1.198662661212095579e-15
3.811990000000000123e+02 9.974397173016345595e-16
3.805600000000000023e+02 1.104349963206677273e-15
3.799220000000000255e+02 1.053671594638689015e-15
3.792830000000000155e+02 9.329403997286498511e-16
3.786440000000000055e+02 1.007732751307559439e-15
3.780049999999999955e+02 9.266544690262050167e-16
3.773650000000000091e+02 9.547378656606146034e-16
3.767259999999999991e+02 1.236944993323773944e-15
3.760860000000000127e+02 1.209732849128269963e-15
3.754470000000000027e+02 1.458502566843991422e-15
3.748079999999999927e+02 1.438284445964518497e-15
3.741689999999999827e+02 1.509524358797708658e-15
3.735299999999999727e+02 1.587963268014589425e-15
3.728890000000000100e+02 1.605451417580905207e-15
3.722500000000000000e+02 1.479426817217986410e-15
3.716100000000000136e+02 1.669698704950078447e-15
3.709710000000000036e+02 1.529379518306803056e-15
3.703310000000000173e+02 1.464718396084901429e-15
3.696909999999999741e+02 1.415062393020484238e-15
3.690500000000000114e+02 1.447231313435391040e-15
3.684110000000000014e+02 1.368507850942516236e-15
3.677710000000000150e+02 1.334402386206854154e-15
3.671309999999999718e+02 1.271174617343906576e-15
3.664909999999999854e+02 1.456878667533940507e-15
3.658509999999999991e+02 1.342574788508213509e-15
3.652099999999999795e+02 1.338043453800045646e-15
3.645699999999999932e+02 1.499738055805725514e-15
3.639300000000000068e+02 1.465762636165065414e-15
3.632900000000000205e+02 1.446282831964545660e-15
3.626490000000000009e+02 1.477025750579560367e-15
3.620079999999999814e+02 1.436350106998262711e-15
3.613670000000000186e+02 1.410024196067964841e-15
3.607269999999999754e+02 1.306016291710176237e-15
3.600869999999999891e+02 1.343845358196141727e-15
3.594460000000000264e+02 1.212654788973806957e-15
3.588039999999999736e+02 1.117022150476650824e-15
3.581639999999999873e+02 1.078279832957230162e-15
3.575230000000000246e+02 9.909956310024967923e-16
3.568829999999999814e+02 1.112240989748348760e-15
3.562420000000000186e+02 1.073794230454606013e-15
3.556000000000000227e+02 1.090767893934141195e-15
3.549590000000000032e+02 1.141790401861852438e-15
3.543179999999999836e+02 1.028323601387756271e-15
3.536770000000000209e+02 1.058823895381200668e-15
3.530350000000000250e+02 1.211164309033492900e-15
3.523940000000000055e+02 1.247450736544839970e-15
3.517520000000000095e+02 1.242994807356155978e-15
3.511109999999999900e+02 1.003391978554222433e-15
3.504689999999999941e+02 1.086859824379054554e-15
3.498269999999999982e+02 1.116291256970729761e-15
3.491859999999999786e+02 1.092342590314716298e-15
3.485450000000000159e+02 1.068615972515060669e-15
3.479019999999999868e+02 1.044827700312764692e-15
3.472599999999999909e+02 9.753758165768458289e-16
3.466190000000000282e+02 9.587302249493614996e-16
3.459769999999999754e+02 9.291274219920177962e-16
3.453340000000000032e+02 1.010305596459291550e-15
3.446929999999999836e+02 1.058446830338720948e-15
3.440509999999999877e+02 1.015819837903516392e-15
3.434089999999999918e+02 9.992246445615172331e-16
3.427660000000000196e+02 9.315007652003066838e-16
3.421240000000000236e+02 1.062184169291411681e-15
3.414820000000000277e+02 1.090066629066844796e-15
3.408399999999999750e+02 1.079640641120932308e-15
3.401970000000000027e+02 1.132555354738709601e-15
3.395539999999999736e+02 1.140910728089757838e-15
3.389119999999999777e+02 1.105287560021215335e-15
3.382690000000000055e+02 1.132515967202189080e-15
3.376259999999999764e+02 1.283747154195859376e-15
3.369839999999999804e+02 1.378120554329929020e-15
3.363419999999999845e+02 1.317439121024710127e-15
3.356979999999999791e+02 1.232483426270776265e-15
3.350550000000000068e+02 1.209480425796780285e-15
3.344130000000000109e+02 1.150053203238724689e-15
3.337690000000000055e+02 1.163861908477488981e-15
3.331259999999999764e+02 1.189783920379582574e-15
3.324830000000000041e+02 1.348174280034403006e-15
3.318389999999999986e+02 1.271061009285387872e-15
3.311960000000000264e+02 1.367946472129889455e-15
3.305539999999999736e+02 1.320944542091439366e-15
3.299110000000000014e+02 1.399102369094492563e-15
3.292660000000000196e+02 1.447082556867993802e-15
3.286229999999999905e+02 1.524125423728691894e-15
3.279800000000000182e+02 1.494829752978429269e-15
3.273360000000000127e+02 1.447977897362017279e-15
3.266929999999999836e+02 1.308337683154712248e-15
3.260489999999999782e+02 1.280053073944069251e-15
3.254049999999999727e+02 1.246146809488088760e-15
3.247610000000000241e+02 1.310483589723087430e-15
3.241179999999999950e+02 1.259472073506518233e-15
3.234730000000000132e+02 1.288841057056055767e-15
3.228290000000000077e+02 1.289451446730814878e-15
3.221840000000000259e+02 1.392302421514198512e-15
3.215409999999999968e+02 1.398078210033140202e-15
3.208969999999999914e+02 1.510708813088698362e-15
3.202520000000000095e+02 1.572171166957840406e-15
3.196080000000000041e+02 1.560318398702619804e-15
3.189639999999999986e+02 1.604203326419122615e-15
3.183190000000000168e+02 1.669881801187671213e-15
3.176750000000000114e+02 1.563926579436168352e-15
3.170310000000000059e+02 1.398459750913290396e-15
3.163860000000000241e+02 1.392660251872305732e-15
3.157420000000000186e+02 1.354479653003851905e-15
3.150980000000000132e+02 1.267593461154556629e-15
3.144519999999999982e+02 1.240781544684441967e-15
3.138079999999999927e+02 1.198099363749032067e-15
3.131619999999999777e+02 1.171791447750950648e-15
3.125179999999999723e+02 1.134957852766685669e-15
3.118729999999999905e+02 1.146268522115301386e-15
3.112269999999999754e+02 1.332503327806293834e-15
3.105830000000000268e+02 1.247882920885105232e-15
3.099370000000000118e+02 1.211214370302190343e-15
3.092919999999999732e+02 1.222018406227002118e-15
3.086469999999999914e+02 1.185722567506083102e-15
3.080009999999999764e+02 1.289913981542785689e-15
3.073570000000000277e+02 1.346616557496081735e-15
3.067099999999999795e+02 1.361774241709305056e-15
3.060649999999999977e+02 1.335563744149901271e-15
3.054200000000000159e+02 1.324860116472119935e-15
3.047740000000000009e+02 1.314344899698804505e-15
3.041290000000000191e+02 1.303880010724675037e-15
3.034820000000000277e+02 1.439609140406531672e-15
3.028369999999999891e+02 1.524003724820610499e-15
3.021920000000000073e+02 1.587524028384952124e-15
3.015450000000000159e+02 1.536150584443981663e-15
3.008999999999999773e+02 1.430436820674233705e-15
3.002529999999999859e+02 1.567710904537997520e-15
2.996080000000000041e+02 1.502055695870299929e-15
2.989610000000000127e+02 1.427024546840898463e-15
2.983149999999999977e+02 1.547889587770046285e-15
2.976700000000000159e+02 1.478209441485878202e-15
2.970230000000000246e+02 1.481493898117004232e-15
2.963770000000000095e+02 1.383591495473760468e-15
2.957300000000000182e+02 1.349002823545415940e-15
2.950840000000000032e+02 1.386165899336256723e-15
2.944370000000000118e+02 1.280373548147380565e-15
2.937909999999999968e+02 1.317457716929864912e-15
2.931429999999999723e+02 1.537894510045842290e-15
2.924970000000000141e+02 1.526551405968705285e-15
2.918500000000000227e+02 1.449852433483547081e-15
2.912040000000000077e+02 1.420258511610420490e-15
2.905570000000000164e+02 1.483377782271664863e-15
2.899100000000000250e+02 1.564634201093407736e-15
2.892629999999999768e+02 1.686189406244068950e-15
2.886159999999999854e+02 1.756565737014011237e-15
2.879689999999999941e+02 1.803414197381998523e-15
2.873210000000000264e+02 1.804515146023203151e-15
2.866750000000000114e+02 1.778460156703297504e-15
2.860269999999999868e+02 1.869350787195555848e-15
2.853799999999999955e+02 1.896785538097907082e-15
2.847320000000000277e+02 1.870517649236603822e-15
2.840849999999999795e+02 1.955141537999076967e-15
2.834370000000000118e+02 1.990530295886679628e-15
2.827900000000000205e+02 2.073696766102921363e-15
2.821419999999999959e+02 2.143097262647538047e-15
2.814950000000000045e+02 2.172458402357265179e-15
2.808469999999999800e+02 2.249367199863975350e-15
2.801990000000000123e+02 2.170177148776731355e-15
2.795509999999999877e+02 2.117360408207931745e-15
2.789039999999999964e+02 2.137739223455610763e-15
2.782549999999999955e+02 2.132107181642935328e-15
2.776080000000000041e+02 2.130841161290192974e-15
2.769590000000000032e+02 2.095750836430498310e-15
2.763120000000000118e+02 2.132205583298335516e-15
2.756630000000000109e+02 2.089035002728208618e-15
2.750149999999999864e+02 2.120816384501532083e-15
2.743659999999999854e+02 2.293074735939842907e-15
2.737189999999999941e+02 2.422318445827144097e-15
2.730699999999999932e+02 2.452089021663958263e-15
2.724220000000000255e+02 2.412009514974933165e-15
2.717730000000000246e+02 2.352039186629318445e-15
2.711240000000000236e+02 2.304595706858581932e-15
2.704759999999999991e+02 2.229480015435097897e-15
2.698260000000000218e+02 2.262942592281074901e-15
2.691779999999999973e+02 2.331926117434722863e-15
2.685289999999999964e+02 2.213818905906986859e-15
2.678809999999999718e+02 2.179528100259533349e-15
2.672309999999999945e+02 2.137822392889105701e-15
2.665830000000000268e+02 2.178356130387675109e-15
2.659329999999999927e+02 2.323494387699503922e-15
2.652839999999999918e+02 2.382065019736334070e-15
2.646349999999999909e+02 2.478431459674405212e-15
2.639850000000000136e+02 2.408985136439947856e-15
2.633369999999999891e+02 2.374356577026561199e-15
2.626870000000000118e+02 2.431212753008811157e-15
2.620380000000000109e+02 2.370346186557420324e-15
2.613879999999999768e+02 2.460199763845232338e-15
2.607400000000000091e+02 2.403426297180050603e-15
2.600899999999999750e+02 2.291035775952105632e-15
2.594390000000000214e+02 2.342721535740673783e-15
2.587900000000000205e+02 2.290577646803118174e-15
2.581399999999999864e+02 2.290265160549640929e-15
2.574909999999999854e+02 2.264345072457227472e-15
2.568410000000000082e+02 2.365661404883479733e-15
2.561899999999999977e+02 2.440652852487086158e-15
2.555409999999999968e+02 2.388871354821133142e-15
2.548899999999999864e+02 2.434150514904206084e-15
2.542410000000000139e+02 2.425561500715438111e-15
2.535910000000000082e+02 2.338916628501227750e-15
2.529399999999999977e+02 2.334096810941253830e-15
2.522899999999999920e+02 2.360983695979430061e-15
2.516399999999999864e+02 2.429172584077106416e-15
2.509900000000000091e+02 2.316143834775641158e-15
2.503389999999999986e+02 2.318110980623822856e-15
2.496879999999999882e+02 2.364706729312487130e-15
2.490380000000000109e+02 2.369561463869411575e-15
2.483870000000000005e+02 2.435645616588437744e-15
2.477359999999999900e+02 2.494084879083166529e-15
2.470860000000000127e+02 2.457648650670264203e-15
2.464350000000000023e+02 2.525223241726983611e-15
2.457849999999999966e+02 2.412198568663996108e-15
2.451330000000000098e+02 2.462559638277289884e-15
2.444819999999999993e+02 2.410103981380366097e-15
2.438319999999999936e+02 2.364770999341156964e-15
2.431800000000000068e+02 2.329425225247138821e-15
2.425289999999999964e+02 2.317141210863737806e-15
2.418779999999999859e+02 2.401616882988729636e-15
2.412270000000000039e+02 2.456330909015276817e-15
2.405749999999999886e+02 2.392228486548931247e-15
2.399240000000000066e+02 2.487355557300676803e-15
2.392719999999999914e+02 2.474106564245889711e-15
2.386200000000000045e+02 2.514221057109394208e-15
2.379699999999999989e+02 2.494451031373221402e-15
2.373180000000000121e+02 2.555555998283983366e-15
2.366670000000000016e+02 2.541809739424442969e-15
2.360149999999999864e+02 2.530999496993440858e-15
2.353629999999999995e+02 2.572294097101803019e-15
2.347100000000000080e+02 2.658579078625377204e-15
2.340600000000000023e+02 2.634926104654876819e-15
2.334070000000000107e+02 2.614463540785973320e-15
2.327549999999999955e+02 2.704783766437356098e-15
2.321040000000000134e+02 2.770112355797713830e-15
2.314509999999999934e+02 2.745936537946974148e-15
2.307980000000000018e+02 2.807094394986361010e-15
2.301469999999999914e+02 2.791488604190389865e-15
2.294939999999999998e+02 2.746790127341023807e-15
2.288420000000000130e+02 2.682243057279041459e-15
2.281899999999999977e+02 2.767815558998160149e-15
2.275370000000000061e+02 2.829415922081263242e-15
2.268839999999999861e+02 2.858983783523852978e-15
2.262330000000000041e+02 2.913352585948270985e-15
2.255800000000000125e+02 2.986771293414817123e-15
2.249269999999999925e+02 2.972564256220523967e-15
2.242729999999999961e+02 2.977857138337057899e-15
2.236220000000000141e+02 3.032562600627086480e-15
2.229679999999999893e+02 3.039883140005835828e-15
2.223149999999999977e+02 3.052303410229988547e-15
2.216630000000000109e+02 2.999456139863473358e-15
2.210099999999999909e+02 2.941441951330329086e-15
2.203559999999999945e+02 2.881315301450095265e-15
2.197019999999999982e+02 2.848486154516956573e-15
2.190500000000000114e+02 2.850383259385070093e-15
2.183969999999999914e+02 2.838867978079472262e-15
2.177429999999999950e+02 2.819498423558472707e-15
2.170889999999999986e+02 2.826272906645712096e-15
2.164370000000000118e+02 2.770639031166854820e-15
2.157829999999999870e+02 2.800521828837781151e-15
2.151289999999999907e+02 2.763266737648756910e-15
2.144749999999999943e+02 2.823043662772809349e-15
2.138220000000000027e+02 2.813684837949968543e-15
2.131680000000000064e+02 2.809254405838488972e-15
2.125140000000000100e+02 2.814761807503540879e-15
2.118600000000000136e+02 2.760443190671241510e-15
2.112069999999999936e+02 2.802900346806111030e-15
2.105529999999999973e+02 2.771046334632793732e-15
2.098979999999999961e+02 2.741873870958200365e-15
2.092439999999999998e+02 2.695862761341402635e-15
2.085910000000000082e+02 2.681710183558518719e-15
2.079360000000000070e+02 2.662718432449383817e-15
2.072820000000000107e+02 2.639053378690888425e-15
2.066270000000000095e+02 2.572968304889457697e-15
2.059739999999999895e+02 2.603912778235746147e-15
2.053189999999999884e+02 2.585204525216275146e-15
2.046639999999999873e+02 2.548086801654327047e-15
2.040089999999999861e+02 2.541206828630771670e-15
2.033540000000000134e+02 2.527382886886064990e-15
2.027009999999999934e+02 2.447703091989528651e-15
2.020459999999999923e+02 2.413972024442465936e-15
2.013909999999999911e+02 2.353584315547294231e-15
2.007350000000000136e+02 2.392031198391833405e-15
2.000800000000000125e+02 2.361103267084376653e-15
1.994259999999999877e+02 2.303979842094113362e-15
1.987709999999999866e+02 2.291220172311775967e-15
1.981160000000000139e+02 2.263302623082702203e-15
1.974600000000000080e+02 2.283054423926773951e-15
1.968050000000000068e+02 2.227296098852420410e-15
1.961510000000000105e+02 2.206374572818344780e-15
1.954950000000000045e+02 2.244761076669967673e-15
1.948389999999999986e+02 2.189883992428925279e-15
1.941839999999999975e+02 2.154441316143128594e-15
1.935279999999999916e+02 2.162907330838099989e-15
1.928739999999999952e+02 2.177308744051472171e-15
1.922179999999999893e+02 2.158616614035740386e-15
1.915620000000000118e+02 2.201049371684026986e-15
1.909060000000000059e+02 2.263021047158519517e-15
1.902500000000000000e+02 2.281843303686704971e-15
1.895939999999999941e+02 2.236371068656497989e-15
1.889389999999999930e+02 2.278485275781558159e-15
1.882829999999999870e+02 2.306159661913787648e-15
1.876270000000000095e+02 2.337172882962202622e-15
1.869699999999999989e+02 2.313301938958326122e-15
1.863139999999999930e+02 2.297274076767289829e-15
1.856570000000000107e+02 2.246812553124014863e-15
1.850010000000000048e+02 2.208359820932987654e-15
1.843460000000000036e+02 2.226861794532551924e-15
1.836889999999999930e+02 2.258042048258454195e-15
1.830329999999999870e+02 2.286710811303998405e-15
1.823760000000000048e+02 2.296388409341117456e-15
1.817189999999999941e+02 2.269077604248699347e-15
1.810620000000000118e+02 2.365774310163425352e-15
1.804050000000000011e+02 2.433774767260120448e-15
1.797500000000000000e+02 2.453881144946178525e-15
1.790929999999999893e+02 2.507472417167152819e-15
1.784360000000000070e+02 2.498164521205237789e-15
1.777789999999999964e+02 2.513368478760595716e-15
1.771220000000000141e+02 2.512412765674507659e-15
1.764650000000000034e+02 2.513061912971309589e-15
1.758069999999999879e+02 2.520294717217155220e-15
1.751500000000000057e+02 2.486367813084079526e-15
1.744939999999999998e+02 2.496661665500739243e-15
1.738369999999999891e+02 2.536897351907402904e-15
1.731790000000000020e+02 2.556272666848922265e-15
1.725219999999999914e+02 2.585106747340299554e-15
1.718640000000000043e+02 2.624750959802975409e-15
1.712059999999999889e+02 2.652132579419528432e-15
1.705490000000000066e+02 2.670866942459087809e-15
1.698909999999999911e+02 2.674562656936931332e-15
1.692330000000000041e+02 2.652509083175342590e-15
1.685749999999999886e+02 2.627382170144756481e-15
1.679190000000000111e+02 2.644810686826405036e-15
1.672609999999999957e+02 2.619655714532283615e-15
1.666030000000000086e+02 2.657952240603713792e-15
1.659449999999999932e+02 2.605039502363360924e-15
1.652870000000000061e+02 2.540563024383240004e-15
1.646279999999999859e+02 2.532593663450615780e-15
1.639699999999999989e+02 2.549974073136453723e-15
1.633120000000000118e+02 2.583189325783922041e-15
1.626539999999999964e+02 2.575877559199915976e-15
1.619950000000000045e+02 2.531869178255826576e-15
1.613369999999999891e+02 2.510099310129494702e-15
1.606779999999999973e+02 2.462512551426603462e-15
1.600190000000000055e+02 2.453938583658259276e-15
1.593609999999999900e+02 2.459460288026803561e-15
1.587040000000000077e+02 2.450651616394822634e-15
1.580449999999999875e+02 2.454146274151752198e-15
1.573859999999999957e+02 2.431142629532784328e-15
1.567270000000000039e+02 2.435629423046265867e-15
1.560680000000000121e+02 2.412683558920592295e-15
1.554089999999999918e+02 2.404656553261621281e-15
1.547500000000000000e+02 2.403165521354488746e-15
1.540910000000000082e+02 2.380299909522582624e-15
1.534319999999999879e+02 2.370651558882494603e-15
1.527729999999999961e+02 2.359616972990798119e-15
1.521140000000000043e+02 2.331745567447435519e-15
1.514540000000000077e+02 2.318143193640644407e-15
1.507949999999999875e+02 2.304518025741914002e-15
1.501359999999999957e+02 2.368751844492766133e-15
1.494759999999999991e+02 2.381810015015723911e-15
1.488170000000000073e+02 2.379547334860771443e-15
1.481570000000000107e+02 2.416191262022847711e-15
1.474970000000000141e+02 2.400979591422851742e-15
1.468379999999999939e+02 2.414609845982109376e-15
1.461779999999999973e+02 2.415790343797502337e-15
1.455180000000000007e+02 2.443800418504970055e-15
1.448580000000000041e+02 2.444119424673505528e-15
1.441980000000000075e+02 2.383812412737013196e-15
1.435380000000000109e+02 2.396707968239845644e-15
1.428779999999999859e+02 2.398815333858935429e-15
1.422179999999999893e+02 2.420910949238066422e-15
1.415579999999999927e+02 2.419934791675556522e-15
1.408979999999999961e+02 2.413116384459015277e-15
1.402379999999999995e+02 2.403907762544904385e-15
1.395769999999999982e+02 2.390178002421546683e-15
1.389170000000000016e+02 2.408759804156631324e-15
1.382560000000000002e+02 2.460747088134714459e-15
1.375960000000000036e+02 2.485052029991293391e-15
1.369350000000000023e+02 2.502263422314092240e-15
1.362750000000000057e+02 2.500165148311258090e-15
1.356140000000000043e+02 2.522389534542192893e-15
1.349540000000000077e+02 2.540798232999130155e-15
1.342930000000000064e+02 2.586672173643235650e-15
1.336320000000000050e+02 2.630278168767494125e-15
1.329710000000000036e+02 2.650944049056249905e-15
1.323100000000000023e+02 2.658106708761504469e-15
1.316490000000000009e+02 2.702484560950709183e-15
1.309879999999999995e+02 2.706290511695385886e-15
1.303269999999999982e+02 2.702995417873434110e-15
1.296659999999999968e+02 2.743491022942542831e-15
1.290049999999999955e+02 2.751160354261816954e-15
1.283420000000000130e+02 2.739754554084833753e-15
1.276809999999999974e+02 2.734611540263095166e-15
1.270190000000000055e+02 2.753427227985949324e-15
1.263580000000000041e+02 2.711683988875556471e-15
1.256959999999999980e+02 2.661468649019865256e-15
1.250349999999999966e+02 2.655603277858596646e-15
1.243730000000000047e+02 2.639032286458486069e-15
1.237120000000000033e+02 2.612965193242364669e-15
1.230499999999999972e+02 2.603918166537020387e-15
1.223880000000000052e+02 2.583709172165268649e-15
1.217259999999999991e+02 2.524553885166194910e-15
1.210639999999999930e+02 2.455564027417855197e-15
1.204030000000000058e+02 2.437950424772103633e-15
1.197409999999999997e+02 2.407407140609098366e-15
1.190780000000000030e+02 2.333430091785188006e-15
1.184150000000000063e+02 2.302145960868031858e-15
1.177530000000000001e+02 2.255729686980824735e-15
1.170909999999999940e+02 2.198402056973056309e-15
1.164279999999999973e+02 2.142651638125650238e-15
1.157660000000000053e+02 2.111040615546960624e-15
1.151039999999999992e+02 2.073038401574430436e-15
1.144410000000000025e+02 2.020080361197453989e-15
1.137789999999999964e+02 1.970107643445212357e-15
1.131159999999999997e+02 1.948826333879460186e-15
1.124539999999999935e+02 1.916327569420330970e-15
1.117890000000000015e+02 1.881958233054312678e-15
1.111269999999999953e+02 1.864739607919031550e-15
1.104639999999999986e+02 1.827663213098861010e-15
1.098010000000000019e+02 1.794457482841034858e-15
1.091380000000000052e+02 1.756322536483360485e-15
1.084749999999999943e+02 1.732555088429236723e-15
1.078119999999999976e+02 1.671227035890669404e-15
1.071490000000000009e+02 1.630959616158378589e-15
1.064849999999999994e+02 1.550474721779067380e-15
1.058209999999999980e+02 1.481770912233450260e-15
1.051580000000000013e+02 1.399572001841833838e-15
1.044950000000000045e+02 1.366811566005483817e-15
1.038319999999999936e+02 1.303127297776678200e-15
1.031680000000000064e+02 1.246643793665883748e-15
1.025049999999999955e+02 1.194245686419576910e-15
1.018400000000000034e+02 1.167819714271878194e-15
1.011760000000000019e+02 1.129205558065239421e-15
1.005130000000000052e+02 1.129277768207581104e-15
9.984900000000000375e+01 1.120088877002100804e-15
9.918529999999999802e+01 1.105898137253366606e-15
9.852150000000000318e+01 1.087941834508633677e-15
9.785769999999999413e+01 1.107237925509742591e-15
9.719230000000000302e+01 1.132128344837690903e-15
9.652830000000000155e+01 1.154434964659987736e-15
9.586430000000000007e+01 1.169604703524282297e-15
9.520029999999999859e+01 1.192688119569718978e-15
9.453610000000000468e+01 1.229330837474431092e-15
9.387199999999999989e+01 1.264610311995280873e-15
9.320619999999999550e+01 1.283506634503174060e-15
9.254200000000000159e+01 1.306216415134119180e-15
9.187760000000000105e+01 1.298523119613548754e-15
9.121320000000000050e+01 1.299526827306139026e-15
9.054879999999999995e+01 1.289508554240034071e-15
8.988280000000000314e+01 1.304299451052804311e-15
8.921819999999999595e+01 1.296801714074197354e-15
8.855360000000000298e+01 1.278095946264885551e-15
8.788890000000000668e+01 1.258643741651823059e-15
8.722419999999999618e+01 1.270107504555400064e-15
8.655939999999999657e+01 1.276148184234187215e-15
8.589300000000000068e+01 1.289475709407021920e-15
8.522809999999999775e+01 1.285594235620968504e-15
8.456319999999999482e+01 1.290614235839433702e-15
8.389820000000000277e+01 1.276821492686686138e-15
8.323160000000000025e+01 1.276592803140383863e-15
8.256650000000000489e+01 1.268241582991361723e-15
8.190130000000000621e+01 1.270237421160073189e-15
8.123609999999999332e+01 1.262024396562370126e-15
8.057080000000000553e+01 1.234241897581486736e-15
7.990389999999999304e+01 1.226212422738590013e-15
7.923850000000000193e+01 1.224669391143040470e-15
7.857299999999999329e+01 1.226491444268575341e-15
7.790749999999999886e+01 1.222614118858140415e-15
7.724039999999999395e+01 1.212633829024083258e-15
7.657479999999999620e+01 1.208732926469503590e-15
7.590909999999999513e+01 1.184336448791548792e-15
7.524339999999999407e+01 1.180307435230822587e-15
7.457760000000000389e+01 1.169000905019335670e-15
7.391020000000000323e+01 1.137812385665234577e-15
7.324429999999999552e+01 1.118401144271823187e-15
7.257829999999999870e+01 1.085211713817956249e-15
7.191230000000000189e+01 1.060239346461617033e-15
7.124469999999999459e+01 1.045291227167844246e-15
7.057850000000000534e+01 1.023400046657899677e-15
6.991230000000000189e+01 1.017184667011889792e-15
6.924609999999999843e+01 9.901331441032852468e-16
6.857829999999999870e+01 9.751945337652417277e-16
6.791190000000000282e+01 9.582306752472006770e-16
6.724550000000000693e+01 9.365379020530521306e-16
6.657750000000000057e+01 9.200949629889151058e-16
6.591100000000000136e+01 8.952406444440179443e-16
6.524439999999999884e+01 8.794563533445427138e-16
6.457769999999999300e+01 8.588309601197561055e-16
6.390950000000000131e+01 8.354609178749835560e-16
6.324269999999999925e+01 8.195394935650142807e-16
6.257589999999999719e+01 8.079240741073383881e-16
6.190899999999999892e+01 7.947463427977889908e-16
6.124060000000000059e+01 7.788112688725438186e-16
6.057359999999999900e+01 7.646865788048946924e-16
5.990659999999999741e+01 7.512427137638007863e-16
5.923799999999999955e+01 7.261154380393562178e-16
5.857079999999999842e+01 7.002503282591359651e-16
5.790359999999999729e+01 6.872821026282215636e-16
5.723629999999999995e+01 6.688204178368303074e-16
5.656750000000000256e+01 6.459328833401427804e-16
5.590010000000000190e+01 6.329498183075004988e-16
5.523270000000000124e+01 6.153958705468798491e-16
5.456360000000000099e+01 6.014716491474943770e-16
5.389609999999999701e+01 5.901644117884900654e-16
5.322849999999999682e+01 5.833489670904098017e-16
5.255930000000000035e+01 5.794230397021053171e-16
5.189159999999999684e+01 5.599832680411584658e-16
5.122379999999999711e+01 5.495553669896053633e-16
5.055440000000000111e+01 5.374957200875619224e-16
4.988660000000000139e+01 5.221686805900099795e-16
4.921860000000000213e+01 5.065495118684324435e-16
4.854910000000000281e+01 4.919675151510955964e-16
4.788100000000000023e+01 4.823142742572497515e-16
4.721289999999999765e+01 4.693630157271323895e-16
4.654319999999999879e+01 4.536158712716471488e-16
4.587500000000000000e+01 4.426208787750088840e-16
4.520669999999999789e+01 4.246638801719634174e-16
4.453679999999999950e+01 4.119812677253984748e-16
4.386840000000000117e+01 4.002865730594195455e-16
4.320000000000000284e+01 3.929585062911652294e-16
4.252989999999999782e+01 3.790521426941591546e-16
4.186129999999999995e+01 3.644904709575042271e-16
4.119270000000000209e+01 3.475067194374793610e-16
4.052250000000000085e+01 3.353898361019679760e-16
3.985379999999999967e+01 3.253388850456570809e-16
3.918500000000000227e+01 3.169684125503364168e-16
3.851460000000000150e+01 3.062397008043014052e-16
3.784570000000000078e+01 2.950714031794484855e-16
3.717519999999999669e+01 2.824689442535117973e-16
3.650619999999999976e+01 2.709853103969486918e-16
3.583709999999999951e+01 2.621090830629737412e-16
3.516640000000000299e+01 2.530412482395528960e-16
3.449719999999999942e+01 2.419100609076912728e-16
3.382800000000000296e+01 2.326997462194038434e-16
3.315709999999999980e+01 2.215890111885247334e-16
3.248780000000000001e+01 2.086958449652998111e-16
3.181680000000000064e+01 1.990905803611166504e-16
3.114730000000000132e+01 1.909823043086369318e-16
3.047779999999999845e+01 1.841368370211133572e-16
2.980669999999999931e+01 1.723619960329714373e-16
2.913700000000000045e+01 1.645269329575736093e-16
2.846730000000000160e+01 1.574315739672573114e-16
2.779599999999999937e+01 1.476576562429978933e-16
2.712620000000000076e+01 1.397650425679753863e-16
2.645479999999999876e+01 1.325858586837400296e-16
2.578490000000000038e+01 1.248777713562793612e-16
2.511329999999999885e+01 1.161450732478843377e-16
2.444330000000000069e+01 1.075721972288356354e-16
2.377319999999999922e+01 1.015418903831616231e-16
2.310150000000000148e+01 9.326177205503411909e-17
2.243130000000000024e+01 8.645723823782005961e-17
2.175949999999999918e+01 7.996634557625679056e-17
2.108909999999999840e+01 7.346037919047999386e-17
2.041870000000000118e+01 6.790359991506732427e-17
1.974680000000000035e+01 6.139179673861723469e-17
1.907629999999999981e+01 5.618664894132510399e-17
1.840419999999999945e+01 5.145585578798771884e-17
1.773349999999999937e+01 4.653145867440054798e-17
1.706129999999999924e+01 4.285927399776991027e-17
1.639059999999999917e+01 3.846395815234185373e-17
1.571979999999999933e+01 3.480930983559752303e-17
1.504739999999999966e+01 3.173048565188734276e-17
1.437650000000000006e+01 2.856834663380750695e-17
1.370410000000000039e+01 2.600331307859908917e-17
1.303299999999999947e+01 2.309745405735060062e-17
1.236040000000000028e+01 2.057734366558156373e-17
1.168929999999999936e+01 1.818843412992362520e-17
1.101660000000000039e+01 1.630797549349073449e-17
1.034529999999999994e+01 1.505574974585622837e-17
9.672489999999999810e+00 1.364040831607944493e-17
9.001129999999999853e+00 1.227258182857391398e-17
8.329710000000000392e+00 1.083690268744227433e-17
7.656710000000000349e+00 9.716679186884149356e-18
6.985170000000000101e+00 9.229957076518415802e-18
6.312050000000000161e+00 8.506769183485869330e-18
5.640399999999999636e+00 7.598226909559606370e-18
4.967170000000000307e+00 6.427754392737224225e-18
4.295410000000000394e+00 5.150375702824634758e-18
3.622059999999999835e+00 3.906465576174253918e-18
2.950180000000000025e+00 2.743407216659725896e-18
2.276720000000000077e+00 1.735348525130282076e-18
1.604729999999999990e+00 8.996415012686079108e-19
9.311519999999999797e-01 3.049093731010394385e-19
2.590439999999999965e-01 2.360704927149899842e-20
